[216.40736058 188.4937774  164.18066384 143.00360867 124.55810333
 108.49181534  94.49785828  82.30892987  71.69220614  62.44489425
  54.39035884  47.37474809  41.26405496  35.94155748  31.30558923
  27.26759733  23.75045104  20.68696841  18.01863304  15.69447636
  13.67010404  11.906848    10.37102782   9.03330739   7.86813455
   6.85325305   5.96927734   5.19932239   4.52868107   3.94454329
   3.43575127   2.99258645   2.60658382   2.27037024   1.9775236
   1.72245016   1.5002777    1.30676244   1.138208     0.99139477
   0.86351843   0.75213639   0.65512111   0.57061946   0.49701737
   0.43290895   0.37706963   0.32843281   0.28606948   0.24917044]0 1 312.2098259152708 0.0068340301513671875 0.0068340301513671875 0.0 1.0
0 1 271.93903789811014 0.0065767765045166016 0.013410806655883789 0.0 1.0
0 1 236.8626295349813 0.006741046905517578 0.020151853561401367 0.33333333333333337 1.0
0 1 206.31059705097118 0.052400827407836914 0.07255268096923828 0.5714285714285715 1.0
0 1 179.69935797424765 0.04611802101135254 0.11867070198059082 0.5714285714285715 1.0
0 1 156.52060397255676 0.03849601745605469 0.1571667194366455 0.5714285714285715 1.0
0 1 136.33159152101595 0.03844618797302246 0.19561290740966797 0.5714285714285715 1.0
0 1 118.74668494067365 0.044695138931274414 0.24030804634094238 0.7499999999999999 1.0
0 1 103.42999026917344 0.04453134536743164 0.284839391708374 0.7499999999999999 1.0
0 1 90.08893926113359 0.04483294486999512 0.32967233657836914 0.7499999999999999 1.0
0 1 78.46870096453189 0.038426876068115234 0.3680992126464844 0.7499999999999999 1.0
0 1 68.34731412713553 0.03846311569213867 0.40656232833862305 0.7499999999999999 1.0
0 1 59.53144745577994 0.0447080135345459 0.45127034187316895 0.6666666666666665 1.0
0 1 51.85270674408604 0.05061697959899902 0.501887321472168 0.7272727272727272 1.0
0 1 45.16441833008278 0.044751882553100586 0.5466392040252686 0.7272727272727272 1.0
0 1 39.33882744370648 0.05704998970031738 0.6036891937255859 0.6153846153846154 1.0
0 1 34.26465792907022 0.10736989974975586 0.7110590934753418 0.47058823529411764 1.0
0 1 29.84498672911064 0.13048481941223145 0.8415439128875732 0.3636363636363636 1.0
0 1 25.99539253258091 0.14406800270080566 0.9856119155883789 0.3076923076923077 1.0
0 1 22.642343220204207 0.45155882835388184 1.4371707439422607 0.26666666666666666 1.0
0 1 19.721791308170232 0.5324578285217285 1.9696285724639893 0.27586206896551724 1.0
0 1 17.177950560167822 0.8106129169464111 2.7802414894104004 0.26666666666666666 1.0
0 1 14.962230399696251 0.6811809539794922 3.4614224433898926 0.24242424242424243 1.0
0 1 13.03230776858211 0.5550839900970459 4.0165064334869385 0.2222222222222222 1.0
0 1 11.351318703025308 0.5926239490509033 4.609130382537842 0.2222222222222222 1.0
0 1 9.887154185253786 0.531303882598877 5.140434265136719 0.21621621621621623 1.0
0 1 8.611846820663045 0.5283510684967041 5.668785333633423 0.20512820512820512 1.0
0 1 7.501036625197576 0.6400818824768066 6.3088672161102295 0.19999999999999998 1.0
0 1 6.53350571883761 0.5348320007324219 6.843699216842651 0.20512820512820512 1.0
0 1 5.69077303724795 0.6436922550201416 7.487391471862793 0.18604651162790697 1.0
0 1 4.956741320068812 0.5540661811828613 8.041457653045654 0.1777777777777778 1.0
0 1 4.317389632878279 0.671104907989502 8.712562561035156 0.16666666666666666 1.0
0 1 3.7605055496069455 5.795805931091309 14.508368492126465 0.1702127659574468 1.0
0 1 3.2754518797500736 1.2278528213500977 15.736221313476562 0.1702127659574468 1.0
0 1 2.8529634845718124 0.5820653438568115 16.318286657333374 0.16666666666666666 1.0
0 1 2.4849703012340436 0.7050271034240723 17.023313760757446 0.163265306122449 1.0
0 1 2.1644431943866964 0.9528532028198242 17.97616696357727 0.163265306122449 1.0
0 1 1.8852596907900219 0.42395639419555664 18.400123357772827 0.163265306122449 1.0
0 1 1.6420870323301746 0.4074559211730957 18.807579278945923 0.163265306122449 1.0
0 1 1.4302803135927475 0.40257787704467773 19.2101571559906 0.163265306122449 1.0
0 1 1.2457937582930971 0.37431883811950684 19.584475994110107 0.163265306122449 1.0
0 1 1.0851034398309916 174.28576707839966 193.87024307250977 0.1568627450980392 1.0
0 1 0.945139969834425 1.8259809017181396 195.6962239742279 0.1568627450980392 1.0
0 1 0.823229868958621 3.1644856929779053 198.8607096672058 0.1568627450980392 1.0
0 1 0.7170445000483404 26.15423607826233 225.01494574546814 0.15384615384615383 1.0
0 1 0.624555588222246 241.106605052948 466.12155079841614 0.1509433962264151 1.0
0 1 0.5439964782567033 3.3553760051727295 469.47692680358887 0.1509433962264151 1.0
0 1 0.4738283892360109 18.144330978393555 487.6212577819824 0.1509433962264151 1.0
0 1 0.4127110218901976 2.9671390056610107 490.58839678764343 0.1481481481481481 1.0
0 1 0.3594769571833539 5.910278797149658 496.4986755847931 0.1481481481481481 1.0
0 0.1 130.20161032759302 0.006345987319946289 496.50502157211304 0.0 1.0
0 0.1 113.40738729625762 0.006333827972412109 496.51135540008545 0.0 1.0
0 0.1 98.77938883400856 0.006438016891479492 496.51779341697693 0.0 1.0
0 0.1 86.03820166433057 0.006551027297973633 496.5243444442749 0.0 1.0
0 0.1 74.9404529934022 0.0063381195068359375 496.53068256378174 0.0 1.0
0 0.1 65.27416178184274 0.006350040435791016 496.53703260421753 0.0 1.0
0 0.1 56.854689638682785 0.006362199783325195 496.54339480400085 0.0 1.0
0 0.1 49.52121399451067 0.044389963150024414 496.5877847671509 0.5714285714285715 1.0
0 0.1 43.13365618693992 0.03142404556274414 496.6192088127136 0.5714285714285715 1.0
0 0.1 37.570005780944214 0.03173089027404785 496.65093970298767 0.5714285714285715 1.0
0 0.1 32.7239900151928 0.0314478874206543 496.6823875904083 0.5714285714285715 1.0
0 0.1 28.503043857863506 0.03133893013000488 496.71372652053833 0.5714285714285715 1.0
0 0.1 24.826541897430772 0.03128790855407715 496.7450144290924 0.5714285714285715 1.0
0 0.1 21.624258295306348 0.044013023376464844 496.7890274524689 0.7499999999999999 1.0
0 0.1 18.835025383479486 0.037889719009399414 496.82691717147827 0.7499999999999999 1.0
0 0.1 16.405565284674683 0.03140974044799805 496.85832691192627 0.7499999999999999 1.0
0 0.1 14.289472237493916 0.03277015686035156 496.8910970687866 0.7499999999999999 1.0
0 0.1 12.446326187665905 0.03145408630371094 496.92255115509033 0.7499999999999999 1.0
0 0.1 10.840920713874212 0.03135824203491211 496.95390939712524 0.7499999999999999 1.0
0 0.1 9.44259054057033 0.03126406669616699 496.9851734638214 0.7499999999999999 1.0
0 0.1 8.224625792416147 0.031332969665527344 497.01650643348694 0.7499999999999999 1.0
0 0.1 7.163761801874259 0.04383206367492676 497.06033849716187 0.888888888888889 1.0
0 0.1 6.239734724625884 0.05677223205566406 497.11711072921753 0.7272727272727272 1.0
0 0.1 5.43489447450858 0.038102149963378906 497.1552128791809 0.7272727272727272 1.0
0 0.1 4.733867584541418 0.037770986557006836 497.1929838657379 0.7272727272727272 1.0
0 0.1 4.123263554256632 0.0831458568572998 497.2761297225952 0.6153846153846154 1.0
0 0.1 3.591419074200402 0.08027172088623047 497.35640144348145 0.5333333333333333 1.0
0 0.1 3.128175241967003 0.2046830654144287 497.5610845088959 0.4210526315789473 1.0
0 0.1 2.7246835143108377 0.17061090469360352 497.7316954135895 0.38095238095238093 1.0
0 0.1 2.373236688776134 0.10191893577575684 497.83361434936523 0.38095238095238093 1.0
0 0.1 2.0671216863796724 0.373272180557251 498.2068865299225 0.3333333333333333 1.0
0 0.1 1.8004913233094775 0.3375239372253418 498.5444104671478 0.3076923076923077 1.0
0 0.1 1.5682526223167341 0.3060131072998047 498.85042357444763 0.2857142857142857 1.0
0 0.1 1.3659695304072161 0.4469480514526367 499.29737162590027 0.2962962962962963 1.0
0 0.1 1.1897781846170337 0.320969820022583 499.61834144592285 0.26666666666666666 1.0
0 0.1 1.036313107341863 0.22055482864379883 499.83889627456665 0.26666666666666666 1.0
0 0.1 0.9026429214570189 0.744694709777832 500.5835909843445 0.24242424242424243 1.0
0 0.1 0.786214357305898 0.6001307964324951 501.183721780777 0.2352941176470588 1.0
0 0.1 0.6848034820193963 0.400529146194458 501.58425092697144 0.2222222222222222 1.0
0 0.1 0.5964732195846044 309.60566902160645 811.1899199485779 0.21621621621621623 1.0
0 0.1 0.5195363502423698 2.868577718734741 814.0584976673126 0.19999999999999998 1.0
0 0.1 0.4525232824553942 615.1062169075012 1429.1647145748138 0.19512195121951217 1.0
0 0.1 0.3941539818506903 1.123014211654663 1430.2877287864685 0.19512195121951217 1.0
0 0.1 0.34331352094368267 1.0138599872589111 1431.3015887737274 0.19047619047619047 1.0
0 0.1 0.2990307826127625 673.0024769306183 2104.3040657043457 0.25 1.0
0 0.1 0.2604599105337001 0.6741719245910645 2104.9782376289368 0.25 1.0
0 0.1 0.22686415225376097 0.3016080856323242 2105.279845714569 0.24390243902439027 1.0
0 0.1 0.19760178628779224 0.6287600994110107 2105.90860581398 0.24390243902439027 1.0
0 0.1 0.17211386442601356 0.4635629653930664 2106.372168779373 0.24390243902439027 1.0
0 0.1 0.14991353511608546 0.37025022506713867 2106.7424190044403 0.24390243902439027 1.0
0 0.01 28.211963230963963 0.006350278854370117 2106.7487692832947 0.33333333333333337 1.0
0 0.01 24.573006681497752 0.059075117111206055 2106.807844400406 0.5714285714285715 1.0
0 0.01 21.403425646968028 0.03157401084899902 2106.839418411255 0.5714285714285715 1.0
0 0.01 18.642677119777133 0.03194904327392578 2106.871367454529 0.5714285714285715 1.0
0 0.01 16.238027310431736 0.03241610527038574 2106.903783559799 0.5714285714285715 1.0
0 0.01 14.143544365449966 0.03142690658569336 2106.935210466385 0.5714285714285715 1.0
0 0.01 12.319221010851523 0.03140687942504883 2106.96661734581 0.5714285714285715 1.0
0 0.01 10.730210362611421 0.03144502639770508 2106.9980623722076 0.5714285714285715 1.0
0 0.01 9.346160307090315 0.04416799545288086 2107.0422303676605 0.7499999999999999 1.0
0 0.01 8.140633737265514 0.03146696090698242 2107.0736973285675 0.7499999999999999 1.0
0 0.01 7.090603570541246 0.03149890899658203 2107.105196237564 0.7499999999999999 1.0
0 0.01 6.176012902339531 0.03140974044799805 2107.136605978012 0.7499999999999999 1.0
0 0.01 5.379391893848717 0.03144216537475586 2107.168048143387 0.7499999999999999 1.0
0 0.01 4.685524076001097 0.03158998489379883 2107.1996381282806 0.7499999999999999 1.0
0 0.01 4.081155695663349 0.03144121170043945 2107.231079339981 0.7499999999999999 1.0
0 0.01 3.554742552184356 0.031764984130859375 2107.262844324112 0.7499999999999999 1.0
0 0.01 3.09622948855821 0.03162717819213867 2107.294471502304 0.7499999999999999 1.0
0 0.01 2.6968583252045994 0.04449605941772461 2107.338967561722 0.888888888888889 1.0
0 0.01 2.349000567658869 0.025502920150756836 2107.3644704818726 0.888888888888889 1.0
0 0.01 2.046011692676912 0.050878047943115234 2107.4153485298157 0.7272727272727272 1.0
0 0.01 1.7821042294352372 0.03823494911193848 2107.4535834789276 0.7272727272727272 1.0
0 0.01 1.5522372115164986 0.07641124725341797 2107.529994726181 0.6666666666666666 1.0
0 0.01 1.3520198880735976 0.07175397872924805 2107.6017487049103 0.5714285714285714 1.0
0 0.01 1.1776278549337647 0.10226297378540039 2107.7040116786957 0.5000000000000001 1.0
0 0.01 1.0257300036406054 0.10852384567260742 2107.8125355243683 0.47058823529411764 1.0
0 0.01 0.8934248930683893 0.10930085182189941 2107.92183637619 0.4444444444444444 1.0
0 0.01 0.7781853282259436 0.07743215560913086 2107.9992685317993 0.4444444444444444 1.0
0 0.01 0.6778100876351608 50.26678919792175 2158.266057729721 0.3478260869565218 1.0
0 0.01 0.590381877216004 0.10980105400085449 2158.375858783722 0.3478260869565218 1.0
0 0.01 0.5142307075440048 0.09731197357177734 2158.4731707572937 0.3478260869565218 1.0
0 0.01 0.44790199493955546 0.20232701301574707 2158.6754977703094 0.32000000000000006 1.0
0 0.01 0.39012877707943217 0.1310279369354248 2158.806525707245 0.32000000000000006 1.0
0 0.01 0.33980751241358653 0.11774730682373047 2158.9242730140686 0.32000000000000006 1.0
0 0.01 0.2959770011254507 0.1173100471496582 2159.0415830612183 0.32000000000000006 1.0
0 0.01 0.2578000249994245 0.16141796112060547 2159.203001022339 0.2962962962962963 1.0
0 0.01 0.22454735549379537 0.14298224449157715 2159.3459832668304 0.2857142857142857 1.0
0 0.01 0.19558382455304058 0.11268424987792969 2159.4586675167084 0.2857142857142857 1.0
0 0.01 0.1703561920944177 0.46102094650268555 2159.919688463211 0.24242424242424243 1.0
0 0.01 0.14838257842248037 0.23550176620483398 2160.155190229416 0.24242424242424243 1.0
0 0.01 0.12924325971726744 0.21853303909301758 2160.373723268509 0.24242424242424243 1.0
0 0.01 0.1125726507783501 0.2048649787902832 2160.578588247299 0.24242424242424243 1.0
0 0.01 0.09805232188500161 0.2839338779449463 2160.862522125244 0.2352941176470588 1.0
0 0.01 0.08540491638568569 0.16664600372314453 2161.0291681289673 0.2352941176470588 1.0
0 0.01 0.07438885283512764 0.3912968635559082 2161.420464992523 0.2222222222222222 1.0
0 0.01 0.06479371048308594 0.3922719955444336 2161.8127369880676 0.2105263157894737 1.0
0 0.01 0.056436209971818335 0.413165807723999 2162.2259027957916 0.20512820512820512 1.0
0 0.01 0.049156712468482675 0.24249696731567383 2162.4683997631073 0.20512820512820512 1.0
0 0.01 0.0428161703614703 0.732079029083252 2163.2004787921906 0.19047619047619047 1.0
0 0.01 0.03729347127511503 0.37200307846069336 2163.5724818706512 0.19047619047619047 1.0
0 0.01 0.032483124670098805 0.6659462451934814 2164.2384281158447 0.18181818181818182 1.0
