[216.40736058 188.4937774  164.18066384 143.00360867 124.55810333
 108.49181534  94.49785828  82.30892987  71.69220614  62.44489425
  54.39035884  47.37474809  41.26405496  35.94155748  31.30558923
  27.26759733  23.75045104  20.68696841  18.01863304  15.69447636
  13.67010404  11.906848    10.37102782   9.03330739   7.86813455
   6.85325305   5.96927734   5.19932239   4.52868107   3.94454329
   3.43575127   2.99258645   2.60658382   2.27037024   1.9775236
   1.72245016   1.5002777    1.30676244   1.138208     0.99139477
   0.86351843   0.75213639   0.65512111   0.57061946   0.49701737
   0.43290895   0.37706963   0.32843281   0.28606948   0.24917044]0 1 312.2098259152708 0.007568836212158203 0.007568836212158203 0.0 1.0
0 1 271.93903789811014 0.007184028625488281 0.014752864837646484 0.0 1.0
0 1 236.8626295349813 0.00734400749206543 0.022096872329711914 0.33333333333333337 1.0
0 1 206.31059705097118 0.04671788215637207 0.06881475448608398 0.5714285714285715 1.0
0 1 179.69935797424765 0.03833818435668945 0.10715293884277344 0.5714285714285715 1.0
0 1 156.52060397255676 0.03197121620178223 0.13912415504455566 0.5714285714285715 1.0
0 1 136.33159152101595 0.033141136169433594 0.17226529121398926 0.5714285714285715 1.0
0 1 118.74668494067365 0.03935694694519043 0.2116222381591797 0.7499999999999999 1.0
0 1 103.42999026917344 0.03388404846191406 0.24550628662109375 0.7499999999999999 1.0
0 1 90.08893926113359 0.03334999084472656 0.2788562774658203 0.7499999999999999 1.0
0 1 78.46870096453189 0.033394813537597656 0.31225109100341797 0.7499999999999999 1.0
0 1 68.34731412713553 0.033659934997558594 0.34591102600097656 0.7499999999999999 1.0
0 1 59.53144745577994 0.03983020782470703 0.3857412338256836 0.6666666666666665 1.0
0 1 51.85270674408604 0.04166913032531738 0.427410364151001 0.7272727272727272 1.0
0 1 45.16441833008278 0.039700984954833984 0.46711134910583496 0.7272727272727272 1.0
0 1 39.33882744370648 0.04435610771179199 0.511467456817627 0.6153846153846154 1.0
0 1 34.26465792907022 0.08199906349182129 0.5934665203094482 0.47058823529411764 1.0
0 1 29.84498672911064 0.08157920837402344 0.6750457286834717 0.3636363636363636 1.0
0 1 25.99539253258091 0.10669374465942383 0.7817394733428955 0.3076923076923077 1.0
0 1 22.642343220204207 0.3236050605773926 1.105344533920288 0.26666666666666666 1.0
0 1 19.721791308170232 0.3691132068634033 1.4744577407836914 0.27586206896551724 1.0
0 1 17.177950560167822 0.6369388103485107 2.111396551132202 0.26666666666666666 1.0
0 1 14.962230399696251 0.5464048385620117 2.657801389694214 0.24242424242424243 1.0
0 1 13.03230776858211 0.4596269130706787 3.1174283027648926 0.2222222222222222 1.0
0 1 11.351318703025308 0.41620922088623047 3.533637523651123 0.2222222222222222 1.0
0 1 9.887154185253786 0.39209699630737305 3.925734519958496 0.21621621621621623 1.0
0 1 8.611846820663045 0.40821003913879395 4.33394455909729 0.20512820512820512 1.0
0 1 7.501036625197576 0.46266984939575195 4.796614408493042 0.19999999999999998 1.0
0 1 6.53350571883761 0.38124704360961914 5.177861452102661 0.20512820512820512 1.0
0 1 5.69077303724795 0.43683600425720215 5.614697456359863 0.18604651162790697 1.0
0 1 4.956741320068812 0.36899709701538086 5.983694553375244 0.1777777777777778 1.0
0 1 4.317389632878279 0.4176828861236572 6.401377439498901 0.1702127659574468 1.0
0 1 3.7605055496069455 4.782102108001709 11.18347954750061 0.1702127659574468 1.0
0 1 3.2754518797500736 0.9331700801849365 12.116649627685547 0.1702127659574468 1.0
0 1 2.8529634845718124 0.21658587455749512 12.333235502243042 0.16666666666666666 1.0
0 1 2.4849703012340436 0.2910001277923584 12.6242356300354 0.163265306122449 1.0
0 1 2.1644431943866964 0.6519010066986084 13.276136636734009 0.163265306122449 1.0
0 1 1.8852596907900219 0.2781209945678711 13.55425763130188 0.163265306122449 1.0
0 1 1.6420870323301746 0.26698970794677734 13.821247339248657 0.163265306122449 1.0
0 1 1.4302803135927475 0.2473142147064209 14.068561553955078 0.163265306122449 1.0
0 1 1.2457937582930971 0.2364799976348877 14.305041551589966 0.163265306122449 1.0
0 1 1.0851034398309916 1.2458162307739258 15.550857782363892 0.1568627450980392 1.0
0 1 0.945139969834425 1.094296932220459 16.64515471458435 0.1568627450980392 1.0
0 1 0.823229868958621 2.568866729736328 19.21402144432068 0.1568627450980392 1.0
0 1 0.7170445000483404 0.7559359073638916 19.96995735168457 0.1481481481481481 1.0
0 1 0.624555588222246 7.866760969161987 27.836718320846558 0.15384615384615383 1.0
0 1 0.5439964782567033 0.816474199295044 28.6531925201416 0.1481481481481481 1.0
0 1 0.4738283892360109 5.940858840942383 34.594051361083984 0.1509433962264151 1.0
0 1 0.4127110218901976 1.5219120979309082 36.11596345901489 0.14545454545454545 1.0
0 1 0.3594769571833539 1.8950426578521729 38.011006116867065 0.1481481481481481 1.0
0 0.1 130.20161032759302 0.006323814392089844 38.017329931259155 0.0 1.0
0 0.1 113.40738729625762 0.006567239761352539 38.02389717102051 0.0 1.0
0 0.1 98.77938883400856 0.006353855133056641 38.030251026153564 0.0 1.0
0 0.1 86.03820166433057 0.006600856781005859 38.03685188293457 0.0 1.0
0 0.1 74.9404529934022 0.0068721771240234375 38.043724060058594 0.0 1.0
0 0.1 65.27416178184274 0.006554841995239258 38.05027890205383 0.0 1.0
0 0.1 56.854689638682785 0.00675201416015625 38.05703091621399 0.0 1.0
0 0.1 49.52121399451067 0.0384671688079834 38.09549808502197 0.5714285714285715 1.0
0 0.1 43.13365618693992 0.032109975814819336 38.12760806083679 0.5714285714285715 1.0
0 0.1 37.570005780944214 0.02569103240966797 38.15329909324646 0.5714285714285715 1.0
0 0.1 32.7239900151928 0.025681257247924805 38.178980350494385 0.5714285714285715 1.0
0 0.1 28.503043857863506 0.025765180587768555 38.20474553108215 0.5714285714285715 1.0
0 0.1 24.826541897430772 0.025790929794311523 38.230536460876465 0.5714285714285715 1.0
0 0.1 21.624258295306348 0.03838014602661133 38.268916606903076 0.7499999999999999 1.0
0 0.1 18.835025383479486 0.025665998458862305 38.29458260536194 0.7499999999999999 1.0
0 0.1 16.405565284674683 0.025748014450073242 38.32033061981201 0.7499999999999999 1.0
0 0.1 14.289472237493916 0.025716066360473633 38.346046686172485 0.7499999999999999 1.0
0 0.1 12.446326187665905 0.025663137435913086 38.3717098236084 0.7499999999999999 1.0
0 0.1 10.840920713874212 0.025917768478393555 38.39762759208679 0.7499999999999999 1.0
0 0.1 9.44259054057033 0.025857210159301758 38.423484802246094 0.7499999999999999 1.0
0 0.1 8.224625792416147 0.025703907012939453 38.44918870925903 0.7499999999999999 1.0
0 0.1 7.163761801874259 0.03817391395568848 38.48736262321472 0.888888888888889 1.0
0 0.1 6.239734724625884 0.04462838172912598 38.53199100494385 0.7272727272727272 1.0
0 0.1 5.43489447450858 0.03204512596130371 38.56403613090515 0.7272727272727272 1.0
0 0.1 4.733867584541418 0.031961917877197266 38.59599804878235 0.7272727272727272 1.0
0 0.1 4.123263554256632 0.06973481178283691 38.665732860565186 0.6153846153846154 1.0
0 0.1 3.591419074200402 0.06357908248901367 38.7293119430542 0.5333333333333333 1.0
0 0.1 3.128175241967003 0.17175507545471191 38.90106701850891 0.4210526315789473 1.0
0 0.1 2.7246835143108377 0.1528627872467041 39.053929805755615 0.38095238095238093 1.0
0 0.1 2.373236688776134 0.08320093154907227 39.13713073730469 0.38095238095238093 1.0
0 0.1 2.0671216863796724 0.31178808212280273 39.44891881942749 0.3333333333333333 1.0
0 0.1 1.8004913233094775 0.2806661128997803 39.72958493232727 0.3076923076923077 1.0
0 0.1 1.5682526223167341 0.23055601119995117 39.96014094352722 0.2857142857142857 1.0
0 0.1 1.3659695304072161 0.4085958003997803 40.368736743927 0.2962962962962963 1.0
0 0.1 1.1897781846170337 0.26361608505249023 40.63235282897949 0.26666666666666666 1.0
0 0.1 1.036313107341863 0.16051411628723145 40.792866945266724 0.26666666666666666 1.0
0 0.1 0.9026429214570189 0.6377780437469482 41.43064498901367 0.24242424242424243 1.0
0 0.1 0.786214357305898 0.4343302249908447 41.86497521400452 0.2352941176470588 1.0
0 0.1 0.6848034820193963 0.26917219161987305 42.13414740562439 0.2222222222222222 1.0
0 0.1 0.5964732195846044 0.9855151176452637 43.11966252326965 0.21621621621621623 1.0
0 0.1 0.5195363502423698 2.2479822635650635 45.36764478683472 0.19999999999999998 1.0
0 0.1 0.4525232824553942 3.104994773864746 48.47263956069946 0.19512195121951217 1.0
0 0.1 0.3941539818506903 0.5644981861114502 49.03713774681091 0.19512195121951217 1.0
0 0.1 0.34331352094368267 0.6158959865570068 49.65303373336792 0.19047619047619047 1.0
0 0.1 0.2990307826127625 7.078404903411865 56.731438636779785 0.25 1.0
0 0.1 0.2604599105337001 0.42291688919067383 57.15435552597046 0.25 1.0
0 0.1 0.22686415225376097 0.19020700454711914 57.34456253051758 0.24390243902439027 1.0
0 0.1 0.19760178628779224 0.35343003273010254 57.69799256324768 0.24390243902439027 1.0
0 0.1 0.17211386442601356 0.24614500999450684 57.94413757324219 0.24390243902439027 1.0
0 0.1 0.14991353511608546 0.1962440013885498 58.14038157463074 0.24390243902439027 1.0
0 0.01 28.211963230963963 0.006680011749267578 58.147061586380005 0.33333333333333337 1.0
0 0.01 24.573006681497752 0.03307509422302246 58.18013668060303 0.5714285714285715 1.0
0 0.01 21.403425646968028 0.026439905166625977 58.20657658576965 0.5714285714285715 1.0
0 0.01 18.642677119777133 0.027161836624145508 58.2337384223938 0.5714285714285715 1.0
0 0.01 16.238027310431736 0.026894092559814453 58.26063251495361 0.5714285714285715 1.0
0 0.01 14.143544365449966 0.026660919189453125 58.287293434143066 0.5714285714285715 1.0
0 0.01 12.319221010851523 0.026228904724121094 58.31352233886719 0.5714285714285715 1.0
0 0.01 10.730210362611421 0.02637314796447754 58.339895486831665 0.5714285714285715 1.0
0 0.01 9.346160307090315 0.03877615928649902 58.378671646118164 0.7499999999999999 1.0
0 0.01 8.140633737265514 0.026095867156982422 58.40476751327515 0.7499999999999999 1.0
0 0.01 7.090603570541246 0.025726795196533203 58.43049430847168 0.7499999999999999 1.0
0 0.01 6.176012902339531 0.025749921798706055 58.456244230270386 0.7499999999999999 1.0
0 0.01 5.379391893848717 0.02576589584350586 58.48201012611389 0.7499999999999999 1.0
0 0.01 4.685524076001097 0.025749921798706055 58.5077600479126 0.7499999999999999 1.0
0 0.01 4.081155695663349 0.02570199966430664 58.533462047576904 0.7499999999999999 1.0
0 0.01 3.554742552184356 0.02579212188720703 58.55925416946411 0.7499999999999999 1.0
0 0.01 3.09622948855821 0.019298076629638672 58.57855224609375 0.7499999999999999 1.0
0 0.01 2.6968583252045994 0.03875398635864258 58.61730623245239 0.888888888888889 1.0
0 0.01 2.349000567658869 0.01945805549621582 58.63676428794861 0.888888888888889 1.0
0 0.01 2.046011692676912 0.044911861419677734 58.681676149368286 0.7272727272727272 1.0
0 0.01 1.7821042294352372 0.025866031646728516 58.707542181015015 0.7272727272727272 1.0
0 0.01 1.5522372115164986 0.05800223350524902 58.765544414520264 0.6666666666666666 1.0
0 0.01 1.3520198880735976 0.06480598449707031 58.830350399017334 0.5714285714285714 1.0
0 0.01 1.1776278549337647 0.08371186256408691 58.91406226158142 0.5000000000000001 1.0
0 0.01 1.0257300036406054 0.09012031555175781 59.00418257713318 0.47058823529411764 1.0
0 0.01 0.8934248930683893 0.09086394309997559 59.095046520233154 0.4444444444444444 1.0
0 0.01 0.7781853282259436 0.05898594856262207 59.154032468795776 0.4444444444444444 1.0
0 0.01 0.6778100876351608 0.11569881439208984 59.269731283187866 0.3478260869565218 1.0
0 0.01 0.590381877216004 0.07207608222961426 59.34180736541748 0.3478260869565218 1.0
0 0.01 0.5142307075440048 0.07156610488891602 59.4133734703064 0.3478260869565218 1.0
0 0.01 0.44790199493955546 0.1608879566192627 59.57426142692566 0.32000000000000006 1.0
0 0.01 0.39012877707943217 0.08986592292785645 59.664127349853516 0.32000000000000006 1.0
0 0.01 0.33980751241358653 0.08983111381530762 59.75395846366882 0.32000000000000006 1.0
0 0.01 0.2959770011254507 0.08426308631896973 59.83822154998779 0.32000000000000006 1.0
0 0.01 0.2578000249994245 0.1220390796661377 59.96026062965393 0.2962962962962963 1.0
0 0.01 0.22454735549379537 0.10915422439575195 60.06941485404968 0.2857142857142857 1.0
0 0.01 0.19558382455304058 0.0776979923248291 60.14711284637451 0.2857142857142857 1.0
0 0.01 0.1703561920944177 0.35285186767578125 60.49996471405029 0.24242424242424243 1.0
0 0.01 0.14838257842248037 0.15656113624572754 60.65652585029602 0.24242424242424243 1.0
0 0.01 0.12924325971726744 0.13486194610595703 60.79138779640198 0.24242424242424243 1.0
0 0.01 0.1125726507783501 0.12305116653442383 60.9144389629364 0.24242424242424243 1.0
0 0.01 0.09805232188500161 0.20473122596740723 61.11917018890381 0.2352941176470588 1.0
0 0.01 0.08540491638568569 0.09712004661560059 61.21629023551941 0.2352941176470588 1.0
0 0.01 0.07438885283512764 0.30330419540405273 61.51959443092346 0.2222222222222222 1.0
0 0.01 0.06479371048308594 0.29527807235717773 61.81487250328064 0.2105263157894737 1.0
0 0.01 0.056436209971818335 0.3082890510559082 62.12316155433655 0.20512820512820512 1.0
0 0.01 0.049156712468482675 0.14188790321350098 62.26504945755005 0.20512820512820512 1.0
0 0.01 0.0428161703614703 0.565432071685791 62.83048152923584 0.19047619047619047 1.0
0 0.01 0.03729347127511503 0.2197399139404297 63.05022144317627 0.19047619047619047 1.0
0 0.01 0.032483124670098805 0.49070286750793457 63.540924310684204 0.18181818181818182 1.0
