[216.40736058 188.4937774  164.18066384 143.00360867 124.55810333
 108.49181534  94.49785828  82.30892987  71.69220614  62.44489425
  54.39035884  47.37474809  41.26405496  35.94155748  31.30558923
  27.26759733  23.75045104  20.68696841  18.01863304  15.69447636
  13.67010404  11.906848    10.37102782   9.03330739   7.86813455
   6.85325305   5.96927734   5.19932239   4.52868107   3.94454329
   3.43575127   2.99258645   2.60658382   2.27037024   1.9775236
   1.72245016   1.5002777    1.30676244   1.138208     0.99139477
   0.86351843   0.75213639   0.65512111   0.57061946   0.49701737
   0.43290895   0.37706963   0.32843281   0.28606948   0.24917044]0 1 312.2098259152708 0.0067691802978515625 0.0067691802978515625 0.0 1.0
0 1 271.93903789811014 0.0064220428466796875 0.01319122314453125 0.0 1.0
0 1 236.8626295349813 0.006766796112060547 0.019958019256591797 0.33333333333333337 1.0
0 1 206.31059705097118 0.06032705307006836 0.08028507232666016 0.5714285714285715 1.0
0 1 179.69935797424765 0.052324771881103516 0.13260984420776367 0.5714285714285715 1.0
0 1 156.52060397255676 0.046443939208984375 0.17905378341674805 0.5714285714285715 1.0
0 1 136.33159152101595 0.04675912857055664 0.2258129119873047 0.5714285714285715 1.0
0 1 118.74668494067365 0.05819392204284668 0.28400683403015137 0.7499999999999999 1.0
0 1 103.42999026917344 0.05334186553955078 0.33734869956970215 0.7499999999999999 1.0
0 1 90.08893926113359 0.054559946060180664 0.3919086456298828 0.7499999999999999 1.0
0 1 78.46870096453189 0.047247886657714844 0.43915653228759766 0.7499999999999999 1.0
0 1 68.34731412713553 0.04709601402282715 0.4862525463104248 0.7499999999999999 1.0
0 1 59.53144745577994 0.05237317085266113 0.5386257171630859 0.6666666666666665 1.0
0 1 51.85270674408604 0.06041431427001953 0.5990400314331055 0.7272727272727272 1.0
0 1 45.16441833008278 0.05238509178161621 0.6514251232147217 0.7272727272727272 1.0
0 1 39.33882744370648 0.07321786880493164 0.7246429920196533 0.6153846153846154 1.0
0 1 34.26465792907022 0.12674164772033691 0.8513846397399902 0.47058823529411764 1.0
0 1 29.84498672911064 0.14073514938354492 0.9921197891235352 0.3636363636363636 1.0
0 1 25.99539253258091 0.19460391998291016 1.1867237091064453 0.3076923076923077 1.0
0 1 22.642343220204207 0.5844919681549072 1.7712156772613525 0.26666666666666666 1.0
0 1 19.721791308170232 0.7372798919677734 2.508495569229126 0.27586206896551724 1.0
0 1 17.177950560167822 1.0315959453582764 3.5400915145874023 0.26666666666666666 1.0
0 1 14.962230399696251 0.9469709396362305 4.487062454223633 0.24242424242424243 1.0
0 1 13.03230776858211 0.8231770992279053 5.310239553451538 0.2222222222222222 1.0
0 1 11.351318703025308 0.8477492332458496 6.157988786697388 0.2222222222222222 1.0
0 1 9.887154185253786 0.6702678203582764 6.828256607055664 0.21621621621621623 1.0
0 1 8.611846820663045 0.7269020080566406 7.555158615112305 0.20512820512820512 1.0
0 1 7.501036625197576 0.8655681610107422 8.420726776123047 0.19999999999999998 1.0
0 1 6.53350571883761 0.721221923828125 9.141948699951172 0.20512820512820512 1.0
0 1 5.69077303724795 0.8647952079772949 10.006743907928467 0.18604651162790697 1.0
0 1 4.956741320068812 0.7700731754302979 10.776817083358765 0.1777777777777778 1.0
0 1 4.317389632878279 1.008208990097046 11.78502607345581 0.16666666666666666 1.0
0 1 3.7605055496069455 6.855039119720459 18.64006519317627 0.1702127659574468 1.0
0 1 3.2754518797500736 1.5227100849151611 20.16277527809143 0.1702127659574468 1.0
0 1 2.8529634845718124 0.9803597927093506 21.14313507080078 0.16666666666666666 1.0
0 1 2.4849703012340436 1.1005921363830566 22.243727207183838 0.163265306122449 1.0
0 1 2.1644431943866964 1.5125131607055664 23.756240367889404 0.163265306122449 1.0
0 1 1.8852596907900219 0.6383180618286133 24.394558429718018 0.163265306122449 1.0
0 1 1.6420870323301746 0.5962769985198975 24.990835428237915 0.163265306122449 1.0
0 1 1.4302803135927475 0.6760120391845703 25.666847467422485 0.163265306122449 1.0
0 1 1.2457937582930971 0.9236228466033936 26.59047031402588 0.163265306122449 1.0
0 1 1.0851034398309916 3.538715124130249 30.129185438156128 0.1568627450980392 1.0
0 1 0.945139969834425 3.3387598991394043 33.46794533729553 0.1568627450980392 1.0
0 1 0.823229868958621 3.8608670234680176 37.32881236076355 0.1568627450980392 1.0
0 1 0.7170445000483404 8.273804187774658 45.60261654853821 0.15384615384615383 1.0
0 1 0.624555588222246 7.435959815979004 53.03857636451721 0.1509433962264151 1.0
0 1 0.5439964782567033 5.369272947311401 58.40784931182861 0.1509433962264151 1.0
0 1 0.4738283892360109 4.6856689453125 63.09351825714111 0.1509433962264151 1.0
0 1 0.4127110218901976 5.217925310134888 68.311443567276 0.1481481481481481 1.0
0 1 0.3594769571833539 4.625791072845459 72.93723464012146 0.1481481481481481 1.0
0 0.1 130.20161032759302 0.0065729618072509766 72.94380760192871 0.0 1.0
0 0.1 113.40738729625762 0.006774187088012695 72.95058178901672 0.0 1.0
0 0.1 98.77938883400856 0.006843090057373047 72.9574248790741 0.0 1.0
0 0.1 86.03820166433057 0.006862163543701172 72.9642870426178 0.0 1.0
0 0.1 74.9404529934022 0.006680965423583984 72.97096800804138 0.0 1.0
0 0.1 65.27416178184274 0.006364345550537109 72.97733235359192 0.0 1.0
0 0.1 56.854689638682785 0.006842851638793945 72.98417520523071 0.0 1.0
0 0.1 49.52121399451067 0.05206871032714844 73.03624391555786 0.5714285714285715 1.0
0 0.1 43.13365618693992 0.038429975509643555 73.0746738910675 0.5714285714285715 1.0
0 0.1 37.570005780944214 0.0384218692779541 73.11309576034546 0.5714285714285715 1.0
0 0.1 32.7239900151928 0.03866171836853027 73.15175747871399 0.5714285714285715 1.0
0 0.1 28.503043857863506 0.03899884223937988 73.19075632095337 0.5714285714285715 1.0
0 0.1 24.826541897430772 0.038305044174194336 73.22906136512756 0.5714285714285715 1.0
0 0.1 21.624258295306348 0.051199913024902344 73.28026127815247 0.7499999999999999 1.0
0 0.1 18.835025383479486 0.04499316215515137 73.32525444030762 0.7499999999999999 1.0
0 0.1 16.405565284674683 0.04463315010070801 73.36988759040833 0.7499999999999999 1.0
0 0.1 14.289472237493916 0.03847908973693848 73.40836668014526 0.7499999999999999 1.0
0 0.1 12.446326187665905 0.038472890853881836 73.44683957099915 0.7499999999999999 1.0
0 0.1 10.840920713874212 0.03856992721557617 73.48540949821472 0.7499999999999999 1.0
0 0.1 9.44259054057033 0.038886308670043945 73.52429580688477 0.7499999999999999 1.0
0 0.1 8.224625792416147 0.03856992721557617 73.56286573410034 0.7499999999999999 1.0
0 0.1 7.163761801874259 0.05127978324890137 73.61414551734924 0.888888888888889 1.0
0 0.1 6.239734724625884 0.06336593627929688 73.67751145362854 0.7272727272727272 1.0
0 0.1 5.43489447450858 0.05191802978515625 73.7294294834137 0.7272727272727272 1.0
0 0.1 4.733867584541418 0.05181598663330078 73.781245470047 0.7272727272727272 1.0
0 0.1 4.123263554256632 0.11148810386657715 73.89273357391357 0.6153846153846154 1.0
0 0.1 3.591419074200402 0.09155893325805664 73.98429250717163 0.5333333333333333 1.0
0 0.1 3.128175241967003 0.24545907974243164 74.22975158691406 0.4210526315789473 1.0
0 0.1 2.7246835143108377 0.19890928268432617 74.42866086959839 0.38095238095238093 1.0
0 0.1 2.373236688776134 0.1298511028289795 74.55851197242737 0.38095238095238093 1.0
0 0.1 2.0671216863796724 0.4485599994659424 75.00707197189331 0.3333333333333333 1.0
0 0.1 1.8004913233094775 0.4098632335662842 75.4169352054596 0.3076923076923077 1.0
0 0.1 1.5682526223167341 0.41251206398010254 75.8294472694397 0.2857142857142857 1.0
0 0.1 1.3659695304072161 0.5115501880645752 76.34099745750427 0.2962962962962963 1.0
0 0.1 1.1897781846170337 0.4358968734741211 76.7768943309784 0.26666666666666666 1.0
0 0.1 1.036313107341863 0.2830040454864502 77.05989837646484 0.26666666666666666 1.0
0 0.1 0.9026429214570189 0.8522951602935791 77.91219353675842 0.24242424242424243 1.0
0 0.1 0.786214357305898 0.7223899364471436 78.63458347320557 0.2352941176470588 1.0
0 0.1 0.6848034820193963 0.4992189407348633 79.13380241394043 0.2222222222222222 1.0
0 0.1 0.5964732195846044 1.3168590068817139 80.45066142082214 0.21621621621621623 1.0
0 0.1 0.5195363502423698 3.297848701477051 83.7485101222992 0.19999999999999998 1.0
0 0.1 0.4525232824553942 5.4158289432525635 89.16433906555176 0.19512195121951217 1.0
0 0.1 0.3941539818506903 1.5783050060272217 90.74264407157898 0.19512195121951217 1.0
0 0.1 0.34331352094368267 1.3964009284973145 92.1390450000763 0.19047619047619047 1.0
0 0.1 0.2990307826127625 8.0040602684021 100.1431052684784 0.25 1.0
0 0.1 0.2604599105337001 0.8992929458618164 101.04239821434021 0.25 1.0
0 0.1 0.22686415225376097 0.7127959728240967 101.7551941871643 0.24390243902439027 1.0
0 0.1 0.19760178628779224 0.8460328578948975 102.6012270450592 0.24390243902439027 1.0
0 0.1 0.17211386442601356 0.6850278377532959 103.2862548828125 0.24390243902439027 1.0
0 0.1 0.14991353511608546 0.5792090892791748 103.86546397209167 0.24390243902439027 1.0
0 0.01 28.211963230963963 0.006427764892578125 103.87189173698425 0.33333333333333337 1.0
0 0.01 24.573006681497752 0.045564889907836914 103.91745662689209 0.5714285714285715 1.0
0 0.01 21.403425646968028 0.03976297378540039 103.95721960067749 0.5714285714285715 1.0
0 0.01 18.642677119777133 0.03964114189147949 103.99686074256897 0.5714285714285715 1.0
0 0.01 16.238027310431736 0.03964996337890625 104.03651070594788 0.5714285714285715 1.0
0 0.01 14.143544365449966 0.03909611701965332 104.07560682296753 0.5714285714285715 1.0
0 0.01 12.319221010851523 0.03895401954650879 104.11456084251404 0.5714285714285715 1.0
0 0.01 10.730210362611421 0.032659053802490234 104.14721989631653 0.5714285714285715 1.0
0 0.01 9.346160307090315 0.05161714553833008 104.19883704185486 0.7499999999999999 1.0
0 0.01 8.140633737265514 0.0388491153717041 104.23768615722656 0.7499999999999999 1.0
0 0.01 7.090603570541246 0.0390470027923584 104.27673316001892 0.7499999999999999 1.0
0 0.01 6.176012902339531 0.03861188888549805 104.31534504890442 0.7499999999999999 1.0
0 0.01 5.379391893848717 0.03901195526123047 104.35435700416565 0.7499999999999999 1.0
0 0.01 4.685524076001097 0.03869318962097168 104.39305019378662 0.7499999999999999 1.0
0 0.01 4.081155695663349 0.039875030517578125 104.4329252243042 0.7499999999999999 1.0
0 0.01 3.554742552184356 0.04041290283203125 104.47333812713623 0.7499999999999999 1.0
0 0.01 3.09622948855821 0.03906393051147461 104.5124020576477 0.7499999999999999 1.0
0 0.01 2.6968583252045994 0.05195307731628418 104.56435513496399 0.888888888888889 1.0
0 0.01 2.349000567658869 0.03240680694580078 104.59676194190979 0.888888888888889 1.0
0 0.01 2.046011692676912 0.05724906921386719 104.65401101112366 0.7272727272727272 1.0
0 0.01 1.7821042294352372 0.08156800270080566 104.73557901382446 0.7272727272727272 1.0
0 0.01 1.5522372115164986 0.1782519817352295 104.91383099555969 0.6666666666666666 1.0
0 0.01 1.3520198880735976 0.10632896423339844 105.02015995979309 0.5714285714285714 1.0
0 0.01 1.1776278549337647 0.11884021759033203 105.13900017738342 0.5000000000000001 1.0
0 0.01 1.0257300036406054 0.13423609733581543 105.27323627471924 0.47058823529411764 1.0
0 0.01 0.8934248930683893 0.13328003883361816 105.40651631355286 0.4444444444444444 1.0
0 0.01 0.7781853282259436 0.10625600814819336 105.51277232170105 0.4444444444444444 1.0
0 0.01 0.6778100876351608 0.2126750946044922 105.72544741630554 0.3478260869565218 1.0
0 0.01 0.590381877216004 0.1258540153503418 105.85130143165588 0.3478260869565218 1.0
0 0.01 0.5142307075440048 0.11845588684082031 105.9697573184967 0.3478260869565218 1.0
0 0.01 0.44790199493955546 0.23123502731323242 106.20099234580994 0.32000000000000006 1.0
0 0.01 0.39012877707943217 0.15637993812561035 106.35737228393555 0.32000000000000006 1.0
0 0.01 0.33980751241358653 0.14923501014709473 106.50660729408264 0.32000000000000006 1.0
0 0.01 0.2959770011254507 0.14936208724975586 106.6559693813324 0.32000000000000006 1.0
0 0.01 0.2578000249994245 0.1890270709991455 106.84499645233154 0.2962962962962963 1.0
0 0.01 0.22454735549379537 0.1760389804840088 107.02103543281555 0.2857142857142857 1.0
0 0.01 0.19558382455304058 0.14699292182922363 107.16802835464478 0.2857142857142857 1.0
0 0.01 0.1703561920944177 0.5642759799957275 107.7323043346405 0.24242424242424243 1.0
0 0.01 0.14838257842248037 0.3610200881958008 108.0933244228363 0.24242424242424243 1.0
0 0.01 0.12924325971726744 0.3097259998321533 108.40305042266846 0.24242424242424243 1.0
0 0.01 0.1125726507783501 0.3168601989746094 108.71991062164307 0.24242424242424243 1.0
0 0.01 0.09805232188500161 0.37903809547424316 109.09894871711731 0.2352941176470588 1.0
0 0.01 0.08540491638568569 0.25075411796569824 109.34970283508301 0.2352941176470588 1.0
0 0.01 0.07438885283512764 0.4853649139404297 109.83506774902344 0.2222222222222222 1.0
0 0.01 0.06479371048308594 0.5032539367675781 110.33832168579102 0.2105263157894737 1.0
0 0.01 0.056436209971818335 0.5343418121337891 110.8726634979248 0.20512820512820512 1.0
0 0.01 0.049156712468482675 0.3453531265258789 111.21801662445068 0.20512820512820512 1.0
0 0.01 0.0428161703614703 0.9655890464782715 112.18360567092896 0.19047619047619047 1.0
0 0.01 0.03729347127511503 0.5756042003631592 112.75920987129211 0.19047619047619047 1.0
0 0.01 0.032483124670098805 0.8628568649291992 113.62206673622131 0.18181818181818182 1.0
