[216.40736058 188.4937774  164.18066384 143.00360867 124.55810333
 108.49181534  94.49785828  82.30892987  71.69220614  62.44489425
  54.39035884  47.37474809  41.26405496  35.94155748  31.30558923
  27.26759733  23.75045104  20.68696841  18.01863304  15.69447636
  13.67010404  11.906848    10.37102782   9.03330739   7.86813455
   6.85325305   5.96927734   5.19932239   4.52868107   3.94454329
   3.43575127   2.99258645   2.60658382   2.27037024   1.9775236
   1.72245016   1.5002777    1.30676244   1.138208     0.99139477
   0.86351843   0.75213639   0.65512111   0.57061946   0.49701737
   0.43290895   0.37706963   0.32843281   0.28606948   0.24917044]0 1 312.2098259152708 0.0005049705505371094 0.0005049705505371094 0.0 1.0
0 1 271.93903789811014 0.0005269050598144531 0.0010318756103515625 0.0 1.0
0 1 236.8626295349813 0.006432056427001953 0.007463932037353516 0.33333333333333337 1.0
0 1 206.31059705097118 0.029251813888549805 0.03671574592590332 0.5714285714285715 1.0
0 1 179.69935797424765 0.0191650390625 0.05588078498840332 0.5714285714285715 1.0
0 1 156.52060397255676 0.01593804359436035 0.07181882858276367 0.5714285714285715 1.0
0 1 136.33159152101595 0.014174938201904297 0.08599376678466797 0.5714285714285715 1.0
0 1 118.74668494067365 0.013861894607543945 0.09985566139221191 0.7499999999999999 1.0
0 1 103.42999026917344 0.012604236602783203 0.11245989799499512 0.7499999999999999 1.0
0 1 90.08893926113359 0.012215852737426758 0.12467575073242188 0.7499999999999999 1.0
0 1 78.46870096453189 0.012237071990966797 0.13691282272338867 0.7499999999999999 1.0
0 1 68.34731412713553 0.011586189270019531 0.1484990119934082 0.7499999999999999 1.0
0 1 59.53144745577994 0.018604755401611328 0.16710376739501953 0.6666666666666665 1.0
0 1 51.85270674408604 0.012851953506469727 0.17995572090148926 0.7272727272727272 1.0
0 1 45.16441833008278 0.013483047485351562 0.19343876838684082 0.7272727272727272 1.0
0 1 39.33882744370648 0.017756938934326172 0.211195707321167 0.6153846153846154 1.0
0 1 34.26465792907022 0.026883840560913086 0.23807954788208008 0.47058823529411764 1.0
0 1 29.84498672911064 0.04058098793029785 0.27866053581237793 0.3636363636363636 1.0
0 1 25.99539253258091 0.05555987358093262 0.33422040939331055 0.3076923076923077 1.0
0 1 22.642343220204207 0.151810884475708 0.48603129386901855 0.26666666666666666 1.0
0 1 19.721791308170232 0.19665908813476562 0.6826903820037842 0.27586206896551724 1.0
0 1 17.177950560167822 0.26325082778930664 0.9459412097930908 0.26666666666666666 1.0
0 1 14.962230399696251 0.230910062789917 1.1768512725830078 0.24242424242424243 1.0
0 1 13.03230776858211 0.1930680274963379 1.3699193000793457 0.2222222222222222 1.0
0 1 11.351318703025308 0.2603189945220947 1.6302382946014404 0.2222222222222222 1.0
0 1 9.887154185253786 0.1973259449005127 1.8275642395019531 0.21621621621621623 1.0
0 1 8.611846820663045 0.19803881645202637 2.0256030559539795 0.20512820512820512 1.0
0 1 7.501036625197576 0.23108410835266113 2.2566871643066406 0.19999999999999998 1.0
0 1 6.53350571883761 0.19124507904052734 2.447932243347168 0.20512820512820512 1.0
0 1 5.69077303724795 0.2629508972167969 2.710883140563965 0.18604651162790697 1.0
0 1 4.956741320068812 0.23633098602294922 2.947214126586914 0.1777777777777778 1.0
0 1 4.317389632878279 0.32096290588378906 3.268177032470703 0.16666666666666666 1.0
0 1 3.7605055496069455 2.3286969661712646 5.596873998641968 0.1702127659574468 1.0
0 1 3.2754518797500736 0.5446290969848633 6.141503095626831 0.1702127659574468 1.0
0 1 2.8529634845718124 0.3690359592437744 6.5105390548706055 0.16666666666666666 1.0
0 1 2.4849703012340436 0.30814290046691895 6.818681955337524 0.163265306122449 1.0
0 1 2.1644431943866964 0.4589517116546631 7.2776336669921875 0.163265306122449 1.0
0 1 1.8852596907900219 0.29436397552490234 7.57199764251709 0.163265306122449 1.0
0 1 1.6420870323301746 0.3325979709625244 7.904595613479614 0.163265306122449 1.0
0 1 1.4302803135927475 0.2577779293060303 8.162373542785645 0.163265306122449 1.0
0 1 1.2457937582930971 0.24062776565551758 8.403001308441162 0.163265306122449 1.0
0 1 1.0851034398309916 1.0761642456054688 9.47916555404663 0.1568627450980392 1.0
0 1 0.945139969834425 1.1021361351013184 10.58130168914795 0.1568627450980392 1.0
0 1 0.823229868958621 1.2971699237823486 11.878471612930298 0.1568627450980392 1.0
0 1 0.7170445000483404 2.02685284614563 13.905324459075928 0.15384615384615383 1.0
0 1 0.624555588222246 2.3725438117980957 16.277868270874023 0.1509433962264151 1.0
0 1 0.5439964782567033 1.9246139526367188 18.202482223510742 0.1509433962264151 1.0
0 1 0.4738283892360109 1.7624399662017822 19.964922189712524 0.1509433962264151 1.0
0 1 0.4127110218901976 1.7103066444396973 21.67522883415222 0.1481481481481481 1.0
0 1 0.3594769571833539 1.63059401512146 23.30582284927368 0.1481481481481481 1.0
0 0.1 130.20161032759302 0.0005159378051757812 23.306338787078857 0.0 1.0
0 0.1 113.40738729625762 0.0004780292510986328 23.306816816329956 0.0 1.0
0 0.1 98.77938883400856 0.0005218982696533203 23.30733871459961 0.0 1.0
0 0.1 86.03820166433057 0.0005166530609130859 23.307855367660522 0.0 1.0
0 0.1 74.9404529934022 0.0005729198455810547 23.308428287506104 0.0 1.0
0 0.1 65.27416178184274 0.0005769729614257812 23.30900526046753 0.0 1.0
0 0.1 56.854689638682785 0.000637054443359375 23.30964231491089 0.0 1.0
0 0.1 49.52121399451067 0.016286849975585938 23.325929164886475 0.5714285714285715 1.0
0 0.1 43.13365618693992 0.012282848358154297 23.33821201324463 0.5714285714285715 1.0
0 0.1 37.570005780944214 0.011630058288574219 23.349842071533203 0.5714285714285715 1.0
0 0.1 32.7239900151928 0.011304855346679688 23.361146926879883 0.5714285714285715 1.0
0 0.1 28.503043857863506 0.01104116439819336 23.372188091278076 0.5714285714285715 1.0
0 0.1 24.826541897430772 0.009657859802246094 23.381845951080322 0.5714285714285715 1.0
0 0.1 21.624258295306348 0.009749889373779297 23.3915958404541 0.5714285714285715 1.0
0 0.1 18.835025383479486 0.012507915496826172 23.404103755950928 0.7499999999999999 1.0
0 0.1 16.405565284674683 0.010030984878540039 23.414134740829468 0.7499999999999999 1.0
0 0.1 14.289472237493916 0.010283946990966797 23.424418687820435 0.7499999999999999 1.0
0 0.1 12.446326187665905 0.009934186935424805 23.43435287475586 0.7499999999999999 1.0
0 0.1 10.840920713874212 0.009503841400146484 23.443856716156006 0.7499999999999999 1.0
0 0.1 9.44259054057033 0.009615182876586914 23.453471899032593 0.7499999999999999 1.0
0 0.1 8.224625792416147 0.007945060729980469 23.461416959762573 0.7499999999999999 1.0
0 0.1 7.163761801874259 0.011263132095336914 23.47268009185791 0.7499999999999999 1.0
0 0.1 6.239734724625884 0.015040874481201172 23.48772096633911 0.7272727272727272 1.0
0 0.1 5.43489447450858 0.011697053909301758 23.499418020248413 0.7272727272727272 1.0
0 0.1 4.733867584541418 0.00997781753540039 23.509395837783813 0.7272727272727272 1.0
0 0.1 4.123263554256632 0.029414892196655273 23.53881072998047 0.6153846153846154 1.0
0 0.1 3.591419074200402 0.02642512321472168 23.56523585319519 0.5714285714285714 1.0
0 0.1 3.128175241967003 0.05246901512145996 23.61770486831665 0.4210526315789473 1.0
0 0.1 2.7246835143108377 0.029170751571655273 23.646875619888306 0.4210526315789473 1.0
0 0.1 2.373236688776134 0.044116973876953125 23.69099259376526 0.38095238095238093 1.0
0 0.1 2.0671216863796724 0.07989382743835449 23.770886421203613 0.3478260869565218 1.0
0 0.1 1.8004913233094775 0.17029714584350586 23.94118356704712 0.32000000000000006 1.0
0 0.1 1.5682526223167341 0.18864822387695312 24.129831790924072 0.2857142857142857 1.0
0 0.1 1.3659695304072161 0.1577310562133789 24.28756284713745 0.27586206896551724 1.0
0 0.1 1.1897781846170337 0.2090001106262207 24.496562957763672 0.25806451612903225 1.0
0 0.1 1.036313107341863 0.10466885566711426 24.601231813430786 0.25806451612903225 1.0
0 0.1 0.9026429214570189 0.1497647762298584 24.750996589660645 0.24242424242424243 1.0
0 0.1 0.786214357305898 0.16347813606262207 24.914474725723267 0.2352941176470588 1.0
0 0.1 0.6848034820193963 0.10753726959228516 25.02201199531555 0.2352941176470588 1.0
0 0.1 0.5964732195846044 0.4521327018737793 25.47414469718933 0.2285714285714286 1.0
0 0.1 0.5195363502423698 0.5998730659484863 26.074017763137817 0.2222222222222222 1.0
0 0.1 0.4525232824553942 0.6766579151153564 26.750675678253174 0.20512820512820512 1.0
0 0.1 0.3941539818506903 0.9941391944885254 27.7448148727417 0.19999999999999998 1.0
0 0.1 0.34331352094368267 0.5658180713653564 28.310632944107056 0.19512195121951217 1.0
0 0.1 0.2990307826127625 0.41727280616760254 28.727905750274658 0.19047619047619047 1.0
0 0.1 0.2604599105337001 1.3150968551635742 30.043002605438232 0.18181818181818182 1.0
0 0.1 0.22686415225376097 0.6151959896087646 30.658198595046997 0.18181818181818182 1.0
0 0.1 0.19760178628779224 0.3257570266723633 30.98395562171936 0.18181818181818182 1.0
0 0.1 0.17211386442601356 0.20915889739990234 31.193114519119263 0.18181818181818182 1.0
0 0.1 0.14991353511608546 2.8392248153686523 34.032339334487915 0.1739130434782609 1.0
0 0.01 28.211963230963963 0.0005888938903808594 34.032928228378296 0.0 1.0
0 0.01 24.573006681497752 0.013750076293945312 34.04667830467224 0.5714285714285715 1.0
0 0.01 21.403425646968028 0.010204315185546875 34.05688261985779 0.5714285714285715 1.0
0 0.01 18.642677119777133 0.010050058364868164 34.066932678222656 0.5714285714285715 1.0
0 0.01 16.238027310431736 0.00942230224609375 34.07635498046875 0.5714285714285715 1.0
0 0.01 14.143544365449966 0.00957179069519043 34.08592677116394 0.5714285714285715 1.0
0 0.01 12.319221010851523 0.009536981582641602 34.09546375274658 0.5714285714285715 1.0
0 0.01 10.730210362611421 0.009466171264648438 34.10492992401123 0.5714285714285715 1.0
0 0.01 9.346160307090315 0.011848211288452148 34.11677813529968 0.7499999999999999 1.0
0 0.01 8.140633737265514 0.009580850601196289 34.12635898590088 0.7499999999999999 1.0
0 0.01 7.090603570541246 0.009624242782592773 34.13598322868347 0.7499999999999999 1.0
0 0.01 6.176012902339531 0.009469985961914062 34.145453214645386 0.7499999999999999 1.0
0 0.01 5.379391893848717 0.008966922760009766 34.154420137405396 0.7499999999999999 1.0
0 0.01 4.685524076001097 0.009006023406982422 34.16342616081238 0.7499999999999999 1.0
0 0.01 4.081155695663349 0.008949041366577148 34.172375202178955 0.7499999999999999 1.0
0 0.01 3.554742552184356 0.00853586196899414 34.18091106414795 0.7499999999999999 1.0
0 0.01 3.09622948855821 0.00836801528930664 34.189279079437256 0.7499999999999999 1.0
0 0.01 2.6968583252045994 0.0068972110748291016 34.196176290512085 0.7499999999999999 1.0
0 0.01 2.349000567658869 0.00976419448852539 34.20594048500061 0.7499999999999999 1.0
0 0.01 2.046011692676912 0.0132598876953125 34.21920037269592 0.7272727272727272 1.0
0 0.01 1.7821042294352372 0.010303258895874023 34.2295036315918 0.7272727272727272 1.0
0 0.01 1.5522372115164986 0.010480880737304688 34.2399845123291 0.7272727272727272 1.0
0 0.01 1.3520198880735976 0.025999784469604492 34.265984296798706 0.6153846153846154 1.0
0 0.01 1.1776278549337647 0.018610000610351562 34.28459429740906 0.6153846153846154 1.0
0 0.01 1.0257300036406054 0.0348200798034668 34.319414377212524 0.4210526315789473 1.0
0 0.01 0.8934248930683893 0.021230220794677734 34.3406445980072 0.4210526315789473 1.0
0 0.01 0.7781853282259436 0.020289897918701172 34.3609344959259 0.4210526315789473 1.0
0 0.01 0.6778100876351608 0.02192068099975586 34.38285517692566 0.4210526315789473 1.0
0 0.01 0.590381877216004 0.04312419891357422 34.42597937583923 0.3636363636363636 1.0
0 0.01 0.5142307075440048 0.038613080978393555 34.46459245681763 0.3636363636363636 1.0
0 0.01 0.44790199493955546 0.07171106338500977 34.53630352020264 0.3076923076923077 1.0
0 0.01 0.39012877707943217 0.06348109245300293 34.59978461265564 0.2962962962962963 1.0
0 0.01 0.33980751241358653 0.062120914459228516 34.66190552711487 0.2857142857142857 1.0
0 0.01 0.2959770011254507 0.04399275779724121 34.70589828491211 0.2857142857142857 1.0
0 0.01 0.2578000249994245 0.042922019958496094 34.748820304870605 0.2857142857142857 1.0
0 0.01 0.22454735549379537 0.07554316520690918 34.824363470077515 0.25806451612903225 1.0
0 0.01 0.19558382455304058 0.060205936431884766 34.8845694065094 0.25806451612903225 1.0
0 0.01 0.1703561920944177 0.05747795104980469 34.942047357559204 0.25806451612903225 1.0
0 0.01 0.14838257842248037 0.0557098388671875 34.99775719642639 0.25806451612903225 1.0
0 0.01 0.12924325971726744 0.05505204200744629 35.05280923843384 0.25806451612903225 1.0
0 0.01 0.1125726507783501 0.05437302589416504 35.107182264328 0.25806451612903225 1.0
0 0.01 0.09805232188500161 0.04602193832397461 35.15320420265198 0.25806451612903225 1.0
0 0.01 0.08540491638568569 0.25608086585998535 35.40928506851196 0.2105263157894737 1.0
0 0.01 0.07438885283512764 0.29439210891723633 35.7036771774292 0.21621621621621623 1.0
0 0.01 0.06479371048308594 0.12961602210998535 35.833293199539185 0.21621621621621623 1.0
0 0.01 0.056436209971818335 0.12783098220825195 35.96112418174744 0.21621621621621623 1.0
0 0.01 0.049156712468482675 0.1822810173034668 36.1434051990509 0.2105263157894737 1.0
0 0.01 0.0428161703614703 0.11188101768493652 36.25528621673584 0.2105263157894737 1.0
0 0.01 0.03729347127511503 0.19639873504638672 36.45168495178223 0.20512820512820512 1.0
0 0.01 0.032483124670098805 0.20694589614868164 36.65863084793091 0.19999999999999998 1.0
