[216.40736058 188.4937774  164.18066384 143.00360867 124.55810333
 108.49181534  94.49785828  82.30892987  71.69220614  62.44489425
  54.39035884  47.37474809  41.26405496  35.94155748  31.30558923
  27.26759733  23.75045104  20.68696841  18.01863304  15.69447636
  13.67010404  11.906848    10.37102782   9.03330739   7.86813455
   6.85325305   5.96927734   5.19932239   4.52868107   3.94454329
   3.43575127   2.99258645   2.60658382   2.27037024   1.9775236
   1.72245016   1.5002777    1.30676244   1.138208     0.99139477
   0.86351843   0.75213639   0.65512111   0.57061946   0.49701737
   0.43290895   0.37706963   0.32843281   0.28606948   0.24917044]0 1 312.2098259152708 0.0005257129669189453 0.0005257129669189453 0.0 1.0
0 1 271.93903789811014 0.0005519390106201172 0.0010776519775390625 0.0 1.0
0 1 236.8626295349813 0.005278110504150391 0.006355762481689453 0.33333333333333337 1.0
0 1 206.31059705097118 0.025779008865356445 0.0321347713470459 0.5714285714285715 1.0
0 1 179.69935797424765 0.016158103942871094 0.04829287528991699 0.5714285714285715 1.0
0 1 156.52060397255676 0.012941122055053711 0.0612339973449707 0.5714285714285715 1.0
0 1 136.33159152101595 0.011687040328979492 0.0729210376739502 0.5714285714285715 1.0
0 1 118.74668494067365 0.011523962020874023 0.08444499969482422 0.7499999999999999 1.0
0 1 103.42999026917344 0.011090993881225586 0.0955359935760498 0.7499999999999999 1.0
0 1 90.08893926113359 0.010482311248779297 0.1060183048248291 0.7499999999999999 1.0
0 1 78.46870096453189 0.010066032409667969 0.11608433723449707 0.7499999999999999 1.0
0 1 68.34731412713553 0.009418010711669922 0.125502347946167 0.7499999999999999 1.0
0 1 59.53144745577994 0.014033794403076172 0.13953614234924316 0.6666666666666665 1.0
0 1 51.85270674408604 0.010183095932006836 0.14971923828125 0.7272727272727272 1.0
0 1 45.16441833008278 0.010970115661621094 0.1606893539428711 0.7272727272727272 1.0
0 1 39.33882744370648 0.013430118560791016 0.1741194725036621 0.6153846153846154 1.0
0 1 34.26465792907022 0.020675182342529297 0.1947946548461914 0.47058823529411764 1.0
0 1 29.84498672911064 0.03318381309509277 0.22797846794128418 0.3636363636363636 1.0
0 1 25.99539253258091 0.04083395004272461 0.2688124179840088 0.3076923076923077 1.0
0 1 22.642343220204207 0.11267995834350586 0.38149237632751465 0.26666666666666666 1.0
0 1 19.721791308170232 0.13825511932373047 0.5197474956512451 0.27586206896551724 1.0
0 1 17.177950560167822 0.20246291160583496 0.7222104072570801 0.26666666666666666 1.0
0 1 14.962230399696251 0.17746305465698242 0.8996734619140625 0.24242424242424243 1.0
0 1 13.03230776858211 110.19971299171448 111.09938645362854 0.2222222222222222 1.0
0 1 11.351318703025308 0.1951742172241211 111.29456067085266 0.2222222222222222 1.0
0 1 9.887154185253786 0.17154407501220703 111.46610474586487 0.21621621621621623 1.0
0 1 8.611846820663045 0.16875219345092773 111.6348569393158 0.20512820512820512 1.0
0 1 7.501036625197576 0.17238092422485352 111.80723786354065 0.19999999999999998 1.0
0 1 6.53350571883761 0.14507412910461426 111.95231199264526 0.20512820512820512 1.0
0 1 5.69077303724795 0.19933176040649414 112.15164375305176 0.18604651162790697 1.0
0 1 4.956741320068812 0.16723132133483887 112.3188750743866 0.1777777777777778 1.0
0 1 4.317389632878279 0.20702099800109863 112.5258960723877 0.16666666666666666 1.0
0 1 3.7605055496069455 1.881269931793213 114.40716600418091 0.1702127659574468 1.0
0 1 3.2754518797500736 0.43078184127807617 114.83794784545898 0.1702127659574468 1.0
0 1 2.8529634845718124 0.2974419593811035 115.13538980484009 0.16666666666666666 1.0
0 1 2.4849703012340436 0.1827688217163086 115.3181586265564 0.163265306122449 1.0
0 1 2.1644431943866964 0.3414602279663086 115.6596188545227 0.163265306122449 1.0
0 1 1.8852596907900219 0.1967921257019043 115.85641098022461 0.163265306122449 1.0
0 1 1.6420870323301746 0.17856717109680176 116.03497815132141 0.163265306122449 1.0
0 1 1.4302803135927475 0.16392207145690918 116.19890022277832 0.163265306122449 1.0
0 1 1.2457937582930971 0.1521918773651123 116.35109210014343 0.163265306122449 1.0
0 1 1.0851034398309916 0.7105700969696045 117.06166219711304 0.1568627450980392 1.0
0 1 0.945139969834425 0.6774778366088867 117.73914003372192 0.1568627450980392 1.0
0 1 0.823229868958621 968.2071261405945 1085.9462661743164 0.1568627450980392 1.0
0 1 0.7170445000483404 1.5385379791259766 1087.4848041534424 0.15384615384615383 1.0
0 1 0.624555588222246 1.6929361820220947 1089.1777403354645 0.1509433962264151 1.0
0 1 0.5439964782567033 1.1615679264068604 1090.3393082618713 0.1509433962264151 1.0
0 1 0.4738283892360109 152.10153913497925 1242.4408473968506 0.1509433962264151 1.0
0 1 0.4127110218901976 1.028916835784912 1243.4697642326355 0.1481481481481481 1.0
0 1 0.3594769571833539 1.018052101135254 1244.4878163337708 0.1481481481481481 1.0
0 0.1 130.20161032759302 0.0004990100860595703 1244.4883153438568 0.0 1.0
0 0.1 113.40738729625762 0.0004820823669433594 1244.4887974262238 0.0 1.0
0 0.1 98.77938883400856 0.0005142688751220703 1244.4893116950989 0.0 1.0
0 0.1 86.03820166433057 0.0005140304565429688 1244.4898257255554 0.0 1.0
0 0.1 74.9404529934022 0.0005459785461425781 1244.4903717041016 0.0 1.0
0 0.1 65.27416178184274 0.0005691051483154297 1244.4909408092499 0.0 1.0
0 0.1 56.854689638682785 0.0005779266357421875 1244.4915187358856 0.0 1.0
0 0.1 49.52121399451067 0.013338088989257812 1244.5048568248749 0.5714285714285715 1.0
0 0.1 43.13365618693992 0.009731054306030273 1244.514587879181 0.5714285714285715 1.0
0 0.1 37.570005780944214 0.009179830551147461 1244.523767709732 0.5714285714285715 1.0
0 0.1 32.7239900151928 0.008661031723022461 1244.532428741455 0.5714285714285715 1.0
0 0.1 28.503043857863506 0.008667945861816406 1244.541096687317 0.5714285714285715 1.0
0 0.1 24.826541897430772 0.007730007171630859 1244.5488266944885 0.5714285714285715 1.0
0 0.1 21.624258295306348 0.007170915603637695 1244.5559976100922 0.5714285714285715 1.0
0 0.1 18.835025383479486 0.010246992111206055 1244.5662446022034 0.7499999999999999 1.0
0 0.1 16.405565284674683 0.008123159408569336 1244.574367761612 0.7499999999999999 1.0
0 0.1 14.289472237493916 0.008210897445678711 1244.5825786590576 0.7499999999999999 1.0
0 0.1 12.446326187665905 0.007667064666748047 1244.5902457237244 0.7499999999999999 1.0
0 0.1 10.840920713874212 0.007655143737792969 1244.5979008674622 0.7499999999999999 1.0
0 0.1 9.44259054057033 0.007879018783569336 1244.6057798862457 0.7499999999999999 1.0
0 0.1 8.224625792416147 0.006201028823852539 1244.6119809150696 0.7499999999999999 1.0
0 0.1 7.163761801874259 0.008826017379760742 1244.6208069324493 0.7499999999999999 1.0
0 0.1 6.239734724625884 0.011606931686401367 1244.6324138641357 0.7272727272727272 1.0
0 0.1 5.43489447450858 0.008936882019042969 1244.6413507461548 0.7272727272727272 1.0
0 0.1 4.733867584541418 0.007956981658935547 1244.6493077278137 0.7272727272727272 1.0
0 0.1 4.123263554256632 0.02412891387939453 1244.6734366416931 0.6153846153846154 1.0
0 0.1 3.591419074200402 0.021443843841552734 1244.6948804855347 0.5714285714285714 1.0
0 0.1 3.128175241967003 0.045330047607421875 1244.740210533142 0.4210526315789473 1.0
0 0.1 2.7246835143108377 0.022259950637817383 1244.76247048378 0.4210526315789473 1.0
0 0.1 2.373236688776134 0.0368199348449707 1244.7992904186249 0.38095238095238093 1.0
0 0.1 2.0671216863796724 0.06296586990356445 1244.8622562885284 0.3478260869565218 1.0
0 0.1 1.8004913233094775 0.1470322608947754 1245.0092885494232 0.32000000000000006 1.0
0 0.1 1.5682526223167341 0.1734168529510498 1245.1827054023743 0.2857142857142857 1.0
0 0.1 1.3659695304072161 0.12504196166992188 1245.3077473640442 0.27586206896551724 1.0
0 0.1 1.1897781846170337 0.15880608558654785 1245.4665534496307 0.25806451612903225 1.0
0 0.1 1.036313107341863 0.08228135108947754 1245.5488348007202 0.25806451612903225 1.0
0 0.1 0.9026429214570189 0.10846900939941406 1245.6573038101196 0.24242424242424243 1.0
0 0.1 0.786214357305898 0.12973308563232422 1245.787036895752 0.2352941176470588 1.0
0 0.1 0.6848034820193963 0.07892680168151855 1245.8659636974335 0.2352941176470588 1.0
0 0.1 0.5964732195846044 0.37006211280822754 1246.2360258102417 0.2285714285714286 1.0
0 0.1 0.5195363502423698 0.4667541980743408 1246.702780008316 0.2222222222222222 1.0
0 0.1 0.4525232824553942 0.6129961013793945 1247.3157761096954 0.20512820512820512 1.0
0 0.1 0.3941539818506903 0.8743951320648193 1248.1901712417603 0.19999999999999998 1.0
0 0.1 0.34331352094368267 318.03488302230835 1566.2250542640686 0.19512195121951217 1.0
0 0.1 0.2990307826127625 0.38437390327453613 1566.6094281673431 0.19047619047619047 1.0
0 0.1 0.2604599105337001 0.6448190212249756 1567.2542471885681 0.18181818181818182 1.0
0 0.1 0.22686415225376097 0.3782074451446533 1567.6324546337128 0.18181818181818182 1.0
0 0.1 0.19760178628779224 0.16529417037963867 1567.7977488040924 0.18181818181818182 1.0
0 0.1 0.17211386442601356 0.11349201202392578 1567.9112408161163 0.18181818181818182 1.0
0 0.1 0.14991353511608546 1.9310920238494873 1569.8423328399658 0.1739130434782609 1.0
0 0.01 28.211963230963963 0.0006361007690429688 1569.8429689407349 0.0 1.0
0 0.01 24.573006681497752 0.012326240539550781 1569.8552951812744 0.5714285714285715 1.0
0 0.01 21.403425646968028 0.00859212875366211 1569.863887310028 0.5714285714285715 1.0
0 0.01 18.642677119777133 0.008239030838012695 1569.872126340866 0.5714285714285715 1.0
0 0.01 16.238027310431736 0.007666826248168945 1569.8797931671143 0.5714285714285715 1.0
0 0.01 14.143544365449966 0.007673025131225586 1569.8874661922455 0.5714285714285715 1.0
0 0.01 12.319221010851523 0.007318019866943359 1569.8947842121124 0.5714285714285715 1.0
0 0.01 10.730210362611421 0.006822109222412109 1569.9016063213348 0.5714285714285715 1.0
0 0.01 9.346160307090315 0.009655952453613281 1569.9112622737885 0.7499999999999999 1.0
0 0.01 8.140633737265514 0.007665157318115234 1569.9189274311066 0.7499999999999999 1.0
0 0.01 7.090603570541246 0.00709986686706543 1569.9260272979736 0.7499999999999999 1.0
0 0.01 6.176012902339531 0.0071218013763427734 1569.93314909935 0.7499999999999999 1.0
0 0.01 5.379391893848717 0.007132053375244141 1569.9402811527252 0.7499999999999999 1.0
0 0.01 4.685524076001097 0.0071868896484375 1569.9474680423737 0.7499999999999999 1.0
0 0.01 4.081155695663349 0.006623029708862305 1569.9540910720825 0.7499999999999999 1.0
0 0.01 3.554742552184356 0.006639003753662109 1569.9607300758362 0.7499999999999999 1.0
0 0.01 3.09622948855821 0.0051801204681396484 1569.9659101963043 0.7499999999999999 1.0
0 0.01 2.6968583252045994 0.005403757095336914 1569.9713139533997 0.7499999999999999 1.0
0 0.01 2.349000567658869 0.007761955261230469 1569.979075908661 0.7499999999999999 1.0
0 0.01 2.046011692676912 0.012042999267578125 1569.9911189079285 0.7272727272727272 1.0
0 0.01 1.7821042294352372 0.0078008174896240234 1569.998919725418 0.7272727272727272 1.0
0 0.01 1.5522372115164986 0.007688999176025391 1570.0066087245941 0.7272727272727272 1.0
0 0.01 1.3520198880735976 0.020596981048583984 1570.0272057056427 0.6153846153846154 1.0
0 0.01 1.1776278549337647 0.014616966247558594 1570.0418226718903 0.6153846153846154 1.0
0 0.01 1.0257300036406054 0.028461933135986328 1570.0702846050262 0.4210526315789473 1.0
0 0.01 0.8934248930683893 0.016592741012573242 1570.0868773460388 0.4210526315789473 1.0
0 0.01 0.7781853282259436 0.015336036682128906 1570.102213382721 0.4210526315789473 1.0
0 0.01 0.6778100876351608 0.01581716537475586 1570.1180305480957 0.4210526315789473 1.0
0 0.01 0.590381877216004 0.03628087043762207 1570.1543114185333 0.3636363636363636 1.0
0 0.01 0.5142307075440048 0.029435157775878906 1570.1837465763092 0.3636363636363636 1.0
0 0.01 0.44790199493955546 0.057322025299072266 1570.2410686016083 0.3076923076923077 1.0
0 0.01 0.39012877707943217 0.052606821060180664 1570.2936754226685 0.2962962962962963 1.0
0 0.01 0.33980751241358653 0.05231499671936035 1570.3459904193878 0.2857142857142857 1.0
0 0.01 0.2959770011254507 0.03371691703796387 1570.3797073364258 0.2857142857142857 1.0
0 0.01 0.2578000249994245 0.03238821029663086 1570.4120955467224 0.2857142857142857 1.0
0 0.01 0.22454735549379537 0.06423115730285645 1570.4763267040253 0.25806451612903225 1.0
0 0.01 0.19558382455304058 0.044043779373168945 1570.5203704833984 0.25806451612903225 1.0
0 0.01 0.1703561920944177 0.04285883903503418 1570.5632293224335 0.25806451612903225 1.0
0 0.01 0.14838257842248037 0.043204307556152344 1570.6064336299896 0.25806451612903225 1.0
0 0.01 0.12924325971726744 0.04082369804382324 1570.6472573280334 0.25806451612903225 1.0
0 0.01 0.1125726507783501 0.03960275650024414 1570.6868600845337 0.25806451612903225 1.0
0 0.01 0.09805232188500161 0.03318619728088379 1570.7200462818146 0.25806451612903225 1.0
0 0.01 0.08540491638568569 0.20942902565002441 1570.9294753074646 0.2105263157894737 1.0
0 0.01 0.07438885283512764 0.2445671558380127 1571.1740424633026 0.21621621621621623 1.0
0 0.01 0.06479371048308594 0.09451079368591309 1571.2685532569885 0.21621621621621623 1.0
0 0.01 0.056436209971818335 0.08447504043579102 1571.3530282974243 0.21621621621621623 1.0
0 0.01 0.049156712468482675 0.14500117301940918 1571.4980294704437 0.2105263157894737 1.0
0 0.01 0.0428161703614703 0.07595300674438477 1571.573982477188 0.2105263157894737 1.0
0 0.01 0.03729347127511503 0.1564478874206543 1571.7304303646088 0.20512820512820512 1.0
0 0.01 0.032483124670098805 0.16139698028564453 1571.8918273448944 0.19999999999999998 1.0
