[216.40736058 188.4937774  164.18066384 143.00360867 124.55810333
 108.49181534  94.49785828  82.30892987  71.69220614  62.44489425
  54.39035884  47.37474809  41.26405496  35.94155748  31.30558923
  27.26759733  23.75045104  20.68696841  18.01863304  15.69447636
  13.67010404  11.906848    10.37102782   9.03330739   7.86813455
   6.85325305   5.96927734   5.19932239   4.52868107   3.94454329
   3.43575127   2.99258645   2.60658382   2.27037024   1.9775236
   1.72245016   1.5002777    1.30676244   1.138208     0.99139477
   0.86351843   0.75213639   0.65512111   0.57061946   0.49701737
   0.43290895   0.37706963   0.32843281   0.28606948   0.24917044]0 1 312.2098259152708 0.0005390644073486328 0.0005390644073486328 0.0 1.0
0 1 271.93903789811014 0.0005931854248046875 0.0011322498321533203 0.0 1.0
0 1 236.8626295349813 0.0046939849853515625 0.005826234817504883 0.33333333333333337 1.0
0 1 206.31059705097118 0.021300077438354492 0.027126312255859375 0.5714285714285715 1.0
0 1 179.69935797424765 0.013811826705932617 0.04093813896179199 0.5714285714285715 1.0
0 1 156.52060397255676 0.011136054992675781 0.05207419395446777 0.5714285714285715 1.0
0 1 136.33159152101595 0.009839057922363281 0.061913251876831055 0.5714285714285715 1.0
0 1 118.74668494067365 0.009684085845947266 0.07159733772277832 0.7499999999999999 1.0
0 1 103.42999026917344 0.008980035781860352 0.08057737350463867 0.7499999999999999 1.0
0 1 90.08893926113359 0.008621931076049805 0.08919930458068848 0.7499999999999999 1.0
0 1 78.46870096453189 0.007962942123413086 0.09716224670410156 0.7499999999999999 1.0
0 1 68.34731412713553 0.008101940155029297 0.10526418685913086 0.7499999999999999 1.0
0 1 59.53144745577994 0.011362075805664062 0.11662626266479492 0.6666666666666665 1.0
0 1 51.85270674408604 0.00832986831665039 0.12495613098144531 0.7272727272727272 1.0
0 1 45.16441833008278 0.00914621353149414 0.13410234451293945 0.7272727272727272 1.0
0 1 39.33882744370648 0.012120723724365234 0.1462230682373047 0.6153846153846154 1.0
0 1 34.26465792907022 0.015823841094970703 0.1620469093322754 0.47058823529411764 1.0
0 1 29.84498672911064 0.026507139205932617 0.188554048538208 0.3636363636363636 1.0
0 1 25.99539253258091 0.028742313385009766 0.21729636192321777 0.3076923076923077 1.0
0 1 22.642343220204207 0.07782196998596191 0.2951183319091797 0.26666666666666666 1.0
0 1 19.721791308170232 0.09836792945861816 0.39348626136779785 0.27586206896551724 1.0
0 1 17.177950560167822 0.1592090129852295 0.5526952743530273 0.26666666666666666 1.0
0 1 14.962230399696251 0.13665318489074707 0.6893484592437744 0.24242424242424243 1.0
0 1 13.03230776858211 0.12220096588134766 0.8115494251251221 0.2222222222222222 1.0
0 1 11.351318703025308 0.13816308975219727 0.9497125148773193 0.2222222222222222 1.0
0 1 9.887154185253786 0.1142728328704834 1.0639853477478027 0.21621621621621623 1.0
0 1 8.611846820663045 0.12077093124389648 1.1847562789916992 0.20512820512820512 1.0
0 1 7.501036625197576 0.12280511856079102 1.3075613975524902 0.19999999999999998 1.0
0 1 6.53350571883761 0.1013481616973877 1.408909559249878 0.20512820512820512 1.0
0 1 5.69077303724795 0.1323988437652588 1.5413084030151367 0.18604651162790697 1.0
0 1 4.956741320068812 0.11157608032226562 1.6528844833374023 0.1777777777777778 1.0
0 1 4.317389632878279 0.1362171173095703 1.7891016006469727 0.1702127659574468 1.0
0 1 3.7605055496069455 1.5661959648132324 3.355297565460205 0.1702127659574468 1.0
0 1 3.2754518797500736 0.3385591506958008 3.693856716156006 0.1702127659574468 1.0
0 1 2.8529634845718124 0.12583708763122559 3.8196938037872314 0.16666666666666666 1.0
0 1 2.4849703012340436 0.08730912208557129 3.9070029258728027 0.163265306122449 1.0
0 1 2.1644431943866964 0.2454822063446045 4.152485132217407 0.163265306122449 1.0
0 1 1.8852596907900219 0.10736489295959473 4.259850025177002 0.163265306122449 1.0
0 1 1.6420870323301746 0.09361410140991211 4.353464126586914 0.163265306122449 1.0
0 1 1.4302803135927475 0.08139896392822266 4.434863090515137 0.163265306122449 1.0
0 1 1.2457937582930971 0.0789337158203125 4.513796806335449 0.163265306122449 1.0
0 1 1.0851034398309916 0.39333605766296387 4.907132863998413 0.1568627450980392 1.0
0 1 0.945139969834425 0.4095470905303955 5.316679954528809 0.1568627450980392 1.0
0 1 0.823229868958621 0.695080041885376 6.011759996414185 0.1568627450980392 1.0
0 1 0.7170445000483404 1.024322271347046 7.0360822677612305 0.1509433962264151 1.0
0 1 0.624555588222246 1.097616195678711 8.133698463439941 0.1509433962264151 1.0
0 1 0.5439964782567033 0.5929419994354248 8.726640462875366 0.1509433962264151 1.0
0 1 0.4738283892360109 0.4740259647369385 9.200666427612305 0.1509433962264151 1.0
0 1 0.4127110218901976 0.4461231231689453 9.64678955078125 0.1481481481481481 1.0
0 1 0.3594769571833539 0.45088720321655273 10.097676753997803 0.1481481481481481 1.0
0 0.1 130.20161032759302 0.0004901885986328125 10.098166942596436 0.0 1.0
0 0.1 113.40738729625762 0.0004820823669433594 10.098649024963379 0.0 1.0
0 0.1 98.77938883400856 0.0005121231079101562 10.099161148071289 0.0 1.0
0 0.1 86.03820166433057 0.0005328655242919922 10.099694013595581 0.0 1.0
0 0.1 74.9404529934022 0.00055694580078125 10.100250959396362 0.0 1.0
0 0.1 65.27416178184274 0.0005688667297363281 10.100819826126099 0.0 1.0
0 0.1 56.854689638682785 0.0006210803985595703 10.101440906524658 0.0 1.0
0 0.1 49.52121399451067 0.01153111457824707 10.112972021102905 0.5714285714285715 1.0
0 0.1 43.13365618693992 0.008833169937133789 10.121805191040039 0.5714285714285715 1.0
0 0.1 37.570005780944214 0.007733821868896484 10.129539012908936 0.5714285714285715 1.0
0 0.1 32.7239900151928 0.007568836212158203 10.137107849121094 0.5714285714285715 1.0
0 0.1 28.503043857863506 0.0070819854736328125 10.144189834594727 0.5714285714285715 1.0
0 0.1 24.826541897430772 0.005817890167236328 10.150007724761963 0.5714285714285715 1.0
0 0.1 21.624258295306348 0.005910158157348633 10.155917882919312 0.5714285714285715 1.0
0 0.1 18.835025383479486 0.008918046951293945 10.164835929870605 0.7499999999999999 1.0
0 0.1 16.405565284674683 0.006636142730712891 10.171472072601318 0.7499999999999999 1.0
0 0.1 14.289472237493916 0.006307125091552734 10.177779197692871 0.7499999999999999 1.0
0 0.1 12.446326187665905 0.006374835968017578 10.184154033660889 0.7499999999999999 1.0
0 0.1 10.840920713874212 0.006116151809692383 10.190270185470581 0.7499999999999999 1.0
0 0.1 9.44259054057033 0.006511688232421875 10.196781873703003 0.7499999999999999 1.0
0 0.1 8.224625792416147 0.0046770572662353516 10.201458930969238 0.7499999999999999 1.0
0 0.1 7.163761801874259 0.006205081939697266 10.207664012908936 0.7499999999999999 1.0
0 0.1 6.239734724625884 0.009265899658203125 10.216929912567139 0.7272727272727272 1.0
0 0.1 5.43489447450858 0.006973981857299805 10.223903894424438 0.7272727272727272 1.0
0 0.1 4.733867584541418 0.0060749053955078125 10.229978799819946 0.7272727272727272 1.0
0 0.1 4.123263554256632 0.019273996353149414 10.249252796173096 0.6153846153846154 1.0
0 0.1 3.591419074200402 0.01658177375793457 10.26583456993103 0.5714285714285714 1.0
0 0.1 3.128175241967003 0.03698086738586426 10.302815437316895 0.4210526315789473 1.0
0 0.1 2.7246835143108377 0.015424013137817383 10.318239450454712 0.4210526315789473 1.0
0 0.1 2.373236688776134 0.030766010284423828 10.349005460739136 0.38095238095238093 1.0
0 0.1 2.0671216863796724 0.05053091049194336 10.399536371231079 0.3478260869565218 1.0
0 0.1 1.8004913233094775 0.12133312225341797 10.520869493484497 0.32000000000000006 1.0
0 0.1 1.5682526223167341 0.17631006240844727 10.697179555892944 0.2857142857142857 1.0
0 0.1 1.3659695304072161 0.09722328186035156 10.794402837753296 0.27586206896551724 1.0
0 0.1 1.1897781846170337 0.10358095169067383 10.89798378944397 0.25806451612903225 1.0
0 0.1 1.036313107341863 0.05881214141845703 10.956795930862427 0.25806451612903225 1.0
0 0.1 0.9026429214570189 0.07934093475341797 11.036136865615845 0.24242424242424243 1.0
0 0.1 0.786214357305898 0.10105681419372559 11.13719367980957 0.2352941176470588 1.0
0 0.1 0.6848034820193963 0.05486798286437988 11.19206166267395 0.2352941176470588 1.0
0 0.1 0.5964732195846044 0.2871689796447754 11.479230642318726 0.2285714285714286 1.0
0 0.1 0.5195363502423698 0.34897828102111816 11.828208923339844 0.2222222222222222 1.0
0 0.1 0.4525232824553942 0.5411052703857422 12.369314193725586 0.20512820512820512 1.0
0 0.1 0.3941539818506903 0.7886898517608643 13.15800404548645 0.19999999999999998 1.0
0 0.1 0.34331352094368267 0.2667059898376465 13.424710035324097 0.19512195121951217 1.0
0 0.1 0.2990307826127625 0.31142139434814453 13.736131429672241 0.19047619047619047 1.0
0 0.1 0.2604599105337001 0.35865116119384766 14.094782590866089 0.18604651162790697 1.0
0 0.1 0.22686415225376097 0.15494084358215332 14.249723434448242 0.18181818181818182 1.0
0 0.1 0.19760178628779224 0.07804393768310547 14.327767372131348 0.18181818181818182 1.0
0 0.1 0.17211386442601356 0.053958892822265625 14.381726264953613 0.18181818181818182 1.0
0 0.1 0.14991353511608546 1.0561540126800537 15.437880277633667 0.1739130434782609 1.0
0 0.01 28.211963230963963 0.0005910396575927734 15.43847131729126 0.0 1.0
0 0.01 24.573006681497752 0.010034799575805664 15.448506116867065 0.5714285714285715 1.0
0 0.01 21.403425646968028 0.007004737854003906 15.45551085472107 0.5714285714285715 1.0
0 0.01 18.642677119777133 0.006164073944091797 15.461674928665161 0.5714285714285715 1.0
0 0.01 16.238027310431736 0.006321907043457031 15.467996835708618 0.5714285714285715 1.0
0 0.01 14.143544365449966 0.006576061248779297 15.474572896957397 0.5714285714285715 1.0
0 0.01 12.319221010851523 0.00586700439453125 15.480439901351929 0.5714285714285715 1.0
0 0.01 10.730210362611421 0.005347728729248047 15.485787630081177 0.5714285714285715 1.0
0 0.01 9.346160307090315 0.00792074203491211 15.493708372116089 0.7499999999999999 1.0
0 0.01 8.140633737265514 0.005958080291748047 15.499666452407837 0.7499999999999999 1.0
0 0.01 7.090603570541246 0.005745887756347656 15.505412340164185 0.7499999999999999 1.0
0 0.01 6.176012902339531 0.005695343017578125 15.511107683181763 0.7499999999999999 1.0
0 0.01 5.379391893848717 0.005715131759643555 15.516822814941406 0.7499999999999999 1.0
0 0.01 4.685524076001097 0.005384922027587891 15.522207736968994 0.7499999999999999 1.0
0 0.01 4.081155695663349 0.0052220821380615234 15.527429819107056 0.7499999999999999 1.0
0 0.01 3.554742552184356 0.005184173583984375 15.53261399269104 0.7499999999999999 1.0
0 0.01 3.09622948855821 0.0037288665771484375 15.536342859268188 0.7499999999999999 1.0
0 0.01 2.6968583252045994 0.003844022750854492 15.540186882019043 0.7499999999999999 1.0
0 0.01 2.349000567658869 0.004956960678100586 15.545143842697144 0.7499999999999999 1.0
0 0.01 2.046011692676912 0.009364128112792969 15.554507970809937 0.7272727272727272 1.0
0 0.01 1.7821042294352372 0.005834102630615234 15.560342073440552 0.7272727272727272 1.0
0 0.01 1.5522372115164986 0.005597114562988281 15.56593918800354 0.7272727272727272 1.0
0 0.01 1.3520198880735976 0.01696181297302246 15.582901000976562 0.6153846153846154 1.0
0 0.01 1.1776278549337647 0.010841131210327148 15.59374213218689 0.6153846153846154 1.0
0 0.01 1.0257300036406054 0.023921966552734375 15.617664098739624 0.4210526315789473 1.0
0 0.01 0.8934248930683893 0.011481761932373047 15.629145860671997 0.4210526315789473 1.0
0 0.01 0.7781853282259436 0.010352134704589844 15.639497995376587 0.4210526315789473 1.0
0 0.01 0.6778100876351608 0.01147007942199707 15.650968074798584 0.4210526315789473 1.0
0 0.01 0.590381877216004 0.027519941329956055 15.67848801612854 0.3636363636363636 1.0
0 0.01 0.5142307075440048 0.019649028778076172 15.698137044906616 0.3636363636363636 1.0
0 0.01 0.44790199493955546 0.0423579216003418 15.740494966506958 0.3076923076923077 1.0
0 0.01 0.39012877707943217 0.03854489326477051 15.779039859771729 0.2962962962962963 1.0
0 0.01 0.33980751241358653 0.04337882995605469 15.822418689727783 0.2857142857142857 1.0
0 0.01 0.2959770011254507 0.024250030517578125 15.846668720245361 0.2857142857142857 1.0
0 0.01 0.2578000249994245 0.023910999298095703 15.870579719543457 0.2857142857142857 1.0
0 0.01 0.22454735549379537 0.047673940658569336 15.918253660202026 0.25806451612903225 1.0
0 0.01 0.19558382455304058 0.03157186508178711 15.949825525283813 0.25806451612903225 1.0
0 0.01 0.1703561920944177 0.030450105667114258 15.980275630950928 0.25806451612903225 1.0
0 0.01 0.14838257842248037 0.02925705909729004 16.009532690048218 0.25806451612903225 1.0
0 0.01 0.12924325971726744 0.028126001358032227 16.03765869140625 0.25806451612903225 1.0
0 0.01 0.1125726507783501 0.02692103385925293 16.064579725265503 0.25806451612903225 1.0
0 0.01 0.09805232188500161 0.021502971649169922 16.086082696914673 0.25806451612903225 1.0
0 0.01 0.08540491638568569 0.1767878532409668 16.26287055015564 0.2105263157894737 1.0
0 0.01 0.07438885283512764 0.20218968391418457 16.465060234069824 0.21621621621621623 1.0
0 0.01 0.06479371048308594 0.05286908149719238 16.517929315567017 0.21621621621621623 1.0
0 0.01 0.056436209971818335 0.05083203315734863 16.568761348724365 0.21621621621621623 1.0
0 0.01 0.049156712468482675 0.10248088836669922 16.671242237091064 0.2105263157894737 1.0
0 0.01 0.0428161703614703 0.03307509422302246 16.704317331314087 0.2105263157894737 1.0
0 0.01 0.03729347127511503 0.10193181037902832 16.806249141693115 0.20512820512820512 1.0
0 0.01 0.032483124670098805 0.1095588207244873 16.915807962417603 0.19999999999999998 1.0
