[216.40736058 188.4937774  164.18066384 143.00360867 124.55810333
 108.49181534  94.49785828  82.30892987  71.69220614  62.44489425
  54.39035884  47.37474809  41.26405496  35.94155748  31.30558923
  27.26759733  23.75045104  20.68696841  18.01863304  15.69447636
  13.67010404  11.906848    10.37102782   9.03330739   7.86813455
   6.85325305   5.96927734   5.19932239   4.52868107   3.94454329
   3.43575127   2.99258645   2.60658382   2.27037024   1.9775236
   1.72245016   1.5002777    1.30676244   1.138208     0.99139477
   0.86351843   0.75213639   0.65512111   0.57061946   0.49701737
   0.43290895   0.37706963   0.32843281   0.28606948   0.24917044]0 1 312.2098259152708 0.0006310939788818359 0.0006310939788818359 0.0 1.0
0 1 271.93903789811014 0.0006871223449707031 0.001318216323852539 0.0 1.0
0 1 236.8626295349813 0.008048057556152344 0.009366273880004883 0.33333333333333337 1.0
0 1 206.31059705097118 0.008516073226928711 0.017882347106933594 0.5714285714285715 1.0
0 1 179.69935797424765 0.005147218704223633 0.023029565811157227 0.5714285714285715 1.0
0 1 156.52060397255676 0.0038230419158935547 0.02685260772705078 0.5714285714285715 1.0
0 1 136.33159152101595 0.003463268280029297 0.030315876007080078 0.5714285714285715 1.0
0 1 118.74668494067365 0.010444879531860352 0.04076075553894043 0.7499999999999999 1.0
0 1 103.42999026917344 0.0061380863189697266 0.046898841857910156 0.7499999999999999 1.0
0 1 90.08893926113359 0.005125999450683594 0.05202484130859375 0.7499999999999999 1.0
0 1 78.46870096453189 0.00478816032409668 0.05681300163269043 0.7499999999999999 1.0
0 1 68.34731412713553 0.004967927932739258 0.06178092956542969 0.7499999999999999 1.0
0 1 59.53144745577994 0.0053272247314453125 0.067108154296875 0.6666666666666665 1.0
0 1 51.85270674408604 0.010429859161376953 0.07753801345825195 0.7272727272727272 1.0
0 1 45.16441833008278 0.010871171951293945 0.0884091854095459 0.7272727272727272 1.0
0 1 39.33882744370648 0.012642145156860352 0.10105133056640625 0.6153846153846154 1.0
0 1 34.26465792907022 0.020216941833496094 0.12126827239990234 0.47058823529411764 1.0
0 1 29.84498672911064 0.027022123336791992 0.14829039573669434 0.3636363636363636 1.0
0 1 25.99539253258091 0.037567853927612305 0.18585824966430664 0.3076923076923077 1.0
0 1 22.642343220204207 0.10522794723510742 0.29108619689941406 0.26666666666666666 1.0
0 1 19.721791308170232 0.1251990795135498 0.41628527641296387 0.27586206896551724 1.0
0 1 17.177950560167822 0.2702209949493408 0.6865062713623047 0.26666666666666666 1.0
0 1 14.962230399696251 0.20626592636108398 0.8927721977233887 0.24242424242424243 1.0
0 1 13.03230776858211 0.19446992874145508 1.0872421264648438 0.2222222222222222 1.0
0 1 11.351318703025308 0.1819922924041748 1.2692344188690186 0.2222222222222222 1.0
0 1 9.887154185253786 0.1423041820526123 1.4115386009216309 0.21621621621621623 1.0
0 1 8.611846820663045 0.14258098602294922 1.55411958694458 0.20512820512820512 1.0
0 1 7.501036625197576 0.16722798347473145 1.7213475704193115 0.19999999999999998 1.0
0 1 6.53350571883761 0.14280009269714355 1.864147663116455 0.20512820512820512 1.0
0 1 5.69077303724795 0.18691086769104004 2.051058530807495 0.18604651162790697 1.0
0 1 4.956741320068812 0.1541440486907959 2.205202579498291 0.1777777777777778 1.0
0 1 4.317389632878279 0.19618010520935059 2.4013826847076416 0.1702127659574468 1.0
0 1 3.7605055496069455 1.9264588356018066 4.327841520309448 0.1702127659574468 1.0
0 1 3.2754518797500736 0.375079870223999 4.702921390533447 0.1702127659574468 1.0
0 1 2.8529634845718124 0.18115997314453125 4.8840813636779785 0.16666666666666666 1.0
0 1 2.4849703012340436 0.14848685264587402 5.0325682163238525 0.163265306122449 1.0
0 1 2.1644431943866964 0.2556416988372803 5.288209915161133 0.163265306122449 1.0
0 1 1.8852596907900219 0.14290499687194824 5.431114912033081 0.163265306122449 1.0
0 1 1.6420870323301746 0.12363195419311523 5.554746866226196 0.163265306122449 1.0
0 1 1.4302803135927475 0.11879396438598633 5.673540830612183 0.163265306122449 1.0
0 1 1.2457937582930971 0.11556816101074219 5.789108991622925 0.163265306122449 1.0
0 1 1.0851034398309916 0.4132518768310547 6.2023608684539795 0.1568627450980392 1.0
0 1 0.945139969834425 0.34493207931518555 6.547292947769165 0.1568627450980392 1.0
0 1 0.823229868958621 0.4862368106842041 7.033529758453369 0.1568627450980392 1.0
0 1 0.7170445000483404 0.8069503307342529 7.840480089187622 0.15384615384615383 1.0
0 1 0.624555588222246 0.7462918758392334 8.586771965026855 0.1509433962264151 1.0
0 1 0.5439964782567033 0.5273160934448242 9.11408805847168 0.1509433962264151 1.0
0 1 0.4738283892360109 0.4452989101409912 9.559386968612671 0.1509433962264151 1.0
0 1 0.4127110218901976 0.4415459632873535 10.000932931900024 0.1481481481481481 1.0
0 1 0.3594769571833539 0.44651103019714355 10.447443962097168 0.1481481481481481 1.0
0 0.1 130.20161032759302 0.0006670951843261719 10.448111057281494 0.0 1.0
0 0.1 113.40738729625762 0.0006372928619384766 10.448748350143433 0.0 1.0
0 0.1 98.77938883400856 0.0006301403045654297 10.449378490447998 0.0 1.0
0 0.1 86.03820166433057 0.0006279945373535156 10.450006484985352 0.0 1.0
0 0.1 74.9404529934022 0.0006558895111083984 10.45066237449646 0.0 1.0
0 0.1 65.27416178184274 0.0006511211395263672 10.451313495635986 0.0 1.0
0 0.1 56.854689638682785 0.0006499290466308594 10.451963424682617 0.0 1.0
0 0.1 49.52121399451067 0.0006270408630371094 10.452590465545654 0.0 1.0
0 0.1 43.13365618693992 0.0006730556488037109 10.453263521194458 0.0 1.0
0 0.1 37.570005780944214 0.0006339550018310547 10.453897476196289 0.0 1.0
0 0.1 32.7239900151928 0.0006229877471923828 10.454520463943481 0.0 1.0
0 0.1 28.503043857863506 0.0006439685821533203 10.455164432525635 0.0 1.0
0 0.1 24.826541897430772 0.010036945343017578 10.465201377868652 0.5714285714285715 1.0
0 0.1 21.624258295306348 0.0018298625946044922 10.467031240463257 0.5714285714285715 1.0
0 0.1 18.835025383479486 0.0019328594207763672 10.468964099884033 0.5714285714285715 1.0
0 0.1 16.405565284674683 0.0018050670623779297 10.470769166946411 0.5714285714285715 1.0
0 0.1 14.289472237493916 0.0018169879913330078 10.472586154937744 0.5714285714285715 1.0
0 0.1 12.446326187665905 0.0017800331115722656 10.474366188049316 0.5714285714285715 1.0
0 0.1 10.840920713874212 0.007401943206787109 10.481768131256104 0.7499999999999999 1.0
0 0.1 9.44259054057033 0.0024912357330322266 10.484259366989136 0.7499999999999999 1.0
0 0.1 8.224625792416147 0.002544879913330078 10.486804246902466 0.7499999999999999 1.0
0 0.1 7.163761801874259 0.0027208328247070312 10.489525079727173 0.7499999999999999 1.0
0 0.1 6.239734724625884 0.002905130386352539 10.492430210113525 0.7499999999999999 1.0
0 0.1 5.43489447450858 0.02663397789001465 10.51906418800354 0.7272727272727272 1.0
0 0.1 4.733867584541418 0.006909847259521484 10.525974035263062 0.7272727272727272 1.0
0 0.1 4.123263554256632 0.007683992385864258 10.533658027648926 0.7272727272727272 1.0
0 0.1 3.591419074200402 0.05502796173095703 10.588685989379883 0.5714285714285714 1.0
0 0.1 3.128175241967003 0.141556978225708 10.73024296760559 0.4444444444444444 1.0
0 0.1 2.7246835143108377 0.04952692985534668 10.779769897460938 0.4210526315789473 1.0
0 0.1 2.373236688776134 0.0845036506652832 10.86427354812622 0.38095238095238093 1.0
0 0.1 2.0671216863796724 0.31817007064819336 11.182443618774414 0.3333333333333333 1.0
0 0.1 1.8004913233094775 0.48203301429748535 11.6644766330719 0.32000000000000006 1.0
0 0.1 1.5682526223167341 0.5609259605407715 12.225402593612671 0.2857142857142857 1.0
0 0.1 1.3659695304072161 0.4297480583190918 12.655150651931763 0.27586206896551724 1.0
0 0.1 1.1897781846170337 0.2823820114135742 12.937532663345337 0.25806451612903225 1.0
0 0.1 1.036313107341863 0.08362889289855957 13.021161556243896 0.25806451612903225 1.0
0 0.1 0.9026429214570189 0.19664406776428223 13.217805624008179 0.24242424242424243 1.0
0 0.1 0.786214357305898 0.21080279350280762 13.428608417510986 0.2352941176470588 1.0
0 0.1 0.6848034820193963 0.06601214408874512 13.494620561599731 0.2352941176470588 1.0
0 0.1 0.5964732195846044 0.660085916519165 14.154706478118896 0.2285714285714286 1.0
0 0.1 0.5195363502423698 0.6895146369934082 14.844221115112305 0.2222222222222222 1.0
0 0.1 0.4525232824553942 2.524888753890991 17.369109869003296 0.19999999999999998 1.0
0 0.1 0.3941539818506903 0.4284038543701172 17.797513723373413 0.19999999999999998 1.0
0 0.1 0.34331352094368267 0.5483109951019287 18.345824718475342 0.19512195121951217 1.0
0 0.1 0.2990307826127625 0.7693500518798828 19.115174770355225 0.19047619047619047 1.0
0 0.1 0.2604599105337001 0.9845092296600342 20.09968400001526 0.18181818181818182 1.0
0 0.1 0.22686415225376097 0.3817710876464844 20.481455087661743 0.18181818181818182 1.0
0 0.1 0.19760178628779224 0.16176795959472656 20.64322304725647 0.18181818181818182 1.0
0 0.1 0.17211386442601356 0.12442994117736816 20.767652988433838 0.18181818181818182 1.0
0 0.1 0.14991353511608546 2.1810240745544434 22.94867706298828 0.1739130434782609 1.0
0 0.01 28.211963230963963 0.0006730556488037109 22.949350118637085 0.0 1.0
0 0.01 24.573006681497752 0.0006568431854248047 22.95000696182251 0.0 1.0
0 0.01 21.403425646968028 0.0006158351898193359 22.95062279701233 0.0 1.0
0 0.01 18.642677119777133 0.0006229877471923828 22.95124578475952 0.0 1.0
0 0.01 16.238027310431736 0.0006110668182373047 22.95185685157776 0.0 1.0
0 0.01 14.143544365449966 0.0006518363952636719 22.952508687973022 0.0 1.0
0 0.01 12.319221010851523 0.0006289482116699219 22.953137636184692 0.0 1.0
0 0.01 10.730210362611421 0.00061798095703125 22.953755617141724 0.0 1.0
0 0.01 9.346160307090315 0.0006310939788818359 22.954386711120605 0.0 1.0
0 0.01 8.140633737265514 0.0006229877471923828 22.955009698867798 0.0 1.0
0 0.01 7.090603570541246 0.0006051063537597656 22.955614805221558 0.0 1.0
0 0.01 6.176012902339531 0.00061798095703125 22.95623278617859 0.0 1.0
0 0.01 5.379391893848717 0.0006401538848876953 22.956872940063477 0.0 1.0
0 0.01 4.685524076001097 0.0006308555603027344 22.95750379562378 0.0 1.0
0 0.01 4.081155695663349 0.0006871223449707031 22.95819091796875 0.0 1.0
0 0.01 3.554742552184356 0.0006530284881591797 22.95884394645691 0.0 1.0
0 0.01 3.09622948855821 0.0006163120269775391 22.959460258483887 0.0 1.0
0 0.01 2.6968583252045994 0.0006229877471923828 22.96008324623108 0.0 1.0
0 0.01 2.349000567658869 0.016316890716552734 22.976400136947632 0.5714285714285715 1.0
0 0.01 2.046011692676912 0.0010449886322021484 22.977445125579834 0.5714285714285715 1.0
0 0.01 1.7821042294352372 0.0010480880737304688 22.978493213653564 0.5714285714285715 1.0
0 0.01 1.5522372115164986 0.0010428428649902344 22.979536056518555 0.5714285714285715 1.0
0 0.01 1.3520198880735976 0.0010249614715576172 22.980561017990112 0.5714285714285715 1.0
0 0.01 1.1776278549337647 0.0011746883392333984 22.981735706329346 0.5714285714285715 1.0
0 0.01 1.0257300036406054 0.0056209564208984375 22.987356662750244 0.7499999999999999 1.0
0 0.01 0.8934248930683893 0.0010340213775634766 22.988390684127808 0.7499999999999999 1.0
0 0.01 0.7781853282259436 0.001046895980834961 22.989437580108643 0.7499999999999999 1.0
0 0.01 0.6778100876351608 0.001230001449584961 22.990667581558228 0.7499999999999999 1.0
0 0.01 0.590381877216004 0.0013060569763183594 22.991973638534546 0.7499999999999999 1.0
0 0.01 0.5142307075440048 0.014483928680419922 23.006457567214966 0.7272727272727272 1.0
0 0.01 0.44790199493955546 0.003741025924682617 23.01019859313965 0.7272727272727272 1.0
0 0.01 0.39012877707943217 0.044753074645996094 23.054951667785645 0.5000000000000001 1.0
0 0.01 0.33980751241358653 0.048568010330200195 23.103519678115845 0.4 1.0
0 0.01 0.2959770011254507 0.009888887405395508 23.11340856552124 0.4 1.0
0 0.01 0.2578000249994245 0.009534358978271484 23.12294292449951 0.4 1.0
0 0.01 0.22454735549379537 0.06882691383361816 23.19176983833313 0.3076923076923077 1.0
0 0.01 0.19558382455304058 0.013277769088745117 23.205047607421875 0.3076923076923077 1.0
0 0.01 0.1703561920944177 0.1962282657623291 23.401275873184204 0.26666666666666666 1.0
0 0.01 0.14838257842248037 0.06470680236816406 23.465982675552368 0.25806451612903225 1.0
0 0.01 0.12924325971726744 0.019511938095092773 23.48549461364746 0.25806451612903225 1.0
0 0.01 0.1125726507783501 0.06459689140319824 23.55009150505066 0.25 1.0
0 0.01 0.09805232188500161 0.06672930717468262 23.616820812225342 0.24242424242424243 1.0
0 0.01 0.08540491638568569 0.09124016761779785 23.70806097984314 0.2352941176470588 1.0
0 0.01 0.07438885283512764 0.019908905029296875 23.727969884872437 0.2352941176470588 1.0
0 0.01 0.06479371048308594 0.0862729549407959 23.814242839813232 0.2285714285714286 1.0
0 0.01 0.056436209971818335 0.2768721580505371 24.09111499786377 0.21621621621621623 1.0
0 0.01 0.049156712468482675 0.03634190559387207 24.12745690345764 0.21621621621621623 1.0
0 0.01 0.0428161703614703 0.2043309211730957 24.331787824630737 0.20512820512820512 1.0
0 0.01 0.03729347127511503 0.03309178352355957 24.364879608154297 0.20512820512820512 1.0
0 0.01 0.032483124670098805 0.031495094299316406 24.396374702453613 0.20512820512820512 1.0
