[216.40736058 188.4937774  164.18066384 143.00360867 124.55810333
 108.49181534  94.49785828  82.30892987  71.69220614  62.44489425
  54.39035884  47.37474809  41.26405496  35.94155748  31.30558923
  27.26759733  23.75045104  20.68696841  18.01863304  15.69447636
  13.67010404  11.906848    10.37102782   9.03330739   7.86813455
   6.85325305   5.96927734   5.19932239   4.52868107   3.94454329
   3.43575127   2.99258645   2.60658382   2.27037024   1.9775236
   1.72245016   1.5002777    1.30676244   1.138208     0.99139477
   0.86351843   0.75213639   0.65512111   0.57061946   0.49701737
   0.43290895   0.37706963   0.32843281   0.28606948   0.24917044]0 1 312.2098259152708 0.001165151596069336 0.001165151596069336 0.0 1.0
0 1 271.93903789811014 0.0012900829315185547 0.0024552345275878906 0.0 1.0
0 1 236.8626295349813 0.040548086166381836 0.04300332069396973 0.33333333333333337 1.0
0 1 206.31059705097118 0.029083967208862305 0.07208728790283203 0.5714285714285715 1.0
0 1 179.69935797424765 0.018960952758789062 0.0910482406616211 0.5714285714285715 1.0
0 1 156.52060397255676 0.01499176025390625 0.10604000091552734 0.5714285714285715 1.0
0 1 136.33159152101595 0.013365030288696289 0.11940503120422363 0.5714285714285715 1.0
0 1 118.74668494067365 0.03440380096435547 0.1538088321685791 0.7499999999999999 1.0
0 1 103.42999026917344 0.021858692169189453 0.17566752433776855 0.7499999999999999 1.0
0 1 90.08893926113359 0.016741037368774414 0.19240856170654297 0.7499999999999999 1.0
0 1 78.46870096453189 0.014232158660888672 0.20664072036743164 0.7499999999999999 1.0
0 1 68.34731412713553 0.012091875076293945 0.21873259544372559 0.7499999999999999 1.0
0 1 59.53144745577994 0.01267385482788086 0.23140645027160645 0.6666666666666665 1.0
0 1 51.85270674408604 0.01896500587463379 0.25037145614624023 0.7272727272727272 1.0
0 1 45.16441833008278 0.016468048095703125 0.26683950424194336 0.7272727272727272 1.0
0 1 39.33882744370648 0.018444061279296875 0.28528356552124023 0.6153846153846154 1.0
0 1 34.26465792907022 0.03034186363220215 0.3156254291534424 0.47058823529411764 1.0
0 1 29.84498672911064 0.0363919734954834 0.3520174026489258 0.3636363636363636 1.0
0 1 25.99539253258091 0.05029892921447754 0.4023163318634033 0.3076923076923077 1.0
0 1 22.642343220204207 0.13744306564331055 0.5397593975067139 0.26666666666666666 1.0
0 1 19.721791308170232 0.19057512283325195 0.7303345203399658 0.27586206896551724 1.0
0 1 17.177950560167822 0.30864882469177246 1.0389833450317383 0.26666666666666666 1.0
0 1 14.962230399696251 0.24556517601013184 1.2845485210418701 0.24242424242424243 1.0
0 1 13.03230776858211 0.2100391387939453 1.4945876598358154 0.2222222222222222 1.0
0 1 11.351318703025308 0.21063232421875 1.7052199840545654 0.2222222222222222 1.0
0 1 9.887154185253786 0.16665005683898926 1.8718700408935547 0.21621621621621623 1.0
0 1 8.611846820663045 0.16604304313659668 2.0379130840301514 0.20512820512820512 1.0
0 1 7.501036625197576 0.1949167251586914 2.2328298091888428 0.19999999999999998 1.0
0 1 6.53350571883761 0.16329383850097656 2.3961236476898193 0.20512820512820512 1.0
0 1 5.69077303724795 0.21983790397644043 2.6159615516662598 0.18604651162790697 1.0
0 1 4.956741320068812 0.17127275466918945 2.787234306335449 0.1777777777777778 1.0
0 1 4.317389632878279 0.22856378555297852 3.0157980918884277 0.16666666666666666 1.0
0 1 3.7605055496069455 2.028036117553711 5.043834209442139 0.1702127659574468 1.0
0 1 3.2754518797500736 0.4104270935058594 5.454261302947998 0.1702127659574468 1.0
0 1 2.8529634845718124 0.22763323783874512 5.681894540786743 0.16666666666666666 1.0
0 1 2.4849703012340436 0.18434929847717285 5.866243839263916 0.163265306122449 1.0
0 1 2.1644431943866964 0.310849666595459 6.177093505859375 0.163265306122449 1.0
0 1 1.8852596907900219 0.17402911186218262 6.351122617721558 0.163265306122449 1.0
0 1 1.6420870323301746 0.15877676010131836 6.509899377822876 0.163265306122449 1.0
0 1 1.4302803135927475 0.1496121883392334 6.659511566162109 0.163265306122449 1.0
0 1 1.2457937582930971 0.1393740177154541 6.7988855838775635 0.163265306122449 1.0
0 1 1.0851034398309916 0.5219650268554688 7.320850610733032 0.1568627450980392 1.0
0 1 0.945139969834425 0.4330928325653076 7.75394344329834 0.1568627450980392 1.0
0 1 0.823229868958621 0.5647010803222656 8.318644523620605 0.1568627450980392 1.0
0 1 0.7170445000483404 0.9902400970458984 9.308884620666504 0.15384615384615383 1.0
0 1 0.624555588222246 1.0077872276306152 10.31667184829712 0.1509433962264151 1.0
0 1 0.5439964782567033 0.7242159843444824 11.040887832641602 0.1509433962264151 1.0
0 1 0.4738283892360109 0.6581439971923828 11.699031829833984 0.1509433962264151 1.0
0 1 0.4127110218901976 0.650383710861206 12.34941554069519 0.1481481481481481 1.0
0 1 0.3594769571833539 0.6157009601593018 12.965116500854492 0.1481481481481481 1.0
0 0.1 130.20161032759302 0.0012059211730957031 12.966322422027588 0.0 1.0
0 0.1 113.40738729625762 0.0012478828430175781 12.967570304870605 0.0 1.0
0 0.1 98.77938883400856 0.0011599063873291016 12.968730211257935 0.0 1.0
0 0.1 86.03820166433057 0.0012161731719970703 12.969946384429932 0.0 1.0
0 0.1 74.9404529934022 0.0012011528015136719 12.971147537231445 0.0 1.0
0 0.1 65.27416178184274 0.0012018680572509766 12.972349405288696 0.0 1.0
0 0.1 56.854689638682785 0.0011858940124511719 12.973535299301147 0.0 1.0
0 0.1 49.52121399451067 0.0011539459228515625 12.974689245223999 0.0 1.0
0 0.1 43.13365618693992 0.001146078109741211 12.97583532333374 0.0 1.0
0 0.1 37.570005780944214 0.0012028217315673828 12.977038145065308 0.0 1.0
0 0.1 32.7239900151928 0.0012450218200683594 12.978283166885376 0.0 1.0
0 0.1 28.503043857863506 0.001155853271484375 12.97943902015686 0.0 1.0
0 0.1 24.826541897430772 0.01795220375061035 12.99739122390747 0.5714285714285715 1.0
0 0.1 21.624258295306348 0.007551908493041992 13.004943132400513 0.5714285714285715 1.0
0 0.1 18.835025383479486 0.006303071975708008 13.01124620437622 0.5714285714285715 1.0
0 0.1 16.405565284674683 0.006242990493774414 13.017489194869995 0.5714285714285715 1.0
0 0.1 14.289472237493916 0.006119966506958008 13.023609161376953 0.5714285714285715 1.0
0 0.1 12.446326187665905 0.006337165832519531 13.029946327209473 0.5714285714285715 1.0
0 0.1 10.840920713874212 0.01354074478149414 13.043487071990967 0.7499999999999999 1.0
0 0.1 9.44259054057033 0.0074920654296875 13.050979137420654 0.7499999999999999 1.0
0 0.1 8.224625792416147 0.006356954574584961 13.05733609199524 0.7499999999999999 1.0
0 0.1 7.163761801874259 0.006222963333129883 13.06355905532837 0.7499999999999999 1.0
0 0.1 6.239734724625884 0.006047964096069336 13.069607019424438 0.7499999999999999 1.0
0 0.1 5.43489447450858 0.03714585304260254 13.106752872467041 0.7272727272727272 1.0
0 0.1 4.733867584541418 0.0144500732421875 13.121202945709229 0.7272727272727272 1.0
0 0.1 4.123263554256632 0.013717889785766602 13.134920835494995 0.7272727272727272 1.0
0 0.1 3.591419074200402 0.06929707527160645 13.204217910766602 0.5714285714285714 1.0
0 0.1 3.128175241967003 0.15477204322814941 13.358989953994751 0.4444444444444444 1.0
0 0.1 2.7246835143108377 0.06435012817382812 13.423340082168579 0.4210526315789473 1.0
0 0.1 2.373236688776134 0.09618306159973145 13.51952314376831 0.38095238095238093 1.0
0 0.1 2.0671216863796724 0.5706870555877686 14.090210199356079 0.3333333333333333 1.0
0 0.1 1.8004913233094775 0.6208257675170898 14.711035966873169 0.32000000000000006 1.0
0 0.1 1.5682526223167341 0.7038009166717529 15.414836883544922 0.2857142857142857 1.0
0 0.1 1.3659695304072161 0.4799518585205078 15.89478874206543 0.27586206896551724 1.0
0 0.1 1.1897781846170337 0.4060828685760498 16.30087161064148 0.25806451612903225 1.0
0 0.1 1.036313107341863 0.11202478408813477 16.412896394729614 0.25806451612903225 1.0
0 0.1 0.9026429214570189 0.2580747604370117 16.670971155166626 0.24242424242424243 1.0
0 0.1 0.786214357305898 0.25138211250305176 16.922353267669678 0.2352941176470588 1.0
0 0.1 0.6848034820193963 0.08228278160095215 17.00463604927063 0.2352941176470588 1.0
0 0.1 0.5964732195846044 0.738893985748291 17.74353003501892 0.2285714285714286 1.0
0 0.1 0.5195363502423698 0.7762110233306885 18.51974105834961 0.2222222222222222 1.0
0 0.1 0.4525232824553942 2.865596055984497 21.385337114334106 0.19999999999999998 1.0
0 0.1 0.3941539818506903 0.45351672172546387 21.83885383605957 0.19999999999999998 1.0
0 0.1 0.34331352094368267 0.6452841758728027 22.484138011932373 0.19512195121951217 1.0
0 0.1 0.2990307826127625 0.8114712238311768 23.29560923576355 0.19047619047619047 1.0
0 0.1 0.2604599105337001 1.307837963104248 24.603447198867798 0.18181818181818182 1.0
0 0.1 0.22686415225376097 0.45899415016174316 25.06244134902954 0.18181818181818182 1.0
0 0.1 0.19760178628779224 0.21429705619812012 25.27673840522766 0.18181818181818182 1.0
0 0.1 0.17211386442601356 0.14225316047668457 25.418991565704346 0.18181818181818182 1.0
0 0.1 0.14991353511608546 2.5379838943481445 27.95697546005249 0.1739130434782609 1.0
0 0.01 28.211963230963963 0.0012059211730957031 27.958181381225586 0.0 1.0
0 0.01 24.573006681497752 0.0011661052703857422 27.95934748649597 0.0 1.0
0 0.01 21.403425646968028 0.0011682510375976562 27.96051573753357 0.0 1.0
0 0.01 18.642677119777133 0.0012159347534179688 27.961731672286987 0.0 1.0
0 0.01 16.238027310431736 0.0012447834014892578 27.962976455688477 0.0 1.0
0 0.01 14.143544365449966 0.0011529922485351562 27.96412944793701 0.0 1.0
0 0.01 12.319221010851523 0.001241922378540039 27.96537137031555 0.0 1.0
0 0.01 10.730210362611421 0.0011780261993408203 27.966549396514893 0.0 1.0
0 0.01 9.346160307090315 0.001249074935913086 27.967798471450806 0.0 1.0
0 0.01 8.140633737265514 0.0011529922485351562 27.96895146369934 0.0 1.0
0 0.01 7.090603570541246 0.0011410713195800781 27.97009253501892 0.0 1.0
0 0.01 6.176012902339531 0.001149892807006836 27.971242427825928 0.0 1.0
0 0.01 5.379391893848717 0.001194000244140625 27.97243642807007 0.0 1.0
0 0.01 4.685524076001097 0.0011491775512695312 27.973585605621338 0.0 1.0
0 0.01 4.081155695663349 0.0011432170867919922 27.97472882270813 0.0 1.0
0 0.01 3.554742552184356 0.0011429786682128906 27.975871801376343 0.0 1.0
0 0.01 3.09622948855821 0.0011668205261230469 27.977038621902466 0.0 1.0
0 0.01 2.6968583252045994 0.0011358261108398438 27.978174448013306 0.0 1.0
0 0.01 2.349000567658869 0.01212000846862793 27.990294456481934 0.5714285714285715 1.0
0 0.01 2.046011692676912 0.003671884536743164 27.993966341018677 0.5714285714285715 1.0
0 0.01 1.7821042294352372 0.0037741661071777344 27.997740507125854 0.5714285714285715 1.0
0 0.01 1.5522372115164986 0.003665924072265625 28.00140643119812 0.5714285714285715 1.0
0 0.01 1.3520198880735976 0.0037376880645751953 28.005144119262695 0.5714285714285715 1.0
0 0.01 1.1776278549337647 0.004092216491699219 28.009236335754395 0.5714285714285715 1.0
0 0.01 1.0257300036406054 0.012439727783203125 28.021676063537598 0.7499999999999999 1.0
0 0.01 0.8934248930683893 0.003771066665649414 28.025447130203247 0.7499999999999999 1.0
0 0.01 0.7781853282259436 0.002713918685913086 28.02816104888916 0.7499999999999999 1.0
0 0.01 0.6778100876351608 0.0024700164794921875 28.030631065368652 0.7499999999999999 1.0
0 0.01 0.590381877216004 0.002568960189819336 28.03320002555847 0.7499999999999999 1.0
0 0.01 0.5142307075440048 0.02006816864013672 28.05326819419861 0.7272727272727272 1.0
0 0.01 0.44790199493955546 0.004168987274169922 28.05743718147278 0.7272727272727272 1.0
0 0.01 0.39012877707943217 0.04835796356201172 28.10579514503479 0.5000000000000001 1.0
0 0.01 0.33980751241358653 0.0550839900970459 28.160879135131836 0.4 1.0
0 0.01 0.2959770011254507 0.014934062957763672 28.1758131980896 0.4 1.0
0 0.01 0.2578000249994245 0.014533758163452148 28.19034695625305 0.4 1.0
0 0.01 0.22454735549379537 0.07576489448547363 28.266111850738525 0.3076923076923077 1.0
0 0.01 0.19558382455304058 0.01738595962524414 28.28349781036377 0.3076923076923077 1.0
0 0.01 0.1703561920944177 0.19078421592712402 28.474282026290894 0.26666666666666666 1.0
0 0.01 0.14838257842248037 0.07440495491027832 28.548686981201172 0.25806451612903225 1.0
0 0.01 0.12924325971726744 0.024935007095336914 28.57362198829651 0.25806451612903225 1.0
0 0.01 0.1125726507783501 0.07422399520874023 28.64784598350525 0.25 1.0
0 0.01 0.09805232188500161 0.07532596588134766 28.723171949386597 0.24242424242424243 1.0
0 0.01 0.08540491638568569 0.09810519218444824 28.821277141571045 0.2352941176470588 1.0
0 0.01 0.07438885283512764 0.02606201171875 28.847339153289795 0.2352941176470588 1.0
0 0.01 0.06479371048308594 0.09242391586303711 28.939763069152832 0.2285714285714286 1.0
0 0.01 0.056436209971818335 0.25063395500183105 29.190397024154663 0.21621621621621623 1.0
0 0.01 0.049156712468482675 0.05042386054992676 29.24082088470459 0.21621621621621623 1.0
0 0.01 0.0428161703614703 0.22155308723449707 29.462373971939087 0.20512820512820512 1.0
0 0.01 0.03729347127511503 0.04871010780334473 29.51108407974243 0.20512820512820512 1.0
0 0.01 0.032483124670098805 0.0442960262298584 29.55538010597229 0.20512820512820512 1.0
