[216.40736058 188.4937774  164.18066384 143.00360867 124.55810333
 108.49181534  94.49785828  82.30892987  71.69220614  62.44489425
  54.39035884  47.37474809  41.26405496  35.94155748  31.30558923
  27.26759733  23.75045104  20.68696841  18.01863304  15.69447636
  13.67010404  11.906848    10.37102782   9.03330739   7.86813455
   6.85325305   5.96927734   5.19932239   4.52868107   3.94454329
   3.43575127   2.99258645   2.60658382   2.27037024   1.9775236
   1.72245016   1.5002777    1.30676244   1.138208     0.99139477
   0.86351843   0.75213639   0.65512111   0.57061946   0.49701737
   0.43290895   0.37706963   0.32843281   0.28606948   0.24917044]0 1 312.2098259152708 0.0011761188507080078 0.0011761188507080078 0.0 1.0
0 1 271.93903789811014 0.0012049674987792969 0.0023810863494873047 0.0 1.0
0 1 236.8626295349813 0.0334467887878418 0.0358278751373291 0.33333333333333337 1.0
0 1 206.31059705097118 0.024582862854003906 0.06041073799133301 0.5714285714285715 1.0
0 1 179.69935797424765 0.015562057495117188 0.0759727954864502 0.5714285714285715 1.0
0 1 156.52060397255676 0.012856721878051758 0.08882951736450195 0.5714285714285715 1.0
0 1 136.33159152101595 0.010290145874023438 0.09911966323852539 0.5714285714285715 1.0
0 1 118.74668494067365 0.028873920440673828 0.12799358367919922 0.7499999999999999 1.0
0 1 103.42999026917344 0.017894268035888672 0.1458878517150879 0.7499999999999999 1.0
0 1 90.08893926113359 0.012942075729370117 0.158829927444458 0.7499999999999999 1.0
0 1 78.46870096453189 0.011952877044677734 0.17078280448913574 0.7499999999999999 1.0
0 1 68.34731412713553 0.009582996368408203 0.18036580085754395 0.7499999999999999 1.0
0 1 59.53144745577994 0.009843826293945312 0.19020962715148926 0.6666666666666665 1.0
0 1 51.85270674408604 0.014713764190673828 0.20492339134216309 0.7272727272727272 1.0
0 1 45.16441833008278 0.013569116592407227 0.2184925079345703 0.7272727272727272 1.0
0 1 39.33882744370648 0.014590978622436523 0.23308348655700684 0.6153846153846154 1.0
0 1 34.26465792907022 0.02327895164489746 0.2563624382019043 0.47058823529411764 1.0
0 1 29.84498672911064 0.02835702896118164 0.28471946716308594 0.3636363636363636 1.0
0 1 25.99539253258091 0.04050087928771973 0.32522034645080566 0.3076923076923077 1.0
0 1 22.642343220204207 0.10936498641967773 0.4345853328704834 0.26666666666666666 1.0
0 1 19.721791308170232 0.12582802772521973 0.5604133605957031 0.27586206896551724 1.0
0 1 17.177950560167822 0.26413607597351074 0.8245494365692139 0.26666666666666666 1.0
0 1 14.962230399696251 0.19483494758605957 1.0193843841552734 0.24242424242424243 1.0
0 1 13.03230776858211 331.20454502105713 332.2239294052124 0.2222222222222222 1.0
0 1 11.351318703025308 0.18921780586242676 332.41314721107483 0.2222222222222222 1.0
0 1 9.887154185253786 0.1613168716430664 332.5744640827179 0.21621621621621623 1.0
0 1 8.611846820663045 0.14570903778076172 332.72017312049866 0.20512820512820512 1.0
0 1 7.501036625197576 0.16552281379699707 332.88569593429565 0.19999999999999998 1.0
0 1 6.53350571883761 0.13928604125976562 333.0249819755554 0.20512820512820512 1.0
0 1 5.69077303724795 0.1859440803527832 333.2109260559082 0.18604651162790697 1.0
0 1 4.956741320068812 0.15154004096984863 333.36246609687805 0.1777777777777778 1.0
0 1 4.317389632878279 0.2064049243927002 333.56887102127075 0.1702127659574468 1.0
0 1 3.7605055496069455 1.8846001625061035 335.45347118377686 0.1702127659574468 1.0
0 1 3.2754518797500736 0.3686549663543701 335.8221261501312 0.1702127659574468 1.0
0 1 2.8529634845718124 0.1762218475341797 335.9983479976654 0.16666666666666666 1.0
0 1 2.4849703012340436 0.14565205574035645 336.14400005340576 0.163265306122449 1.0
0 1 2.1644431943866964 0.24631190299987793 336.39031195640564 0.163265306122449 1.0
0 1 1.8852596907900219 0.1382148265838623 336.5285267829895 0.163265306122449 1.0
0 1 1.6420870323301746 0.12166929244995117 336.65019607543945 0.163265306122449 1.0
0 1 1.4302803135927475 0.11437702178955078 336.764573097229 0.163265306122449 1.0
0 1 1.2457937582930971 0.11095881462097168 336.87553191185 0.163265306122449 1.0
0 1 1.0851034398309916 0.386716365814209 337.2622482776642 0.1568627450980392 1.0
0 1 0.945139969834425 0.3740499019622803 337.63629817962646 0.1568627450980392 1.0
0 1 0.823229868958621 0.4836759567260742 338.11997413635254 0.1568627450980392 1.0
0 1 0.7170445000483404 0.8090639114379883 338.9290380477905 0.15384615384615383 1.0
0 1 0.624555588222246 660.9385600090027 999.8675980567932 0.1509433962264151 1.0
0 1 0.5439964782567033 0.5226209163665771 1000.3902189731598 0.1509433962264151 1.0
0 1 0.4738283892360109 0.4448869228363037 1000.8351058959961 0.1509433962264151 1.0
0 1 0.4127110218901976 0.4399838447570801 1001.2750897407532 0.1481481481481481 1.0
0 1 0.3594769571833539 0.45142674446105957 1001.7265164852142 0.1481481481481481 1.0
0 0.1 130.20161032759302 0.0011959075927734375 1001.727712392807 0.0 1.0
0 0.1 113.40738729625762 0.0011572837829589844 1001.72886967659 0.0 1.0
0 0.1 98.77938883400856 0.0011551380157470703 1001.7300248146057 0.0 1.0
0 0.1 86.03820166433057 0.00116729736328125 1001.731192111969 0.0 1.0
0 0.1 74.9404529934022 0.0011491775512695312 1001.7323412895203 0.0 1.0
0 0.1 65.27416178184274 0.0011470317840576172 1001.7334883213043 0.0 1.0
0 0.1 56.854689638682785 0.0011899471282958984 1001.7346782684326 0.0 1.0
0 0.1 49.52121399451067 0.0011630058288574219 1001.7358412742615 0.0 1.0
0 0.1 43.13365618693992 0.0011589527130126953 1001.7370002269745 0.0 1.0
0 0.1 37.570005780944214 0.0011518001556396484 1001.7381520271301 0.0 1.0
0 0.1 32.7239900151928 0.0011539459228515625 1001.739305973053 0.0 1.0
0 0.1 28.503043857863506 0.00115203857421875 1001.7404580116272 0.0 1.0
0 0.1 24.826541897430772 0.014809131622314453 1001.7552671432495 0.5714285714285715 1.0
0 0.1 21.624258295306348 0.0050029754638671875 1001.7602701187134 0.5714285714285715 1.0
0 0.1 18.835025383479486 0.005009174346923828 1001.7652792930603 0.5714285714285715 1.0
0 0.1 16.405565284674683 0.004909038543701172 1001.770188331604 0.5714285714285715 1.0
0 0.1 14.289472237493916 0.005418062210083008 1001.7756063938141 0.5714285714285715 1.0
0 0.1 12.446326187665905 0.004047870635986328 1001.7796542644501 0.5714285714285715 1.0
0 0.1 10.840920713874212 0.01205301284790039 1001.791707277298 0.7499999999999999 1.0
0 0.1 9.44259054057033 0.0060846805572509766 1001.7977919578552 0.7499999999999999 1.0
0 0.1 8.224625792416147 0.004988908767700195 1001.8027808666229 0.7499999999999999 1.0
0 0.1 7.163761801874259 0.004908084869384766 1001.8076889514923 0.7499999999999999 1.0
0 0.1 6.239734724625884 0.004903078079223633 1001.8125920295715 0.7499999999999999 1.0
0 0.1 5.43489447450858 0.032903194427490234 1001.845495223999 0.7272727272727272 1.0
0 0.1 4.733867584541418 0.011877059936523438 1001.8573722839355 0.7272727272727272 1.0
0 0.1 4.123263554256632 0.011207103729248047 1001.8685793876648 0.7272727272727272 1.0
0 0.1 3.591419074200402 0.062255859375 1001.9308352470398 0.5714285714285714 1.0
0 0.1 3.128175241967003 0.14822793006896973 1002.0790631771088 0.4444444444444444 1.0
0 0.1 2.7246835143108377 0.057665109634399414 1002.1367282867432 0.4210526315789473 1.0
0 0.1 2.373236688776134 0.08985185623168945 1002.2265801429749 0.38095238095238093 1.0
0 0.1 2.0671216863796724 0.435701847076416 1002.6622819900513 0.3333333333333333 1.0
0 0.1 1.8004913233094775 0.5541486740112305 1003.2164306640625 0.32000000000000006 1.0
0 0.1 1.5682526223167341 0.5939598083496094 1003.8103904724121 0.2857142857142857 1.0
0 0.1 1.3659695304072161 0.45194315910339355 1004.2623336315155 0.27586206896551724 1.0
0 0.1 1.1897781846170337 0.31180620193481445 1004.5741398334503 0.25806451612903225 1.0
0 0.1 1.036313107341863 0.09626293182373047 1004.670402765274 0.25806451612903225 1.0
0 0.1 0.9026429214570189 0.21652507781982422 1004.8869278430939 0.24242424242424243 1.0
0 0.1 0.786214357305898 0.21437287330627441 1005.1013007164001 0.2352941176470588 1.0
0 0.1 0.6848034820193963 0.07001781463623047 1005.1713185310364 0.2352941176470588 1.0
0 0.1 0.5964732195846044 0.7108709812164307 1005.8821895122528 0.2285714285714286 1.0
0 0.1 0.5195363502423698 517.9194707870483 1523.8016602993011 0.2222222222222222 1.0
0 0.1 0.4525232824553942 2.9038431644439697 1526.7055034637451 0.19999999999999998 1.0
0 0.1 0.3941539818506903 0.3823518753051758 1527.0878553390503 0.19999999999999998 1.0
0 0.1 0.34331352094368267 0.5960350036621094 1527.6838903427124 0.19512195121951217 1.0
0 0.1 0.2990307826127625 0.8304779529571533 1528.5143682956696 0.19047619047619047 1.0
0 0.1 0.2604599105337001 1.0469191074371338 1529.5612874031067 0.18181818181818182 1.0
0 0.1 0.22686415225376097 0.40610480308532715 1529.967392206192 0.18181818181818182 1.0
0 0.1 0.19760178628779224 0.1704270839691162 1530.1378192901611 0.18181818181818182 1.0
0 0.1 0.17211386442601356 0.13112497329711914 1530.2689442634583 0.18181818181818182 1.0
0 0.1 0.14991353511608546 2.242927312850952 1532.5118715763092 0.1739130434782609 1.0
0 0.01 28.211963230963963 0.001194000244140625 1532.5130655765533 0.0 1.0
0 0.01 24.573006681497752 0.0011782646179199219 1532.5142438411713 0.0 1.0
0 0.01 21.403425646968028 0.0011551380157470703 1532.515398979187 0.0 1.0
0 0.01 18.642677119777133 0.0012199878692626953 1532.5166189670563 0.0 1.0
0 0.01 16.238027310431736 0.0012400150299072266 1532.5178589820862 0.0 1.0
0 0.01 14.143544365449966 0.0011699199676513672 1532.5190289020538 0.0 1.0
0 0.01 12.319221010851523 0.001153707504272461 1532.520182609558 0.0 1.0
0 0.01 10.730210362611421 0.0011501312255859375 1532.5213327407837 0.0 1.0
0 0.01 9.346160307090315 0.0011823177337646484 1532.5225150585175 0.0 1.0
0 0.01 8.140633737265514 0.0013420581817626953 1532.5238571166992 0.0 1.0
0 0.01 7.090603570541246 0.001425027847290039 1532.5252821445465 0.0 1.0
0 0.01 6.176012902339531 0.0012061595916748047 1532.5264883041382 0.0 1.0
0 0.01 5.379391893848717 0.0011420249938964844 1532.527630329132 0.0 1.0
0 0.01 4.685524076001097 0.0011661052703857422 1532.5287964344025 0.0 1.0
0 0.01 4.081155695663349 0.0011980533599853516 1532.5299944877625 0.0 1.0
0 0.01 3.554742552184356 0.0013020038604736328 1532.531296491623 0.0 1.0
0 0.01 3.09622948855821 0.001233816146850586 1532.5325303077698 0.0 1.0
0 0.01 2.6968583252045994 0.0012359619140625 1532.5337662696838 0.0 1.0
0 0.01 2.349000567658869 0.011303186416625977 1532.5450694561005 0.5714285714285715 1.0
0 0.01 2.046011692676912 0.0025053024291992188 1532.5475747585297 0.5714285714285715 1.0
0 0.01 1.7821042294352372 0.0026769638061523438 1532.5502517223358 0.5714285714285715 1.0
0 0.01 1.5522372115164986 0.0024912357330322266 1532.5527429580688 0.5714285714285715 1.0
0 0.01 1.3520198880735976 0.002524137496948242 1532.5552670955658 0.5714285714285715 1.0
0 0.01 1.1776278549337647 0.0027420520782470703 1532.558009147644 0.5714285714285715 1.0
0 0.01 1.0257300036406054 0.010982751846313477 1532.5689918994904 0.7499999999999999 1.0
0 0.01 0.8934248930683893 0.0025641918182373047 1532.5715560913086 0.7499999999999999 1.0
0 0.01 0.7781853282259436 0.002474069595336914 1532.574030160904 0.7499999999999999 1.0
0 0.01 0.6778100876351608 0.0025320053100585938 1532.576562166214 0.7499999999999999 1.0
0 0.01 0.590381877216004 0.0025339126586914062 1532.5790960788727 0.7499999999999999 1.0
0 0.01 0.5142307075440048 0.019994020462036133 1532.5990900993347 0.7272727272727272 1.0
0 0.01 0.44790199493955546 0.004335880279541016 1532.6034259796143 0.7272727272727272 1.0
0 0.01 0.39012877707943217 0.04719829559326172 1532.6506242752075 0.5000000000000001 1.0
0 0.01 0.33980751241358653 0.0543208122253418 1532.7049450874329 0.4 1.0
0 0.01 0.2959770011254507 0.012779951095581055 1532.7177250385284 0.4 1.0
0 0.01 0.2578000249994245 0.012801885604858398 1532.7305269241333 0.4 1.0
0 0.01 0.22454735549379537 0.07653594017028809 1532.8070628643036 0.3076923076923077 1.0
0 0.01 0.19558382455304058 0.01687908172607422 1532.8239419460297 0.3076923076923077 1.0
0 0.01 0.1703561920944177 0.1924750804901123 1533.0164170265198 0.26666666666666666 1.0
0 0.01 0.14838257842248037 0.07380390167236328 1533.0902209281921 0.25806451612903225 1.0
0 0.01 0.12924325971726744 0.025238990783691406 1533.1154599189758 0.25806451612903225 1.0
0 0.01 0.1125726507783501 0.07361412048339844 1533.1890740394592 0.25 1.0
0 0.01 0.09805232188500161 0.07792901992797852 1533.2670030593872 0.24242424242424243 1.0
0 0.01 0.08540491638568569 0.09970688819885254 1533.366709947586 0.2352941176470588 1.0
0 0.01 0.07438885283512764 0.026830196380615234 1533.3935401439667 0.2352941176470588 1.0
0 0.01 0.06479371048308594 0.09365987777709961 1533.4872000217438 0.2285714285714286 1.0
0 0.01 0.056436209971818335 0.24749326705932617 1533.734693288803 0.21621621621621623 1.0
0 0.01 0.049156712468482675 0.045104026794433594 1533.7797973155975 0.21621621621621623 1.0
0 0.01 0.0428161703614703 0.21822738647460938 1533.9980247020721 0.20512820512820512 1.0
0 0.01 0.03729347127511503 0.04421687126159668 1534.0422415733337 0.20512820512820512 1.0
0 0.01 0.032483124670098805 0.04170107841491699 1534.0839426517487 0.20512820512820512 1.0
