[216.40736058 188.4937774  164.18066384 143.00360867 124.55810333
 108.49181534  94.49785828  82.30892987  71.69220614  62.44489425
  54.39035884  47.37474809  41.26405496  35.94155748  31.30558923
  27.26759733  23.75045104  20.68696841  18.01863304  15.69447636
  13.67010404  11.906848    10.37102782   9.03330739   7.86813455
   6.85325305   5.96927734   5.19932239   4.52868107   3.94454329
   3.43575127   2.99258645   2.60658382   2.27037024   1.9775236
   1.72245016   1.5002777    1.30676244   1.138208     0.99139477
   0.86351843   0.75213639   0.65512111   0.57061946   0.49701737
   0.43290895   0.37706963   0.32843281   0.28606948   0.24917044]0 1 312.2098259152708 0.0012478828430175781 0.0012478828430175781 0.0 1.0
0 1 271.93903789811014 0.0011708736419677734 0.0024187564849853516 0.0 1.0
0 1 236.8626295349813 0.02747321128845215 0.0298919677734375 0.33333333333333337 1.0
0 1 206.31059705097118 0.022178173065185547 0.05207014083862305 0.5714285714285715 1.0
0 1 179.69935797424765 0.012202024459838867 0.06427216529846191 0.5714285714285715 1.0
0 1 156.52060397255676 0.009328126907348633 0.07360029220581055 0.5714285714285715 1.0
0 1 136.33159152101595 0.008363962173461914 0.08196425437927246 0.5714285714285715 1.0
0 1 118.74668494067365 0.024219036102294922 0.10618329048156738 0.7499999999999999 1.0
0 1 103.42999026917344 0.014876842498779297 0.12106013298034668 0.7499999999999999 1.0
0 1 90.08893926113359 0.01104593276977539 0.13210606575012207 0.7499999999999999 1.0
0 1 78.46870096453189 0.009886980056762695 0.14199304580688477 0.7499999999999999 1.0
0 1 68.34731412713553 0.008780956268310547 0.1507740020751953 0.7499999999999999 1.0
0 1 59.53144745577994 0.00923609733581543 0.16001009941101074 0.6666666666666665 1.0
0 1 51.85270674408604 0.012833118438720703 0.17284321784973145 0.7272727272727272 1.0
0 1 45.16441833008278 0.012755870819091797 0.18559908866882324 0.7272727272727272 1.0
0 1 39.33882744370648 0.012487173080444336 0.19808626174926758 0.6153846153846154 1.0
0 1 34.26465792907022 0.01958489418029785 0.21767115592956543 0.47058823529411764 1.0
0 1 29.84498672911064 0.025976896286010742 0.24364805221557617 0.3636363636363636 1.0
0 1 25.99539253258091 0.03207993507385254 0.2757279872894287 0.3076923076923077 1.0
0 1 22.642343220204207 0.09229612350463867 0.3680241107940674 0.26666666666666666 1.0
0 1 19.721791308170232 0.1035301685333252 0.4715542793273926 0.27586206896551724 1.0
0 1 17.177950560167822 0.24629712104797363 0.7178514003753662 0.26666666666666666 1.0
0 1 14.962230399696251 0.1687321662902832 0.8865835666656494 0.24242424242424243 1.0
0 1 13.03230776858211 0.1765611171722412 1.0631446838378906 0.2222222222222222 1.0
0 1 11.351318703025308 0.15562915802001953 1.2187738418579102 0.2222222222222222 1.0
0 1 9.887154185253786 0.12288808822631836 1.3416619300842285 0.21621621621621623 1.0
0 1 8.611846820663045 0.12304806709289551 1.464709997177124 0.20512820512820512 1.0
0 1 7.501036625197576 0.13945484161376953 1.6041648387908936 0.19999999999999998 1.0
0 1 6.53350571883761 0.12024521827697754 1.724410057067871 0.20512820512820512 1.0
0 1 5.69077303724795 0.1688098907470703 1.8932199478149414 0.18604651162790697 1.0
0 1 4.956741320068812 0.12020468711853027 2.0134246349334717 0.1777777777777778 1.0
0 1 4.317389632878279 0.1649479866027832 2.178372621536255 0.1702127659574468 1.0
0 1 3.7605055496069455 1.6406490802764893 3.819021701812744 0.1702127659574468 1.0
0 1 3.2754518797500736 0.33614206314086914 4.155163764953613 0.1702127659574468 1.0
0 1 2.8529634845718124 0.12927508354187012 4.284438848495483 0.16666666666666666 1.0
0 1 2.4849703012340436 0.1288011074066162 4.4132399559021 0.163265306122449 1.0
0 1 2.1644431943866964 0.22608089447021484 4.6393208503723145 0.163265306122449 1.0
0 1 1.8852596907900219 0.0940847396850586 4.733405590057373 0.163265306122449 1.0
0 1 1.6420870323301746 0.09234905242919922 4.825754642486572 0.163265306122449 1.0
0 1 1.4302803135927475 0.09390783309936523 4.9196624755859375 0.163265306122449 1.0
0 1 1.2457937582930971 0.09288382530212402 5.0125463008880615 0.163265306122449 1.0
0 1 1.0851034398309916 0.2270052433013916 5.239551544189453 0.1568627450980392 1.0
0 1 0.945139969834425 0.22087907791137695 5.46043062210083 0.1568627450980392 1.0
0 1 0.823229868958621 0.36989879608154297 5.830329418182373 0.1568627450980392 1.0
0 1 0.7170445000483404 0.6651501655578613 6.495479583740234 0.15384615384615383 1.0
0 1 0.624555588222246 0.4452791213989258 6.94075870513916 0.1509433962264151 1.0
0 1 0.5439964782567033 0.3014841079711914 7.242242813110352 0.1509433962264151 1.0
0 1 0.4738283892360109 0.2249588966369629 7.4672017097473145 0.1509433962264151 1.0
0 1 0.4127110218901976 0.22201180458068848 7.689213514328003 0.1481481481481481 1.0
0 1 0.3594769571833539 0.22366905212402344 7.912882566452026 0.1481481481481481 1.0
0 0.1 130.20161032759302 0.0011661052703857422 7.914048671722412 0.0 1.0
0 0.1 113.40738729625762 0.0011658668518066406 7.915214538574219 0.0 1.0
0 0.1 98.77938883400856 0.0011601448059082031 7.916374683380127 0.0 1.0
0 0.1 86.03820166433057 0.001252889633178711 7.917627573013306 0.0 1.0
0 0.1 74.9404529934022 0.001275777816772461 7.918903350830078 0.0 1.0
0 0.1 65.27416178184274 0.0011658668518066406 7.920069217681885 0.0 1.0
0 0.1 56.854689638682785 0.0011677742004394531 7.921236991882324 0.0 1.0
0 0.1 49.52121399451067 0.0011587142944335938 7.922395706176758 0.0 1.0
0 0.1 43.13365618693992 0.00115203857421875 7.923547744750977 0.0 1.0
0 0.1 37.570005780944214 0.0011932849884033203 7.92474102973938 0.0 1.0
0 0.1 32.7239900151928 0.001171112060546875 7.925912141799927 0.0 1.0
0 0.1 28.503043857863506 0.001180887222290039 7.927093029022217 0.0 1.0
0 0.1 24.826541897430772 0.014167070388793945 7.941260099411011 0.5714285714285715 1.0
0 0.1 21.624258295306348 0.0040700435638427734 7.9453301429748535 0.5714285714285715 1.0
0 0.1 18.835025383479486 0.003983259201049805 7.949313402175903 0.5714285714285715 1.0
0 0.1 16.405565284674683 0.0038101673126220703 7.953123569488525 0.5714285714285715 1.0
0 0.1 14.289472237493916 0.0040209293365478516 7.957144498825073 0.5714285714285715 1.0
0 0.1 12.446326187665905 0.00404810905456543 7.961192607879639 0.5714285714285715 1.0
0 0.1 10.840920713874212 0.011438131332397461 7.972630739212036 0.7499999999999999 1.0
0 0.1 9.44259054057033 0.005203962326049805 7.977834701538086 0.7499999999999999 1.0
0 0.1 8.224625792416147 0.003911733627319336 7.981746435165405 0.7499999999999999 1.0
0 0.1 7.163761801874259 0.003928184509277344 7.985674619674683 0.7499999999999999 1.0
0 0.1 6.239734724625884 0.00391077995300293 7.9895853996276855 0.7499999999999999 1.0
0 0.1 5.43489447450858 0.031241893768310547 8.020827293395996 0.7272727272727272 1.0
0 0.1 4.733867584541418 0.009627819061279297 8.030455112457275 0.7272727272727272 1.0
0 0.1 4.123263554256632 0.009160995483398438 8.039616107940674 0.7272727272727272 1.0
0 0.1 3.591419074200402 0.061106204986572266 8.100722312927246 0.5714285714285714 1.0
0 0.1 3.128175241967003 0.1454007625579834 8.24612307548523 0.4444444444444444 1.0
0 0.1 2.7246835143108377 0.05399298667907715 8.300116062164307 0.4210526315789473 1.0
0 0.1 2.373236688776134 0.08786892890930176 8.387984991073608 0.38095238095238093 1.0
0 0.1 2.0671216863796724 0.28113508224487305 8.669120073318481 0.3333333333333333 1.0
0 0.1 1.8004913233094775 0.5105080604553223 9.179628133773804 0.32000000000000006 1.0
0 0.1 1.5682526223167341 0.5593719482421875 9.739000082015991 0.2857142857142857 1.0
0 0.1 1.3659695304072161 0.43410372734069824 10.17310380935669 0.27586206896551724 1.0
0 0.1 1.1897781846170337 0.27135801315307617 10.444461822509766 0.25806451612903225 1.0
0 0.1 1.036313107341863 0.08262300491333008 10.527084827423096 0.25806451612903225 1.0
0 0.1 0.9026429214570189 0.17466187477111816 10.701746702194214 0.24242424242424243 1.0
0 0.1 0.786214357305898 0.20062899589538574 10.9023756980896 0.2352941176470588 1.0
0 0.1 0.6848034820193963 0.06377506256103516 10.966150760650635 0.2352941176470588 1.0
0 0.1 0.5964732195846044 0.6471068859100342 11.613257646560669 0.2285714285714286 1.0
0 0.1 0.5195363502423698 0.6400539875030518 12.25331163406372 0.2222222222222222 1.0
0 0.1 0.4525232824553942 2.3563480377197266 14.609659671783447 0.19999999999999998 1.0
0 0.1 0.3941539818506903 0.2982299327850342 14.907889604568481 0.19999999999999998 1.0
0 0.1 0.34331352094368267 0.4778461456298828 15.385735750198364 0.19512195121951217 1.0
0 0.1 0.2990307826127625 0.777468204498291 16.163203954696655 0.19047619047619047 1.0
0 0.1 0.2604599105337001 0.8228082656860352 16.98601222038269 0.18604651162790697 1.0
0 0.1 0.22686415225376097 0.2459239959716797 17.23193621635437 0.18181818181818182 1.0
0 0.1 0.19760178628779224 0.1332399845123291 17.3651762008667 0.18181818181818182 1.0
0 0.1 0.17211386442601356 0.11373710632324219 17.47891330718994 0.18181818181818182 1.0
0 0.1 0.14991353511608546 1.6516573429107666 19.130570650100708 0.1739130434782609 1.0
0 0.01 28.211963230963963 0.0011839866638183594 19.131754636764526 0.0 1.0
0 0.01 24.573006681497752 0.0011708736419677734 19.132925510406494 0.0 1.0
0 0.01 21.403425646968028 0.001157999038696289 19.13408350944519 0.0 1.0
0 0.01 18.642677119777133 0.001226186752319336 19.13530969619751 0.0 1.0
0 0.01 16.238027310431736 0.0011630058288574219 19.136472702026367 0.0 1.0
0 0.01 14.143544365449966 0.0011649131774902344 19.137637615203857 0.0 1.0
0 0.01 12.319221010851523 0.0012710094451904297 19.138908624649048 0.0 1.0
0 0.01 10.730210362611421 0.0011630058288574219 19.140071630477905 0.0 1.0
0 0.01 9.346160307090315 0.0011639595031738281 19.14123558998108 0.0 1.0
0 0.01 8.140633737265514 0.0011699199676513672 19.14240550994873 0.0 1.0
0 0.01 7.090603570541246 0.0011420249938964844 19.143547534942627 0.0 1.0
0 0.01 6.176012902339531 0.0011539459228515625 19.14470148086548 0.0 1.0
0 0.01 5.379391893848717 0.001363992691040039 19.14606547355652 0.0 1.0
0 0.01 4.685524076001097 0.0011761188507080078 19.147241592407227 0.0 1.0
0 0.01 4.081155695663349 0.001154184341430664 19.148395776748657 0.0 1.0
0 0.01 3.554742552184356 0.001219034194946289 19.149614810943604 0.0 1.0
0 0.01 3.09622948855821 0.0011899471282958984 19.1508047580719 0.0 1.0
0 0.01 2.6968583252045994 0.0011930465698242188 19.151997804641724 0.0 1.0
0 0.01 2.349000567658869 0.00942087173461914 19.161418676376343 0.5714285714285715 1.0
0 0.01 2.046011692676912 0.002811908721923828 19.164230585098267 0.5714285714285715 1.0
0 0.01 1.7821042294352372 0.002516031265258789 19.166746616363525 0.5714285714285715 1.0
0 0.01 1.5522372115164986 0.001306772232055664 19.16805338859558 0.5714285714285715 1.0
0 0.01 1.3520198880735976 0.001348733901977539 19.16940212249756 0.5714285714285715 1.0
0 0.01 1.1776278549337647 0.0014700889587402344 19.1708722114563 0.5714285714285715 1.0
0 0.01 1.0257300036406054 0.010779857635498047 19.181652069091797 0.7499999999999999 1.0
0 0.01 0.8934248930683893 0.002454042434692383 19.18410611152649 0.7499999999999999 1.0
0 0.01 0.7781853282259436 0.0024709701538085938 19.186577081680298 0.7499999999999999 1.0
0 0.01 0.6778100876351608 0.001316070556640625 19.18789315223694 0.7499999999999999 1.0
0 0.01 0.590381877216004 0.0015401840209960938 19.189433336257935 0.7499999999999999 1.0
0 0.01 0.5142307075440048 0.018991947174072266 19.208425283432007 0.7272727272727272 1.0
0 0.01 0.44790199493955546 0.0031113624572753906 19.211536645889282 0.7272727272727272 1.0
0 0.01 0.39012877707943217 0.0448300838470459 19.256366729736328 0.5000000000000001 1.0
0 0.01 0.33980751241358653 0.0513157844543457 19.307682514190674 0.4 1.0
0 0.01 0.2959770011254507 0.011763334274291992 19.319445848464966 0.4 1.0
0 0.01 0.2578000249994245 0.011072874069213867 19.33051872253418 0.4 1.0
0 0.01 0.22454735549379537 0.0756068229675293 19.40612554550171 0.3076923076923077 1.0
0 0.01 0.19558382455304058 0.015384912490844727 19.421510457992554 0.3076923076923077 1.0
0 0.01 0.1703561920944177 0.1860358715057373 19.60754632949829 0.26666666666666666 1.0
0 0.01 0.14838257842248037 0.07005810737609863 19.67760443687439 0.25806451612903225 1.0
0 0.01 0.12924325971726744 0.021553993225097656 19.699158430099487 0.25806451612903225 1.0
0 0.01 0.1125726507783501 0.06914687156677246 19.76830530166626 0.25 1.0
0 0.01 0.09805232188500161 0.07194209098815918 19.84024739265442 0.24242424242424243 1.0
0 0.01 0.08540491638568569 0.09299612045288086 19.9332435131073 0.2352941176470588 1.0
0 0.01 0.07438885283512764 0.022085905075073242 19.955329418182373 0.2352941176470588 1.0
0 0.01 0.06479371048308594 0.08719587326049805 20.04252529144287 0.2285714285714286 1.0
0 0.01 0.056436209971818335 0.23810195922851562 20.280627250671387 0.21621621621621623 1.0
0 0.01 0.049156712468482675 0.039888858795166016 20.320516109466553 0.21621621621621623 1.0
0 0.01 0.0428161703614703 0.20690417289733887 20.52742028236389 0.20512820512820512 1.0
0 0.01 0.03729347127511503 0.03912806510925293 20.566548347473145 0.20512820512820512 1.0
0 0.01 0.032483124670098805 0.03814077377319336 20.604689121246338 0.20512820512820512 1.0
