[216.40736058 188.4937774  164.18066384 143.00360867 124.55810333
 108.49181534  94.49785828  82.30892987  71.69220614  62.44489425
  54.39035884  47.37474809  41.26405496  35.94155748  31.30558923
  27.26759733  23.75045104  20.68696841  18.01863304  15.69447636
  13.67010404  11.906848    10.37102782   9.03330739   7.86813455
   6.85325305   5.96927734   5.19932239   4.52868107   3.94454329
   3.43575127   2.99258645   2.60658382   2.27037024   1.9775236
   1.72245016   1.5002777    1.30676244   1.138208     0.99139477
   0.86351843   0.75213639   0.65512111   0.57061946   0.49701737
   0.43290895   0.37706963   0.32843281   0.28606948   0.24917044]0 1 312.2098259152708 0.000640869140625 0.000640869140625 0.0 1.0
0 1 271.93903789811014 0.0006399154663085938 0.0012807846069335938 0.0 1.0
0 1 236.8626295349813 0.006053924560546875 0.007334709167480469 0.33333333333333337 1.0
0 1 206.31059705097118 0.007582902908325195 0.014917612075805664 0.5714285714285715 1.0
0 1 179.69935797424765 0.0038938522338867188 0.018811464309692383 0.5714285714285715 1.0
0 1 156.52060397255676 0.00302886962890625 0.021840333938598633 0.5714285714285715 1.0
0 1 136.33159152101595 0.003072977066040039 0.024913311004638672 0.5714285714285715 1.0
0 1 118.74668494067365 0.008522987365722656 0.03343629837036133 0.7499999999999999 1.0
0 1 103.42999026917344 0.005488157272338867 0.038924455642700195 0.7499999999999999 1.0
0 1 90.08893926113359 0.004319190979003906 0.0432436466217041 0.7499999999999999 1.0
0 1 78.46870096453189 0.0043582916259765625 0.047601938247680664 0.7499999999999999 1.0
0 1 68.34731412713553 0.0044209957122802734 0.05202293395996094 0.7499999999999999 1.0
0 1 59.53144745577994 0.004882097244262695 0.05690503120422363 0.6666666666666665 1.0
0 1 51.85270674408604 0.009037017822265625 0.06594204902648926 0.7272727272727272 1.0
0 1 45.16441833008278 0.0099639892578125 0.07590603828430176 0.7272727272727272 1.0
0 1 39.33882744370648 0.010876893997192383 0.08678293228149414 0.6153846153846154 1.0
0 1 34.26465792907022 0.016399860382080078 0.10318279266357422 0.47058823529411764 1.0
0 1 29.84498672911064 0.024202346801757812 0.12738513946533203 0.3636363636363636 1.0
0 1 25.99539253258091 0.02997303009033203 0.15735816955566406 0.3076923076923077 1.0
0 1 22.642343220204207 0.0884699821472168 0.24582815170288086 0.26666666666666666 1.0
0 1 19.721791308170232 0.10228300094604492 0.3481111526489258 0.27586206896551724 1.0
0 1 17.177950560167822 0.2362821102142334 0.5843932628631592 0.26666666666666666 1.0
0 1 14.962230399696251 0.1713731288909912 0.7557663917541504 0.24242424242424243 1.0
0 1 13.03230776858211 0.17276287078857422 0.9285292625427246 0.2222222222222222 1.0
0 1 11.351318703025308 0.15050387382507324 1.0790331363677979 0.2222222222222222 1.0
0 1 9.887154185253786 0.12351632118225098 1.2025494575500488 0.21621621621621623 1.0
0 1 8.611846820663045 0.12525010108947754 1.3277995586395264 0.20512820512820512 1.0
0 1 7.501036625197576 0.13984394073486328 1.4676434993743896 0.19999999999999998 1.0
0 1 6.53350571883761 0.12063002586364746 1.588273525238037 0.20512820512820512 1.0
0 1 5.69077303724795 0.1677088737487793 1.7559823989868164 0.18604651162790697 1.0
0 1 4.956741320068812 0.12074589729309082 1.8767282962799072 0.1777777777777778 1.0
0 1 4.317389632878279 0.16492414474487305 2.0416524410247803 0.1702127659574468 1.0
0 1 3.7605055496069455 1.6429638862609863 3.6846163272857666 0.1702127659574468 1.0
0 1 3.2754518797500736 0.3384881019592285 4.023104429244995 0.1702127659574468 1.0
0 1 2.8529634845718124 0.13099408149719238 4.1540985107421875 0.16666666666666666 1.0
0 1 2.4849703012340436 0.13042616844177246 4.28452467918396 0.163265306122449 1.0
0 1 2.1644431943866964 0.22816801071166992 4.51269268989563 0.163265306122449 1.0
0 1 1.8852596907900219 0.0948491096496582 4.607541799545288 0.163265306122449 1.0
0 1 1.6420870323301746 0.09314179420471191 4.70068359375 0.163265306122449 1.0
0 1 1.4302803135927475 0.09309816360473633 4.793781757354736 0.163265306122449 1.0
0 1 1.2457937582930971 0.09170794486999512 4.8854897022247314 0.163265306122449 1.0
0 1 1.0851034398309916 0.22162413597106934 5.107113838195801 0.1568627450980392 1.0
0 1 0.945139969834425 0.22137093544006348 5.328484773635864 0.1568627450980392 1.0
0 1 0.823229868958621 0.37185001373291016 5.700334787368774 0.1568627450980392 1.0
0 1 0.7170445000483404 0.6635792255401611 6.3639140129089355 0.15384615384615383 1.0
0 1 0.624555588222246 0.44564104080200195 6.8095550537109375 0.1509433962264151 1.0
0 1 0.5439964782567033 0.2961280345916748 7.105683088302612 0.1509433962264151 1.0
0 1 0.4738283892360109 0.2235422134399414 7.329225301742554 0.1509433962264151 1.0
0 1 0.4127110218901976 0.24544167518615723 7.574666976928711 0.1481481481481481 1.0
0 1 0.3594769571833539 0.22841620445251465 7.803083181381226 0.1481481481481481 1.0
0 0.1 130.20161032759302 0.0019669532775878906 7.8050501346588135 0.0 1.0
0 0.1 113.40738729625762 0.0036780834197998047 7.808728218078613 0.0 1.0
0 0.1 98.77938883400856 0.002248048782348633 7.810976266860962 0.0 1.0
0 0.1 86.03820166433057 0.0008928775787353516 7.811869144439697 0.0 1.0
0 0.1 74.9404529934022 0.0006847381591796875 7.812553882598877 0.0 1.0
0 0.1 65.27416178184274 0.0006647109985351562 7.813218593597412 0.0 1.0
0 0.1 56.854689638682785 0.0007228851318359375 7.813941478729248 0.0 1.0
0 0.1 49.52121399451067 0.0007150173187255859 7.814656496047974 0.0 1.0
0 0.1 43.13365618693992 0.0008029937744140625 7.815459489822388 0.0 1.0
0 0.1 37.570005780944214 0.0006830692291259766 7.816142559051514 0.0 1.0
0 0.1 32.7239900151928 0.0006740093231201172 7.816816568374634 0.0 1.0
0 0.1 28.503043857863506 0.0006878376007080078 7.817504405975342 0.0 1.0
0 0.1 24.826541897430772 0.009830951690673828 7.827335357666016 0.5714285714285715 1.0
0 0.1 21.624258295306348 0.0015559196472167969 7.828891277313232 0.5714285714285715 1.0
0 0.1 18.835025383479486 0.0015430450439453125 7.830434322357178 0.5714285714285715 1.0
0 0.1 16.405565284674683 0.0014989376068115234 7.831933259963989 0.5714285714285715 1.0
0 0.1 14.289472237493916 0.0016510486602783203 7.833584308624268 0.5714285714285715 1.0
0 0.1 12.446326187665905 0.00164794921875 7.835232257843018 0.5714285714285715 1.0
0 0.1 10.840920713874212 0.007406711578369141 7.842638969421387 0.7499999999999999 1.0
0 0.1 9.44259054057033 0.002232074737548828 7.8448710441589355 0.7499999999999999 1.0
0 0.1 8.224625792416147 0.0022330284118652344 7.847104072570801 0.7499999999999999 1.0
0 0.1 7.163761801874259 0.0025670528411865234 7.849671125411987 0.7499999999999999 1.0
0 0.1 6.239734724625884 0.0025658607482910156 7.852236986160278 0.7499999999999999 1.0
0 0.1 5.43489447450858 0.02606987953186035 7.878306865692139 0.7272727272727272 1.0
0 0.1 4.733867584541418 0.006203889846801758 7.88451075553894 0.7272727272727272 1.0
0 0.1 4.123263554256632 0.006809234619140625 7.891319990158081 0.7272727272727272 1.0
0 0.1 3.591419074200402 0.054715871810913086 7.946035861968994 0.5714285714285714 1.0
0 0.1 3.128175241967003 0.14297771453857422 8.089013576507568 0.4444444444444444 1.0
0 0.1 2.7246835143108377 0.04969501495361328 8.138708591461182 0.4210526315789473 1.0
0 0.1 2.373236688776134 0.08370208740234375 8.222410678863525 0.38095238095238093 1.0
0 0.1 2.0671216863796724 0.22826790809631348 8.450678586959839 0.3333333333333333 1.0
0 0.1 1.8004913233094775 0.47804808616638184 8.92872667312622 0.32000000000000006 1.0
0 0.1 1.5682526223167341 0.5343320369720459 9.463058710098267 0.2857142857142857 1.0
0 0.1 1.3659695304072161 0.4174342155456543 9.880492925643921 0.27586206896551724 1.0
0 0.1 1.1897781846170337 0.25324225425720215 10.133735179901123 0.25806451612903225 1.0
0 0.1 1.036313107341863 0.07491827011108398 10.208653450012207 0.25806451612903225 1.0
0 0.1 0.9026429214570189 0.1628861427307129 10.37153959274292 0.24242424242424243 1.0
0 0.1 0.786214357305898 0.19058895111083984 10.56212854385376 0.2352941176470588 1.0
0 0.1 0.6848034820193963 0.059088945388793945 10.621217489242554 0.2352941176470588 1.0
0 0.1 0.5964732195846044 0.6350431442260742 11.256260633468628 0.2285714285714286 1.0
0 0.1 0.5195363502423698 0.6294238567352295 11.885684490203857 0.2222222222222222 1.0
0 0.1 0.4525232824553942 2.32698917388916 14.212673664093018 0.19999999999999998 1.0
0 0.1 0.3941539818506903 0.28565192222595215 14.49832558631897 0.19999999999999998 1.0
0 0.1 0.34331352094368267 0.4647541046142578 14.963079690933228 0.19512195121951217 1.0
0 0.1 0.2990307826127625 0.7624828815460205 15.725562572479248 0.19047619047619047 1.0
0 0.1 0.2604599105337001 0.8007729053497314 16.52633547782898 0.18604651162790697 1.0
0 0.1 0.22686415225376097 0.26621413230895996 16.79254961013794 0.18181818181818182 1.0
0 0.1 0.19760178628779224 0.13078594207763672 16.923335552215576 0.18181818181818182 1.0
0 0.1 0.17211386442601356 0.11269307136535645 17.036028623580933 0.18181818181818182 1.0
0 0.1 0.14991353511608546 1.662442922592163 18.698471546173096 0.1739130434782609 1.0
0 0.01 28.211963230963963 0.0006561279296875 18.699127674102783 0.0 1.0
0 0.01 24.573006681497752 0.0006411075592041016 18.699768781661987 0.0 1.0
0 0.01 21.403425646968028 0.0007350444793701172 18.700503826141357 0.0 1.0
0 0.01 18.642677119777133 0.0006399154663085938 18.701143741607666 0.0 1.0
0 0.01 16.238027310431736 0.00061798095703125 18.701761722564697 0.0 1.0
0 0.01 14.143544365449966 0.0006768703460693359 18.702438592910767 0.0 1.0
0 0.01 12.319221010851523 0.0006451606750488281 18.703083753585815 0.0 1.0
0 0.01 10.730210362611421 0.0006358623504638672 18.70371961593628 0.0 1.0
0 0.01 9.346160307090315 0.00072479248046875 18.704444408416748 0.0 1.0
0 0.01 8.140633737265514 0.0006279945373535156 18.7050724029541 0.0 1.0
0 0.01 7.090603570541246 0.0006158351898193359 18.70568823814392 0.0 1.0
0 0.01 6.176012902339531 0.0006198883056640625 18.706308126449585 0.0 1.0
0 0.01 5.379391893848717 0.0007522106170654297 18.70706033706665 0.0 1.0
0 0.01 4.685524076001097 0.0007560253143310547 18.70781636238098 0.0 1.0
0 0.01 4.081155695663349 0.0006511211395263672 18.708467483520508 0.0 1.0
0 0.01 3.554742552184356 0.0006482601165771484 18.709115743637085 0.0 1.0
0 0.01 3.09622948855821 0.0006268024444580078 18.709742546081543 0.0 1.0
0 0.01 2.6968583252045994 0.0006508827209472656 18.71039342880249 0.0 1.0
0 0.01 2.349000567658869 0.01595592498779297 18.726349353790283 0.5714285714285715 1.0
0 0.01 2.046011692676912 0.0011162757873535156 18.727465629577637 0.5714285714285715 1.0
0 0.01 1.7821042294352372 0.0010831356048583984 18.728548765182495 0.5714285714285715 1.0
0 0.01 1.5522372115164986 0.0008068084716796875 18.729355573654175 0.5714285714285715 1.0
0 0.01 1.3520198880735976 0.0008299350738525391 18.730185508728027 0.5714285714285715 1.0
0 0.01 1.1776278549337647 0.0008449554443359375 18.731030464172363 0.5714285714285715 1.0
0 0.01 1.0257300036406054 0.0052030086517333984 18.736233472824097 0.7499999999999999 1.0
0 0.01 0.8934248930683893 0.0010609626770019531 18.7372944355011 0.7499999999999999 1.0
0 0.01 0.7781853282259436 0.0010941028594970703 18.738388538360596 0.7499999999999999 1.0
0 0.01 0.6778100876351608 0.0009620189666748047 18.73935055732727 0.7499999999999999 1.0
0 0.01 0.590381877216004 0.0009627342224121094 18.740313291549683 0.7499999999999999 1.0
0 0.01 0.5142307075440048 0.012173175811767578 18.75248646736145 0.7272727272727272 1.0
0 0.01 0.44790199493955546 0.0020341873168945312 18.754520654678345 0.7272727272727272 1.0
0 0.01 0.39012877707943217 0.03979802131652832 18.794318675994873 0.5000000000000001 1.0
0 0.01 0.33980751241358653 0.04561924934387207 18.839937925338745 0.4 1.0
0 0.01 0.2959770011254507 0.00793910026550293 18.847877025604248 0.4 1.0
0 0.01 0.2578000249994245 0.00793004035949707 18.855807065963745 0.4 1.0
0 0.01 0.22454735549379537 0.0675349235534668 18.923341989517212 0.3076923076923077 1.0
0 0.01 0.19558382455304058 0.01146078109741211 18.934802770614624 0.3076923076923077 1.0
0 0.01 0.1703561920944177 0.18419098854064941 19.118993759155273 0.26666666666666666 1.0
0 0.01 0.14838257842248037 0.061016082763671875 19.180009841918945 0.25806451612903225 1.0
0 0.01 0.12924325971726744 0.017582178115844727 19.19759202003479 0.25806451612903225 1.0
0 0.01 0.1125726507783501 0.06130480766296387 19.258896827697754 0.25 1.0
0 0.01 0.09805232188500161 0.06286501884460449 19.32176184654236 0.24242424242424243 1.0
0 0.01 0.08540491638568569 0.08439993858337402 19.406161785125732 0.2352941176470588 1.0
0 0.01 0.07438885283512764 0.017349958419799805 19.423511743545532 0.2352941176470588 1.0
0 0.01 0.06479371048308594 0.08050203323364258 19.504013776779175 0.2285714285714286 1.0
0 0.01 0.056436209971818335 0.2217268943786621 19.725740671157837 0.21621621621621623 1.0
0 0.01 0.049156712468482675 0.031007051467895508 19.756747722625732 0.21621621621621623 1.0
0 0.01 0.0428161703614703 0.18749094009399414 19.944238662719727 0.20512820512820512 1.0
0 0.01 0.03729347127511503 0.028116941452026367 19.972355604171753 0.20512820512820512 1.0
0 0.01 0.032483124670098805 0.028139829635620117 20.000495433807373 0.20512820512820512 1.0
