[216.40736058 188.4937774  164.18066384 143.00360867 124.55810333
 108.49181534  94.49785828  82.30892987  71.69220614  62.44489425
  54.39035884  47.37474809  41.26405496  35.94155748  31.30558923
  27.26759733  23.75045104  20.68696841  18.01863304  15.69447636
  13.67010404  11.906848    10.37102782   9.03330739   7.86813455
   6.85325305   5.96927734   5.19932239   4.52868107   3.94454329
   3.43575127   2.99258645   2.60658382   2.27037024   1.9775236
   1.72245016   1.5002777    1.30676244   1.138208     0.99139477
   0.86351843   0.75213639   0.65512111   0.57061946   0.49701737
   0.43290895   0.37706963   0.32843281   0.28606948   0.24917044]0 1 312.2098259152708 0.0006473064422607422 0.0006473064422607422 0.0 1.0
0 1 271.93903789811014 0.0006382465362548828 0.001285552978515625 0.0 1.0
0 1 236.8626295349813 0.00891423225402832 0.010199785232543945 0.33333333333333337 1.0
0 1 206.31059705097118 0.009510993957519531 0.019710779190063477 0.5714285714285715 1.0
0 1 179.69935797424765 0.005547046661376953 0.02525782585144043 0.5714285714285715 1.0
0 1 156.52060397255676 0.004556894302368164 0.029814720153808594 0.5714285714285715 1.0
0 1 136.33159152101595 0.003960847854614258 0.03377556800842285 0.5714285714285715 1.0
0 1 118.74668494067365 0.011103630065917969 0.04487919807434082 0.7499999999999999 1.0
0 1 103.42999026917344 0.007211923599243164 0.052091121673583984 0.7499999999999999 1.0
0 1 90.08893926113359 0.006253957748413086 0.05834507942199707 0.7499999999999999 1.0
0 1 78.46870096453189 0.006019115447998047 0.06436419486999512 0.7499999999999999 1.0
0 1 68.34731412713553 0.0053060054779052734 0.06967020034790039 0.7499999999999999 1.0
0 1 59.53144745577994 0.006114959716796875 0.07578516006469727 0.6666666666666665 1.0
0 1 51.85270674408604 0.011477947235107422 0.08726310729980469 0.7272727272727272 1.0
0 1 45.16441833008278 0.012613058090209961 0.09987616539001465 0.7272727272727272 1.0
0 1 39.33882744370648 0.014650106430053711 0.11452627182006836 0.6153846153846154 1.0
0 1 34.26465792907022 0.021575212478637695 0.13610148429870605 0.47058823529411764 1.0
0 1 29.84498672911064 0.02992391586303711 0.16602540016174316 0.3636363636363636 1.0
0 1 25.99539253258091 0.04215407371520996 0.20817947387695312 0.3076923076923077 1.0
0 1 22.642343220204207 0.11791586875915527 0.3260953426361084 0.26666666666666666 1.0
0 1 19.721791308170232 0.1388108730316162 0.4649062156677246 0.27586206896551724 1.0
0 1 17.177950560167822 0.2776451110839844 0.742551326751709 0.26666666666666666 1.0
0 1 14.962230399696251 0.20399165153503418 0.9465429782867432 0.24242424242424243 1.0
0 1 13.03230776858211 0.1972827911376953 1.1438257694244385 0.2222222222222222 1.0
0 1 11.351318703025308 0.1959071159362793 1.3397328853607178 0.2222222222222222 1.0
0 1 9.887154185253786 0.1525869369506836 1.4923198223114014 0.21621621621621623 1.0
0 1 8.611846820663045 0.15400290489196777 1.6463227272033691 0.20512820512820512 1.0
0 1 7.501036625197576 0.17896389961242676 1.825286626815796 0.19999999999999998 1.0
0 1 6.53350571883761 0.1524200439453125 1.9777066707611084 0.20512820512820512 1.0
0 1 5.69077303724795 0.20570802688598633 2.1834146976470947 0.18604651162790697 1.0
0 1 4.956741320068812 0.16559576988220215 2.349010467529297 0.1777777777777778 1.0
0 1 4.317389632878279 0.21595382690429688 2.5649642944335938 0.16666666666666666 1.0
0 1 3.7605055496069455 1.9406232833862305 4.505587577819824 0.1702127659574468 1.0
0 1 3.2754518797500736 0.40114903450012207 4.906736612319946 0.1702127659574468 1.0
0 1 2.8529634845718124 0.21566009521484375 5.12239670753479 0.16666666666666666 1.0
0 1 2.4849703012340436 0.17499709129333496 5.297393798828125 0.163265306122449 1.0
0 1 2.1644431943866964 0.28121280670166016 5.578606605529785 0.163265306122449 1.0
0 1 1.8852596907900219 0.16266274452209473 5.74126935005188 0.163265306122449 1.0
0 1 1.6420870323301746 0.15428686141967773 5.895556211471558 0.163265306122449 1.0
0 1 1.4302803135927475 0.14160799980163574 6.037164211273193 0.163265306122449 1.0
0 1 1.2457937582930971 0.13474512100219727 6.171909332275391 0.163265306122449 1.0
0 1 1.0851034398309916 0.5053548812866211 6.677264213562012 0.1568627450980392 1.0
0 1 0.945139969834425 0.4333839416503906 7.110648155212402 0.1568627450980392 1.0
0 1 0.823229868958621 0.5593888759613037 7.670037031173706 0.1568627450980392 1.0
0 1 0.7170445000483404 0.996124267578125 8.666161298751831 0.15384615384615383 1.0
0 1 0.624555588222246 0.9728372097015381 9.63899850845337 0.1509433962264151 1.0
0 1 0.5439964782567033 0.7071218490600586 10.346120357513428 0.1509433962264151 1.0
0 1 0.4738283892360109 0.6269757747650146 10.973096132278442 0.1509433962264151 1.0
0 1 0.4127110218901976 0.7140130996704102 11.687109231948853 0.1481481481481481 1.0
0 1 0.3594769571833539 0.6055159568786621 12.292625188827515 0.1481481481481481 1.0
0 0.1 130.20161032759302 0.0006341934204101562 12.293259382247925 0.0 1.0
0 0.1 113.40738729625762 0.0006649494171142578 12.293924331665039 0.0 1.0
0 0.1 98.77938883400856 0.0006430149078369141 12.294567346572876 0.0 1.0
0 0.1 86.03820166433057 0.0006299018859863281 12.295197248458862 0.0 1.0
0 0.1 74.9404529934022 0.0006537437438964844 12.295850992202759 0.0 1.0
0 0.1 65.27416178184274 0.0006546974182128906 12.296505689620972 0.0 1.0
0 0.1 56.854689638682785 0.0006551742553710938 12.297160863876343 0.0 1.0
0 0.1 49.52121399451067 0.0006988048553466797 12.29785966873169 0.0 1.0
0 0.1 43.13365618693992 0.0006530284881591797 12.298512697219849 0.0 1.0
0 0.1 37.570005780944214 0.0006289482116699219 12.299141645431519 0.0 1.0
0 0.1 32.7239900151928 0.0006198883056640625 12.299761533737183 0.0 1.0
0 0.1 28.503043857863506 0.0006289482116699219 12.300390481948853 0.0 1.0
0 0.1 24.826541897430772 0.010427236557006836 12.31081771850586 0.5714285714285715 1.0
0 0.1 21.624258295306348 0.0022242069244384766 12.313041925430298 0.5714285714285715 1.0
0 0.1 18.835025383479486 0.0021131038665771484 12.315155029296875 0.5714285714285715 1.0
0 0.1 16.405565284674683 0.0020363330841064453 12.317191362380981 0.5714285714285715 1.0
0 0.1 14.289472237493916 0.002101898193359375 12.31929326057434 0.5714285714285715 1.0
0 0.1 12.446326187665905 0.0021114349365234375 12.321404695510864 0.5714285714285715 1.0
0 0.1 10.840920713874212 0.007853984832763672 12.329258680343628 0.7499999999999999 1.0
0 0.1 9.44259054057033 0.002701997756958008 12.331960678100586 0.7499999999999999 1.0
0 0.1 8.224625792416147 0.0028018951416015625 12.334762573242188 0.7499999999999999 1.0
0 0.1 7.163761801874259 0.0030159950256347656 12.337778568267822 0.7499999999999999 1.0
0 0.1 6.239734724625884 0.003326892852783203 12.341105461120605 0.7499999999999999 1.0
0 0.1 5.43489447450858 0.027399301528930664 12.368504762649536 0.7272727272727272 1.0
0 0.1 4.733867584541418 0.0077898502349853516 12.376294612884521 0.7272727272727272 1.0
0 0.1 4.123263554256632 0.008683204650878906 12.3849778175354 0.7272727272727272 1.0
0 0.1 3.591419074200402 0.05706286430358887 12.44204068183899 0.5714285714285714 1.0
0 0.1 3.128175241967003 0.14450836181640625 12.586549043655396 0.4444444444444444 1.0
0 0.1 2.7246835143108377 0.053205013275146484 12.639754056930542 0.4210526315789473 1.0
0 0.1 2.373236688776134 0.08926200866699219 12.729016065597534 0.38095238095238093 1.0
0 0.1 2.0671216863796724 0.3845970630645752 13.11361312866211 0.3333333333333333 1.0
0 0.1 1.8004913233094775 0.4999058246612549 13.613518953323364 0.32000000000000006 1.0
0 0.1 1.5682526223167341 0.5792808532714844 14.192799806594849 0.2857142857142857 1.0
0 0.1 1.3659695304072161 0.44902491569519043 14.641824722290039 0.27586206896551724 1.0
0 0.1 1.1897781846170337 0.29778099060058594 14.939605712890625 0.25806451612903225 1.0
0 0.1 1.036313107341863 0.09158968925476074 15.031195402145386 0.25806451612903225 1.0
0 0.1 0.9026429214570189 0.20486021041870117 15.236055612564087 0.24242424242424243 1.0
0 0.1 0.786214357305898 0.2147350311279297 15.450790643692017 0.2352941176470588 1.0
0 0.1 0.6848034820193963 0.07372617721557617 15.524516820907593 0.2352941176470588 1.0
0 0.1 0.5964732195846044 0.7395529747009277 16.26406979560852 0.2285714285714286 1.0
0 0.1 0.5195363502423698 0.7369251251220703 17.00099492073059 0.2222222222222222 1.0
0 0.1 0.4525232824553942 2.612459659576416 19.613454580307007 0.19999999999999998 1.0
0 0.1 0.3941539818506903 0.36684274673461914 19.980297327041626 0.19999999999999998 1.0
0 0.1 0.34331352094368267 0.5914530754089355 20.57175040245056 0.19512195121951217 1.0
0 0.1 0.2990307826127625 0.7783908843994141 21.350141286849976 0.19047619047619047 1.0
0 0.1 0.2604599105337001 1.2153370380401611 22.565478324890137 0.18181818181818182 1.0
0 0.1 0.22686415225376097 0.42560839653015137 22.991086721420288 0.18181818181818182 1.0
0 0.1 0.19760178628779224 0.1968979835510254 23.187984704971313 0.18181818181818182 1.0
0 0.1 0.17211386442601356 0.13061285018920898 23.318597555160522 0.18181818181818182 1.0
0 0.1 0.14991353511608546 2.3847012519836426 25.703298807144165 0.1739130434782609 1.0
0 0.01 28.211963230963963 0.0006532669067382812 25.703952074050903 0.0 1.0
0 0.01 24.573006681497752 0.0006368160247802734 25.704588890075684 0.0 1.0
0 0.01 21.403425646968028 0.000621795654296875 25.70521068572998 0.0 1.0
0 0.01 18.642677119777133 0.0006260871887207031 25.7058367729187 0.0 1.0
0 0.01 16.238027310431736 0.0006461143493652344 25.706482887268066 0.0 1.0
0 0.01 14.143544365449966 0.0006558895111083984 25.707138776779175 0.0 1.0
0 0.01 12.319221010851523 0.000698089599609375 25.707836866378784 0.0 1.0
0 0.01 10.730210362611421 0.0006549358367919922 25.708491802215576 0.0 1.0
0 0.01 9.346160307090315 0.0006499290466308594 25.709141731262207 0.0 1.0
0 0.01 8.140633737265514 0.0006268024444580078 25.709768533706665 0.0 1.0
0 0.01 7.090603570541246 0.0006170272827148438 25.71038556098938 0.0 1.0
0 0.01 6.176012902339531 0.0006430149078369141 25.711028575897217 0.0 1.0
0 0.01 5.379391893848717 0.0007538795471191406 25.711782455444336 0.0 1.0
0 0.01 4.685524076001097 0.0006289482116699219 25.712411403656006 0.0 1.0
0 0.01 4.081155695663349 0.000614166259765625 25.71302556991577 0.0 1.0
0 0.01 3.554742552184356 0.0006558895111083984 25.71368145942688 0.0 1.0
0 0.01 3.09622948855821 0.0006659030914306641 25.71434736251831 0.0 1.0
0 0.01 2.6968583252045994 0.0006399154663085938 25.71498727798462 0.0 1.0
0 0.01 2.349000567658869 0.016101837158203125 25.731089115142822 0.5714285714285715 1.0
0 0.01 2.046011692676912 0.0013282299041748047 25.732417345046997 0.5714285714285715 1.0
0 0.01 1.7821042294352372 0.0013470649719238281 25.73376441001892 0.5714285714285715 1.0
0 0.01 1.5522372115164986 0.0013501644134521484 25.735114574432373 0.5714285714285715 1.0
0 0.01 1.3520198880735976 0.0014410018920898438 25.736555576324463 0.5714285714285715 1.0
0 0.01 1.1776278549337647 0.0017101764678955078 25.73826575279236 0.5714285714285715 1.0
0 0.01 1.0257300036406054 0.005411863327026367 25.743677616119385 0.7499999999999999 1.0
0 0.01 0.8934248930683893 0.0018901824951171875 25.745567798614502 0.7499999999999999 1.0
0 0.01 0.7781853282259436 0.001055002212524414 25.746622800827026 0.7499999999999999 1.0
0 0.01 0.6778100876351608 0.00113677978515625 25.747759580612183 0.7499999999999999 1.0
0 0.01 0.590381877216004 0.0012722015380859375 25.74903178215027 0.7499999999999999 1.0
0 0.01 0.5142307075440048 0.012845754623413086 25.76187753677368 0.7272727272727272 1.0
0 0.01 0.44790199493955546 0.0032427310943603516 25.765120267868042 0.7272727272727272 1.0
0 0.01 0.39012877707943217 0.041021108627319336 25.80614137649536 0.5000000000000001 1.0
0 0.01 0.33980751241358653 0.04653501510620117 25.852676391601562 0.4 1.0
0 0.01 0.2959770011254507 0.009460926055908203 25.86213731765747 0.4 1.0
0 0.01 0.2578000249994245 0.010133981704711914 25.872271299362183 0.4 1.0
0 0.01 0.22454735549379537 0.06737375259399414 25.939645051956177 0.3076923076923077 1.0
0 0.01 0.19558382455304058 0.01305389404296875 25.952698945999146 0.3076923076923077 1.0
0 0.01 0.1703561920944177 0.18593478202819824 26.138633728027344 0.26666666666666666 1.0
0 0.01 0.14838257842248037 0.06369519233703613 26.20232892036438 0.25806451612903225 1.0
0 0.01 0.12924325971726744 0.019478797912597656 26.221807718276978 0.25806451612903225 1.0
0 0.01 0.1125726507783501 0.06424593925476074 26.28605365753174 0.25 1.0
0 0.01 0.09805232188500161 0.06511807441711426 26.351171731948853 0.24242424242424243 1.0
0 0.01 0.08540491638568569 0.08852767944335938 26.439699411392212 0.2352941176470588 1.0
0 0.01 0.07438885283512764 0.019921302795410156 26.459620714187622 0.2352941176470588 1.0
0 0.01 0.06479371048308594 0.08411192893981934 26.54373264312744 0.2285714285714286 1.0
0 0.01 0.056436209971818335 0.23354101181030273 26.777273654937744 0.21621621621621623 1.0
0 0.01 0.049156712468482675 0.03879690170288086 26.816070556640625 0.21621621621621623 1.0
0 0.01 0.0428161703614703 0.20097088813781738 27.017041444778442 0.20512820512820512 1.0
0 0.01 0.03729347127511503 0.0356440544128418 27.052685499191284 0.20512820512820512 1.0
0 0.01 0.032483124670098805 0.03132224082946777 27.084007740020752 0.20512820512820512 1.0
