[216.40736058 188.4937774  164.18066384 143.00360867 124.55810333
 108.49181534  94.49785828  82.30892987  71.69220614  62.44489425
  54.39035884  47.37474809  41.26405496  35.94155748  31.30558923
  27.26759733  23.75045104  20.68696841  18.01863304  15.69447636
  13.67010404  11.906848    10.37102782   9.03330739   7.86813455
   6.85325305   5.96927734   5.19932239   4.52868107   3.94454329
   3.43575127   2.99258645   2.60658382   2.27037024   1.9775236
   1.72245016   1.5002777    1.30676244   1.138208     0.99139477
   0.86351843   0.75213639   0.65512111   0.57061946   0.49701737
   0.43290895   0.37706963   0.32843281   0.28606948   0.24917044]i=0 1 312.2098259152708 0.0006909370422363281 0.0006909370422363281 0.0 1.0 489.12615980133575 0.0 cost = 489.12615980133575, cost1=489.12615980133575

i=0 1 271.93903789811014 0.0006990432739257812 0.0013899803161621094 0.0 1.0 489.12615980133575 0.0 cost = 489.12615980133575, cost1=489.12615980133575

i=0 1 236.8626295349813 0.007349967956542969 0.008739948272705078 0.33333333333333337 1.0 445.30873787844087 0.33333333333333337 cost = 487.69371601101335, cost1=487.69371601101335

i=0 1 206.31059705097118 0.008556127548217773 0.01729607582092285 0.5714285714285715 1.0 233.17917068905822 0.5714285714285715 cost = 458.4211611836132, cost1=458.4211611836132

i=0 1 179.69935797424765 0.004904985427856445 0.022201061248779297 0.5714285714285715 1.0 200.45527121345353 0.5714285714285715 cost = 426.98563431124137, cost1=426.98563431124137

i=0 1 156.52060397255676 0.0040318965911865234 0.02623295783996582 0.5714285714285715 1.0 181.76190466929665 0.5714285714285715 cost = 396.43509839392283, cost1=396.43509839392283

i=0 1 136.33159152101595 0.0037221908569335938 0.029955148696899414 0.5714285714285715 1.0 169.9013377800769 0.5714285714285715 cost = 367.90903620462893, cost1=367.90903620462893

i=0 1 118.74668494067365 0.01067495346069336 0.04063010215759277 0.7499999999999999 1.0 141.23873209251903 0.7499999999999999 cost = 340.66514343370613, cost1=340.66514343370613

i=0 1 103.42999026917344 0.006327152252197266 0.04695725440979004 0.7499999999999999 1.0 125.76607188798688 0.7499999999999999 cost = 313.8135015198651, cost1=313.8135015198651

i=0 1 90.08893926113359 0.005079030990600586 0.052036285400390625 0.7499999999999999 1.0 116.74908511719111 0.7499999999999999 cost = 288.91930688803865, cost1=288.91930688803865

i=0 1 78.46870096453189 0.0052301883697509766 0.0572664737701416 0.7499999999999999 1.0 110.82037408456308 0.7499999999999999 cost = 266.29583615572614, cost1=266.29583615572614

i=0 1 68.34731412713553 0.005143165588378906 0.06240963935852051 0.7499999999999999 1.0 106.73594904453223 0.7499999999999999 cost = 245.9565243176878, cost1=245.9565243176878

i=0 1 59.53144745577994 0.005621194839477539 0.06803083419799805 0.6666666666666665 1.0 103.06030258691027 0.6666666666666665 cost = 227.77831593376445, cost1=227.77831593376445

i=0 1 51.85270674408604 0.010261058807373047 0.0782918930053711 0.7272727272727272 1.0 95.35814626792278 0.7272727272727272 cost = 211.21327299689128, cost1=211.21327299689128

i=0 1 45.16441833008278 0.010696887969970703 0.0889887809753418 0.7272727272727272 1.0 87.72700097610966 0.7272727272727272 cost = 195.73209193591336, cost1=195.73209193591336

i=0 1 39.33882744370648 0.012923955917358398 0.1019127368927002 0.6153846153846154 1.0 82.25860868998612 0.6153846153846154 cost = 181.43338324673377, cost1=181.43338324673377

i=0 1 34.26465792907022 0.020685911178588867 0.12259864807128906 0.47058823529411764 1.0 76.90636590403747 0.47058823529411764 cost = 168.3001591913465, cost1=168.3001591913465

i=0 1 29.84498672911064 0.027667999267578125 0.1502666473388672 0.3636363636363636 1.0 66.9551232848374 0.3636363636363636 cost = 155.8529618534521, cost1=155.8529618534521

i=0 1 25.99539253258091 0.03879904747009277 0.18906569480895996 0.3076923076923077 1.0 57.858675449168956 0.3076923076923077 cost = 143.7920160790132, cost1=143.7920160790132

i=0 1 22.642343220204207 0.10892105102539062 0.2979867458343506 0.26666666666666666 1.0 48.22512302553192 0.26666666666666666 cost = 132.12283982240834, cost1=132.12283982240834

i=0 1 19.721791308170232 0.1266319751739502 0.4246187210083008 0.27586206896551724 1.0 39.466543354979 0.27586206896551724 cost = 120.67758137766566, cost1=120.67758137766566

i=0 1 17.177950560167822 0.270615816116333 0.6952345371246338 0.26666666666666666 1.0 32.302294650878665 0.26666666666666666 cost = 109.71034787366193, cost1=109.71034787366193

i=0 1 14.962230399696251 0.19573092460632324 0.890965461730957 0.24242424242424243 1.0 25.590317196337764 0.24242424242424243 cost = 99.27085900448867, cost1=99.27085900448867

i=0 1 13.03230776858211 0.18999505043029785 1.0809605121612549 0.2222222222222222 1.0 20.312657845744514 0.2222222222222222 cost = 89.42032338729416, cost1=89.42032338729416

i=0 1 11.351318703025308 0.1849362850189209 1.2658967971801758 0.2222222222222222 1.0 16.091946920060888 0.2222222222222222 cost = 80.2155357247865, cost1=80.2155357247865

i=0 1 9.887154185253786 0.14491915702819824 1.410815954208374 0.21621621621621623 1.0 12.75132553597103 0.21621621621621623 cost = 71.71802249097468, cost1=71.71802249097468

i=0 1 8.611846820663045 0.1479959487915039 1.558811902999878 0.20512820512820512 1.0 10.225177235021917 0.20512820512820512 cost = 63.936946895375414, cost1=63.936946895375414

i=0 1 7.501036625197576 0.16989827156066895 1.7287101745605469 0.19999999999999998 1.0 8.026641923038321 0.19999999999999998 cost = 56.86650769536164, cost1=56.86650769536164

i=0 1 6.53350571883761 0.14937806129455566 1.8780882358551025 0.20512820512820512 1.0 6.258555320016627 0.20512820512820512 cost = 50.44384712021295, cost1=50.44384712021295

i=0 1 5.69077303724795 0.19299602508544922 2.0710842609405518 0.18604651162790697 1.0 4.887332762655748 0.18604651162790697 cost = 44.651791011797386, cost1=44.651791011797386

i=0 1 4.956741320068812 0.1593642234802246 2.2304484844207764 0.1777777777777778 1.0 3.795344937459126 0.1777777777777778 cost = 39.447976837143955, cost1=39.447976837143955

i=0 1 4.317389632878279 0.2046670913696289 2.4351155757904053 0.1702127659574468 1.0 2.934375809840837 0.1702127659574468 cost = 34.79034978905796, cost1=34.79034978905796

i=0 1 3.7605055496069455 2.0058910846710205 4.441006660461426 0.1702127659574468 1.0 2.071250018300186 0.1702127659574468 cost = 30.62337703915245, cost1=30.62337703915245

i=0 1 3.2754518797500736 0.40033674240112305 4.841343402862549 0.1702127659574468 1.0 1.578411637642064 0.1702127659574468 cost = 26.906204788749992, cost1=26.906204788749992

i=0 1 2.8529634845718124 0.1924910545349121 5.033834457397461 0.16666666666666666 1.0 1.2157886709145216 0.16666666666666666 cost = 23.614321986971156, cost1=23.614321986971156

i=0 1 2.4849703012340436 0.15302705764770508 5.186861515045166 0.163265306122449 1.0 0.9356604753144205 0.163265306122449 cost = 20.70613952836107, cost1=20.70613952836107

i=0 1 2.1644431943866964 0.2605149745941162 5.447376489639282 0.163265306122449 1.0 0.7131046141014179 0.163265306122449 cost = 18.140713136064008, cost1=18.140713136064008

i=0 1 1.8852596907900219 0.15094804763793945 5.598324537277222 0.163265306122449 1.0 0.547989851193963 0.163265306122449 cost = 15.881385294587822, cost1=15.881385294587822

i=0 1 1.6420870323301746 0.13039898872375488 5.728723526000977 0.163265306122449 1.0 0.4241167631270821 0.163265306122449 cost = 13.895033087417298, cost1=13.895033087417298

i=0 1 1.4302803135927475 0.12409019470214844 5.852813720703125 0.163265306122449 1.0 0.3309981954800627 0.163265306122449 cost = 12.151040254217603, cost1=12.151040254217603

i=0 1 1.2457937582930971 0.1178138256072998 5.970627546310425 0.163265306122449 1.0 0.26090878329996187 0.163265306122449 cost = 10.621578874800138, cost1=10.621578874800138

i=0 1 1.0851034398309916 0.4106712341308594 6.381298780441284 0.1568627450980392 1.0 0.20181308566088582 0.1568627450980392 cost = 9.28115407707611, cost1=9.28115407707611

i=0 1 0.945139969834425 0.3621389865875244 6.743437767028809 0.1568627450980392 1.0 0.15785257610758824 0.1568627450980392 cost = 8.107022283191318, cost1=8.107022283191318

i=0 1 0.823229868958621 0.5111889839172363 7.254626750946045 0.1568627450980392 1.0 0.12159210103891706 0.1568627450980392 cost = 7.079251189947442, cost1=7.079251189947442

i=0 1 0.7170445000483404 0.8299317359924316 8.084558486938477 0.15384615384615383 1.0 0.09184688099041101 0.15384615384615383 cost = 6.179764060956198, cost1=6.179764060956198

i=0 1 0.624555588222246 0.7755622863769531 8.86012077331543 0.1509433962264151 1.0 0.06877406780437176 0.1509433962264151 cost = 5.392919331342311, cost1=5.392919331342311

i=0 1 0.5439964782567033 0.5442020893096924 9.404322862625122 0.1509433962264151 1.0 0.0516066251333114 0.1509433962264151 cost = 4.704985464284004, cost1=4.704985464284004

i=0 1 0.4738283892360109 0.47074174880981445 9.875064611434937 0.1509433962264151 1.0 0.03892870449284481 0.1509433962264151 cost = 4.103884539401011, cost1=4.103884539401011

i=0 1 0.4127110218901976 0.46311402320861816 10.338178634643555 0.1481481481481481 1.0 0.029420667281618594 0.1481481481481481 cost = 3.578906399676707, cost1=3.578906399676707

i=0 1 0.3594769571833539 0.4782438278198242 10.816422462463379 0.1481481481481481 1.0 0.02209854863375699 0.1481481481481481 cost = 3.1205640078444357, cost1=3.1205640078444357

i=0 0.1 130.20161032759302 0.0007050037384033203 10.817127466201782 0.0 1.0 489.12615980133575 0.0 cost = 489.12615980133575, cost1=489.12615980133575

i=0 0.1 113.40738729625762 0.0006871223449707031 10.817814588546753 0.0 1.0 489.12615980133575 0.0 cost = 489.12615980133575, cost1=489.12615980133575

i=0 0.1 98.77938883400856 0.000698089599609375 10.818512678146362 0.0 1.0 489.12615980133575 0.0 cost = 489.12615980133575, cost1=489.12615980133575

i=0 0.1 86.03820166433057 0.0006499290466308594 10.819162607192993 0.0 1.0 489.12615980133575 0.0 cost = 489.12615980133575, cost1=489.12615980133575

i=0 0.1 74.9404529934022 0.0006310939788818359 10.819793701171875 0.0 1.0 489.12615980133575 0.0 cost = 489.12615980133575, cost1=489.12615980133575

i=0 0.1 65.27416178184274 0.0006270408630371094 10.820420742034912 0.0 1.0 489.12615980133575 0.0 cost = 489.12615980133575, cost1=489.12615980133575

i=0 0.1 56.854689638682785 0.0006201267242431641 10.821040868759155 0.0 1.0 489.12615980133575 0.0 cost = 489.12615980133575, cost1=489.12615980133575

i=0 0.1 49.52121399451067 0.0007970333099365234 10.821837902069092 0.0 1.0 489.12615980133575 0.0 cost = 489.12615980133575, cost1=489.12615980133575

i=0 0.1 43.13365618693992 0.0006690025329589844 10.82250690460205 0.0 1.0 489.12615980133575 0.0 cost = 489.12615980133575, cost1=489.12615980133575

i=0 0.1 37.570005780944214 0.0006699562072753906 10.823176860809326 0.0 1.0 489.12615980133575 0.0 cost = 489.12615980133575, cost1=489.12615980133575

i=0 0.1 32.7239900151928 0.0007240772247314453 10.823900938034058 0.0 1.0 489.12615980133575 0.0 cost = 489.12615980133575, cost1=489.12615980133575

i=0 0.1 28.503043857863506 0.0006389617919921875 10.82453989982605 0.0 1.0 489.12615980133575 0.0 cost = 489.12615980133575, cost1=489.12615980133575

i=0 0.1 24.826541897430772 0.010039806365966797 10.834579706192017 0.5714285714285715 1.0 144.0901691656975 0.5714285714285715 cost = 277.72142449320654, cost1=277.72142449320654

i=0 0.1 21.624258295306348 0.001806020736694336 10.836385726928711 0.5714285714285715 1.0 143.63035777320954 0.5714285714285715 cost = 260.4529712415143, cost1=260.4529712415143

i=0 0.1 18.835025383479486 0.002001047134399414 10.83838677406311 0.5714285714285715 1.0 143.29137554297265 0.5714285714285715 cost = 245.36099073245376, cost1=245.36099073245376

i=0 0.1 16.405565284674683 0.0017709732055664062 10.840157747268677 0.5714285714285715 1.0 143.04034945183918 0.5714285714285715 cost = 232.17804402263232, cost1=232.17804402263232

i=0 0.1 14.289472237493916 0.0018596649169921875 10.842017412185669 0.5714285714285715 1.0 142.8537613067233 0.5714285714285715 cost = 220.6676020801529, cost1=220.6676020801529

i=0 0.1 12.446326187665905 0.0017762184143066406 10.843793630599976 0.5714285714285715 1.0 142.7146545049532 0.5714285714285715 cost = 210.6210689022672, cost1=210.6210689022672

i=0 0.1 10.840920713874212 0.0077741146087646484 10.85156774520874 0.7499999999999999 1.0 96.78173616828157 0.7499999999999999 cost = 177.6552607250735, cost1=177.6552607250735

i=0 0.1 9.44259054057033 0.002492189407348633 10.854059934616089 0.7499999999999999 1.0 96.57445720937234 0.7499999999999999 cost = 167.2093224239299, cost1=167.2093224239299

i=0 0.1 8.224625792416147 0.0026960372924804688 10.85675597190857 0.7499999999999999 1.0 96.42181632741901 0.7499999999999999 cost = 158.08782597928956, cost1=158.08782597928956

i=0 0.1 7.163761801874259 0.0028569698333740234 10.859612941741943 0.7499999999999999 1.0 96.30882321761806 0.7499999999999999 cost = 150.1259390955372, cost1=150.1259390955372

i=0 0.1 6.239734724625884 0.0030770301818847656 10.862689971923828 0.7499999999999999 1.0 96.22484102272213 0.7499999999999999 cost = 143.17846224965837, cost1=143.17846224965837

i=0 0.1 5.43489447450858 0.027010202407836914 10.889700174331665 0.7272727272727272 1.0 72.14519777750131 0.7272727272727272 cost = 131.83569879456573, cost1=131.83569879456573

i=0 0.1 4.733867584541418 0.007398128509521484 10.897098302841187 0.7272727272727272 1.0 71.34696893906651 0.7272727272727272 cost = 124.07987952906453, cost1=124.07987952906453

i=0 0.1 4.123263554256632 0.008239030838012695 10.9053373336792 0.7272727272727272 1.0 70.82663939428402 0.7272727272727272 cost = 117.24148909236399, cost1=117.24148909236399

i=0 0.1 3.591419074200402 0.05718994140625 10.96252727508545 0.5714285714285714 1.0 53.998422928308095 0.5714285714285714 cost = 108.29429084524003, cost1=108.29429084524003

i=0 0.1 3.128175241967003 0.14566993713378906 11.108197212219238 0.4444444444444444 1.0 38.30662538417307 0.4444444444444444 cost = 99.25403136396108, cost1=99.25403136396108

i=0 0.1 2.7246835143108377 0.051413774490356445 11.159610986709595 0.4210526315789473 1.0 33.1402481700517 0.4210526315789473 cost = 90.27089742553807, cost1=90.27089742553807

i=0 0.1 2.373236688776134 0.08683514595031738 11.246446132659912 0.38095238095238093 1.0 23.764365001620902 0.38095238095238093 cost = 80.37573632116221, cost1=80.37573632116221

i=0 0.1 2.0671216863796724 0.33020901679992676 11.576655149459839 0.3333333333333333 1.0 20.54317666229537 0.3333333333333333 cost = 72.8970708325649, cost1=72.8970708325649

i=0 0.1 1.8004913233094775 0.5012469291687012 12.07790207862854 0.32000000000000006 1.0 15.072287724548964 0.32000000000000006 cost = 64.65942408846078, cost1=64.65942408846078

i=0 0.1 1.5682526223167341 0.5844652652740479 12.662367343902588 0.2857142857142857 1.0 10.543084060843956 0.2857142857142857 cost = 57.808845834269576, cost1=57.808845834269576

i=0 0.1 1.3659695304072161 0.45757389068603516 13.119941234588623 0.27586206896551724 1.0 8.01591375213973 0.27586206896551724 cost = 51.24014743480953, cost1=51.24014743480953

i=0 0.1 1.1897781846170337 0.2953531742095947 13.415294408798218 0.25806451612903225 1.0 6.047919320789883 0.25806451612903225 cost = 45.52496573106437, cost1=45.52496573106437

i=0 0.1 1.036313107341863 0.0878751277923584 13.503169536590576 0.25806451612903225 1.0 5.177303161633337 0.25806451612903225 cost = 40.36959137357136, cost1=40.36959137357136

i=0 0.1 0.9026429214570189 0.20334815979003906 13.706517696380615 0.24242424242424243 1.0 4.025914122445686 0.24242424242424243 cost = 35.735507593775594, cost1=35.735507593775594

i=0 0.1 0.786214357305898 0.23394393920898438 13.9404616355896 0.2352941176470588 1.0 3.0479555213191123 0.2352941176470588 cost = 31.51892596384102, cost1=31.51892596384102

i=0 0.1 0.6848034820193963 0.06902289390563965 14.00948452949524 0.2352941176470588 1.0 2.701478464767644 0.2352941176470588 cost = 27.822242980731776, cost1=27.822242980731776

i=0 0.1 0.5964732195846044 0.6923367977142334 14.701821327209473 0.2285714285714286 1.0 2.148680005401089 0.2285714285714286 cost = 24.511861258454132, cost1=24.511861258454132

i=0 0.1 0.5195363502423698 0.727863073348999 15.429684400558472 0.2222222222222222 1.0 1.8239547473573785 0.2222222222222222 cost = 21.6079615939352, cost1=21.6079615939352

i=0 0.1 0.4525232824553942 2.6660289764404297 18.0957133769989 0.19999999999999998 1.0 0.949959094429008 0.19999999999999998 cost = 18.690623297398737, cost1=18.690623297398737

i=0 0.1 0.3941539818506903 0.3728768825531006 18.468590259552002 0.19999999999999998 1.0 0.7915278055208451 0.19999999999999998 cost = 16.39081718572954, cost1=16.39081718572954

i=0 0.1 0.34331352094368267 0.585838794708252 19.054429054260254 0.19512195121951217 1.0 0.6653356818350167 0.19512195121951217 cost = 14.370589379928905, cost1=14.370589379928905

i=0 0.1 0.2990307826127625 0.8113405704498291 19.865769624710083 0.19047619047619047 1.0 0.4757334326172535 0.19047619047619047 cost = 12.547768300855259, cost1=12.547768300855259

i=0 0.1 0.2604599105337001 1.0091900825500488 20.874959707260132 0.18181818181818182 1.0 0.3308562817857437 0.18181818181818182 cost = 10.977212666342586, cost1=10.977212666342586

i=0 0.1 0.22686415225376097 0.3994617462158203 21.274421453475952 0.18181818181818182 1.0 0.2652174807820108 0.18181818181818182 cost = 9.599387474318275, cost1=9.599387474318275

i=0 0.1 0.19760178628779224 0.1662452220916748 21.440666675567627 0.18181818181818182 1.0 0.2189915900612343 0.18181818181818182 cost = 8.392191395656784, cost1=8.392191395656784

i=0 0.1 0.17211386442601356 0.12694907188415527 21.567615747451782 0.18181818181818182 1.0 0.18565986049564592 0.18181818181818182 cost = 7.335647169518848, cost1=7.335647169518848

i=0 0.1 0.14991353511608546 2.241204023361206 23.80881977081299 0.1739130434782609 1.0 0.14323306907348485 0.1739130434782609 cost = 6.410948899020248, cost1=6.410948899020248

i=0 0.01 28.211963230963963 0.0006730556488037109 23.809492826461792 0.0 1.0 489.12615980133575 0.0 cost = 489.12615980133575, cost1=489.12615980133575

i=0 0.01 24.573006681497752 0.0006310939788818359 23.810123920440674 0.0 1.0 489.12615980133575 0.0 cost = 489.12615980133575, cost1=489.12615980133575

i=0 0.01 21.403425646968028 0.0006411075592041016 23.810765027999878 0.0 1.0 489.12615980133575 0.0 cost = 489.12615980133575, cost1=489.12615980133575

i=0 0.01 18.642677119777133 0.0006582736968994141 23.811423301696777 0.0 1.0 489.12615980133575 0.0 cost = 489.12615980133575, cost1=489.12615980133575

i=0 0.01 16.238027310431736 0.0006489753723144531 23.812072277069092 0.0 1.0 489.12615980133575 0.0 cost = 489.12615980133575, cost1=489.12615980133575

i=0 0.01 14.143544365449966 0.0006520748138427734 23.812724351882935 0.0 1.0 489.12615980133575 0.0 cost = 489.12615980133575, cost1=489.12615980133575

i=0 0.01 12.319221010851523 0.0006279945373535156 23.813352346420288 0.0 1.0 489.12615980133575 0.0 cost = 489.12615980133575, cost1=489.12615980133575

i=0 0.01 10.730210362611421 0.0006508827209472656 23.814003229141235 0.0 1.0 489.12615980133575 0.0 cost = 489.12615980133575, cost1=489.12615980133575

i=0 0.01 9.346160307090315 0.0006272792816162109 23.81463050842285 0.0 1.0 489.12615980133575 0.0 cost = 489.12615980133575, cost1=489.12615980133575

i=0 0.01 8.140633737265514 0.0006279945373535156 23.815258502960205 0.0 1.0 489.12615980133575 0.0 cost = 489.12615980133575, cost1=489.12615980133575

i=0 0.01 7.090603570541246 0.0007009506225585938 23.815959453582764 0.0 1.0 489.12615980133575 0.0 cost = 489.12615980133575, cost1=489.12615980133575

i=0 0.01 6.176012902339531 0.0006661415100097656 23.816625595092773 0.0 1.0 489.12615980133575 0.0 cost = 489.12615980133575, cost1=489.12615980133575

i=0 0.01 5.379391893848717 0.0006299018859863281 23.81725549697876 0.0 1.0 489.12615980133575 0.0 cost = 489.12615980133575, cost1=489.12615980133575

i=0 0.01 4.685524076001097 0.000637054443359375 23.81789255142212 0.0 1.0 489.12615980133575 0.0 cost = 489.12615980133575, cost1=489.12615980133575

i=0 0.01 4.081155695663349 0.0006461143493652344 23.818538665771484 0.0 1.0 489.12615980133575 0.0 cost = 489.12615980133575, cost1=489.12615980133575

i=0 0.01 3.554742552184356 0.0006511211395263672 23.81918978691101 0.0 1.0 489.12615980133575 0.0 cost = 489.12615980133575, cost1=489.12615980133575

i=0 0.01 3.09622948855821 0.0006258487701416016 23.819815635681152 0.0 1.0 489.12615980133575 0.0 cost = 489.12615980133575, cost1=489.12615980133575

i=0 0.01 2.6968583252045994 0.0006580352783203125 23.820473670959473 0.0 1.0 489.12615980133575 0.0 cost = 489.12615980133575, cost1=489.12615980133575

i=0 0.01 2.349000567658869 0.016070842742919922 23.836544513702393 0.5714285714285715 1.0 142.31145565949623 0.5714285714285715 cost = 165.79152937619273, cost1=165.79152937619273

i=0 0.01 2.046011692676912 0.0010690689086914062 23.837613582611084 0.5714285714285715 1.0 142.30758685317264 0.5714285714285715 cost = 162.76265486075945, cost1=162.76265486075945

i=0 0.01 1.7821042294352372 0.0010991096496582031 23.838712692260742 0.5714285714285715 1.0 142.30465868931321 0.5714285714285715 cost = 160.12402949609043, cost1=160.12402949609043

i=0 0.01 1.5522372115164986 0.0010890960693359375 23.839801788330078 0.5714285714285715 1.0 142.3024420004827 0.5714285714285715 cost = 157.82542202889613, cost1=157.82542202889613

i=0 0.01 1.3520198880735976 0.0010790824890136719 23.840880870819092 0.5714285714285715 1.0 142.30076343739634 0.5714285714285715 cost = 155.8230546175514, cost1=155.8230546175514

i=0 0.01 1.1776278549337647 0.0011370182037353516 23.842017889022827 0.5714285714285715 1.0 142.29949205061254 0.5714285714285715 cost = 154.07877673009514, cost1=154.07877673009514

i=0 0.01 1.0257300036406054 0.005093812942504883 23.847111701965332 0.7499999999999999 1.0 95.98094335556941 0.7499999999999999 cost = 110.61502901685844, cost1=110.61502901685844

i=0 0.01 0.8934248930683893 0.0010700225830078125 23.84818172454834 0.7499999999999999 1.0 95.97908424063604 0.7499999999999999 cost = 108.72730432652693, cost1=108.72730432652693

i=0 0.01 0.7781853282259436 0.0011141300201416016 23.84929585456848 0.7499999999999999 1.0 95.97767746469378 0.7499999999999999 cost = 107.08286165368486, cost1=107.08286165368486

i=0 0.01 0.6778100876351608 0.0012998580932617188 23.850595712661743 0.7499999999999999 1.0 95.97661259949587 0.7499999999999999 cost = 105.65037167646527, cost1=105.65037167646527

i=0 0.01 0.590381877216004 0.0012331008911132812 23.851828813552856 0.7499999999999999 1.0 95.97580630368554 0.7499999999999999 cost = 104.40253375312447, cost1=104.40253375312447

i=0 0.01 0.5142307075440048 0.012945175170898438 23.864773988723755 0.7272727272727272 1.0 69.59089760790074 0.7272727272727272 cost = 82.22434588544664, cost1=82.22434588544664

i=0 0.01 0.44790199493955546 0.0032608509063720703 23.868034839630127 0.7272727272727272 1.0 69.58496753529315 0.7272727272727272 cost = 80.59439469027953, cost1=80.59439469027953

i=0 0.01 0.39012877707943217 0.041665077209472656 23.9096999168396 0.5000000000000001 1.0 43.45599965693032 0.5000000000000001 cost = 59.902722832965296, cost1=59.902722832965296

i=0 0.01 0.33980751241358653 0.04880690574645996 23.95850682258606 0.4 1.0 24.921851999526613 0.4 cost = 43.81190247436212, cost1=43.81190247436212

i=0 0.01 0.2959770011254507 0.009141921997070312 23.96764874458313 0.4 1.0 24.900641420943327 0.4 cost = 41.37387523768152, cost1=41.37387523768152

i=0 0.01 0.2578000249994245 0.009130001068115234 23.976778745651245 0.4 1.0 24.88501444391756 0.4 cost = 39.24797213995577, cost1=39.24797213995577

i=0 0.01 0.22454735549379537 0.06797385215759277 24.044752597808838 0.3076923076923077 1.0 11.553312944762952 0.3076923076923077 cost = 28.398194223678573, cost1=28.398194223678573

i=0 0.01 0.19558382455304058 0.012592077255249023 24.057344675064087 0.3076923076923077 1.0 11.532438605442888 0.3076923076923077 cost = 26.22399068197285, cost1=26.22399068197285

i=0 0.01 0.1703561920944177 0.19088387489318848 24.248228549957275 0.26666666666666666 1.0 4.3025459805549575 0.26666666666666666 cost = 19.462832844297495, cost1=19.462832844297495

i=0 0.01 0.14838257842248037 0.06480693817138672 24.313035488128662 0.25806451612903225 1.0 3.317310459930978 0.25806451612903225 cost = 16.861538626911056, cost1=16.861538626911056

i=0 0.01 0.12924325971726744 0.019359111785888672 24.33239459991455 0.25806451612903225 1.0 3.300887959418817 0.25806451612903225 cost = 15.113382211085788, cost1=15.113382211085788

i=0 0.01 0.1125726507783501 0.06443405151367188 24.396828651428223 0.25 1.0 2.6735423908249762 0.25 cost = 13.248711771051223, cost1=13.248711771051223

i=0 0.01 0.09805232188500161 0.06702780723571777 24.46385645866394 0.24242424242424243 1.0 2.2414001808920427 0.24242424242424243 cost = 11.659603888858454, cost1=11.659603888858454

i=0 0.01 0.08540491638568569 0.08953523635864258 24.553391695022583 0.2352941176470588 1.0 1.928618988970554 0.2352941176470588 cost = 10.298684532356553, cost1=10.298684532356553

i=0 0.01 0.07438885283512764 0.019155025482177734 24.57254672050476 0.2352941176470588 1.0 1.920771742769147 0.2352941176470588 cost = 9.218517895727883, cost1=9.218517895727883

i=0 0.01 0.06479371048308594 0.08776617050170898 24.66031289100647 0.2285714285714286 1.0 1.7147467365055213 0.2285714285714286 cost = 8.181446022112922, cost1=8.181446022112922

i=0 0.01 0.056436209971818335 0.2394118309020996 24.89972472190857 0.21621621621621623 1.0 0.4357080342305017 0.21621621621621623 cost = 6.398872885378362, cost1=6.398872885378362

i=0 0.01 0.049156712468482675 0.036392927169799805 24.93611764907837 0.21621621621621623 1.0 0.43055150329825026 0.21621621621621623 cost = 5.629348993242104, cost1=5.629348993242104

i=0 0.01 0.0428161703614703 0.2094731330871582 25.145590782165527 0.20512820512820512 1.0 0.18513278063038158 0.20512820512820512 cost = 4.864079721844271, cost1=4.864079721844271

i=0 0.01 0.03729347127511503 0.05836987495422363 25.20396065711975 0.20512820512820512 1.0 0.18007075819622753 0.20512820512820512 cost = 4.260208166806044, cost1=4.260208166806044

i=0 0.01 0.032483124670098805 0.05998110771179199 25.263941764831543 0.20512820512820512 1.0 0.17638544770718886 0.20512820512820512 cost = 3.733670775002617, cost1=3.733670775002617

