[216.40736058 188.4937774  164.18066384 143.00360867 124.55810333
 108.49181534  94.49785828  82.30892987  71.69220614  62.44489425
  54.39035884  47.37474809  41.26405496  35.94155748  31.30558923
  27.26759733  23.75045104  20.68696841  18.01863304  15.69447636
  13.67010404  11.906848    10.37102782   9.03330739   7.86813455
   6.85325305   5.96927734   5.19932239   4.52868107   3.94454329
   3.43575127   2.99258645   2.60658382   2.27037024   1.9775236
   1.72245016   1.5002777    1.30676244   1.138208     0.99139477
   0.86351843   0.75213639   0.65512111   0.57061946   0.49701737
   0.43290895   0.37706963   0.32843281   0.28606948   0.24917044]i=0 1 312.2098259152708 0.0007159709930419922 0.0007159709930419922 0.0 1.0 489.12615980133575 0.0 cost = 489.12615980133575, cost1=489.12615980133575

i=0 1 271.93903789811014 0.0006818771362304688 0.001397848129272461 0.0 1.0 489.12615980133575 0.0 cost = 489.12615980133575, cost1=489.12615980133575

i=0 1 236.8626295349813 0.006541013717651367 0.007938861846923828 0.33333333333333337 1.0 445.3106398099937 0.33333333333333337 cost = 487.6937160160214, cost1=487.6937160160214

i=0 1 206.31059705097118 0.007786273956298828 0.015725135803222656 0.5714285714285715 1.0 233.180549060541 0.5714285714285715 cost = 458.4211611874206, cost1=458.4211611874206

i=0 1 179.69935797424765 0.0037450790405273438 0.01947021484375 0.5714285714285715 1.0 200.45664599668532 0.5714285714285715 cost = 426.9856343174921, cost1=426.9856343174921

i=0 1 156.52060397255676 0.003111124038696289 0.02258133888244629 0.5714285714285715 1.0 181.7631603378384 0.5714285714285715 cost = 396.4350984019595, cost1=396.4350984019595

i=0 1 136.33159152101595 0.0031061172485351562 0.025687456130981445 0.5714285714285715 1.0 169.90210142749905 0.5714285714285715 cost = 367.90903620953236, cost1=367.90903620953236

i=0 1 118.74668494067365 0.008568048477172852 0.0342555046081543 0.7499999999999999 1.0 141.23987293877678 0.7499999999999999 cost = 340.6651434412289, cost1=340.6651434412289

i=0 1 103.42999026917344 0.005625247955322266 0.03988075256347656 0.7499999999999999 1.0 125.7664894241297 0.7499999999999999 cost = 313.81350152243283, cost1=313.81350152243283

i=0 1 90.08893926113359 0.004575967788696289 0.04445672035217285 0.7499999999999999 1.0 116.74942276284095 0.7499999999999999 cost = 288.9193068913326, cost1=288.9193068913326

i=0 1 78.46870096453189 0.0045299530029296875 0.04898667335510254 0.7499999999999999 1.0 110.82050658658031 0.7499999999999999 cost = 266.2958361565259, cost1=266.2958361565259

i=0 1 68.34731412713553 0.004530906677246094 0.05351758003234863 0.7499999999999999 1.0 106.73603343226456 0.7499999999999999 cost = 245.95652431832946, cost1=245.95652431832946

i=0 1 59.53144745577994 0.0051288604736328125 0.058646440505981445 0.6666666666666665 1.0 103.0603530790197 0.6666666666666665 cost = 227.77831593388424, cost1=227.77831593388424

i=0 1 51.85270674408604 0.009296178817749023 0.06794261932373047 0.7272727272727272 1.0 95.35835476147068 0.7272727272727272 cost = 211.21327300011916, cost1=211.21327300011916

i=0 1 45.16441833008278 0.009987115859985352 0.07792973518371582 0.7272727272727272 1.0 87.72712233246706 0.7272727272727272 cost = 195.7320919363305, cost1=195.7320919363305

i=0 1 39.33882744370648 0.011174917221069336 0.08910465240478516 0.6153846153846154 1.0 82.25878178846227 0.6153846153846154 cost = 181.43338325212198, cost1=181.43338325212198

i=0 1 34.26465792907022 0.016538143157958984 0.10564279556274414 0.47058823529411764 1.0 76.90637457797726 0.47058823529411764 cost = 168.30015919612862, cost1=168.30015919612862

i=0 1 29.84498672911064 0.024797916412353516 0.13044071197509766 0.3636363636363636 1.0 66.9552260244754 0.3636363636363636 cost = 155.85296186130648, cost1=155.85296186130648

i=0 1 25.99539253258091 0.030518054962158203 0.16095876693725586 0.3076923076923077 1.0 57.858722117751945 0.3076923076923077 cost = 143.79201614959376, cost1=143.79201614959376

i=0 1 22.642343220204207 0.10401463508605957 0.26497340202331543 0.26666666666666666 1.0 48.22615895993643 0.26666666666666666 cost = 132.12283990650155, cost1=132.12283990650155

i=0 1 19.721791308170232 0.10449886322021484 0.3694722652435303 0.27586206896551724 1.0 39.46794101316232 0.27586206896551724 cost = 120.67758157766556, cost1=120.67758157766556

i=0 1 17.177950560167822 0.24429106712341309 0.6137633323669434 0.26666666666666666 1.0 32.30427965943629 0.26666666666666666 cost = 109.71034814004487, cost1=109.71034814004487

i=0 1 14.962230399696251 0.1713089942932129 0.7850723266601562 0.24242424242424243 1.0 25.591904468114766 0.24242424242424243 cost = 99.27085919566683, cost1=99.27085919566683

i=0 1 13.03230776858211 0.18018889427185059 0.9652612209320068 0.2222222222222222 1.0 20.313484630398595 0.2222222222222222 cost = 89.42032344245268, cost1=89.42032344245268

i=0 1 11.351318703025308 0.16181612014770508 1.127077341079712 0.2222222222222222 1.0 16.0927662298885 0.2222222222222222 cost = 80.2155358902421, cost1=80.2155358902421

i=0 1 9.887154185253786 0.12869620323181152 1.2557735443115234 0.21621621621621623 1.0 12.751678525029794 0.21621621621621623 cost = 71.7180226015249, cost1=71.7180226015249

i=0 1 8.611846820663045 0.12888789176940918 1.3846614360809326 0.20512820512820512 1.0 10.225350895690978 0.20512820512820512 cost = 63.936946975421975, cost1=63.936946975421975

i=0 1 7.501036625197576 0.14556622505187988 1.5302276611328125 0.19999999999999998 1.0 8.026964063655376 0.19999999999999998 cost = 56.86650777485238, cost1=56.86650777485238

i=0 1 6.53350571883761 0.12579894065856934 1.6560266017913818 0.20512820512820512 1.0 6.258874853889688 0.20512820512820512 cost = 50.443847209318285, cost1=50.443847209318285

i=0 1 5.69077303724795 0.1710200309753418 1.8270466327667236 0.18604651162790697 1.0 4.88743646310201 0.18604651162790697 cost = 44.65179108616759, cost1=44.65179108616759

i=0 1 4.956741320068812 0.12550091743469238 1.952547550201416 0.1777777777777778 1.0 3.79557542389342 0.1777777777777778 cost = 39.44797704050029, cost1=39.44797704050029

i=0 1 4.317389632878279 0.17285728454589844 2.1254048347473145 0.1702127659574468 1.0 2.934553019863995 0.1702127659574468 cost = 34.790349885751056, cost1=34.790349885751056

i=0 1 3.7605055496069455 1.7802391052246094 3.905643939971924 0.1702127659574468 1.0 2.0720109435395773 0.1702127659574468 cost = 30.623379277388278, cost1=30.623379277388278

i=0 1 3.2754518797500736 0.3565104007720947 4.2621543407440186 0.1702127659574468 1.0 1.5785383116821947 0.1702127659574468 cost = 26.906205123225426, cost1=26.906205123225426

i=0 1 2.8529634845718124 0.14822816848754883 4.410382509231567 0.16666666666666666 1.0 1.215836615523929 0.16666666666666666 cost = 23.61432212981293, cost1=23.61432212981293

i=0 1 2.4849703012340436 0.14823198318481445 4.558614492416382 0.163265306122449 1.0 0.935711624651402 0.163265306122449 cost = 20.706139544951427, cost1=20.706139544951427

i=0 1 2.1644431943866964 0.24373888969421387 4.802353382110596 0.163265306122449 1.0 0.7131313238657535 0.163265306122449 cost = 18.1407131926762, cost1=18.1407131926762

i=0 1 1.8852596907900219 0.10094904899597168 4.903302431106567 0.163265306122449 1.0 0.5482190319014207 0.163265306122449 cost = 15.881385629219581, cost1=15.881385629219581

i=0 1 1.6420870323301746 0.09868717193603516 5.0019896030426025 0.163265306122449 1.0 0.42423209468582845 0.163265306122449 cost = 13.895033222309117, cost1=13.895033222309117

i=0 1 1.4302803135927475 0.0986018180847168 5.100591421127319 0.163265306122449 1.0 0.3310614478111148 0.163265306122449 cost = 12.151040307132675, cost1=12.151040307132675

i=0 1 1.2457937582930971 0.09465193748474121 5.1952433586120605 0.163265306122449 1.0 0.260943765438295 0.163265306122449 cost = 10.621578896075464, cost1=10.621578896075464

i=0 1 1.0851034398309916 0.23157382011413574 5.426817178726196 0.1568627450980392 1.0 0.20214339207782323 0.1568627450980392 cost = 9.281155660664835, cost1=9.281155660664835

i=0 1 0.945139969834425 0.23396778106689453 5.660784959793091 0.1568627450980392 1.0 0.15800315701296064 0.1568627450980392 cost = 8.107022736303273, cost1=8.107022736303273

i=0 1 0.823229868958621 0.3876688480377197 6.0484538078308105 0.1568627450980392 1.0 0.12172817524886222 0.1568627450980392 cost = 7.0792515820765844, cost1=7.0792515820765844

i=0 1 0.7170445000483404 0.6962869167327881 6.744740724563599 0.15384615384615383 1.0 0.09196904820962037 0.15384615384615383 cost = 6.179764642195962, cost1=6.179764642195962

i=0 1 0.624555588222246 0.461367130279541 7.20610785484314 0.1509433962264151 1.0 0.06907741409879803 0.1509433962264151 cost = 5.3929240274225, cost1=5.3929240274225

i=0 1 0.5439964782567033 0.30789709091186523 7.514004945755005 0.1509433962264151 1.0 0.05173697535304866 0.1509433962264151 cost = 4.7049870203596695, cost1=4.7049870203596695

i=0 1 0.4738283892360109 0.25166797637939453 7.765672922134399 0.1509433962264151 1.0 0.039039098387417474 0.1509433962264151 cost = 4.1038861963509685, cost1=4.1038861963509685

i=0 1 0.4127110218901976 0.23401093482971191 7.999683856964111 0.1481481481481481 1.0 0.029514665475531082 0.1481481481481481 cost = 3.5789075913711303, cost1=3.5789075913711303

i=0 1 0.3594769571833539 0.2348341941833496 8.234518051147461 0.1481481481481481 1.0 0.02216619658925169 0.1481481481481481 cost = 3.120564962178096, cost1=3.120564962178096

i=0 0.1 130.20161032759302 0.0006556510925292969 8.23517370223999 0.0 1.0 489.12615980133575 0.0 cost = 489.12615980133575, cost1=489.12615980133575

i=0 0.1 113.40738729625762 0.0006351470947265625 8.235808849334717 0.0 1.0 489.12615980133575 0.0 cost = 489.12615980133575, cost1=489.12615980133575

i=0 0.1 98.77938883400856 0.000621795654296875 8.236430644989014 0.0 1.0 489.12615980133575 0.0 cost = 489.12615980133575, cost1=489.12615980133575

i=0 0.1 86.03820166433057 0.0007081031799316406 8.237138748168945 0.0 1.0 489.12615980133575 0.0 cost = 489.12615980133575, cost1=489.12615980133575

i=0 0.1 74.9404529934022 0.0007112026214599609 8.237849950790405 0.0 1.0 489.12615980133575 0.0 cost = 489.12615980133575, cost1=489.12615980133575

i=0 0.1 65.27416178184274 0.0006330013275146484 8.23848295211792 0.0 1.0 489.12615980133575 0.0 cost = 489.12615980133575, cost1=489.12615980133575

i=0 0.1 56.854689638682785 0.00061798095703125 8.239100933074951 0.0 1.0 489.12615980133575 0.0 cost = 489.12615980133575, cost1=489.12615980133575

i=0 0.1 49.52121399451067 0.0007140636444091797 8.23981499671936 0.0 1.0 489.12615980133575 0.0 cost = 489.12615980133575, cost1=489.12615980133575

i=0 0.1 43.13365618693992 0.00063323974609375 8.240448236465454 0.0 1.0 489.12615980133575 0.0 cost = 489.12615980133575, cost1=489.12615980133575

i=0 0.1 37.570005780944214 0.0006299018859863281 8.24107813835144 0.0 1.0 489.12615980133575 0.0 cost = 489.12615980133575, cost1=489.12615980133575

i=0 0.1 32.7239900151928 0.0007190704345703125 8.24179720878601 0.0 1.0 489.12615980133575 0.0 cost = 489.12615980133575, cost1=489.12615980133575

i=0 0.1 28.503043857863506 0.0006401538848876953 8.242437362670898 0.0 1.0 489.12615980133575 0.0 cost = 489.12615980133575, cost1=489.12615980133575

i=0 0.1 24.826541897430772 0.009350299835205078 8.251787662506104 0.5714285714285715 1.0 144.0902399016322 0.5714285714285715 cost = 277.7214244939695, cost1=277.7214244939695

i=0 0.1 21.624258295306348 0.001580953598022461 8.253368616104126 0.5714285714285715 1.0 143.63045313558223 0.5714285714285715 cost = 260.45297124336184, cost1=260.45297124336184

i=0 0.1 18.835025383479486 0.0017521381378173828 8.255120754241943 0.5714285714285715 1.0 143.29142018817186 0.5714285714285715 cost = 245.36099073299204, cost1=245.36099073299204

i=0 0.1 16.405565284674683 0.001528024673461914 8.256648778915405 0.5714285714285715 1.0 143.04037148985162 0.5714285714285715 cost = 232.1780440228597, cost1=232.1780440228597

i=0 0.1 14.289472237493916 0.0015299320220947266 8.2581787109375 0.5714285714285715 1.0 142.85377215365602 0.5714285714285715 cost = 220.6676020802263, cost1=220.6676020802263

i=0 0.1 12.446326187665905 0.001708984375 8.2598876953125 0.5714285714285715 1.0 142.71465450543175 0.5714285714285715 cost = 210.62106890226707, cost1=210.62106890226707

i=0 0.1 10.840920713874212 0.007687807083129883 8.26757550239563 0.7499999999999999 1.0 96.78175245070473 0.7499999999999999 cost = 177.65526072527547, cost1=177.65526072527547

i=0 0.1 9.44259054057033 0.0022611618041992188 8.269836664199829 0.7499999999999999 1.0 96.57446485273958 0.7499999999999999 cost = 167.2093224239896, cost1=167.2093224239896

i=0 0.1 8.224625792416147 0.002219676971435547 8.272056341171265 0.7499999999999999 1.0 96.42185273015112 0.7499999999999999 cost = 158.087825980895, cost1=158.087825980895

i=0 0.1 7.163761801874259 0.002763032913208008 8.274819374084473 0.7499999999999999 1.0 96.30884014323587 0.7499999999999999 cost = 150.12593909604323, cost1=150.12593909604323

i=0 0.1 6.239734724625884 0.002582073211669922 8.277401447296143 0.7499999999999999 1.0 96.2248489809096 0.7499999999999999 cost = 143.17846224981045, cost1=143.17846224981045

i=0 0.1 5.43489447450858 0.02616596221923828 8.30356740951538 0.7272727272727272 1.0 72.14539192768802 0.7272727272727272 cost = 131.8356987978568, cost1=131.8356987978568

i=0 0.1 4.733867584541418 0.006166696548461914 8.309734106063843 0.7272727272727272 1.0 71.34709630167661 0.7272727272727272 cost = 124.07987953213183, cost1=124.07987953213183

i=0 0.1 4.123263554256632 0.0070040225982666016 8.31673812866211 0.7272727272727272 1.0 70.82675584059596 0.7272727272727272 cost = 117.2414890955493, cost1=117.2414890955493

i=0 0.1 3.591419074200402 0.055667877197265625 8.372406005859375 0.5714285714285714 1.0 53.99852793821441 0.5714285714285714 cost = 108.29429084659395, cost1=108.29429084659395

i=0 0.1 3.128175241967003 0.14426207542419434 8.51666808128357 0.4444444444444444 1.0 38.306922211451855 0.4444444444444444 cost = 99.25403137201941, cost1=99.25403137201941

i=0 0.1 2.7246835143108377 0.0487828254699707 8.56545090675354 0.4210526315789473 1.0 33.140220038407534 0.4210526315789473 cost = 90.27089743240927, cost1=90.27089743240927

i=0 0.1 2.373236688776134 0.08586883544921875 8.651319742202759 0.38095238095238093 1.0 23.76442923664776 0.38095238095238093 cost = 80.37573632347355, cost1=80.37573632347355

i=0 0.1 2.0671216863796724 0.2398509979248047 8.891170740127563 0.3333333333333333 1.0 20.54092454398585 0.3333333333333333 cost = 72.89707110285414, cost1=72.89707110285414

i=0 0.1 1.8004913233094775 0.479661226272583 9.370831966400146 0.32000000000000006 1.0 15.07312395509785 0.32000000000000006 cost = 64.65942412241105, cost1=64.65942412241105

i=0 0.1 1.5682526223167341 0.5489711761474609 9.919803142547607 0.2857142857142857 1.0 10.543085567450179 0.2857142857142857 cost = 57.80884590852277, cost1=57.80884590852277

i=0 0.1 1.3659695304072161 0.42521095275878906 10.345014095306396 0.27586206896551724 1.0 8.016523318474524 0.27586206896551724 cost = 51.24014746256053, cost1=51.24014746256053

i=0 0.1 1.1897781846170337 0.2575662136077881 10.602580308914185 0.25806451612903225 1.0 6.0475477004815845 0.25806451612903225 cost = 45.52496583557472, cost1=45.52496583557472

i=0 0.1 1.036313107341863 0.07744693756103516 10.68002724647522 0.25806451612903225 1.0 5.17732056210479 0.25806451612903225 cost = 40.36959139848097, cost1=40.36959139848097

i=0 0.1 0.9026429214570189 0.16791796684265137 10.847945213317871 0.24242424242424243 1.0 4.026205884505056 0.24242424242424243 cost = 35.73550763500602, cost1=35.73550763500602

i=0 0.1 0.786214357305898 0.19836091995239258 11.046306133270264 0.2352941176470588 1.0 3.0479740343092905 0.2352941176470588 cost = 31.518926013974397, cost1=31.518926013974397

i=0 0.1 0.6848034820193963 0.062100887298583984 11.108407020568848 0.2352941176470588 1.0 2.701529982790231 0.2352941176470588 cost = 27.82224299193968, cost1=27.82224299193968

i=0 0.1 0.5964732195846044 0.6446342468261719 11.75304126739502 0.2285714285714286 1.0 2.148471473392803 0.2285714285714286 cost = 24.511861390523876, cost1=24.511861390523876

i=0 0.1 0.5195363502423698 0.650968074798584 12.404009342193604 0.2222222222222222 1.0 1.8243283127219645 0.2222222222222222 cost = 21.60796175642951, cost1=21.60796175642951

i=0 0.1 0.4525232824553942 2.3848190307617188 14.788828372955322 0.19999999999999998 1.0 0.9493103228396057 0.19999999999999998 cost = 18.690623666620237, cost1=18.690623666620237

i=0 0.1 0.3941539818506903 0.2968449592590332 15.085673332214355 0.19999999999999998 1.0 0.7915923661402854 0.19999999999999998 cost = 16.390817326082946, cost1=16.390817326082946

i=0 0.1 0.34331352094368267 0.484342098236084 15.57001543045044 0.19512195121951217 1.0 0.6655105850695149 0.19512195121951217 cost = 14.370589587262351, cost1=14.370589587262351

i=0 0.1 0.2990307826127625 0.7909390926361084 16.360954523086548 0.19047619047619047 1.0 0.47578186381414445 0.19047619047619047 cost = 12.547768315979273, cost1=12.547768315979273

i=0 0.1 0.2604599105337001 0.8336148262023926 17.19456934928894 0.18604651162790697 1.0 0.33091346814838407 0.18604651162790697 cost = 10.977213067731137, cost1=10.977213067731137

i=0 0.1 0.22686415225376097 0.24892520904541016 17.44349455833435 0.18181818181818182 1.0 0.26524451321770154 0.18181818181818182 cost = 9.599387886967568, cost1=9.599387886967568

i=0 0.1 0.19760178628779224 0.13272500038146973 17.57621955871582 0.18181818181818182 1.0 0.21903656528269527 0.18181818181818182 cost = 8.392191553287251, cost1=8.392191553287251

i=0 0.1 0.17211386442601356 0.1169278621673584 17.69314742088318 0.18181818181818182 1.0 0.18567279825547373 0.18181818181818182 cost = 7.335647184184623, cost1=7.335647184184623

i=0 0.1 0.14991353511608546 1.7066130638122559 19.399760484695435 0.1739130434782609 1.0 0.14352504947668995 0.1739130434782609 cost = 6.410949995668794, cost1=6.410949995668794

i=0 0.01 28.211963230963963 0.0006749629974365234 19.40043544769287 0.0 1.0 489.12615980133575 0.0 cost = 489.12615980133575, cost1=489.12615980133575

i=0 0.01 24.573006681497752 0.0006678104400634766 19.401103258132935 0.0 1.0 489.12615980133575 0.0 cost = 489.12615980133575, cost1=489.12615980133575

i=0 0.01 21.403425646968028 0.0006818771362304688 19.401785135269165 0.0 1.0 489.12615980133575 0.0 cost = 489.12615980133575, cost1=489.12615980133575

i=0 0.01 18.642677119777133 0.0006539821624755859 19.40243911743164 0.0 1.0 489.12615980133575 0.0 cost = 489.12615980133575, cost1=489.12615980133575

i=0 0.01 16.238027310431736 0.0006549358367919922 19.403094053268433 0.0 1.0 489.12615980133575 0.0 cost = 489.12615980133575, cost1=489.12615980133575

i=0 0.01 14.143544365449966 0.0006430149078369141 19.40373706817627 0.0 1.0 489.12615980133575 0.0 cost = 489.12615980133575, cost1=489.12615980133575

i=0 0.01 12.319221010851523 0.0006549358367919922 19.40439200401306 0.0 1.0 489.12615980133575 0.0 cost = 489.12615980133575, cost1=489.12615980133575

i=0 0.01 10.730210362611421 0.000698089599609375 19.40509009361267 0.0 1.0 489.12615980133575 0.0 cost = 489.12615980133575, cost1=489.12615980133575

i=0 0.01 9.346160307090315 0.0006730556488037109 19.405763149261475 0.0 1.0 489.12615980133575 0.0 cost = 489.12615980133575, cost1=489.12615980133575

i=0 0.01 8.140633737265514 0.0007338523864746094 19.40649700164795 0.0 1.0 489.12615980133575 0.0 cost = 489.12615980133575, cost1=489.12615980133575

i=0 0.01 7.090603570541246 0.0006570816040039062 19.407154083251953 0.0 1.0 489.12615980133575 0.0 cost = 489.12615980133575, cost1=489.12615980133575

i=0 0.01 6.176012902339531 0.0006310939788818359 19.407785177230835 0.0 1.0 489.12615980133575 0.0 cost = 489.12615980133575, cost1=489.12615980133575

i=0 0.01 5.379391893848717 0.0006427764892578125 19.408427953720093 0.0 1.0 489.12615980133575 0.0 cost = 489.12615980133575, cost1=489.12615980133575

i=0 0.01 4.685524076001097 0.0006210803985595703 19.409049034118652 0.0 1.0 489.12615980133575 0.0 cost = 489.12615980133575, cost1=489.12615980133575

i=0 0.01 4.081155695663349 0.0006330013275146484 19.409682035446167 0.0 1.0 489.12615980133575 0.0 cost = 489.12615980133575, cost1=489.12615980133575

i=0 0.01 3.554742552184356 0.0006182193756103516 19.410300254821777 0.0 1.0 489.12615980133575 0.0 cost = 489.12615980133575, cost1=489.12615980133575

i=0 0.01 3.09622948855821 0.0006239414215087891 19.410924196243286 0.0 1.0 489.12615980133575 0.0 cost = 489.12615980133575, cost1=489.12615980133575

i=0 0.01 2.6968583252045994 0.0006401538848876953 19.411564350128174 0.0 1.0 489.12615980133575 0.0 cost = 489.12615980133575, cost1=489.12615980133575

i=0 0.01 2.349000567658869 0.01616382598876953 19.427728176116943 0.5714285714285715 1.0 142.31146084819693 0.5714285714285715 cost = 165.79152937663196, cost1=165.79152937663196

i=0 0.01 2.046011692676912 0.001519918441772461 19.429248094558716 0.5714285714285715 1.0 142.30758685362275 0.5714285714285715 cost = 162.76265486075943, cost1=162.76265486075943

i=0 0.01 1.7821042294352372 0.001135110855102539 19.43038320541382 0.5714285714285715 1.0 142.30465868931321 0.5714285714285715 cost = 160.12402949609043, cost1=160.12402949609043

i=0 0.01 1.5522372115164986 0.0008409023284912109 19.43122410774231 0.5714285714285715 1.0 142.30245118989686 0.5714285714285715 cost = 157.82542203202132, cost1=157.82542203202132

i=0 0.01 1.3520198880735976 0.0008459091186523438 19.432070016860962 0.5714285714285715 1.0 142.3007695352209 0.5714285714285715 cost = 155.82305461936625, cost1=155.82305461936625

i=0 0.01 1.1776278549337647 0.0008759498596191406 19.43294596672058 0.5714285714285715 1.0 142.2994960756821 0.5714285714285715 cost = 154.07877673113805, cost1=154.07877673113805

i=0 0.01 1.0257300036406054 0.00554203987121582 19.438488006591797 0.7499999999999999 1.0 95.98094335556941 0.7499999999999999 cost = 110.61502901685846, cost1=110.61502901685846

i=0 0.01 0.8934248930683893 0.001112222671508789 19.439600229263306 0.7499999999999999 1.0 95.97908424063607 0.7499999999999999 cost = 108.72730432652696, cost1=108.72730432652696

i=0 0.01 0.7781853282259436 0.001112222671508789 19.440712451934814 0.7499999999999999 1.0 95.97767746469378 0.7499999999999999 cost = 107.08286165368486, cost1=107.08286165368486

i=0 0.01 0.6778100876351608 0.000986337661743164 19.441698789596558 0.7499999999999999 1.0 95.97661717144891 0.7499999999999999 cost = 105.65037167847585, cost1=105.65037167847585

i=0 0.01 0.590381877216004 0.0009708404541015625 19.44266963005066 0.7499999999999999 1.0 95.97580933366034 0.7499999999999999 cost = 104.40253375428652, cost1=104.40253375428652

i=0 0.01 0.5142307075440048 0.012465953826904297 19.455135583877563 0.7272727272727272 1.0 69.59090763083795 0.7272727272727272 cost = 82.22434588660391, cost1=82.22434588660391

i=0 0.01 0.44790199493955546 0.0019249916076660156 19.45706057548523 0.7272727272727272 1.0 69.58497056078063 0.7272727272727272 cost = 80.59439469042431, cost1=80.59439469042431

i=0 0.01 0.39012877707943217 0.04083609580993652 19.497896671295166 0.5000000000000001 1.0 43.45602311792852 0.5000000000000001 cost = 59.90272283669894, cost1=59.90272283669894

i=0 0.01 0.33980751241358653 0.04771089553833008 19.545607566833496 0.4 1.0 24.92184922266077 0.4 cost = 43.811902474524004, cost1=43.811902474524004

i=0 0.01 0.2959770011254507 0.008149147033691406 19.553756713867188 0.4 1.0 24.900643440667054 0.4 cost = 41.373875237785136, cost1=41.373875237785136

i=0 0.01 0.2578000249994245 0.008341789245605469 19.562098503112793 0.4 1.0 24.885020486130962 0.4 cost = 39.24797214103523, cost1=39.24797214103523

i=0 0.01 0.22454735549379537 0.06912493705749512 19.631223440170288 0.3076923076923077 1.0 11.553317809724076 0.3076923076923077 cost = 28.398194223882435, cost1=28.398194223882435

i=0 0.01 0.19558382455304058 0.011754989624023438 19.64297842979431 0.3076923076923077 1.0 11.532442178237117 0.3076923076923077 cost = 26.22399068210224, cost1=26.22399068210224

i=0 0.01 0.1703561920944177 0.1882798671722412 19.831258296966553 0.26666666666666666 1.0 4.302554603701847 0.26666666666666666 cost = 19.462832845534937, cost1=19.462832845534937

i=0 0.01 0.14838257842248037 0.06222796440124512 19.893486261367798 0.25806451612903225 1.0 3.317307364800888 0.25806451612903225 cost = 16.86153862755188, cost1=16.86153862755188

i=0 0.01 0.12924325971726744 0.0175168514251709 19.91100311279297 0.25806451612903225 1.0 3.3008920328461118 0.25806451612903225 cost = 15.113382211648325, cost1=15.113382211648325

i=0 0.01 0.1125726507783501 0.06422019004821777 19.975223302841187 0.25 1.0 2.673545093326778 0.25 cost = 13.248711771480105, cost1=13.248711771480105

i=0 0.01 0.09805232188500161 0.06606602668762207 20.04128932952881 0.24242424242424243 1.0 2.2414009170231433 0.24242424242424243 cost = 11.659603889315107, cost1=11.659603889315107

i=0 0.01 0.08540491638568569 0.0880289077758789 20.129318237304688 0.2352941176470588 1.0 1.9286209878343932 0.2352941176470588 cost = 10.29868453408566, cost1=10.29868453408566

i=0 0.01 0.07438885283512764 0.01781320571899414 20.14713144302368 0.2352941176470588 1.0 1.9207732297217832 0.2352941176470588 cost = 9.218517895844604, cost1=9.218517895844604

i=0 0.01 0.06479371048308594 0.08388304710388184 20.231014490127563 0.2285714285714286 1.0 1.7147492218314508 0.2285714285714286 cost = 8.181446023443874, cost1=8.181446023443874

i=0 0.01 0.056436209971818335 0.22864890098571777 20.45966339111328 0.21621621621621623 1.0 0.4357040622800819 0.21621621621621623 cost = 6.398872895484815, cost1=6.398872895484815

i=0 0.01 0.049156712468482675 0.03211092948913574 20.491774320602417 0.21621621621621623 1.0 0.4305557044372044 0.21621621621621623 cost = 5.629348995057917, cost1=5.629348995057917

i=0 0.01 0.0428161703614703 0.19556808471679688 20.687342405319214 0.20512820512820512 1.0 0.18513457320967705 0.20512820512820512 cost = 4.864079741445825, cost1=4.864079741445825

i=0 0.01 0.03729347127511503 0.02951502799987793 20.716857433319092 0.20512820512820512 1.0 0.18007560679095475 0.20512820512820512 cost = 4.260208167872514, cost1=4.260208167872514

i=0 0.01 0.032483124670098805 0.02828383445739746 20.74514126777649 0.20512820512820512 1.0 0.17638753307733435 0.20512820512820512 cost = 3.733670775304509, cost1=3.733670775304509

