[216.40736058 188.4937774  164.18066384 143.00360867 124.55810333
 108.49181534  94.49785828  82.30892987  71.69220614  62.44489425
  54.39035884  47.37474809  41.26405496  35.94155748  31.30558923
  27.26759733  23.75045104  20.68696841  18.01863304  15.69447636
  13.67010404  11.906848    10.37102782   9.03330739   7.86813455
   6.85325305   5.96927734   5.19932239   4.52868107   3.94454329
   3.43575127   2.99258645   2.60658382   2.27037024   1.9775236
   1.72245016   1.5002777    1.30676244   1.138208     0.99139477
   0.86351843   0.75213639   0.65512111   0.57061946   0.49701737
   0.43290895   0.37706963   0.32843281   0.28606948   0.24917044]i=0 1 312.2098259152708 0.0006499290466308594 0.0006499290466308594 0.0 1.0 489.12615980133575 0.0 cost = 489.12615980133575, cost1=489.12615980133575

i=0 1 271.93903789811014 0.0006389617919921875 0.0012888908386230469 0.0 1.0 489.12615980133575 0.0 cost = 489.12615980133575, cost1=489.12615980133575

i=0 1 236.8626295349813 0.009275197982788086 0.010564088821411133 0.33333333333333337 1.0 445.30861840434517 0.33333333333333337 cost = 487.6937160109922, cost1=487.6937160109922

i=0 1 206.31059705097118 0.00986337661743164 0.020427465438842773 0.5714285714285715 1.0 233.17897981122633 0.5714285714285715 cost = 458.4211611835476, cost1=458.4211611835476

i=0 1 179.69935797424765 0.005783796310424805 0.026211261749267578 0.5714285714285715 1.0 200.4551867812449 0.5714285714285715 cost = 426.9856343112162, cost1=426.9856343112162

i=0 1 156.52060397255676 0.004689931869506836 0.030901193618774414 0.5714285714285715 1.0 181.76186463562377 0.5714285714285715 cost = 396.4350983939122, cost1=396.4350983939122

i=0 1 136.33159152101595 0.004142045974731445 0.03504323959350586 0.5714285714285715 1.0 169.9012836952076 0.5714285714285715 cost = 367.9090362046015, cost1=367.9090362046015

i=0 1 118.74668494067365 0.011276960372924805 0.046320199966430664 0.7499999999999999 1.0 141.23865614797077 0.7499999999999999 cost = 340.6651434336642, cost1=340.6651434336642

i=0 1 103.42999026917344 0.0071599483489990234 0.05348014831542969 0.7499999999999999 1.0 125.76604166756903 0.7499999999999999 cost = 313.8135015198475, cost1=313.8135015198475

i=0 1 90.08893926113359 0.0062410831451416016 0.05972123146057129 0.7499999999999999 1.0 116.74904894604444 0.7499999999999999 cost = 288.9193068879932, cost1=288.9193068879932

i=0 1 78.46870096453189 0.0062160491943359375 0.06593728065490723 0.7499999999999999 1.0 110.82036471313226 0.7499999999999999 cost = 266.29583615571846, cost1=266.29583615571846

i=0 1 68.34731412713553 0.005810976028442383 0.07174825668334961 0.7499999999999999 1.0 106.73592885420581 0.7499999999999999 cost = 245.9565243176372, cost1=245.9565243176372

i=0 1 59.53144745577994 0.0064849853515625 0.07823324203491211 0.6666666666666665 1.0 103.0602896866908 0.6666666666666665 cost = 227.77831593375808, cost1=227.77831593375808

i=0 1 51.85270674408604 0.011633872985839844 0.08986711502075195 0.7272727272727272 1.0 95.35814854233199 0.7272727272727272 cost = 211.21327299680743, cost1=211.21327299680743

i=0 1 45.16441833008278 0.012039899826049805 0.10190701484680176 0.7272727272727272 1.0 87.72696918875431 0.7272727272727272 cost = 195.73209193588775, cost1=195.73209193588775

i=0 1 39.33882744370648 0.015536069869995117 0.11744308471679688 0.6153846153846154 1.0 82.25859251485164 0.6153846153846154 cost = 181.43338324668002, cost1=181.43338324668002

i=0 1 34.26465792907022 0.02226996421813965 0.13971304893493652 0.47058823529411764 1.0 76.90637537546583 0.47058823529411764 cost = 168.30015919129363, cost1=168.30015919129363

i=0 1 29.84498672911064 0.031297922134399414 0.17101097106933594 0.3636363636363636 1.0 66.95511315051068 0.3636363636363636 cost = 155.85296185320846, cost1=155.85296185320846

i=0 1 25.99539253258091 0.04237627983093262 0.21338725090026855 0.3076923076923077 1.0 57.85869025009497 0.3076923076923077 cost = 143.79201607866412, cost1=143.79201607866412

i=0 1 22.642343220204207 0.12081313133239746 0.334200382232666 0.26666666666666666 1.0 48.225019064695964 0.26666666666666666 cost = 132.12283982137072, cost1=132.12283982137072

i=0 1 19.721791308170232 0.14089202880859375 0.47509241104125977 0.27586206896551724 1.0 39.46636655735941 0.27586206896551724 cost = 120.67758137472264, cost1=120.67758137472264

i=0 1 17.177950560167822 0.2833390235900879 0.7584314346313477 0.26666666666666666 1.0 32.302094480903236 0.26666666666666666 cost = 109.71034787109099, cost1=109.71034787109099

i=0 1 14.962230399696251 0.20796585083007812 0.9663972854614258 0.24242424242424243 1.0 25.59021397229965 0.24242424242424243 cost = 99.27085900360969, cost1=99.27085900360969

i=0 1 13.03230776858211 0.19983410835266113 1.166231393814087 0.2222222222222222 1.0 20.312541468444156 0.2222222222222222 cost = 89.42032338619563, cost1=89.42032338619563

i=0 1 11.351318703025308 0.20574402809143066 1.3719754219055176 0.2222222222222222 1.0 16.091876415694824 0.2222222222222222 cost = 80.21553572302564, cost1=80.21553572302564

i=0 1 9.887154185253786 0.15907931327819824 1.5310547351837158 0.21621621621621623 1.0 12.75128016031396 0.21621621621621623 cost = 71.71802248914157, cost1=71.71802248914157

i=0 1 8.611846820663045 0.1595020294189453 1.6905567646026611 0.20512820512820512 1.0 10.225161307369655 0.20512820512820512 cost = 63.93694689427891, cost1=63.93694689427891

i=0 1 7.501036625197576 0.18709206581115723 1.8776488304138184 0.19999999999999998 1.0 8.026620847340386 0.19999999999999998 cost = 56.86650769439372, cost1=56.86650769439372

i=0 1 6.53350571883761 0.1578807830810547 2.035529613494873 0.20512820512820512 1.0 6.258523755398431 0.20512820512820512 cost = 50.44384711879224, cost1=50.44384711879224

i=0 1 5.69077303724795 0.21825098991394043 2.2537806034088135 0.18604651162790697 1.0 4.8873106042492775 0.18604651162790697 cost = 44.65179100877735, cost1=44.65179100877735

i=0 1 4.956741320068812 0.1752760410308838 2.4290566444396973 0.1777777777777778 1.0 3.795335935534359 0.1777777777777778 cost = 39.44797683638701, cost1=39.44797683638701

i=0 1 4.317389632878279 0.2350614070892334 2.6641180515289307 0.16666666666666666 1.0 2.9343416512041203 0.16666666666666666 cost = 34.79034978634365, cost1=34.79034978634365

i=0 1 3.7605055496069455 2.103785991668701 4.767904043197632 0.1702127659574468 1.0 2.0711918171395554 0.1702127659574468 cost = 30.623377025608622, cost1=30.623377025608622

i=0 1 3.2754518797500736 0.413571834564209 5.181475877761841 0.1702127659574468 1.0 1.5783957192568807 0.1702127659574468 cost = 26.906204783669942, cost1=26.906204783669942

i=0 1 2.8529634845718124 0.22968125343322754 5.411157131195068 0.16666666666666666 1.0 1.215787977805455 0.16666666666666666 cost = 23.614321984226002, cost1=23.614321984226002

i=0 1 2.4849703012340436 0.1811830997467041 5.5923402309417725 0.163265306122449 1.0 0.9356506435685153 0.163265306122449 cost = 20.706139527112718, cost1=20.706139527112718

i=0 1 2.1644431943866964 0.2938239574432373 5.88616418838501 0.163265306122449 1.0 0.7130953623265887 0.163265306122449 cost = 18.140713130874953, cost1=18.140713130874953

i=0 1 1.8852596907900219 0.16631317138671875 6.0524773597717285 0.163265306122449 1.0 0.5479849380711329 0.163265306122449 cost = 15.881385293518267, cost1=15.881385293518267

i=0 1 1.6420870323301746 0.15793609619140625 6.210413455963135 0.163265306122449 1.0 0.42410411012839805 0.163265306122449 cost = 13.895033082978722, cost1=13.895033082978722

i=0 1 1.4302803135927475 0.14773178100585938 6.358145236968994 0.163265306122449 1.0 0.33099209805525315 0.163265306122449 cost = 12.151040252698765, cost1=12.151040252698765

i=0 1 1.2457937582930971 0.13555097579956055 6.493696212768555 0.163265306122449 1.0 0.2609057732206138 0.163265306122449 cost = 10.62157887423537, cost1=10.62157887423537

i=0 1 1.0851034398309916 0.49733567237854004 6.991031885147095 0.1568627450980392 1.0 0.2017923429401785 0.1568627450980392 cost = 9.281154070227778, cost1=9.281154070227778

i=0 1 0.945139969834425 0.4330723285675049 7.4241042137146 0.1568627450980392 1.0 0.15783705314502552 0.1568627450980392 cost = 8.1070222782386, cost1=8.1070222782386

i=0 1 0.823229868958621 0.5558948516845703 7.97999906539917 0.1568627450980392 1.0 0.12158311905788957 0.1568627450980392 cost = 7.079251188140056, cost1=7.079251188140056

i=0 1 0.7170445000483404 1.0471034049987793 9.02710247039795 0.15384615384615383 1.0 0.0918264022549377 0.15384615384615383 cost = 6.179764044099554, cost1=6.179764044099554

i=0 1 0.624555588222246 1.0214221477508545 10.048524618148804 0.1509433962264151 1.0 0.06874727121801825 0.1509433962264151 cost = 5.3929192927613, cost1=5.3929192927613

i=0 1 0.5439964782567033 0.7209699153900146 10.769494533538818 0.1509433962264151 1.0 0.051591981699416554 0.1509433962264151 cost = 4.7049854433377485, cost1=4.7049854433377485

i=0 1 0.4738283892360109 0.6712110042572021 11.44070553779602 0.1509433962264151 1.0 0.0389178937726277 0.1509433962264151 cost = 4.103884520450474, cost1=4.103884520450474

i=0 1 0.4127110218901976 0.6833481788635254 12.124053716659546 0.1481481481481481 1.0 0.02941042682917192 0.1481481481481481 cost = 3.5789063837312503, cost1=3.5789063837312503

i=0 1 0.3594769571833539 0.6500077247619629 12.774061441421509 0.1481481481481481 1.0 0.02209260129619622 0.1481481481481481 cost = 3.120563998693897, cost1=3.120563998693897

i=0 0.1 130.20161032759302 0.0006809234619140625 12.774742364883423 0.0 1.0 489.12615980133575 0.0 cost = 489.12615980133575, cost1=489.12615980133575

i=0 0.1 113.40738729625762 0.0006968975067138672 12.775439262390137 0.0 1.0 489.12615980133575 0.0 cost = 489.12615980133575, cost1=489.12615980133575

i=0 0.1 98.77938883400856 0.0006551742553710938 12.776094436645508 0.0 1.0 489.12615980133575 0.0 cost = 489.12615980133575, cost1=489.12615980133575

i=0 0.1 86.03820166433057 0.0006258487701416016 12.77672028541565 0.0 1.0 489.12615980133575 0.0 cost = 489.12615980133575, cost1=489.12615980133575

i=0 0.1 74.9404529934022 0.0006380081176757812 12.777358293533325 0.0 1.0 489.12615980133575 0.0 cost = 489.12615980133575, cost1=489.12615980133575

i=0 0.1 65.27416178184274 0.0006248950958251953 12.77798318862915 0.0 1.0 489.12615980133575 0.0 cost = 489.12615980133575, cost1=489.12615980133575

i=0 0.1 56.854689638682785 0.0006358623504638672 12.778619050979614 0.0 1.0 489.12615980133575 0.0 cost = 489.12615980133575, cost1=489.12615980133575

i=0 0.1 49.52121399451067 0.0007381439208984375 12.779357194900513 0.0 1.0 489.12615980133575 0.0 cost = 489.12615980133575, cost1=489.12615980133575

i=0 0.1 43.13365618693992 0.0007679462432861328 12.780125141143799 0.0 1.0 489.12615980133575 0.0 cost = 489.12615980133575, cost1=489.12615980133575

i=0 0.1 37.570005780944214 0.0006868839263916016 12.78081202507019 0.0 1.0 489.12615980133575 0.0 cost = 489.12615980133575, cost1=489.12615980133575

i=0 0.1 32.7239900151928 0.0006399154663085938 12.781451940536499 0.0 1.0 489.12615980133575 0.0 cost = 489.12615980133575, cost1=489.12615980133575

i=0 0.1 28.503043857863506 0.0006320476531982422 12.782083988189697 0.0 1.0 489.12615980133575 0.0 cost = 489.12615980133575, cost1=489.12615980133575

i=0 0.1 24.826541897430772 0.01063680648803711 12.792720794677734 0.5714285714285715 1.0 144.09016303092756 0.5714285714285715 cost = 277.7214244932013, cost1=277.7214244932013

i=0 0.1 21.624258295306348 0.0024318695068359375 12.79515266418457 0.5714285714285715 1.0 143.63035064866227 0.5714285714285715 cost = 260.45297124150466, cost1=260.45297124150466

i=0 0.1 18.835025383479486 0.0021729469299316406 12.797325611114502 0.5714285714285715 1.0 143.29137311650268 0.5714285714285715 cost = 245.3609907324515, cost1=245.3609907324515

i=0 0.1 16.405565284674683 0.0019888877868652344 12.799314498901367 0.5714285714285715 1.0 143.04034525423825 0.5714285714285715 cost = 232.17804402262254, cost1=232.17804402262254

i=0 0.1 14.289472237493916 0.0020859241485595703 12.801400423049927 0.5714285714285715 1.0 142.85375932742025 0.5714285714285715 cost = 220.66760208015003, cost1=220.66760208015003

i=0 0.1 12.446326187665905 0.0024018287658691406 12.803802251815796 0.5714285714285715 1.0 142.71464805982652 0.5714285714285715 cost = 210.62106890224123, cost1=210.62106890224123

i=0 0.1 10.840920713874212 0.008341312408447266 12.812143564224243 0.7499999999999999 1.0 96.78173424367931 0.7499999999999999 cost = 177.65526072506725, cost1=177.65526072506725

i=0 0.1 9.44259054057033 0.0027337074279785156 12.814877271652222 0.7499999999999999 1.0 96.57445644079732 0.7499999999999999 cost = 167.20932242392848, cost1=167.20932242392848

i=0 0.1 8.224625792416147 0.0027458667755126953 12.817623138427734 0.7499999999999999 1.0 96.4218133723069 0.7499999999999999 cost = 158.0878259792774, cost1=158.0878259792774

i=0 0.1 7.163761801874259 0.003470897674560547 12.821094036102295 0.7499999999999999 1.0 96.30882198323744 0.7499999999999999 cost = 150.1259390955279, cost1=150.1259390955279

i=0 0.1 6.239734724625884 0.003367185592651367 12.824461221694946 0.7499999999999999 1.0 96.2248405166681 0.7499999999999999 cost = 143.1784622496558, cost1=143.1784622496558

i=0 0.1 5.43489447450858 0.028537988662719727 12.852999210357666 0.7272727272727272 1.0 72.14517971814874 0.7272727272727272 cost = 131.83569879453842, cost1=131.83569879453842

i=0 0.1 4.733867584541418 0.00819087028503418 12.8611900806427 0.7272727272727272 1.0 71.34695594417559 0.7272727272727272 cost = 124.0798795290305, cost1=124.0798795290305

i=0 0.1 4.123263554256632 0.009216070175170898 12.870406150817871 0.7272727272727272 1.0 70.82663127238612 0.7272727272727272 cost = 117.2414890923471, cost1=117.2414890923471

i=0 0.1 3.591419074200402 0.05991816520690918 12.93032431602478 0.5714285714285714 1.0 53.9983914209873 0.5714285714285714 cost = 108.29429084514967, cost1=108.29429084514967

i=0 0.1 3.128175241967003 0.15428495407104492 13.084609270095825 0.4444444444444444 1.0 38.30659590061853 0.4444444444444444 cost = 99.25403136387735, cost1=99.25403136387735

i=0 0.1 2.7246835143108377 0.055210113525390625 13.139819383621216 0.4210526315789473 1.0 33.14024917274671 0.4210526315789473 cost = 90.27089742545189, cost1=90.27089742545189

i=0 0.1 2.373236688776134 0.09211397171020508 13.231933355331421 0.38095238095238093 1.0 23.76435498318486 0.38095238095238093 cost = 80.37573632110562, cost1=80.37573632110562

i=0 0.1 2.0671216863796724 0.39525890350341797 13.627192258834839 0.3333333333333333 1.0 20.543413987331416 0.3333333333333333 cost = 72.89707082956207, cost1=72.89707082956207

i=0 0.1 1.8004913233094775 0.5115399360656738 14.138732194900513 0.32000000000000006 1.0 15.072192823570477 0.32000000000000006 cost = 64.65942408801314, cost1=64.65942408801314

i=0 0.1 1.5682526223167341 0.6016900539398193 14.740422248840332 0.2857142857142857 1.0 10.543082822243358 0.2857142857142857 cost = 57.80884583307924, cost1=57.80884583307924

i=0 0.1 1.3659695304072161 0.4574761390686035 15.197898387908936 0.27586206896551724 1.0 8.015847545316063 0.27586206896551724 cost = 51.24014743446879, cost1=51.24014743446879

i=0 0.1 1.1897781846170337 0.3096299171447754 15.507528305053711 0.25806451612903225 1.0 6.0479639161028995 0.25806451612903225 cost = 45.524965729759636, cost1=45.524965729759636

i=0 0.1 1.036313107341863 0.09291386604309082 15.600442171096802 0.25806451612903225 1.0 5.177299211170983 0.25806451612903225 cost = 40.36959137318179, cost1=40.36959137318179

i=0 0.1 0.9026429214570189 0.21520304679870605 15.815645217895508 0.24242424242424243 1.0 4.025886415582364 0.24242424242424243 cost = 35.735507593316754, cost1=35.735507593316754

i=0 0.1 0.786214357305898 0.21737003326416016 16.033015251159668 0.2352941176470588 1.0 3.0479532700915244 0.2352941176470588 cost = 31.518925963362797, cost1=31.518925963362797

i=0 0.1 0.6848034820193963 0.07436013221740723 16.107375383377075 0.2352941176470588 1.0 2.701471929223291 0.2352941176470588 cost = 27.822242980143464, cost1=27.822242980143464

i=0 0.1 0.5964732195846044 0.7050518989562988 16.812427282333374 0.2285714285714286 1.0 2.148704568827253 0.2285714285714286 cost = 24.511861256752784, cost1=24.511861256752784

i=0 0.1 0.5195363502423698 0.7412910461425781 17.553718328475952 0.2222222222222222 1.0 1.8239160834572703 0.2222222222222222 cost = 21.60796159207215, cost1=21.60796159207215

i=0 0.1 0.4525232824553942 2.685124158859253 20.238842487335205 0.19999999999999998 1.0 0.9500233649999476 0.19999999999999998 cost = 18.690623293175836, cost1=18.690623293175836

i=0 0.1 0.3941539818506903 0.378262996673584 20.61710548400879 0.19999999999999998 1.0 0.7915226720114266 0.19999999999999998 cost = 16.390817184540765, cost1=16.390817184540765

i=0 0.1 0.34331352094368267 0.6123011112213135 21.229406595230103 0.19512195121951217 1.0 0.6653180701127189 0.19512195121951217 cost = 14.370589377624315, cost1=14.370589377624315

i=0 0.1 0.2990307826127625 0.8121278285980225 22.041534423828125 0.19047619047619047 1.0 0.4757268352623593 0.19047619047619047 cost = 12.547768300560488, cost1=12.547768300560488

i=0 0.1 0.2604599105337001 1.2372143268585205 23.278748750686646 0.18181818181818182 1.0 0.3308419066110582 0.18181818181818182 cost = 10.97721263645223, cost1=10.97721263645223

i=0 0.1 0.22686415225376097 0.4432260990142822 23.721974849700928 0.18181818181818182 1.0 0.2652166527336542 0.18181818181818182 cost = 9.59938747069039, cost1=9.59938747069039

i=0 0.1 0.19760178628779224 0.2018277645111084 23.923802614212036 0.18181818181818182 1.0 0.21898950150948815 0.18181818181818182 cost = 8.392191392326474, cost1=8.392191392326474

i=0 0.1 0.17211386442601356 0.13396096229553223 24.05776357650757 0.18181818181818182 1.0 0.18565895388304496 0.18181818181818182 cost = 7.335647169026616, cost1=7.335647169026616

i=0 0.1 0.14991353511608546 2.473210096359253 26.53097367286682 0.1739130434782609 1.0 0.143197876224252 0.1739130434782609 cost = 6.410948882722675, cost1=6.410948882722675

i=0 0.01 28.211963230963963 0.0006537437438964844 26.531627416610718 0.0 1.0 489.12615980133575 0.0 cost = 489.12615980133575, cost1=489.12615980133575

i=0 0.01 24.573006681497752 0.0006380081176757812 26.532265424728394 0.0 1.0 489.12615980133575 0.0 cost = 489.12615980133575, cost1=489.12615980133575

i=0 0.01 21.403425646968028 0.0006351470947265625 26.53290057182312 0.0 1.0 489.12615980133575 0.0 cost = 489.12615980133575, cost1=489.12615980133575

i=0 0.01 18.642677119777133 0.0006291866302490234 26.53352975845337 0.0 1.0 489.12615980133575 0.0 cost = 489.12615980133575, cost1=489.12615980133575

i=0 0.01 16.238027310431736 0.0006568431854248047 26.534186601638794 0.0 1.0 489.12615980133575 0.0 cost = 489.12615980133575, cost1=489.12615980133575

i=0 0.01 14.143544365449966 0.0006461143493652344 26.53483271598816 0.0 1.0 489.12615980133575 0.0 cost = 489.12615980133575, cost1=489.12615980133575

i=0 0.01 12.319221010851523 0.0006501674652099609 26.53548288345337 0.0 1.0 489.12615980133575 0.0 cost = 489.12615980133575, cost1=489.12615980133575

i=0 0.01 10.730210362611421 0.0006208419799804688 26.53610372543335 0.0 1.0 489.12615980133575 0.0 cost = 489.12615980133575, cost1=489.12615980133575

i=0 0.01 9.346160307090315 0.0006821155548095703 26.53678584098816 0.0 1.0 489.12615980133575 0.0 cost = 489.12615980133575, cost1=489.12615980133575

i=0 0.01 8.140633737265514 0.0006337165832519531 26.53741955757141 0.0 1.0 489.12615980133575 0.0 cost = 489.12615980133575, cost1=489.12615980133575

i=0 0.01 7.090603570541246 0.0006341934204101562 26.53805375099182 0.0 1.0 489.12615980133575 0.0 cost = 489.12615980133575, cost1=489.12615980133575

i=0 0.01 6.176012902339531 0.0006279945373535156 26.538681745529175 0.0 1.0 489.12615980133575 0.0 cost = 489.12615980133575, cost1=489.12615980133575

i=0 0.01 5.379391893848717 0.0007228851318359375 26.53940463066101 0.0 1.0 489.12615980133575 0.0 cost = 489.12615980133575, cost1=489.12615980133575

i=0 0.01 4.685524076001097 0.0006568431854248047 26.540061473846436 0.0 1.0 489.12615980133575 0.0 cost = 489.12615980133575, cost1=489.12615980133575

i=0 0.01 4.081155695663349 0.0006270408630371094 26.540688514709473 0.0 1.0 489.12615980133575 0.0 cost = 489.12615980133575, cost1=489.12615980133575

i=0 0.01 3.554742552184356 0.0007748603820800781 26.541463375091553 0.0 1.0 489.12615980133575 0.0 cost = 489.12615980133575, cost1=489.12615980133575

i=0 0.01 3.09622948855821 0.0006508827209472656 26.5421142578125 0.0 1.0 489.12615980133575 0.0 cost = 489.12615980133575, cost1=489.12615980133575

i=0 0.01 2.6968583252045994 0.0006289482116699219 26.54274320602417 0.0 1.0 489.12615980133575 0.0 cost = 489.12615980133575, cost1=489.12615980133575

i=0 0.01 2.349000567658869 0.016314029693603516 26.559057235717773 0.5714285714285715 1.0 142.31145565949623 0.5714285714285715 cost = 165.79152937619273, cost1=165.79152937619273

i=0 0.01 2.046011692676912 0.001264810562133789 26.560322046279907 0.5714285714285715 1.0 142.30758654132163 0.5714285714285715 cost = 162.76265486075633, cost1=162.76265486075633

i=0 0.01 1.7821042294352372 0.0012860298156738281 26.56160807609558 0.5714285714285715 1.0 142.30465849280026 0.5714285714285715 cost = 160.12402949608884, cost1=160.12402949608884

i=0 0.01 1.5522372115164986 0.0013611316680908203 26.562969207763672 0.5714285714285715 1.0 142.30244187607997 0.5714285714285715 cost = 157.82542202889525, cost1=157.82542202889525

i=0 0.01 1.3520198880735976 0.0013608932495117188 26.564330101013184 0.5714285714285715 1.0 142.30076335829605 0.5714285714285715 cost = 155.8230546175509, cost1=155.8230546175509

i=0 0.01 1.1776278549337647 0.0016798973083496094 26.566009998321533 0.5714285714285715 1.0 142.29949200011112 0.5714285714285715 cost = 154.07877673009477, cost1=154.07877673009477

i=0 0.01 1.0257300036406054 0.005502939224243164 26.571512937545776 0.7499999999999999 1.0 95.98094324274373 0.7499999999999999 cost = 110.6150290168565, cost1=110.6150290168565

i=0 0.01 0.8934248930683893 0.0018768310546875 26.573389768600464 0.7499999999999999 1.0 95.97908418080054 0.7499999999999999 cost = 108.72730432652618, cost1=108.72730432652618

i=0 0.01 0.7781853282259436 0.0011394023895263672 26.57452917098999 0.7499999999999999 1.0 95.97767746468345 0.7499999999999999 cost = 107.08286165368486, cost1=107.08286165368486

i=0 0.01 0.6778100876351608 0.001608133316040039 26.57613730430603 0.7499999999999999 1.0 95.97661259949584 0.7499999999999999 cost = 105.65037167646524, cost1=105.65037167646524

i=0 0.01 0.590381877216004 0.0014679431915283203 26.57760524749756 0.7499999999999999 1.0 95.97580630368554 0.7499999999999999 cost = 104.40253375312447, cost1=104.40253375312447

i=0 0.01 0.5142307075440048 0.014155149459838867 26.591760396957397 0.7272727272727272 1.0 69.59089760790074 0.7272727272727272 cost = 82.22434588544664, cost1=82.22434588544664

i=0 0.01 0.44790199493955546 0.0033698081970214844 26.59513020515442 0.7272727272727272 1.0 69.58496753529315 0.7272727272727272 cost = 80.59439469027953, cost1=80.59439469027953

i=0 0.01 0.39012877707943217 0.04245591163635254 26.63758611679077 0.5000000000000001 1.0 43.45599777399162 0.5000000000000001 cost = 59.90272283294409, cost1=59.90272283294409

i=0 0.01 0.33980751241358653 0.04761910438537598 26.685205221176147 0.4 1.0 24.92185267020698 0.4 cost = 43.81190247434829, cost1=43.81190247434829

i=0 0.01 0.2959770011254507 0.009829044342041016 26.69503426551819 0.4 1.0 24.90064102833295 0.4 cost = 41.37387523767452, cost1=41.37387523767452

i=0 0.01 0.2578000249994245 0.01044607162475586 26.705480337142944 0.4 1.0 24.885013642253323 0.4 cost = 39.24797213993265, cost1=39.24797213993265

i=0 0.01 0.22454735549379537 0.06888723373413086 26.774367570877075 0.3076923076923077 1.0 11.553312607050579 0.3076923076923077 cost = 28.398194223675624, cost1=28.398194223675624

i=0 0.01 0.19558382455304058 0.013478755950927734 26.787846326828003 0.3076923076923077 1.0 11.532438384000677 0.3076923076923077 cost = 26.223990681971085, cost1=26.223990681971085

i=0 0.01 0.1703561920944177 0.192551851272583 26.980398178100586 0.26666666666666666 1.0 4.302545342423153 0.26666666666666666 cost = 19.46283284428516, cost1=19.46283284428516

i=0 0.01 0.14838257842248037 0.06412220001220703 27.044520378112793 0.25806451612903225 1.0 3.31731088005429 0.25806451612903225 cost = 16.861538626887764, cost1=16.861538626887764

i=0 0.01 0.12924325971726744 0.019793272018432617 27.064313650131226 0.25806451612903225 1.0 3.3008875949263894 0.25806451612903225 cost = 15.113382211075049, cost1=15.113382211075049

i=0 0.01 0.1125726507783501 0.06537294387817383 27.1296865940094 0.25 1.0 2.6735421571802944 0.25 cost = 13.248711771035099, cost1=13.248711771035099

i=0 0.01 0.09805232188500161 0.06854009628295898 27.19822669029236 0.24242424242424243 1.0 2.241400088080087 0.24242424242424243 cost = 11.65960388884789, cost1=11.65960388884789

i=0 0.01 0.08540491638568569 0.08964991569519043 27.28787660598755 0.2352941176470588 1.0 1.928618686143151 0.2352941176470588 cost = 10.29868453230159, cost1=10.29868453230159

i=0 0.01 0.07438885283512764 0.02064990997314453 27.308526515960693 0.2352941176470588 1.0 1.9207716514923017 0.2352941176470588 cost = 9.218517895723336, cost1=9.218517895723336

i=0 0.01 0.06479371048308594 0.08610200881958008 27.394628524780273 0.2285714285714286 1.0 1.7147463510858723 0.2285714285714286 cost = 8.181446022056036, cost1=8.181446022056036

i=0 0.01 0.056436209971818335 0.23822402954101562 27.63285255432129 0.21621621621621623 1.0 0.4357094369865263 0.21621621621621623 cost = 6.398872885053446, cost1=6.398872885053446

i=0 0.01 0.049156712468482675 0.039732933044433594 27.672585487365723 0.21621621621621623 1.0 0.43055067544033854 0.21621621621621623 cost = 5.629348993167545, cost1=5.629348993167545

i=0 0.01 0.0428161703614703 0.20335006713867188 27.875935554504395 0.20512820512820512 1.0 0.18513286161694442 0.20512820512820512 cost = 4.864079721746571, cost1=4.864079721746571

i=0 0.01 0.03729347127511503 0.03590798377990723 27.9118435382843 0.20512820512820512 1.0 0.1800700186000149 0.20512820512820512 cost = 4.260208166766322, cost1=4.260208166766322

i=0 0.01 0.032483124670098805 0.03220105171203613 27.944044589996338 0.20512820512820512 1.0 0.17638518234243078 0.20512820512820512 cost = 3.7336707749901437, cost1=3.7336707749901437

