[216.40736058 188.4937774  164.18066384 143.00360867 124.55810333
 108.49181534  94.49785828  82.30892987  71.69220614  62.44489425
  54.39035884  47.37474809  41.26405496  35.94155748  31.30558923
  27.26759733  23.75045104  20.68696841  18.01863304  15.69447636
  13.67010404  11.906848    10.37102782   9.03330739   7.86813455
   6.85325305   5.96927734   5.19932239   4.52868107   3.94454329
   3.43575127   2.99258645   2.60658382   2.27037024   1.9775236
   1.72245016   1.5002777    1.30676244   1.138208     0.99139477
   0.86351843   0.75213639   0.65512111   0.57061946   0.49701737
   0.43290895   0.37706963   0.32843281   0.28606948   0.24917044]0 1 312.2098259152708 0.0064580440521240234 0.0064580440521240234 0.0 1.0
0 1 271.93903789811014 0.006549835205078125 0.013007879257202148 0.0 1.0
0 1 236.8626295349813 0.006457805633544922 0.01946568489074707 0.33333333333333337 1.0
0 1 206.31059705097118 0.050993919372558594 0.07045960426330566 0.5714285714285715 1.0
0 1 179.69935797424765 0.04571700096130371 0.11617660522460938 0.5714285714285715 1.0
0 1 156.52060397255676 0.03869509696960449 0.15487170219421387 0.5714285714285715 1.0
0 1 136.33159152101595 0.038344383239746094 0.19321608543395996 0.5714285714285715 1.0
0 1 118.74668494067365 0.044682979583740234 0.2378990650177002 0.7499999999999999 1.0
0 1 103.42999026917344 0.044405221939086914 0.2823042869567871 0.7499999999999999 1.0
0 1 90.08893926113359 0.0446012020111084 0.3269054889678955 0.7499999999999999 1.0
0 1 78.46870096453189 0.03838610649108887 0.3652915954589844 0.7499999999999999 1.0
0 1 68.34731412713553 0.03817296028137207 0.40346455574035645 0.7499999999999999 1.0
0 1 59.53144745577994 0.044728994369506836 0.4481935501098633 0.6666666666666665 1.0
0 1 51.85270674408604 0.05333399772644043 0.5015275478363037 0.7272727272727272 1.0
0 1 45.16441833008278 0.044760704040527344 0.546288251876831 0.7272727272727272 1.0
0 1 39.33882744370648 0.057769060134887695 0.6040573120117188 0.6153846153846154 1.0
0 1 34.26465792907022 0.10907697677612305 0.7131342887878418 0.47058823529411764 1.0
0 1 29.84498672911064 0.11298704147338867 0.8261213302612305 0.3636363636363636 1.0
0 1 25.99539253258091 0.14418697357177734 0.9703083038330078 0.3076923076923077 1.0
0 1 22.642343220204207 0.4498169422149658 1.4201252460479736 0.26666666666666666 1.0
0 1 19.721791308170232 0.5225062370300293 1.942631483078003 0.27586206896551724 1.0
0 1 17.177950560167822 0.8021810054779053 2.744812488555908 0.26666666666666666 1.0
0 1 14.962230399696251 0.6737818717956543 3.4185943603515625 0.24242424242424243 1.0
0 1 13.03230776858211 0.5451920032501221 3.9637863636016846 0.2222222222222222 1.0
0 1 11.351318703025308 0.5887088775634766 4.552495241165161 0.2222222222222222 1.0
0 1 9.887154185253786 0.531578779220581 5.084074020385742 0.21621621621621623 1.0
0 1 8.611846820663045 0.5277018547058105 5.611775875091553 0.20512820512820512 1.0
0 1 7.501036625197576 0.6344990730285645 6.246274948120117 0.19999999999999998 1.0
0 1 6.53350571883761 0.5218479633331299 6.768122911453247 0.20512820512820512 1.0
0 1 5.69077303724795 0.6422550678253174 7.4103779792785645 0.18604651162790697 1.0
0 1 4.956741320068812 0.5573949813842773 7.967772960662842 0.1777777777777778 1.0
0 1 4.317389632878279 0.6667690277099609 8.634541988372803 0.16666666666666666 1.0
0 1 3.7605055496069455 5.724919080734253 14.359461069107056 0.1702127659574468 1.0
0 1 3.2754518797500736 1.2082571983337402 15.567718267440796 0.1702127659574468 1.0
0 1 2.8529634845718124 0.5904481410980225 16.15816640853882 0.16666666666666666 1.0
0 1 2.4849703012340436 0.7036409378051758 16.861807346343994 0.163265306122449 1.0
0 1 2.1644431943866964 0.9588301181793213 17.820637464523315 0.163265306122449 1.0
0 1 1.8852596907900219 0.4253709316253662 18.24600839614868 0.163265306122449 1.0
0 1 1.6420870323301746 0.4058816432952881 18.65189003944397 0.163265306122449 1.0
0 1 1.4302803135927475 0.3930208683013916 19.04491090774536 0.163265306122449 1.0
0 1 1.2457937582930971 0.37354278564453125 19.418453693389893 0.163265306122449 1.0
0 1 1.0851034398309916 2.117457151412964 21.535910844802856 0.1568627450980392 1.0
0 1 0.945139969834425 1.8009059429168701 23.336816787719727 0.1568627450980392 1.0
0 1 0.823229868958621 3.0896220207214355 26.426438808441162 0.1568627450980392 1.0
0 1 0.7170445000483404 6.188508987426758 32.61494779586792 0.15384615384615383 1.0
0 1 0.624555588222246 5.140542984008789 37.75549077987671 0.1509433962264151 1.0
0 1 0.5439964782567033 3.345259189605713 41.10074996948242 0.1509433962264151 1.0
0 1 0.4738283892360109 2.9021313190460205 44.00288128852844 0.1509433962264151 1.0
0 1 0.4127110218901976 2.9562501907348633 46.959131479263306 0.1481481481481481 1.0
0 1 0.3594769571833539 2.857862949371338 49.816994428634644 0.1481481481481481 1.0
0 0.1 130.20161032759302 0.006301164627075195 49.82329559326172 0.0 1.0
0 0.1 113.40738729625762 0.0065631866455078125 49.82985877990723 0.0 1.0
0 0.1 98.77938883400856 0.006416797637939453 49.836275577545166 0.0 1.0
0 0.1 86.03820166433057 0.006479978561401367 49.84275555610657 0.0 1.0
0 0.1 74.9404529934022 0.006632089614868164 49.849387645721436 0.0 1.0
0 0.1 65.27416178184274 0.006590366363525391 49.85597801208496 0.0 1.0
0 0.1 56.854689638682785 0.006635189056396484 49.86261320114136 0.0 1.0
0 0.1 49.52121399451067 0.0451960563659668 49.907809257507324 0.5714285714285715 1.0
0 0.1 43.13365618693992 0.03185415267944336 49.93966341018677 0.5714285714285715 1.0
0 0.1 37.570005780944214 0.03166317939758301 49.97132658958435 0.5714285714285715 1.0
0 0.1 32.7239900151928 0.03195595741271973 50.00328254699707 0.5714285714285715 1.0
0 0.1 28.503043857863506 0.03188896179199219 50.03517150878906 0.5714285714285715 1.0
0 0.1 24.826541897430772 0.03329610824584961 50.06846761703491 0.5714285714285715 1.0
0 0.1 21.624258295306348 0.044945716857910156 50.11341333389282 0.7499999999999999 1.0
0 0.1 18.835025383479486 0.03840899467468262 50.151822328567505 0.7499999999999999 1.0
0 0.1 16.405565284674683 0.03178000450134277 50.18360233306885 0.7499999999999999 1.0
0 0.1 14.289472237493916 0.031781911849975586 50.21538424491882 0.7499999999999999 1.0
0 0.1 12.446326187665905 0.032036781311035156 50.24742102622986 0.7499999999999999 1.0
0 0.1 10.840920713874212 0.0320591926574707 50.27948021888733 0.7499999999999999 1.0
0 0.1 9.44259054057033 0.03189563751220703 50.311375856399536 0.7499999999999999 1.0
0 0.1 8.224625792416147 0.03183722496032715 50.34321308135986 0.7499999999999999 1.0
0 0.1 7.163761801874259 0.04467201232910156 50.387885093688965 0.888888888888889 1.0
0 0.1 6.239734724625884 0.0572049617767334 50.4450900554657 0.7272727272727272 1.0
0 0.1 5.43489447450858 0.03854012489318848 50.48363018035889 0.7272727272727272 1.0
0 0.1 4.733867584541418 0.03840208053588867 50.522032260894775 0.7272727272727272 1.0
0 0.1 4.123263554256632 0.08255577087402344 50.6045880317688 0.6153846153846154 1.0
0 0.1 3.591419074200402 0.07637310028076172 50.68096113204956 0.5333333333333333 1.0
0 0.1 3.128175241967003 0.20353055000305176 50.88449168205261 0.4210526315789473 1.0
0 0.1 2.7246835143108377 0.17275333404541016 51.05724501609802 0.38095238095238093 1.0
0 0.1 2.373236688776134 0.10198688507080078 51.15923190116882 0.38095238095238093 1.0
0 0.1 2.0671216863796724 0.38580322265625 51.54503512382507 0.3333333333333333 1.0
0 0.1 1.8004913233094775 0.33965015411376953 51.88468527793884 0.3076923076923077 1.0
0 0.1 1.5682526223167341 0.30515408515930176 52.189839363098145 0.2857142857142857 1.0
0 0.1 1.3659695304072161 0.4472489356994629 52.63708829879761 0.2962962962962963 1.0
0 0.1 1.1897781846170337 0.31769490242004395 52.95478320121765 0.26666666666666666 1.0
0 0.1 1.036313107341863 0.21630096435546875 53.17108416557312 0.26666666666666666 1.0
0 0.1 0.9026429214570189 0.7369720935821533 53.90805625915527 0.24242424242424243 1.0
0 0.1 0.786214357305898 0.5677740573883057 54.47583031654358 0.2352941176470588 1.0
0 0.1 0.6848034820193963 0.38236308097839355 54.85819339752197 0.2222222222222222 1.0
0 0.1 0.5964732195846044 1.1291618347167969 55.98735523223877 0.21621621621621623 1.0
0 0.1 0.5195363502423698 2.737422227859497 58.72477746009827 0.19999999999999998 1.0
0 0.1 0.4525232824553942 4.219792127609253 62.94456958770752 0.19512195121951217 1.0
0 0.1 0.3941539818506903 1.0764319896697998 64.02100157737732 0.19512195121951217 1.0
0 0.1 0.34331352094368267 1.00944185256958 65.0304434299469 0.19047619047619047 1.0
0 0.1 0.2990307826127625 7.523869037628174 72.55431246757507 0.25 1.0
0 0.1 0.2604599105337001 0.6596019268035889 73.21391439437866 0.25 1.0
0 0.1 0.22686415225376097 0.2958509922027588 73.50976538658142 0.24390243902439027 1.0
0 0.1 0.19760178628779224 0.6017971038818359 74.11156249046326 0.24390243902439027 1.0
0 0.1 0.17211386442601356 0.4614579677581787 74.57302045822144 0.24390243902439027 1.0
0 0.1 0.14991353511608546 0.3623349666595459 74.93535542488098 0.24390243902439027 1.0
0 0.01 28.211963230963963 0.006306171417236328 74.94166159629822 0.33333333333333337 1.0
0 0.01 24.573006681497752 0.03846907615661621 74.98013067245483 0.5714285714285715 1.0
0 0.01 21.403425646968028 0.032064199447631836 75.01219487190247 0.5714285714285715 1.0
0 0.01 18.642677119777133 0.03197503089904785 75.04416990280151 0.5714285714285715 1.0
0 0.01 16.238027310431736 0.03200674057006836 75.07617664337158 0.5714285714285715 1.0
0 0.01 14.143544365449966 0.03212165832519531 75.10829830169678 0.5714285714285715 1.0
0 0.01 12.319221010851523 0.032150983810424805 75.1404492855072 0.5714285714285715 1.0
0 0.01 10.730210362611421 0.031945228576660156 75.17239451408386 0.5714285714285715 1.0
0 0.01 9.346160307090315 0.044384002685546875 75.21677851676941 0.7499999999999999 1.0
0 0.01 8.140633737265514 0.03192305564880371 75.24870157241821 0.7499999999999999 1.0
0 0.01 7.090603570541246 0.03178286552429199 75.2804844379425 0.7499999999999999 1.0
0 0.01 6.176012902339531 0.03192877769470215 75.3124132156372 0.7499999999999999 1.0
0 0.01 5.379391893848717 0.03192496299743652 75.34433817863464 0.7499999999999999 1.0
0 0.01 4.685524076001097 0.03198814392089844 75.37632632255554 0.7499999999999999 1.0
0 0.01 4.081155695663349 0.032000064849853516 75.4083263874054 0.7499999999999999 1.0
0 0.01 3.554742552184356 0.03200840950012207 75.44033479690552 0.7499999999999999 1.0
0 0.01 3.09622948855821 0.03201007843017578 75.4723448753357 0.7499999999999999 1.0
0 0.01 2.6968583252045994 0.04499101638793945 75.51733589172363 0.888888888888889 1.0
0 0.01 2.349000567658869 0.026059865951538086 75.54339575767517 0.888888888888889 1.0
0 0.01 2.046011692676912 0.05137991905212402 75.5947756767273 0.7272727272727272 1.0
0 0.01 1.7821042294352372 0.038671016693115234 75.63344669342041 0.7272727272727272 1.0
0 0.01 1.5522372115164986 0.07713985443115234 75.71058654785156 0.6666666666666666 1.0
0 0.01 1.3520198880735976 0.07496809959411621 75.78555464744568 0.5714285714285714 1.0
0 0.01 1.1776278549337647 0.10466504096984863 75.89021968841553 0.5000000000000001 1.0
0 0.01 1.0257300036406054 0.10937905311584473 75.99959874153137 0.47058823529411764 1.0
0 0.01 0.8934248930683893 0.10988807678222656 76.1094868183136 0.4444444444444444 1.0
0 0.01 0.7781853282259436 0.07848000526428223 76.18796682357788 0.4444444444444444 1.0
0 0.01 0.6778100876351608 0.14077496528625488 76.32874178886414 0.3478260869565218 1.0
0 0.01 0.590381877216004 0.09622406959533691 76.42496585845947 0.3478260869565218 1.0
0 0.01 0.5142307075440048 0.09056615829467773 76.51553201675415 0.3478260869565218 1.0
0 0.01 0.44790199493955546 0.19267582893371582 76.70820784568787 0.32000000000000006 1.0
0 0.01 0.39012877707943217 0.12461209297180176 76.83281993865967 0.32000000000000006 1.0
0 0.01 0.33980751241358653 0.11994075775146484 76.95276069641113 0.32000000000000006 1.0
0 0.01 0.2959770011254507 0.12105703353881836 77.07381772994995 0.32000000000000006 1.0
0 0.01 0.2578000249994245 0.1608729362487793 77.23469066619873 0.2962962962962963 1.0
0 0.01 0.22454735549379537 0.14729595184326172 77.38198661804199 0.2857142857142857 1.0
0 0.01 0.19558382455304058 0.11469316482543945 77.49667978286743 0.2857142857142857 1.0
0 0.01 0.1703561920944177 0.46812891960144043 77.96480870246887 0.24242424242424243 1.0
0 0.01 0.14838257842248037 0.24817204475402832 78.2129807472229 0.24242424242424243 1.0
0 0.01 0.12924325971726744 0.22837471961975098 78.44135546684265 0.24242424242424243 1.0
0 0.01 0.1125726507783501 0.20998597145080566 78.65134143829346 0.24242424242424243 1.0
0 0.01 0.09805232188500161 0.2952251434326172 78.94656658172607 0.2352941176470588 1.0
0 0.01 0.08540491638568569 0.17546510696411133 79.12203168869019 0.2352941176470588 1.0
0 0.01 0.07438885283512764 0.4098320007324219 79.53186368942261 0.2222222222222222 1.0
0 0.01 0.06479371048308594 0.41035914421081543 79.94222283363342 0.2105263157894737 1.0
0 0.01 0.056436209971818335 0.43305301666259766 80.37527585029602 0.20512820512820512 1.0
0 0.01 0.049156712468482675 0.2493281364440918 80.62460398674011 0.20512820512820512 1.0
0 0.01 0.0428161703614703 0.7682051658630371 81.39280915260315 0.19047619047619047 1.0
0 0.01 0.03729347127511503 0.39287900924682617 81.78568816184998 0.19047619047619047 1.0
0 0.01 0.032483124670098805 0.6889679431915283 82.4746561050415 0.18181818181818182 1.0
