[216.40736058 188.4937774  164.18066384 143.00360867 124.55810333
 108.49181534  94.49785828  82.30892987  71.69220614  62.44489425
  54.39035884  47.37474809  41.26405496  35.94155748  31.30558923
  27.26759733  23.75045104  20.68696841  18.01863304  15.69447636
  13.67010404  11.906848    10.37102782   9.03330739   7.86813455
   6.85325305   5.96927734   5.19932239   4.52868107   3.94454329
   3.43575127   2.99258645   2.60658382   2.27037024   1.9775236
   1.72245016   1.5002777    1.30676244   1.138208     0.99139477
   0.86351843   0.75213639   0.65512111   0.57061946   0.49701737
   0.43290895   0.37706963   0.32843281   0.28606948   0.24917044]0 1 312.2098259152708 0.008381128311157227 0.008381128311157227 0.0 1.0
0 1 271.93903789811014 0.01006007194519043 0.018441200256347656 0.0 1.0
0 1 236.8626295349813 0.007537841796875 0.025979042053222656 0.33333333333333337 1.0
0 1 206.31059705097118 0.046736955642700195 0.07271599769592285 0.5714285714285715 1.0
0 1 179.69935797424765 0.03901386260986328 0.11172986030578613 0.5714285714285715 1.0
0 1 156.52060397255676 0.032231807708740234 0.14396166801452637 0.5714285714285715 1.0
0 1 136.33159152101595 0.03225588798522949 0.17621755599975586 0.5714285714285715 1.0
0 1 118.74668494067365 0.03854489326477051 0.21476244926452637 0.7499999999999999 1.0
0 1 103.42999026917344 0.03220200538635254 0.2469644546508789 0.7499999999999999 1.0
0 1 90.08893926113359 0.032614946365356445 0.27957940101623535 0.7499999999999999 1.0
0 1 78.46870096453189 0.03399014472961426 0.3135695457458496 0.7499999999999999 1.0
0 1 68.34731412713553 0.03410601615905762 0.3476755619049072 0.7499999999999999 1.0
0 1 59.53144745577994 0.038536787033081055 0.3862123489379883 0.6666666666666665 1.0
0 1 51.85270674408604 0.038378000259399414 0.4245903491973877 0.7272727272727272 1.0
0 1 45.16441833008278 0.03828096389770508 0.4628713130950928 0.7272727272727272 1.0
0 1 39.33882744370648 0.04399895668029785 0.5068702697753906 0.6153846153846154 1.0
0 1 34.26465792907022 0.08080101013183594 0.5876712799072266 0.47058823529411764 1.0
0 1 29.84498672911064 0.0836341381072998 0.6713054180145264 0.3636363636363636 1.0
0 1 25.99539253258091 0.10740518569946289 0.7787106037139893 0.3076923076923077 1.0
0 1 22.642343220204207 0.31150317192077637 1.0902137756347656 0.26666666666666666 1.0
0 1 19.721791308170232 0.3463890552520752 1.4366028308868408 0.27586206896551724 1.0
0 1 17.177950560167822 0.6197109222412109 2.0563137531280518 0.26666666666666666 1.0
0 1 14.962230399696251 0.5133728981018066 2.5696866512298584 0.24242424242424243 1.0
0 1 13.03230776858211 0.4365561008453369 3.0062427520751953 0.2222222222222222 1.0
0 1 11.351318703025308 0.4166090488433838 3.422851800918579 0.2222222222222222 1.0
0 1 9.887154185253786 0.38711023330688477 3.809962034225464 0.21621621621621623 1.0
0 1 8.611846820663045 0.39486002922058105 4.204822063446045 0.20512820512820512 1.0
0 1 7.501036625197576 0.44490599632263184 4.649728059768677 0.19999999999999998 1.0
0 1 6.53350571883761 0.3612651824951172 5.010993242263794 0.20512820512820512 1.0
0 1 5.69077303724795 0.4344370365142822 5.445430278778076 0.18604651162790697 1.0
0 1 4.956741320068812 0.35848283767700195 5.803913116455078 0.1777777777777778 1.0
0 1 4.317389632878279 0.40796422958374023 6.211877346038818 0.1702127659574468 1.0
0 1 3.7605055496069455 4.782345771789551 10.99422311782837 0.1702127659574468 1.0
0 1 3.2754518797500736 0.9334938526153564 11.927716970443726 0.1702127659574468 1.0
0 1 2.8529634845718124 0.2166748046875 12.144391775131226 0.16666666666666666 1.0
0 1 2.4849703012340436 0.3002591133117676 12.444650888442993 0.163265306122449 1.0
0 1 2.1644431943866964 0.6464118957519531 13.091062784194946 0.163265306122449 1.0
0 1 1.8852596907900219 0.2785780429840088 13.369640827178955 0.163265306122449 1.0
0 1 1.6420870323301746 0.2649998664855957 13.63464069366455 0.163265306122449 1.0
0 1 1.4302803135927475 0.2454679012298584 13.88010859489441 0.163265306122449 1.0
0 1 1.2457937582930971 0.23234033584594727 14.112448930740356 0.163265306122449 1.0
0 1 1.0851034398309916 1.2204899787902832 15.33293890953064 0.1568627450980392 1.0
0 1 0.945139969834425 1.1270568370819092 16.45999574661255 0.1568627450980392 1.0
0 1 0.823229868958621 2.599382162094116 19.059377908706665 0.1568627450980392 1.0
0 1 0.7170445000483404 0.7796978950500488 19.839075803756714 0.1481481481481481 1.0
0 1 0.624555588222246 7.5702691078186035 27.409344911575317 0.15384615384615383 1.0
0 1 0.5439964782567033 0.8084747791290283 28.217819690704346 0.1481481481481481 1.0
0 1 0.4738283892360109 5.860789060592651 34.078608751297 0.1509433962264151 1.0
0 1 0.4127110218901976 1.505363941192627 35.583972692489624 0.14545454545454545 1.0
0 1 0.3594769571833539 1.8913540840148926 37.47532677650452 0.1481481481481481 1.0
0 0.1 130.20161032759302 0.006323099136352539 37.48164987564087 0.0 1.0
0 0.1 113.40738729625762 0.006471157073974609 37.488121032714844 0.0 1.0
0 0.1 98.77938883400856 0.006485939025878906 37.49460697174072 0.0 1.0
0 0.1 86.03820166433057 0.006417036056518555 37.50102400779724 0.0 1.0
0 0.1 74.9404529934022 0.006465911865234375 37.507489919662476 0.0 1.0
0 0.1 65.27416178184274 0.0065648555755615234 37.51405477523804 0.0 1.0
0 0.1 56.854689638682785 0.007361173629760742 37.5214159488678 0.0 1.0
0 0.1 49.52121399451067 0.040992021560668945 37.56240797042847 0.5714285714285715 1.0
0 0.1 43.13365618693992 0.03184914588928223 37.59425711631775 0.5714285714285715 1.0
0 0.1 37.570005780944214 0.025606870651245117 37.619863986968994 0.5714285714285715 1.0
0 0.1 32.7239900151928 0.025551795959472656 37.64541578292847 0.5714285714285715 1.0
0 0.1 28.503043857863506 0.02578115463256836 37.671196937561035 0.5714285714285715 1.0
0 0.1 24.826541897430772 0.025574922561645508 37.69677186012268 0.5714285714285715 1.0
0 0.1 21.624258295306348 0.038184165954589844 37.73495602607727 0.7499999999999999 1.0
0 0.1 18.835025383479486 0.025613784790039062 37.76056981086731 0.7499999999999999 1.0
0 0.1 16.405565284674683 0.02562713623046875 37.78619694709778 0.7499999999999999 1.0
0 0.1 14.289472237493916 0.025439023971557617 37.811635971069336 0.7499999999999999 1.0
0 0.1 12.446326187665905 0.025416851043701172 37.83705282211304 0.7499999999999999 1.0
0 0.1 10.840920713874212 0.025443077087402344 37.86249589920044 0.7499999999999999 1.0
0 0.1 9.44259054057033 0.02553701400756836 37.88803291320801 0.7499999999999999 1.0
0 0.1 8.224625792416147 0.025678157806396484 37.913711071014404 0.7499999999999999 1.0
0 0.1 7.163761801874259 0.03822803497314453 37.95193910598755 0.888888888888889 1.0
0 0.1 6.239734724625884 0.04486083984375 37.9967999458313 0.7272727272727272 1.0
0 0.1 5.43489447450858 0.032083988189697266 38.028883934020996 0.7272727272727272 1.0
0 0.1 4.733867584541418 0.03194928169250488 38.0608332157135 0.7272727272727272 1.0
0 0.1 4.123263554256632 0.06981110572814941 38.13064432144165 0.6153846153846154 1.0
0 0.1 3.591419074200402 0.06368374824523926 38.19432806968689 0.5333333333333333 1.0
0 0.1 3.128175241967003 0.17071294784545898 38.36504101753235 0.4210526315789473 1.0
0 0.1 2.7246835143108377 0.1517941951751709 38.51683521270752 0.38095238095238093 1.0
0 0.1 2.373236688776134 0.08260703086853027 38.59944224357605 0.38095238095238093 1.0
0 0.1 2.0671216863796724 0.3105909824371338 38.910033226013184 0.3333333333333333 1.0
0 0.1 1.8004913233094775 0.27843213081359863 39.18846535682678 0.3076923076923077 1.0
0 0.1 1.5682526223167341 0.23073315620422363 39.419198513031006 0.2857142857142857 1.0
0 0.1 1.3659695304072161 0.4068031311035156 39.82600164413452 0.2962962962962963 1.0
0 0.1 1.1897781846170337 0.26033711433410645 40.08633875846863 0.26666666666666666 1.0
0 0.1 1.036313107341863 0.1599431037902832 40.24628186225891 0.26666666666666666 1.0
0 0.1 0.9026429214570189 0.6373729705810547 40.883654832839966 0.24242424242424243 1.0
0 0.1 0.786214357305898 0.4348931312561035 41.31854796409607 0.2352941176470588 1.0
0 0.1 0.6848034820193963 0.2675349712371826 41.58608293533325 0.2222222222222222 1.0
0 0.1 0.5964732195846044 0.9882388114929199 42.57432174682617 0.21621621621621623 1.0
0 0.1 0.5195363502423698 2.2227048873901367 44.79702663421631 0.19999999999999998 1.0
0 0.1 0.4525232824553942 3.0556883811950684 47.85271501541138 0.19512195121951217 1.0
0 0.1 0.3941539818506903 0.5731198787689209 48.4258348941803 0.19512195121951217 1.0
0 0.1 0.34331352094368267 0.6026208400726318 49.02845573425293 0.19047619047619047 1.0
0 0.1 0.2990307826127625 6.979501247406006 56.007956981658936 0.25 1.0
0 0.1 0.2604599105337001 0.4372859001159668 56.4452428817749 0.25 1.0
0 0.1 0.22686415225376097 0.18926310539245605 56.63450598716736 0.24390243902439027 1.0
0 0.1 0.19760178628779224 0.3509199619293213 56.98542594909668 0.24390243902439027 1.0
0 0.1 0.17211386442601356 0.24642181396484375 57.23184776306152 0.24390243902439027 1.0
0 0.1 0.14991353511608546 0.16900396347045898 57.40085172653198 0.24390243902439027 1.0
0 0.01 28.211963230963963 0.006330251693725586 57.40718197822571 0.33333333333333337 1.0
0 0.01 24.573006681497752 0.03238821029663086 57.43957018852234 0.5714285714285715 1.0
0 0.01 21.403425646968028 0.025918006896972656 57.46548819541931 0.5714285714285715 1.0
0 0.01 18.642677119777133 0.025593042373657227 57.49108123779297 0.5714285714285715 1.0
0 0.01 16.238027310431736 0.02574896812438965 57.51683020591736 0.5714285714285715 1.0
0 0.01 14.143544365449966 0.025886058807373047 57.54271626472473 0.5714285714285715 1.0
0 0.01 12.319221010851523 0.025707006454467773 57.5684232711792 0.5714285714285715 1.0
0 0.01 10.730210362611421 0.02553081512451172 57.59395408630371 0.5714285714285715 1.0
0 0.01 9.346160307090315 0.037986040115356445 57.63194012641907 0.7499999999999999 1.0
0 0.01 8.140633737265514 0.025588035583496094 57.65752816200256 0.7499999999999999 1.0
0 0.01 7.090603570541246 0.02575206756591797 57.68328022956848 0.7499999999999999 1.0
0 0.01 6.176012902339531 0.025730133056640625 57.70901036262512 0.7499999999999999 1.0
0 0.01 5.379391893848717 0.02564096450805664 57.73465132713318 0.7499999999999999 1.0
0 0.01 4.685524076001097 0.025866031646728516 57.76051735877991 0.7499999999999999 1.0
0 0.01 4.081155695663349 0.025661945343017578 57.786179304122925 0.7499999999999999 1.0
0 0.01 3.554742552184356 0.025857210159301758 57.81203651428223 0.7499999999999999 1.0
0 0.01 3.09622948855821 0.019457101821899414 57.831493616104126 0.7499999999999999 1.0
0 0.01 2.6968583252045994 0.038744211196899414 57.870237827301025 0.888888888888889 1.0
0 0.01 2.349000567658869 0.019681930541992188 57.88991975784302 0.888888888888889 1.0
0 0.01 2.046011692676912 0.04473876953125 57.93465852737427 0.7272727272727272 1.0
0 0.01 1.7821042294352372 0.025928974151611328 57.96058750152588 0.7272727272727272 1.0
0 0.01 1.5522372115164986 0.05781888961791992 58.0184063911438 0.6666666666666666 1.0
0 0.01 1.3520198880735976 0.06453394889831543 58.082940340042114 0.5714285714285714 1.0
0 0.01 1.1776278549337647 0.08377289772033691 58.16671323776245 0.5000000000000001 1.0
0 0.01 1.0257300036406054 0.09061813354492188 58.25733137130737 0.47058823529411764 1.0
0 0.01 0.8934248930683893 0.09072709083557129 58.348058462142944 0.4444444444444444 1.0
0 0.01 0.7781853282259436 0.05874204635620117 58.406800508499146 0.4444444444444444 1.0
0 0.01 0.6778100876351608 0.11525130271911621 58.52205181121826 0.3478260869565218 1.0
0 0.01 0.590381877216004 0.07080602645874023 58.592857837677 0.3478260869565218 1.0
0 0.01 0.5142307075440048 0.0716238021850586 58.66448163986206 0.3478260869565218 1.0
0 0.01 0.44790199493955546 0.15939784049987793 58.82387948036194 0.32000000000000006 1.0
0 0.01 0.39012877707943217 0.08930182456970215 58.91318130493164 0.32000000000000006 1.0
0 0.01 0.33980751241358653 0.08943009376525879 59.0026113986969 0.32000000000000006 1.0
0 0.01 0.2959770011254507 0.11805176734924316 59.12066316604614 0.32000000000000006 1.0
0 0.01 0.2578000249994245 0.12181997299194336 59.242483139038086 0.2962962962962963 1.0
0 0.01 0.22454735549379537 0.10857200622558594 59.35105514526367 0.2857142857142857 1.0
0 0.01 0.19558382455304058 0.07720828056335449 59.428263425827026 0.2857142857142857 1.0
0 0.01 0.1703561920944177 0.3504650592803955 59.77872848510742 0.24242424242424243 1.0
0 0.01 0.14838257842248037 0.15330004692077637 59.9320285320282 0.24242424242424243 1.0
0 0.01 0.12924325971726744 0.13392376899719238 60.06595230102539 0.24242424242424243 1.0
0 0.01 0.1125726507783501 0.12166881561279297 60.187621116638184 0.24242424242424243 1.0
0 0.01 0.09805232188500161 0.204010009765625 60.39163112640381 0.2352941176470588 1.0
0 0.01 0.08540491638568569 0.09628701210021973 60.48791813850403 0.2352941176470588 1.0
0 0.01 0.07438885283512764 0.30220699310302734 60.790125131607056 0.2222222222222222 1.0
0 0.01 0.06479371048308594 0.30225467681884766 61.0923798084259 0.2105263157894737 1.0
0 0.01 0.056436209971818335 0.3079366683959961 61.4003164768219 0.20512820512820512 1.0
0 0.01 0.049156712468482675 0.14096689224243164 61.54128336906433 0.20512820512820512 1.0
0 0.01 0.0428161703614703 0.5662016868591309 62.10748505592346 0.19047619047619047 1.0
0 0.01 0.03729347127511503 0.21987509727478027 62.32736015319824 0.19047619047619047 1.0
0 0.01 0.032483124670098805 0.4861278533935547 62.8134880065918 0.18181818181818182 1.0
