[216.40736058 188.4937774  164.18066384 143.00360867 124.55810333
 108.49181534  94.49785828  82.30892987  71.69220614  62.44489425
  54.39035884  47.37474809  41.26405496  35.94155748  31.30558923
  27.26759733  23.75045104  20.68696841  18.01863304  15.69447636
  13.67010404  11.906848    10.37102782   9.03330739   7.86813455
   6.85325305   5.96927734   5.19932239   4.52868107   3.94454329
   3.43575127   2.99258645   2.60658382   2.27037024   1.9775236
   1.72245016   1.5002777    1.30676244   1.138208     0.99139477
   0.86351843   0.75213639   0.65512111   0.57061946   0.49701737
   0.43290895   0.37706963   0.32843281   0.28606948   0.24917044]0 1 312.2098259152708 0.0065991878509521484 0.0065991878509521484 0.0 1.0
0 1 271.93903789811014 0.0064067840576171875 0.013005971908569336 0.0 1.0
0 1 236.8626295349813 0.006456613540649414 0.01946258544921875 0.33333333333333337 1.0
0 1 206.31059705097118 0.05770993232727051 0.07717251777648926 0.5714285714285715 1.0
0 1 179.69935797424765 0.05104708671569824 0.1282196044921875 0.5714285714285715 1.0
0 1 156.52060397255676 0.04437518119812012 0.17259478569030762 0.5714285714285715 1.0
0 1 136.33159152101595 0.04438185691833496 0.21697664260864258 0.5714285714285715 1.0
0 1 118.74668494067365 0.05688023567199707 0.27385687828063965 0.7499999999999999 1.0
0 1 103.42999026917344 0.05076885223388672 0.32462573051452637 0.7499999999999999 1.0
0 1 90.08893926113359 0.050820112228393555 0.3754458427429199 0.7499999999999999 1.0
0 1 78.46870096453189 0.046328067779541016 0.42177391052246094 0.7499999999999999 1.0
0 1 68.34731412713553 0.04498481750488281 0.46675872802734375 0.7499999999999999 1.0
0 1 59.53144745577994 0.050787925720214844 0.5175466537475586 0.6666666666666665 1.0
0 1 51.85270674408604 0.05677914619445801 0.5743257999420166 0.7272727272727272 1.0
0 1 45.16441833008278 0.05118203163146973 0.6255078315734863 0.7272727272727272 1.0
0 1 39.33882744370648 0.06894183158874512 0.6944496631622314 0.6153846153846154 1.0
0 1 34.26465792907022 0.12458610534667969 0.8190357685089111 0.47058823529411764 1.0
0 1 29.84498672911064 0.13720917701721191 0.956244945526123 0.3636363636363636 1.0
0 1 25.99539253258091 0.1897568702697754 1.1460018157958984 0.3076923076923077 1.0
0 1 22.642343220204207 0.5809957981109619 1.7269976139068604 0.26666666666666666 1.0
0 1 19.721791308170232 0.6982817649841309 2.425279378890991 0.27586206896551724 1.0
0 1 17.177950560167822 0.9855270385742188 3.41080641746521 0.26666666666666666 1.0
0 1 14.962230399696251 0.8390038013458252 4.249810218811035 0.24242424242424243 1.0
0 1 13.03230776858211 0.649163007736206 4.898973226547241 0.2222222222222222 1.0
0 1 11.351318703025308 0.7797629833221436 5.678736209869385 0.2222222222222222 1.0
0 1 9.887154185253786 0.6680662631988525 6.346802473068237 0.21621621621621623 1.0
0 1 8.611846820663045 0.663020133972168 7.009822607040405 0.20512820512820512 1.0
0 1 7.501036625197576 0.8373851776123047 7.84720778465271 0.19999999999999998 1.0
0 1 6.53350571883761 0.6903879642486572 8.537595748901367 0.20512820512820512 1.0
0 1 5.69077303724795 0.8638501167297363 9.401445865631104 0.18604651162790697 1.0
0 1 4.956741320068812 0.7391471862792969 10.1405930519104 0.1777777777777778 1.0
0 1 4.317389632878279 0.9484050273895264 11.088998079299927 0.16666666666666666 1.0
0 1 3.7605055496069455 6.674053907394409 17.763051986694336 0.1702127659574468 1.0
0 1 3.2754518797500736 1.5709919929504395 19.334043979644775 0.1702127659574468 1.0
0 1 2.8529634845718124 0.959542989730835 20.29358696937561 0.16666666666666666 1.0
0 1 2.4849703012340436 1.051990032196045 21.345577001571655 0.163265306122449 1.0
0 1 2.1644431943866964 1.2385280132293701 22.584105014801025 0.163265306122449 1.0
0 1 1.8852596907900219 0.626000165939331 23.210105180740356 0.163265306122449 1.0
0 1 1.6420870323301746 0.5771229267120361 23.787228107452393 0.163265306122449 1.0
0 1 1.4302803135927475 0.5624947547912598 24.349722862243652 0.163265306122449 1.0
0 1 1.2457937582930971 0.5508711338043213 24.900593996047974 0.163265306122449 1.0
0 1 1.0851034398309916 2.9912478923797607 27.891841888427734 0.1568627450980392 1.0
0 1 0.945139969834425 2.6453771591186523 30.537219047546387 0.1568627450980392 1.0
0 1 0.823229868958621 3.7604799270629883 34.297698974609375 0.1568627450980392 1.0
0 1 0.7170445000483404 7.558657169342041 41.856356143951416 0.15384615384615383 1.0
0 1 0.624555588222246 6.927954912185669 48.784311056137085 0.1509433962264151 1.0
0 1 0.5439964782567033 5.02789831161499 53.812209367752075 0.1509433962264151 1.0
0 1 0.4738283892360109 4.501918077468872 58.31412744522095 0.1509433962264151 1.0
0 1 0.4127110218901976 4.7120521068573 63.02617955207825 0.1481481481481481 1.0
0 1 0.3594769571833539 4.486543893814087 67.51272344589233 0.1481481481481481 1.0
0 0.1 130.20161032759302 0.006293773651123047 67.51901721954346 0.0 1.0
0 0.1 113.40738729625762 0.006570100784301758 67.52558732032776 0.0 1.0
0 0.1 98.77938883400856 0.006309032440185547 67.53189635276794 0.0 1.0
0 0.1 86.03820166433057 0.006682872772216797 67.53857922554016 0.0 1.0
0 0.1 74.9404529934022 0.006575107574462891 67.54515433311462 0.0 1.0
0 0.1 65.27416178184274 0.006623983383178711 67.5517783164978 0.0 1.0
0 0.1 56.854689638682785 0.006751060485839844 67.55852937698364 0.0 1.0
0 0.1 49.52121399451067 0.05103588104248047 67.60956525802612 0.5714285714285715 1.0
0 0.1 43.13365618693992 0.038130998611450195 67.64769625663757 0.5714285714285715 1.0
0 0.1 37.570005780944214 0.03833293914794922 67.68602919578552 0.5714285714285715 1.0
0 0.1 32.7239900151928 0.03852200508117676 67.7245512008667 0.5714285714285715 1.0
0 0.1 28.503043857863506 0.03820919990539551 67.7627604007721 0.5714285714285715 1.0
0 0.1 24.826541897430772 0.03845500946044922 67.80121541023254 0.5714285714285715 1.0
0 0.1 21.624258295306348 0.050401926040649414 67.8516173362732 0.7499999999999999 1.0
0 0.1 18.835025383479486 0.0445408821105957 67.89615821838379 0.7499999999999999 1.0
0 0.1 16.405565284674683 0.044294118881225586 67.94045233726501 0.7499999999999999 1.0
0 0.1 14.289472237493916 0.038172245025634766 67.97862458229065 0.7499999999999999 1.0
0 0.1 12.446326187665905 0.03823995590209961 68.01686453819275 0.7499999999999999 1.0
0 0.1 10.840920713874212 0.03815817832946777 68.05502271652222 0.7499999999999999 1.0
0 0.1 9.44259054057033 0.03854799270629883 68.09357070922852 0.7499999999999999 1.0
0 0.1 8.224625792416147 0.038433074951171875 68.13200378417969 0.7499999999999999 1.0
0 0.1 7.163761801874259 0.05054330825805664 68.18254709243774 0.888888888888889 1.0
0 0.1 6.239734724625884 0.06332612037658691 68.24587321281433 0.7272727272727272 1.0
0 0.1 5.43489447450858 0.05099201202392578 68.29686522483826 0.7272727272727272 1.0
0 0.1 4.733867584541418 0.050728797912597656 68.34759402275085 0.7272727272727272 1.0
0 0.1 4.123263554256632 0.10143494606018066 68.44902896881104 0.6153846153846154 1.0
0 0.1 3.591419074200402 0.08267807960510254 68.53170704841614 0.5333333333333333 1.0
0 0.1 3.128175241967003 0.23410606384277344 68.76581311225891 0.4210526315789473 1.0
0 0.1 2.7246835143108377 0.19591593742370605 68.96172904968262 0.38095238095238093 1.0
0 0.1 2.373236688776134 0.12715506553649902 69.08888411521912 0.38095238095238093 1.0
0 0.1 2.0671216863796724 0.4385342597961426 69.52741837501526 0.3333333333333333 1.0
0 0.1 1.8004913233094775 0.4030919075012207 69.93051028251648 0.3076923076923077 1.0
0 0.1 1.5682526223167341 0.38881421089172363 70.3193244934082 0.2857142857142857 1.0
0 0.1 1.3659695304072161 0.4844987392425537 70.80382323265076 0.2962962962962963 1.0
0 0.1 1.1897781846170337 0.41530275344848633 71.21912598609924 0.26666666666666666 1.0
0 0.1 1.036313107341863 0.28014397621154785 71.49926996231079 0.26666666666666666 1.0
0 0.1 0.9026429214570189 0.8504791259765625 72.34974908828735 0.24242424242424243 1.0
0 0.1 0.786214357305898 0.7088611125946045 73.05861020088196 0.2352941176470588 1.0
0 0.1 0.6848034820193963 0.4971961975097656 73.55580639839172 0.2222222222222222 1.0
0 0.1 0.5964732195846044 1.2859292030334473 74.84173560142517 0.21621621621621623 1.0
0 0.1 0.5195363502423698 3.252958059310913 78.09469366073608 0.19999999999999998 1.0
0 0.1 0.4525232824553942 5.529705286026001 83.62439894676208 0.19512195121951217 1.0
0 0.1 0.3941539818506903 1.7438979148864746 85.36829686164856 0.19512195121951217 1.0
0 0.1 0.34331352094368267 1.4848041534423828 86.85310101509094 0.19047619047619047 1.0
0 0.1 0.2990307826127625 8.151457071304321 95.00455808639526 0.25 1.0
0 0.1 0.2604599105337001 0.9006121158599854 95.90517020225525 0.25 1.0
0 0.1 0.22686415225376097 0.7399449348449707 96.64511513710022 0.24390243902439027 1.0
0 0.1 0.19760178628779224 0.857353925704956 97.50246906280518 0.24390243902439027 1.0
0 0.1 0.17211386442601356 0.6999020576477051 98.20237112045288 0.24390243902439027 1.0
0 0.1 0.14991353511608546 0.5679550170898438 98.77032613754272 0.24390243902439027 1.0
0 0.01 28.211963230963963 0.006378889083862305 98.77670502662659 0.33333333333333337 1.0
0 0.01 24.573006681497752 0.04538083076477051 98.82208585739136 0.5714285714285715 1.0
0 0.01 21.403425646968028 0.039350032806396484 98.86143589019775 0.5714285714285715 1.0
0 0.01 18.642677119777133 0.03932476043701172 98.90076065063477 0.5714285714285715 1.0
0 0.01 16.238027310431736 0.03952980041503906 98.9402904510498 0.5714285714285715 1.0
0 0.01 14.143544365449966 0.03845691680908203 98.97874736785889 0.5714285714285715 1.0
0 0.01 12.319221010851523 0.040869951248168945 99.01961731910706 0.5714285714285715 1.0
0 0.01 10.730210362611421 0.031935930252075195 99.05155324935913 0.5714285714285715 1.0
0 0.01 9.346160307090315 0.05128812789916992 99.1028413772583 0.7499999999999999 1.0
0 0.01 8.140633737265514 0.044750213623046875 99.14759159088135 0.7499999999999999 1.0
0 0.01 7.090603570541246 0.04427814483642578 99.19186973571777 0.7499999999999999 1.0
0 0.01 6.176012902339531 0.03875994682312012 99.2306296825409 0.7499999999999999 1.0
0 0.01 5.379391893848717 0.03908705711364746 99.26971673965454 0.7499999999999999 1.0
0 0.01 4.685524076001097 0.03912067413330078 99.30883741378784 0.7499999999999999 1.0
0 0.01 4.081155695663349 0.039025068283081055 99.34786248207092 0.7499999999999999 1.0
0 0.01 3.554742552184356 0.038548946380615234 99.38641142845154 0.7499999999999999 1.0
0 0.01 3.09622948855821 0.03836226463317871 99.42477369308472 0.7499999999999999 1.0
0 0.01 2.6968583252045994 0.051657915115356445 99.47643160820007 0.888888888888889 1.0
0 0.01 2.349000567658869 0.0323941707611084 99.50882577896118 0.888888888888889 1.0
0 0.01 2.046011692676912 0.058135986328125 99.5669617652893 0.7272727272727272 1.0
0 0.01 1.7821042294352372 0.04552721977233887 99.61248898506165 0.7272727272727272 1.0
0 0.01 1.5522372115164986 0.09082603454589844 99.70331501960754 0.6666666666666666 1.0
0 0.01 1.3520198880735976 0.08564400672912598 99.78895902633667 0.5714285714285714 1.0
0 0.01 1.1776278549337647 0.11675000190734863 99.90570902824402 0.5000000000000001 1.0
0 0.01 1.0257300036406054 0.12880301475524902 100.03451204299927 0.47058823529411764 1.0
0 0.01 0.8934248930683893 0.12936711311340332 100.16387915611267 0.4444444444444444 1.0
0 0.01 0.7781853282259436 0.10551118850708008 100.26939034461975 0.4444444444444444 1.0
0 0.01 0.6778100876351608 0.1701509952545166 100.43954133987427 0.3478260869565218 1.0
0 0.01 0.590381877216004 0.1259768009185791 100.56551814079285 0.3478260869565218 1.0
0 0.01 0.5142307075440048 0.11790585517883301 100.68342399597168 0.3478260869565218 1.0
0 0.01 0.44790199493955546 0.22839975357055664 100.91182374954224 0.32000000000000006 1.0
0 0.01 0.39012877707943217 0.15824627876281738 101.07007002830505 0.32000000000000006 1.0
0 0.01 0.33980751241358653 0.1487119197845459 101.2187819480896 0.32000000000000006 1.0
0 0.01 0.2959770011254507 0.1509859561920166 101.36976790428162 0.32000000000000006 1.0
0 0.01 0.2578000249994245 0.19136595726013184 101.56113386154175 0.2962962962962963 1.0
0 0.01 0.22454735549379537 0.17653679847717285 101.73767066001892 0.2857142857142857 1.0
0 0.01 0.19558382455304058 0.14544010162353516 101.88311076164246 0.2857142857142857 1.0
0 0.01 0.1703561920944177 0.5559730529785156 102.43908381462097 0.24242424242424243 1.0
0 0.01 0.14838257842248037 0.3527388572692871 102.79182267189026 0.24242424242424243 1.0
0 0.01 0.12924325971726744 0.31763625144958496 103.10945892333984 0.24242424242424243 1.0
0 0.01 0.1125726507783501 0.2998981475830078 103.40935707092285 0.24242424242424243 1.0
0 0.01 0.09805232188500161 0.39760327339172363 103.80696034431458 0.2352941176470588 1.0
0 0.01 0.08540491638568569 0.26038384437561035 104.06734418869019 0.2352941176470588 1.0
0 0.01 0.07438885283512764 0.4956958293914795 104.56304001808167 0.2222222222222222 1.0
0 0.01 0.06479371048308594 0.5145161151885986 105.07755613327026 0.2105263157894737 1.0
0 0.01 0.056436209971818335 0.5437729358673096 105.62132906913757 0.20512820512820512 1.0
0 0.01 0.049156712468482675 0.3579990863800049 105.97932815551758 0.20512820512820512 1.0
0 0.01 0.0428161703614703 0.9212532043457031 106.90058135986328 0.19047619047619047 1.0
0 0.01 0.03729347127511503 0.5306601524353027 107.43124151229858 0.19047619047619047 1.0
0 0.01 0.032483124670098805 0.825692892074585 108.25693440437317 0.18181818181818182 1.0
