[216.40736058 188.4937774  164.18066384 143.00360867 124.55810333
 108.49181534  94.49785828  82.30892987  71.69220614  62.44489425
  54.39035884  47.37474809  41.26405496  35.94155748  31.30558923
  27.26759733  23.75045104  20.68696841  18.01863304  15.69447636
  13.67010404  11.906848    10.37102782   9.03330739   7.86813455
   6.85325305   5.96927734   5.19932239   4.52868107   3.94454329
   3.43575127   2.99258645   2.60658382   2.27037024   1.9775236
   1.72245016   1.5002777    1.30676244   1.138208     0.99139477
   0.86351843   0.75213639   0.65512111   0.57061946   0.49701737
   0.43290895   0.37706963   0.32843281   0.28606948   0.24917044]0 1 312.2098259152708 0.0005037784576416016 0.0005037784576416016 0.0 1.0
0 1 271.93903789811014 0.0005300045013427734 0.001033782958984375 0.0 1.0
0 1 236.8626295349813 0.006330966949462891 0.007364749908447266 0.33333333333333337 1.0
0 1 206.31059705097118 0.02937602996826172 0.036740779876708984 0.5714285714285715 1.0
0 1 179.69935797424765 0.018803119659423828 0.05554389953613281 0.5714285714285715 1.0
0 1 156.52060397255676 0.0160977840423584 0.07164168357849121 0.5714285714285715 1.0
0 1 136.33159152101595 0.01437997817993164 0.08602166175842285 0.5714285714285715 1.0
0 1 118.74668494067365 0.013683080673217773 0.09970474243164062 0.7499999999999999 1.0
0 1 103.42999026917344 0.01270604133605957 0.1124107837677002 0.7499999999999999 1.0
0 1 90.08893926113359 0.01215815544128418 0.12456893920898438 0.7499999999999999 1.0
0 1 78.46870096453189 0.012077093124389648 0.13664603233337402 0.7499999999999999 1.0
0 1 68.34731412713553 0.011981010437011719 0.14862704277038574 0.7499999999999999 1.0
0 1 59.53144745577994 0.017976045608520508 0.16660308837890625 0.6666666666666665 1.0
0 1 51.85270674408604 0.012611627578735352 0.1792147159576416 0.7272727272727272 1.0
0 1 45.16441833008278 0.0129241943359375 0.1921389102935791 0.7272727272727272 1.0
0 1 39.33882744370648 0.017385005950927734 0.20952391624450684 0.6153846153846154 1.0
0 1 34.26465792907022 0.026276111602783203 0.23580002784729004 0.47058823529411764 1.0
0 1 29.84498672911064 0.03987884521484375 0.2756788730621338 0.3636363636363636 1.0
0 1 25.99539253258091 0.05237984657287598 0.32805871963500977 0.3076923076923077 1.0
0 1 22.642343220204207 0.15059399604797363 0.4786527156829834 0.26666666666666666 1.0
0 1 19.721791308170232 0.19015192985534668 0.6688046455383301 0.27586206896551724 1.0
0 1 17.177950560167822 0.25737690925598145 0.9261815547943115 0.26666666666666666 1.0
0 1 14.962230399696251 0.23447489738464355 1.160656452178955 0.24242424242424243 1.0
0 1 13.03230776858211 0.19516706466674805 1.3558235168457031 0.2222222222222222 1.0
0 1 11.351318703025308 0.24120116233825684 1.59702467918396 0.2222222222222222 1.0
0 1 9.887154185253786 0.19617915153503418 1.7932038307189941 0.21621621621621623 1.0
0 1 8.611846820663045 0.19550585746765137 1.9887096881866455 0.20512820512820512 1.0
0 1 7.501036625197576 0.22908520698547363 2.217794895172119 0.19999999999999998 1.0
0 1 6.53350571883761 0.19112396240234375 2.408918857574463 0.20512820512820512 1.0
0 1 5.69077303724795 0.2628519535064697 2.6717708110809326 0.18604651162790697 1.0
0 1 4.956741320068812 0.23065805435180664 2.9024288654327393 0.1777777777777778 1.0
0 1 4.317389632878279 0.29310178756713867 3.195530652999878 0.16666666666666666 1.0
0 1 3.7605055496069455 2.2250449657440186 5.4205756187438965 0.1702127659574468 1.0
0 1 3.2754518797500736 0.5268099308013916 5.947385549545288 0.1702127659574468 1.0
0 1 2.8529634845718124 0.36353492736816406 6.310920476913452 0.16666666666666666 1.0
0 1 2.4849703012340436 0.29816389083862305 6.609084367752075 0.163265306122449 1.0
0 1 2.1644431943866964 0.44269418716430664 7.051778554916382 0.163265306122449 1.0
0 1 1.8852596907900219 0.295396089553833 7.347174644470215 0.163265306122449 1.0
0 1 1.6420870323301746 0.27840089797973633 7.625575542449951 0.163265306122449 1.0
0 1 1.4302803135927475 0.2536890506744385 7.87926459312439 0.163265306122449 1.0
0 1 1.2457937582930971 0.24087977409362793 8.120144367218018 0.163265306122449 1.0
0 1 1.0851034398309916 1.0669231414794922 9.18706750869751 0.1568627450980392 1.0
0 1 0.945139969834425 0.9938511848449707 10.18091869354248 0.1568627450980392 1.0
0 1 0.823229868958621 1.1374180316925049 11.318336725234985 0.1568627450980392 1.0
0 1 0.7170445000483404 2.012937068939209 13.331273794174194 0.15384615384615383 1.0
0 1 0.624555588222246 2.407132148742676 15.73840594291687 0.1509433962264151 1.0
0 1 0.5439964782567033 1.7772109508514404 17.51561689376831 0.1509433962264151 1.0
0 1 0.4738283892360109 1.619825839996338 19.13544273376465 0.1509433962264151 1.0
0 1 0.4127110218901976 1.6614649295806885 20.796907663345337 0.1481481481481481 1.0
0 1 0.3594769571833539 1.6160290241241455 22.412936687469482 0.1481481481481481 1.0
0 0.1 130.20161032759302 0.0004868507385253906 22.413423538208008 0.0 1.0
0 0.1 113.40738729625762 0.0004811286926269531 22.413904666900635 0.0 1.0
0 0.1 98.77938883400856 0.0005128383636474609 22.414417505264282 0.0 1.0
0 0.1 86.03820166433057 0.0005109310150146484 22.414928436279297 0.0 1.0
0 0.1 74.9404529934022 0.0005469322204589844 22.415475368499756 0.0 1.0
0 0.1 65.27416178184274 0.0005440711975097656 22.416019439697266 0.0 1.0
0 0.1 56.854689638682785 0.0005860328674316406 22.416605472564697 0.0 1.0
0 0.1 49.52121399451067 0.016069889068603516 22.4326753616333 0.5714285714285715 1.0
0 0.1 43.13365618693992 0.01169896125793457 22.444374322891235 0.5714285714285715 1.0
0 0.1 37.570005780944214 0.011256694793701172 22.455631017684937 0.5714285714285715 1.0
0 0.1 32.7239900151928 0.010753154754638672 22.466384172439575 0.5714285714285715 1.0
0 0.1 28.503043857863506 0.010286092758178711 22.476670265197754 0.5714285714285715 1.0
0 0.1 24.826541897430772 0.009337186813354492 22.48600745201111 0.5714285714285715 1.0
0 0.1 21.624258295306348 0.009270668029785156 22.495278120040894 0.5714285714285715 1.0
0 0.1 18.835025383479486 0.012188196182250977 22.507466316223145 0.7499999999999999 1.0
0 0.1 16.405565284674683 0.00975799560546875 22.517224311828613 0.7499999999999999 1.0
0 0.1 14.289472237493916 0.009665966033935547 22.52689027786255 0.7499999999999999 1.0
0 0.1 12.446326187665905 0.009641170501708984 22.536531448364258 0.7499999999999999 1.0
0 0.1 10.840920713874212 0.009215116500854492 22.545746564865112 0.7499999999999999 1.0
0 0.1 9.44259054057033 0.009264945983886719 22.555011510849 0.7499999999999999 1.0
0 0.1 8.224625792416147 0.007775068283081055 22.56278657913208 0.7499999999999999 1.0
0 0.1 7.163761801874259 0.011098861694335938 22.573885440826416 0.7499999999999999 1.0
0 0.1 6.239734724625884 0.014784812927246094 22.588670253753662 0.7272727272727272 1.0
0 0.1 5.43489447450858 0.011309146881103516 22.599979400634766 0.7272727272727272 1.0
0 0.1 4.733867584541418 0.009660005569458008 22.609639406204224 0.7272727272727272 1.0
0 0.1 4.123263554256632 0.02901911735534668 22.63865852355957 0.6153846153846154 1.0
0 0.1 3.591419074200402 0.02576303482055664 22.664421558380127 0.5714285714285714 1.0
0 0.1 3.128175241967003 0.05210614204406738 22.716527700424194 0.4210526315789473 1.0
0 0.1 2.7246835143108377 0.029153108596801758 22.745680809020996 0.4210526315789473 1.0
0 0.1 2.373236688776134 0.04425811767578125 22.789938926696777 0.38095238095238093 1.0
0 0.1 2.0671216863796724 0.07976913452148438 22.86970806121826 0.3478260869565218 1.0
0 0.1 1.8004913233094775 0.17087697982788086 23.040585041046143 0.32000000000000006 1.0
0 0.1 1.5682526223167341 0.18584227561950684 23.22642731666565 0.2857142857142857 1.0
0 0.1 1.3659695304072161 0.15818405151367188 23.38461136817932 0.27586206896551724 1.0
0 0.1 1.1897781846170337 0.20447802543640137 23.589089393615723 0.25806451612903225 1.0
0 0.1 1.036313107341863 0.10399174690246582 23.69308114051819 0.25806451612903225 1.0
0 0.1 0.9026429214570189 0.14983677864074707 23.842917919158936 0.24242424242424243 1.0
0 0.1 0.786214357305898 0.16809511184692383 24.01101303100586 0.2352941176470588 1.0
0 0.1 0.6848034820193963 0.10764503479003906 24.1186580657959 0.2352941176470588 1.0
0 0.1 0.5964732195846044 0.4472513198852539 24.565909385681152 0.2285714285714286 1.0
0 0.1 0.5195363502423698 0.5972175598144531 25.163126945495605 0.2222222222222222 1.0
0 0.1 0.4525232824553942 0.6888720989227295 25.851999044418335 0.20512820512820512 1.0
0 0.1 0.3941539818506903 0.9830389022827148 26.83503794670105 0.19999999999999998 1.0
0 0.1 0.34331352094368267 0.5460870265960693 27.38112497329712 0.19512195121951217 1.0
0 0.1 0.2990307826127625 0.41497802734375 27.79610300064087 0.19047619047619047 1.0
0 0.1 0.2604599105337001 1.3102169036865234 29.106319904327393 0.18181818181818182 1.0
0 0.1 0.22686415225376097 0.6087307929992676 29.71505069732666 0.18181818181818182 1.0
0 0.1 0.19760178628779224 0.32022714614868164 30.035277843475342 0.18181818181818182 1.0
0 0.1 0.17211386442601356 0.20226097106933594 30.237538814544678 0.18181818181818182 1.0
0 0.1 0.14991353511608546 2.8814749717712402 33.11901378631592 0.1739130434782609 1.0
0 0.01 28.211963230963963 0.0005960464477539062 33.11960983276367 0.0 1.0
0 0.01 24.573006681497752 0.013476848602294922 33.13308668136597 0.5714285714285715 1.0
0 0.01 21.403425646968028 0.009855031967163086 33.14294171333313 0.5714285714285715 1.0
0 0.01 18.642677119777133 0.009855985641479492 33.15279769897461 0.5714285714285715 1.0
0 0.01 16.238027310431736 0.009407997131347656 33.16220569610596 0.5714285714285715 1.0
0 0.01 14.143544365449966 0.009348869323730469 33.17155456542969 0.5714285714285715 1.0
0 0.01 12.319221010851523 0.009424924850463867 33.18097949028015 0.5714285714285715 1.0
0 0.01 10.730210362611421 0.008362054824829102 33.18934154510498 0.5714285714285715 1.0
0 0.01 9.346160307090315 0.011280059814453125 33.200621604919434 0.7499999999999999 1.0
0 0.01 8.140633737265514 0.00923299789428711 33.20985460281372 0.7499999999999999 1.0
0 0.01 7.090603570541246 0.009213924407958984 33.21906852722168 0.7499999999999999 1.0
0 0.01 6.176012902339531 0.008762836456298828 33.22783136367798 0.7499999999999999 1.0
0 0.01 5.379391893848717 0.008723974227905273 33.236555337905884 0.7499999999999999 1.0
0 0.01 4.685524076001097 0.008622884750366211 33.24517822265625 0.7499999999999999 1.0
0 0.01 4.081155695663349 0.008611917495727539 33.25379014015198 0.7499999999999999 1.0
0 0.01 3.554742552184356 0.00811004638671875 33.261900186538696 0.7499999999999999 1.0
0 0.01 3.09622948855821 0.007173776626586914 33.26907396316528 0.7499999999999999 1.0
0 0.01 2.6968583252045994 0.006640911102294922 33.27571487426758 0.7499999999999999 1.0
0 0.01 2.349000567658869 0.009245157241821289 33.2849600315094 0.7499999999999999 1.0
0 0.01 2.046011692676912 0.01283407211303711 33.29779410362244 0.7272727272727272 1.0
0 0.01 1.7821042294352372 0.009713172912597656 33.307507276535034 0.7272727272727272 1.0
0 0.01 1.5522372115164986 0.009527206420898438 33.31703448295593 0.7272727272727272 1.0
0 0.01 1.3520198880735976 0.023784875869750977 33.340819358825684 0.6153846153846154 1.0
0 0.01 1.1776278549337647 0.017425060272216797 33.3582444190979 0.6153846153846154 1.0
0 0.01 1.0257300036406054 0.03299999237060547 33.391244411468506 0.4210526315789473 1.0
0 0.01 0.8934248930683893 0.021082162857055664 33.41232657432556 0.4210526315789473 1.0
0 0.01 0.7781853282259436 0.019987821578979492 33.43231439590454 0.4210526315789473 1.0
0 0.01 0.6778100876351608 0.021458148956298828 33.45377254486084 0.4210526315789473 1.0
0 0.01 0.590381877216004 0.042459964752197266 33.49623250961304 0.3636363636363636 1.0
0 0.01 0.5142307075440048 0.03802013397216797 33.534252643585205 0.3636363636363636 1.0
0 0.01 0.44790199493955546 0.07149696350097656 33.60574960708618 0.3076923076923077 1.0
0 0.01 0.39012877707943217 0.06520509719848633 33.67095470428467 0.2962962962962963 1.0
0 0.01 0.33980751241358653 0.06140017509460449 33.73235487937927 0.2857142857142857 1.0
0 0.01 0.2959770011254507 0.04365181922912598 33.7760066986084 0.2857142857142857 1.0
0 0.01 0.2578000249994245 0.04268288612365723 33.818689584732056 0.2857142857142857 1.0
0 0.01 0.22454735549379537 0.07453703880310059 33.893226623535156 0.25806451612903225 1.0
0 0.01 0.19558382455304058 0.059391021728515625 33.95261764526367 0.25806451612903225 1.0
0 0.01 0.1703561920944177 0.05727100372314453 34.009888648986816 0.25806451612903225 1.0
0 0.01 0.14838257842248037 0.05561494827270508 34.06550359725952 0.25806451612903225 1.0
0 0.01 0.12924325971726744 0.05462503433227539 34.1201286315918 0.25806451612903225 1.0
0 0.01 0.1125726507783501 0.05292916297912598 34.17305779457092 0.25806451612903225 1.0
0 0.01 0.09805232188500161 0.045411109924316406 34.21846890449524 0.25806451612903225 1.0
0 0.01 0.08540491638568569 0.25178098678588867 34.47024989128113 0.2105263157894737 1.0
0 0.01 0.07438885283512764 0.2918229103088379 34.762072801589966 0.21621621621621623 1.0
0 0.01 0.06479371048308594 0.13107728958129883 34.893150091171265 0.21621621621621623 1.0
0 0.01 0.056436209971818335 0.12896275520324707 35.02211284637451 0.21621621621621623 1.0
0 0.01 0.049156712468482675 0.18200397491455078 35.20411682128906 0.2105263157894737 1.0
0 0.01 0.0428161703614703 0.11114692687988281 35.315263748168945 0.2105263157894737 1.0
0 0.01 0.03729347127511503 0.19855308532714844 35.513816833496094 0.20512820512820512 1.0
0 0.01 0.032483124670098805 0.20544195175170898 35.7192587852478 0.19999999999999998 1.0
