[216.40736058 188.4937774  164.18066384 143.00360867 124.55810333
 108.49181534  94.49785828  82.30892987  71.69220614  62.44489425
  54.39035884  47.37474809  41.26405496  35.94155748  31.30558923
  27.26759733  23.75045104  20.68696841  18.01863304  15.69447636
  13.67010404  11.906848    10.37102782   9.03330739   7.86813455
   6.85325305   5.96927734   5.19932239   4.52868107   3.94454329
   3.43575127   2.99258645   2.60658382   2.27037024   1.9775236
   1.72245016   1.5002777    1.30676244   1.138208     0.99139477
   0.86351843   0.75213639   0.65512111   0.57061946   0.49701737
   0.43290895   0.37706963   0.32843281   0.28606948   0.24917044]0 1 312.2098259152708 0.0005249977111816406 0.0005249977111816406 0.0 1.0
0 1 271.93903789811014 0.0005497932434082031 0.0010747909545898438 0.0 1.0
0 1 236.8626295349813 0.005370140075683594 0.0064449310302734375 0.33333333333333337 1.0
0 1 206.31059705097118 0.026168107986450195 0.03261303901672363 0.5714285714285715 1.0
0 1 179.69935797424765 0.016710281372070312 0.049323320388793945 0.5714285714285715 1.0
0 1 156.52060397255676 0.013796806335449219 0.06312012672424316 0.5714285714285715 1.0
0 1 136.33159152101595 0.0120849609375 0.07520508766174316 0.5714285714285715 1.0
0 1 118.74668494067365 0.011729955673217773 0.08693504333496094 0.7499999999999999 1.0
0 1 103.42999026917344 0.011127948760986328 0.09806299209594727 0.7499999999999999 1.0
0 1 90.08893926113359 0.011229276657104492 0.10929226875305176 0.7499999999999999 1.0
0 1 78.46870096453189 0.011199951171875 0.12049221992492676 0.7499999999999999 1.0
0 1 68.34731412713553 0.009716987609863281 0.13020920753479004 0.7499999999999999 1.0
0 1 59.53144745577994 0.014945030212402344 0.14515423774719238 0.6666666666666665 1.0
0 1 51.85270674408604 0.010807037353515625 0.155961275100708 0.7272727272727272 1.0
0 1 45.16441833008278 0.011523962020874023 0.16748523712158203 0.7272727272727272 1.0
0 1 39.33882744370648 0.014055967330932617 0.18154120445251465 0.6153846153846154 1.0
0 1 34.26465792907022 0.021644115447998047 0.2031853199005127 0.47058823529411764 1.0
0 1 29.84498672911064 0.035249948501586914 0.2384352684020996 0.3636363636363636 1.0
0 1 25.99539253258091 0.042450904846191406 0.280886173248291 0.3076923076923077 1.0
0 1 22.642343220204207 0.11908078193664551 0.3999669551849365 0.26666666666666666 1.0
0 1 19.721791308170232 0.14669585227966309 0.5466628074645996 0.27586206896551724 1.0
0 1 17.177950560167822 0.2144148349761963 0.7610776424407959 0.26666666666666666 1.0
0 1 14.962230399696251 0.1877429485321045 0.9488205909729004 0.24242424242424243 1.0
0 1 13.03230776858211 0.16554594039916992 1.1143665313720703 0.2222222222222222 1.0
0 1 11.351318703025308 0.1957077980041504 1.3100743293762207 0.2222222222222222 1.0
0 1 9.887154185253786 0.16273927688598633 1.472813606262207 0.21621621621621623 1.0
0 1 8.611846820663045 0.15851807594299316 1.6313316822052002 0.20512820512820512 1.0
0 1 7.501036625197576 0.18040013313293457 1.8117318153381348 0.19999999999999998 1.0
0 1 6.53350571883761 0.14998292922973633 1.961714744567871 0.20512820512820512 1.0
0 1 5.69077303724795 0.20570993423461914 2.1674246788024902 0.18604651162790697 1.0
0 1 4.956741320068812 0.17423701286315918 2.3416616916656494 0.1777777777777778 1.0
0 1 4.317389632878279 0.21489882469177246 2.556560516357422 0.16666666666666666 1.0
0 1 3.7605055496069455 1.962494134902954 4.519054651260376 0.1702127659574468 1.0
0 1 3.2754518797500736 0.45244526863098145 4.971499919891357 0.1702127659574468 1.0
0 1 2.8529634845718124 0.2524259090423584 5.223925828933716 0.16666666666666666 1.0
0 1 2.4849703012340436 0.192626953125 5.416552782058716 0.163265306122449 1.0
0 1 2.1644431943866964 0.358715295791626 5.775268077850342 0.163265306122449 1.0
0 1 1.8852596907900219 0.20512008666992188 5.980388164520264 0.163265306122449 1.0
0 1 1.6420870323301746 0.18747496604919434 6.167863130569458 0.163265306122449 1.0
0 1 1.4302803135927475 0.17290997505187988 6.340773105621338 0.163265306122449 1.0
0 1 1.2457937582930971 0.15973901748657227 6.50051212310791 0.163265306122449 1.0
0 1 1.0851034398309916 0.7264440059661865 7.226956129074097 0.1568627450980392 1.0
0 1 0.945139969834425 0.7097530364990234 7.93670916557312 0.1568627450980392 1.0
0 1 0.823229868958621 0.9365272521972656 8.873236417770386 0.1568627450980392 1.0
0 1 0.7170445000483404 1.565018653869629 10.438255071640015 0.15384615384615383 1.0
0 1 0.624555588222246 1.7553050518035889 12.193560123443604 0.1509433962264151 1.0
0 1 0.5439964782567033 1.2848267555236816 13.478386878967285 0.1509433962264151 1.0
0 1 0.4738283892360109 1.0517637729644775 14.530150651931763 0.1509433962264151 1.0
0 1 0.4127110218901976 1.0941801071166992 15.624330759048462 0.1481481481481481 1.0
0 1 0.3594769571833539 1.0463180541992188 16.67064881324768 0.1481481481481481 1.0
0 0.1 130.20161032759302 0.0005061626434326172 16.671154975891113 0.0 1.0
0 0.1 113.40738729625762 0.0004999637603759766 16.67165493965149 0.0 1.0
0 0.1 98.77938883400856 0.0005338191986083984 16.672188758850098 0.0 1.0
0 0.1 86.03820166433057 0.0005319118499755859 16.672720670700073 0.0 1.0
0 0.1 74.9404529934022 0.0005686283111572266 16.67328929901123 0.0 1.0
0 0.1 65.27416178184274 0.0006306171417236328 16.673919916152954 0.0 1.0
0 0.1 56.854689638682785 0.0005788803100585938 16.674498796463013 0.0 1.0
0 0.1 49.52121399451067 0.013941049575805664 16.68843984603882 0.5714285714285715 1.0
0 0.1 43.13365618693992 0.010316848754882812 16.6987566947937 0.5714285714285715 1.0
0 0.1 37.570005780944214 0.009711265563964844 16.708467960357666 0.5714285714285715 1.0
0 0.1 32.7239900151928 0.009313106536865234 16.71778106689453 0.5714285714285715 1.0
0 0.1 28.503043857863506 0.00949406623840332 16.727275133132935 0.5714285714285715 1.0
0 0.1 24.826541897430772 0.008301973342895508 16.73557710647583 0.5714285714285715 1.0
0 0.1 21.624258295306348 0.0074961185455322266 16.743073225021362 0.5714285714285715 1.0
0 0.1 18.835025383479486 0.010465860366821289 16.753539085388184 0.7499999999999999 1.0
0 0.1 16.405565284674683 0.008660078048706055 16.76219916343689 0.7499999999999999 1.0
0 0.1 14.289472237493916 0.008928060531616211 16.771127223968506 0.7499999999999999 1.0
0 0.1 12.446326187665905 0.008190155029296875 16.779317378997803 0.7499999999999999 1.0
0 0.1 10.840920713874212 0.007960081100463867 16.787277460098267 0.7499999999999999 1.0
0 0.1 9.44259054057033 0.007889747619628906 16.795167207717896 0.7499999999999999 1.0
0 0.1 8.224625792416147 0.006708860397338867 16.801876068115234 0.7499999999999999 1.0
0 0.1 7.163761801874259 0.008916139602661133 16.810792207717896 0.7499999999999999 1.0
0 0.1 6.239734724625884 0.012211322784423828 16.82300353050232 0.7272727272727272 1.0
0 0.1 5.43489447450858 0.009571075439453125 16.832574605941772 0.7272727272727272 1.0
0 0.1 4.733867584541418 0.008481979370117188 16.84105658531189 0.7272727272727272 1.0
0 0.1 4.123263554256632 0.025554180145263672 16.866610765457153 0.6153846153846154 1.0
0 0.1 3.591419074200402 0.022722959518432617 16.889333724975586 0.5714285714285714 1.0
0 0.1 3.128175241967003 0.04648184776306152 16.935815572738647 0.4210526315789473 1.0
0 0.1 2.7246835143108377 0.023615121841430664 16.959430694580078 0.4210526315789473 1.0
0 0.1 2.373236688776134 0.03909468650817871 16.998525381088257 0.38095238095238093 1.0
0 0.1 2.0671216863796724 0.0664520263671875 17.064977407455444 0.3478260869565218 1.0
0 0.1 1.8004913233094775 0.1527695655822754 17.21774697303772 0.32000000000000006 1.0
0 0.1 1.5682526223167341 0.18205022811889648 17.399797201156616 0.2857142857142857 1.0
0 0.1 1.3659695304072161 0.1312849521636963 17.531082153320312 0.27586206896551724 1.0
0 0.1 1.1897781846170337 0.16003870964050293 17.691120862960815 0.25806451612903225 1.0
0 0.1 1.036313107341863 0.08363103866577148 17.774751901626587 0.25806451612903225 1.0
0 0.1 0.9026429214570189 0.1140296459197998 17.888781547546387 0.24242424242424243 1.0
0 0.1 0.786214357305898 0.13626313209533691 18.025044679641724 0.2352941176470588 1.0
0 0.1 0.6848034820193963 0.08302021026611328 18.108064889907837 0.2352941176470588 1.0
0 0.1 0.5964732195846044 0.37892794609069824 18.486992835998535 0.2285714285714286 1.0
0 0.1 0.5195363502423698 0.4894227981567383 18.976415634155273 0.2222222222222222 1.0
0 0.1 0.4525232824553942 0.6336228847503662 19.61003851890564 0.20512820512820512 1.0
0 0.1 0.3941539818506903 0.9106030464172363 20.520641565322876 0.19999999999999998 1.0
0 0.1 0.34331352094368267 0.43939876556396484 20.96004033088684 0.19512195121951217 1.0
0 0.1 0.2990307826127625 0.3797330856323242 21.339773416519165 0.19047619047619047 1.0
0 0.1 0.2604599105337001 0.6714179515838623 22.011191368103027 0.18181818181818182 1.0
0 0.1 0.22686415225376097 0.3884720802307129 22.39966344833374 0.18181818181818182 1.0
0 0.1 0.19760178628779224 0.17421984672546387 22.573883295059204 0.18181818181818182 1.0
0 0.1 0.17211386442601356 0.11827898025512695 22.69216227531433 0.18181818181818182 1.0
0 0.1 0.14991353511608546 2.0214109420776367 24.713573217391968 0.1739130434782609 1.0
0 0.01 28.211963230963963 0.000621795654296875 24.714195013046265 0.0 1.0
0 0.01 24.573006681497752 0.012473821640014648 24.72666883468628 0.5714285714285715 1.0
0 0.01 21.403425646968028 0.008473873138427734 24.735142707824707 0.5714285714285715 1.0
0 0.01 18.642677119777133 0.008472919464111328 24.74361562728882 0.5714285714285715 1.0
0 0.01 16.238027310431736 0.008108854293823242 24.75172448158264 0.5714285714285715 1.0
0 0.01 14.143544365449966 0.0077610015869140625 24.759485483169556 0.5714285714285715 1.0
0 0.01 12.319221010851523 0.007302999496459961 24.766788482666016 0.5714285714285715 1.0
0 0.01 10.730210362611421 0.006657838821411133 24.773446321487427 0.5714285714285715 1.0
0 0.01 9.346160307090315 0.010387182235717773 24.783833503723145 0.7499999999999999 1.0
0 0.01 8.140633737265514 0.008304119110107422 24.792137622833252 0.7499999999999999 1.0
0 0.01 7.090603570541246 0.007544994354248047 24.7996826171875 0.7499999999999999 1.0
0 0.01 6.176012902339531 0.007682085037231445 24.80736470222473 0.7499999999999999 1.0
0 0.01 5.379391893848717 0.0073359012603759766 24.814700603485107 0.7499999999999999 1.0
0 0.01 4.685524076001097 0.007157564163208008 24.821858167648315 0.7499999999999999 1.0
0 0.01 4.081155695663349 0.007275104522705078 24.82913327217102 0.7499999999999999 1.0
0 0.01 3.554742552184356 0.0073108673095703125 24.83644413948059 0.7499999999999999 1.0
0 0.01 3.09622948855821 0.005373239517211914 24.841817378997803 0.7499999999999999 1.0
0 0.01 2.6968583252045994 0.0054378509521484375 24.84725522994995 0.7499999999999999 1.0
0 0.01 2.349000567658869 0.0071773529052734375 24.854432582855225 0.7499999999999999 1.0
0 0.01 2.046011692676912 0.012093067169189453 24.866525650024414 0.7272727272727272 1.0
0 0.01 1.7821042294352372 0.007912397384643555 24.874438047409058 0.7272727272727272 1.0
0 0.01 1.5522372115164986 0.00755000114440918 24.881988048553467 0.7272727272727272 1.0
0 0.01 1.3520198880735976 0.020724058151245117 24.902712106704712 0.6153846153846154 1.0
0 0.01 1.1776278549337647 0.014685869216918945 24.91739797592163 0.6153846153846154 1.0
0 0.01 1.0257300036406054 0.029256343841552734 24.946654319763184 0.4210526315789473 1.0
0 0.01 0.8934248930683893 0.017197847366333008 24.963852167129517 0.4210526315789473 1.0
0 0.01 0.7781853282259436 0.015957117080688477 24.979809284210205 0.4210526315789473 1.0
0 0.01 0.6778100876351608 0.015712976455688477 24.995522260665894 0.4210526315789473 1.0
0 0.01 0.590381877216004 0.03630995750427246 25.031832218170166 0.3636363636363636 1.0
0 0.01 0.5142307075440048 0.02985382080078125 25.061686038970947 0.3636363636363636 1.0
0 0.01 0.44790199493955546 0.059142112731933594 25.12082815170288 0.3076923076923077 1.0
0 0.01 0.39012877707943217 0.05385398864746094 25.174682140350342 0.2962962962962963 1.0
0 0.01 0.33980751241358653 0.05398988723754883 25.22867202758789 0.2857142857142857 1.0
0 0.01 0.2959770011254507 0.03506779670715332 25.263739824295044 0.2857142857142857 1.0
0 0.01 0.2578000249994245 0.03448200225830078 25.298221826553345 0.2857142857142857 1.0
0 0.01 0.22454735549379537 0.06456279754638672 25.36278462409973 0.25806451612903225 1.0
0 0.01 0.19558382455304058 0.046015024185180664 25.408799648284912 0.25806451612903225 1.0
0 0.01 0.1703561920944177 0.044998884201049805 25.453798532485962 0.25806451612903225 1.0
0 0.01 0.14838257842248037 0.043557167053222656 25.497355699539185 0.25806451612903225 1.0
0 0.01 0.12924325971726744 0.04233598709106445 25.53969168663025 0.25806451612903225 1.0
0 0.01 0.1125726507783501 0.04115104675292969 25.58084273338318 0.25806451612903225 1.0
0 0.01 0.09805232188500161 0.03565382957458496 25.616496562957764 0.25806451612903225 1.0
0 0.01 0.08540491638568569 0.22049617767333984 25.836992740631104 0.2105263157894737 1.0
0 0.01 0.07438885283512764 0.2515280246734619 26.088520765304565 0.21621621621621623 1.0
0 0.01 0.06479371048308594 0.09656095504760742 26.185081720352173 0.21621621621621623 1.0
0 0.01 0.056436209971818335 0.08522605895996094 26.270307779312134 0.21621621621621623 1.0
0 0.01 0.049156712468482675 0.13844990730285645 26.40875768661499 0.2105263157894737 1.0
0 0.01 0.0428161703614703 0.07487607002258301 26.483633756637573 0.2105263157894737 1.0
0 0.01 0.03729347127511503 0.14666390419006348 26.630297660827637 0.20512820512820512 1.0
0 0.01 0.032483124670098805 0.1555042266845703 26.785801887512207 0.19999999999999998 1.0
