[216.40736058 188.4937774  164.18066384 143.00360867 124.55810333
 108.49181534  94.49785828  82.30892987  71.69220614  62.44489425
  54.39035884  47.37474809  41.26405496  35.94155748  31.30558923
  27.26759733  23.75045104  20.68696841  18.01863304  15.69447636
  13.67010404  11.906848    10.37102782   9.03330739   7.86813455
   6.85325305   5.96927734   5.19932239   4.52868107   3.94454329
   3.43575127   2.99258645   2.60658382   2.27037024   1.9775236
   1.72245016   1.5002777    1.30676244   1.138208     0.99139477
   0.86351843   0.75213639   0.65512111   0.57061946   0.49701737
   0.43290895   0.37706963   0.32843281   0.28606948   0.24917044]0 1 312.2098259152708 0.0005340576171875 0.0005340576171875 0.0 1.0
0 1 271.93903789811014 0.0005500316619873047 0.0010840892791748047 0.0 1.0
0 1 236.8626295349813 0.004629850387573242 0.005713939666748047 0.33333333333333337 1.0
0 1 206.31059705097118 0.021270036697387695 0.026983976364135742 0.5714285714285715 1.0
0 1 179.69935797424765 0.01355600357055664 0.04053997993469238 0.5714285714285715 1.0
0 1 156.52060397255676 0.01131129264831543 0.05185127258300781 0.5714285714285715 1.0
0 1 136.33159152101595 0.009852170944213867 0.06170344352722168 0.5714285714285715 1.0
0 1 118.74668494067365 0.009740114212036133 0.07144355773925781 0.7499999999999999 1.0
0 1 103.42999026917344 0.00919485092163086 0.08063840866088867 0.7499999999999999 1.0
0 1 90.08893926113359 0.008482933044433594 0.08912134170532227 0.7499999999999999 1.0
0 1 78.46870096453189 0.007929801940917969 0.09705114364624023 0.7499999999999999 1.0
0 1 68.34731412713553 0.008152008056640625 0.10520315170288086 0.7499999999999999 1.0
0 1 59.53144745577994 0.011300802230834961 0.11650395393371582 0.6666666666666665 1.0
0 1 51.85270674408604 0.008456230163574219 0.12496018409729004 0.7272727272727272 1.0
0 1 45.16441833008278 0.008885860443115234 0.13384604454040527 0.7272727272727272 1.0
0 1 39.33882744370648 0.011547088623046875 0.14539313316345215 0.6153846153846154 1.0
0 1 34.26465792907022 0.016001224517822266 0.16139435768127441 0.47058823529411764 1.0
0 1 29.84498672911064 0.026545047760009766 0.18793940544128418 0.3636363636363636 1.0
0 1 25.99539253258091 0.028779983520507812 0.216719388961792 0.3076923076923077 1.0
0 1 22.642343220204207 0.07862687110900879 0.2953462600708008 0.26666666666666666 1.0
0 1 19.721791308170232 0.09676599502563477 0.39211225509643555 0.27586206896551724 1.0
0 1 17.177950560167822 0.15885019302368164 0.5509624481201172 0.26666666666666666 1.0
0 1 14.962230399696251 0.13843393325805664 0.6893963813781738 0.24242424242424243 1.0
0 1 13.03230776858211 0.1228780746459961 0.8122744560241699 0.2222222222222222 1.0
0 1 11.351318703025308 0.13465595245361328 0.9469304084777832 0.2222222222222222 1.0
0 1 9.887154185253786 0.11360406875610352 1.0605344772338867 0.21621621621621623 1.0
0 1 8.611846820663045 0.12367796897888184 1.1842124462127686 0.20512820512820512 1.0
0 1 7.501036625197576 0.12210512161254883 1.3063175678253174 0.19999999999999998 1.0
0 1 6.53350571883761 0.10178208351135254 1.40809965133667 0.20512820512820512 1.0
0 1 5.69077303724795 0.13412904739379883 1.5422286987304688 0.18604651162790697 1.0
0 1 4.956741320068812 0.11141514778137207 1.6536438465118408 0.1777777777777778 1.0
0 1 4.317389632878279 0.13634514808654785 1.7899889945983887 0.1702127659574468 1.0
0 1 3.7605055496069455 1.5570509433746338 3.3470399379730225 0.1702127659574468 1.0
0 1 3.2754518797500736 0.34033203125 3.6873719692230225 0.1702127659574468 1.0
0 1 2.8529634845718124 0.13255596160888672 3.819927930831909 0.16666666666666666 1.0
0 1 2.4849703012340436 0.08627796173095703 3.906205892562866 0.163265306122449 1.0
0 1 2.1644431943866964 0.2456989288330078 4.151904821395874 0.163265306122449 1.0
0 1 1.8852596907900219 0.10839390754699707 4.260298728942871 0.163265306122449 1.0
0 1 1.6420870323301746 0.09382820129394531 4.354126930236816 0.163265306122449 1.0
0 1 1.4302803135927475 0.08166027069091797 4.435787200927734 0.163265306122449 1.0
0 1 1.2457937582930971 0.07923102378845215 4.5150182247161865 0.163265306122449 1.0
0 1 1.0851034398309916 0.39045071601867676 4.905468940734863 0.1568627450980392 1.0
0 1 0.945139969834425 0.39330101013183594 5.298769950866699 0.1568627450980392 1.0
0 1 0.823229868958621 0.6920082569122314 5.990778207778931 0.1568627450980392 1.0
0 1 0.7170445000483404 1.0316898822784424 7.022468090057373 0.1509433962264151 1.0
0 1 0.624555588222246 1.096623182296753 8.119091272354126 0.1509433962264151 1.0
0 1 0.5439964782567033 0.5951979160308838 8.71428918838501 0.1509433962264151 1.0
0 1 0.4738283892360109 0.4783358573913574 9.192625045776367 0.1509433962264151 1.0
0 1 0.4127110218901976 0.4468529224395752 9.639477968215942 0.1481481481481481 1.0
0 1 0.3594769571833539 0.45147109031677246 10.090949058532715 0.1481481481481481 1.0
0 0.1 130.20161032759302 0.000492095947265625 10.09144115447998 0.0 1.0
0 0.1 113.40738729625762 0.0004780292510986328 10.091919183731079 0.0 1.0
0 0.1 98.77938883400856 0.0005099773406982422 10.092429161071777 0.0 1.0
0 0.1 86.03820166433057 0.0005280971527099609 10.092957258224487 0.0 1.0
0 0.1 74.9404529934022 0.0005700588226318359 10.09352731704712 0.0 1.0
0 0.1 65.27416178184274 0.0005741119384765625 10.094101428985596 0.0 1.0
0 0.1 56.854689638682785 0.0006101131439208984 10.094711542129517 0.0 1.0
0 0.1 49.52121399451067 0.011574029922485352 10.106285572052002 0.5714285714285715 1.0
0 0.1 43.13365618693992 0.008327245712280273 10.114612817764282 0.5714285714285715 1.0
0 0.1 37.570005780944214 0.008028030395507812 10.12264084815979 0.5714285714285715 1.0
0 0.1 32.7239900151928 0.007505893707275391 10.130146741867065 0.5714285714285715 1.0
0 0.1 28.503043857863506 0.00675511360168457 10.13690185546875 0.5714285714285715 1.0
0 0.1 24.826541897430772 0.005845069885253906 10.142746925354004 0.5714285714285715 1.0
0 0.1 21.624258295306348 0.0059490203857421875 10.148695945739746 0.5714285714285715 1.0
0 0.1 18.835025383479486 0.008820056915283203 10.15751600265503 0.7499999999999999 1.0
0 0.1 16.405565284674683 0.0068128108978271484 10.164328813552856 0.7499999999999999 1.0
0 0.1 14.289472237493916 0.006420135498046875 10.170748949050903 0.7499999999999999 1.0
0 0.1 12.446326187665905 0.006334066390991211 10.177083015441895 0.7499999999999999 1.0
0 0.1 10.840920713874212 0.006373882293701172 10.183456897735596 0.7499999999999999 1.0
0 0.1 9.44259054057033 0.006363868713378906 10.189820766448975 0.7499999999999999 1.0
0 0.1 8.224625792416147 0.004650115966796875 10.194470882415771 0.7499999999999999 1.0
0 0.1 7.163761801874259 0.0063359737396240234 10.200806856155396 0.7499999999999999 1.0
0 0.1 6.239734724625884 0.009300947189331055 10.210107803344727 0.7272727272727272 1.0
0 0.1 5.43489447450858 0.007148027420043945 10.21725583076477 0.7272727272727272 1.0
0 0.1 4.733867584541418 0.006150007247924805 10.223405838012695 0.7272727272727272 1.0
0 0.1 4.123263554256632 0.01903986930847168 10.242445707321167 0.6153846153846154 1.0
0 0.1 3.591419074200402 0.016456127166748047 10.258901834487915 0.5714285714285714 1.0
0 0.1 3.128175241967003 0.036974191665649414 10.295876026153564 0.4210526315789473 1.0
0 0.1 2.7246835143108377 0.015326976776123047 10.311203002929688 0.4210526315789473 1.0
0 0.1 2.373236688776134 0.030778884887695312 10.341981887817383 0.38095238095238093 1.0
0 0.1 2.0671216863796724 0.05007481575012207 10.392056703567505 0.3478260869565218 1.0
0 0.1 1.8004913233094775 0.1213529109954834 10.513409614562988 0.32000000000000006 1.0
0 0.1 1.5682526223167341 0.1761772632598877 10.689586877822876 0.2857142857142857 1.0
0 0.1 1.3659695304072161 0.09703183174133301 10.786618709564209 0.27586206896551724 1.0
0 0.1 1.1897781846170337 0.103668212890625 10.890286922454834 0.25806451612903225 1.0
0 0.1 1.036313107341863 0.0576019287109375 10.947888851165771 0.25806451612903225 1.0
0 0.1 0.9026429214570189 0.07509398460388184 11.022982835769653 0.24242424242424243 1.0
0 0.1 0.786214357305898 0.10037994384765625 11.12336277961731 0.2352941176470588 1.0
0 0.1 0.6848034820193963 0.05450701713562012 11.17786979675293 0.2352941176470588 1.0
0 0.1 0.5964732195846044 0.2872140407562256 11.465083837509155 0.2285714285714286 1.0
0 0.1 0.5195363502423698 0.34547877311706543 11.81056261062622 0.2222222222222222 1.0
0 0.1 0.4525232824553942 0.5379359722137451 12.348498582839966 0.20512820512820512 1.0
0 0.1 0.3941539818506903 0.7995491027832031 13.148047685623169 0.19999999999999998 1.0
0 0.1 0.34331352094368267 0.30417490005493164 13.4522225856781 0.19512195121951217 1.0
0 0.1 0.2990307826127625 0.33541393280029297 13.787636518478394 0.19047619047619047 1.0
0 0.1 0.2604599105337001 0.3600313663482666 14.14766788482666 0.18604651162790697 1.0
0 0.1 0.22686415225376097 0.15471220016479492 14.302380084991455 0.18181818181818182 1.0
0 0.1 0.19760178628779224 0.07766318321228027 14.380043268203735 0.18181818181818182 1.0
0 0.1 0.17211386442601356 0.053652048110961914 14.433695316314697 0.18181818181818182 1.0
0 0.1 0.14991353511608546 1.0470521450042725 15.48074746131897 0.1739130434782609 1.0
0 0.01 28.211963230963963 0.0005929470062255859 15.481340408325195 0.0 1.0
0 0.01 24.573006681497752 0.009939908981323242 15.491280317306519 0.5714285714285715 1.0
0 0.01 21.403425646968028 0.006706953048706055 15.497987270355225 0.5714285714285715 1.0
0 0.01 18.642677119777133 0.00613713264465332 15.504124402999878 0.5714285714285715 1.0
0 0.01 16.238027310431736 0.006166934967041016 15.510291337966919 0.5714285714285715 1.0
0 0.01 14.143544365449966 0.006225109100341797 15.51651644706726 0.5714285714285715 1.0
0 0.01 12.319221010851523 0.005788326263427734 15.522304773330688 0.5714285714285715 1.0
0 0.01 10.730210362611421 0.005425691604614258 15.527730464935303 0.5714285714285715 1.0
0 0.01 9.346160307090315 0.007864952087402344 15.535595417022705 0.7499999999999999 1.0
0 0.01 8.140633737265514 0.005780935287475586 15.54137635231018 0.7499999999999999 1.0
0 0.01 7.090603570541246 0.00557708740234375 15.546953439712524 0.7499999999999999 1.0
0 0.01 6.176012902339531 0.0058329105377197266 15.552786350250244 0.7499999999999999 1.0
0 0.01 5.379391893848717 0.005834102630615234 15.55862045288086 0.7499999999999999 1.0
0 0.01 4.685524076001097 0.00506901741027832 15.563689470291138 0.7499999999999999 1.0
0 0.01 4.081155695663349 0.005098104476928711 15.568787574768066 0.7499999999999999 1.0
0 0.01 3.554742552184356 0.005099058151245117 15.573886632919312 0.7499999999999999 1.0
0 0.01 3.09622948855821 0.0035970211029052734 15.577483654022217 0.7499999999999999 1.0
0 0.01 2.6968583252045994 0.00360107421875 15.581084728240967 0.7499999999999999 1.0
0 0.01 2.349000567658869 0.004901885986328125 15.585986614227295 0.7499999999999999 1.0
0 0.01 2.046011692676912 0.008946895599365234 15.59493350982666 0.7272727272727272 1.0
0 0.01 1.7821042294352372 0.005209207534790039 15.60014271736145 0.7272727272727272 1.0
0 0.01 1.5522372115164986 0.005260944366455078 15.605403661727905 0.7272727272727272 1.0
0 0.01 1.3520198880735976 0.016185998916625977 15.621589660644531 0.6153846153846154 1.0
0 0.01 1.1776278549337647 0.010382652282714844 15.631972312927246 0.6153846153846154 1.0
0 0.01 1.0257300036406054 0.02339005470275879 15.655362367630005 0.4210526315789473 1.0
0 0.01 0.8934248930683893 0.011275053024291992 15.666637420654297 0.4210526315789473 1.0
0 0.01 0.7781853282259436 0.010149717330932617 15.67678713798523 0.4210526315789473 1.0
0 0.01 0.6778100876351608 0.010931968688964844 15.687719106674194 0.4210526315789473 1.0
0 0.01 0.590381877216004 0.02673816680908203 15.714457273483276 0.3636363636363636 1.0
0 0.01 0.5142307075440048 0.01903700828552246 15.733494281768799 0.3636363636363636 1.0
0 0.01 0.44790199493955546 0.0417478084564209 15.77524209022522 0.3076923076923077 1.0
0 0.01 0.39012877707943217 0.03784513473510742 15.813087224960327 0.2962962962962963 1.0
0 0.01 0.33980751241358653 0.04182696342468262 15.85491418838501 0.2857142857142857 1.0
0 0.01 0.2959770011254507 0.02280712127685547 15.877721309661865 0.2857142857142857 1.0
0 0.01 0.2578000249994245 0.022228002548217773 15.899949312210083 0.2857142857142857 1.0
0 0.01 0.22454735549379537 0.04660487174987793 15.946554183959961 0.25806451612903225 1.0
0 0.01 0.19558382455304058 0.030955076217651367 15.977509260177612 0.25806451612903225 1.0
0 0.01 0.1703561920944177 0.029834985733032227 16.007344245910645 0.25806451612903225 1.0
0 0.01 0.14838257842248037 0.028789997100830078 16.036134243011475 0.25806451612903225 1.0
0 0.01 0.12924325971726744 0.027692079544067383 16.063826322555542 0.25806451612903225 1.0
0 0.01 0.1125726507783501 0.026580810546875 16.090407133102417 0.25806451612903225 1.0
0 0.01 0.09805232188500161 0.021214962005615234 16.111622095108032 0.25806451612903225 1.0
0 0.01 0.08540491638568569 0.17538785934448242 16.287009954452515 0.2105263157894737 1.0
0 0.01 0.07438885283512764 0.20081090927124023 16.487820863723755 0.21621621621621623 1.0
0 0.01 0.06479371048308594 0.05241799354553223 16.540238857269287 0.21621621621621623 1.0
0 0.01 0.056436209971818335 0.05032706260681152 16.5905659198761 0.21621621621621623 1.0
0 0.01 0.049156712468482675 0.10180401802062988 16.69236993789673 0.2105263157894737 1.0
0 0.01 0.0428161703614703 0.0322260856628418 16.72459602355957 0.2105263157894737 1.0
0 0.01 0.03729347127511503 0.10314607620239258 16.827742099761963 0.20512820512820512 1.0
0 0.01 0.032483124670098805 0.10748505592346191 16.935227155685425 0.19999999999999998 1.0
