[216.40736058 188.4937774  164.18066384 143.00360867 124.55810333
 108.49181534  94.49785828  82.30892987  71.69220614  62.44489425
  54.39035884  47.37474809  41.26405496  35.94155748  31.30558923
  27.26759733  23.75045104  20.68696841  18.01863304  15.69447636
  13.67010404  11.906848    10.37102782   9.03330739   7.86813455
   6.85325305   5.96927734   5.19932239   4.52868107   3.94454329
   3.43575127   2.99258645   2.60658382   2.27037024   1.9775236
   1.72245016   1.5002777    1.30676244   1.138208     0.99139477
   0.86351843   0.75213639   0.65512111   0.57061946   0.49701737
   0.43290895   0.37706963   0.32843281   0.28606948   0.24917044]0 1 312.2098259152708 0.0006427764892578125 0.0006427764892578125 0.0 1.0
0 1 271.93903789811014 0.0006341934204101562 0.0012769699096679688 0.0 1.0
0 1 236.8626295349813 0.0075910091400146484 0.008867979049682617 0.33333333333333337 1.0
0 1 206.31059705097118 0.006945133209228516 0.015813112258911133 0.5714285714285715 1.0
0 1 179.69935797424765 0.004210948944091797 0.02002406120300293 0.5714285714285715 1.0
0 1 156.52060397255676 0.00374603271484375 0.02377009391784668 0.5714285714285715 1.0
0 1 136.33159152101595 0.0031518936157226562 0.026921987533569336 0.5714285714285715 1.0
0 1 118.74668494067365 0.007128000259399414 0.03404998779296875 0.7499999999999999 1.0
0 1 103.42999026917344 0.004878997802734375 0.038928985595703125 0.7499999999999999 1.0
0 1 90.08893926113359 0.004142045974731445 0.04307103157043457 0.7499999999999999 1.0
0 1 78.46870096453189 0.003387928009033203 0.04645895957946777 0.7499999999999999 1.0
0 1 68.34731412713553 0.0039060115814208984 0.05036497116088867 0.7499999999999999 1.0
0 1 59.53144745577994 0.00562596321105957 0.05599093437194824 0.6666666666666665 1.0
0 1 51.85270674408604 0.007542133331298828 0.06353306770324707 0.7272727272727272 1.0
0 1 45.16441833008278 0.008048057556152344 0.07158112525939941 0.7272727272727272 1.0
0 1 39.33882744370648 0.008382320404052734 0.07996344566345215 0.6153846153846154 1.0
0 1 34.26465792907022 0.01590108871459961 0.09586453437805176 0.47058823529411764 1.0
0 1 29.84498672911064 0.018208026885986328 0.11407256126403809 0.3636363636363636 1.0
0 1 25.99539253258091 0.022069931030273438 0.13614249229431152 0.3076923076923077 1.0
0 1 22.642343220204207 0.059458017349243164 0.1956005096435547 0.26666666666666666 1.0
0 1 19.721791308170232 0.06593585014343262 0.2615363597869873 0.27586206896551724 1.0
0 1 17.177950560167822 0.12491703033447266 0.38645339012145996 0.26666666666666666 1.0
0 1 14.962230399696251 0.09865093231201172 0.4851043224334717 0.24242424242424243 1.0
0 1 13.03230776858211 0.09028100967407227 0.575385332107544 0.2222222222222222 1.0
0 1 11.351318703025308 0.0903940200805664 0.6657793521881104 0.2222222222222222 1.0
0 1 9.887154185253786 0.0842282772064209 0.7500076293945312 0.21621621621621623 1.0
0 1 8.611846820663045 0.08203482627868652 0.8320424556732178 0.20512820512820512 1.0
0 1 7.501036625197576 0.09847712516784668 0.9305195808410645 0.19999999999999998 1.0
0 1 6.53350571883761 0.08665776252746582 1.0171773433685303 0.20512820512820512 1.0
0 1 5.69077303724795 0.10855817794799805 1.1257355213165283 0.18604651162790697 1.0
0 1 4.956741320068812 0.09254789352416992 1.2182834148406982 0.1777777777777778 1.0
0 1 4.317389632878279 0.11141705513000488 1.3297004699707031 0.16666666666666666 1.0
0 1 3.7605055496069455 1.0293817520141602 2.3590822219848633 0.1702127659574468 1.0
0 1 3.2754518797500736 0.218858003616333 2.5779402256011963 0.1702127659574468 1.0
0 1 2.8529634845718124 0.09311103820800781 2.671051263809204 0.16666666666666666 1.0
0 1 2.4849703012340436 0.11317586898803711 2.784227132797241 0.163265306122449 1.0
0 1 2.1644431943866964 0.17052602767944336 2.9547531604766846 0.163265306122449 1.0
0 1 1.8852596907900219 0.0789790153503418 3.0337321758270264 0.163265306122449 1.0
0 1 1.6420870323301746 0.07550597190856934 3.1092381477355957 0.163265306122449 1.0
0 1 1.4302803135927475 0.07373595237731934 3.182974100112915 0.163265306122449 1.0
0 1 1.2457937582930971 0.0710608959197998 3.254034996032715 0.163265306122449 1.0
0 1 1.0851034398309916 0.38081979751586914 3.634854793548584 0.1568627450980392 1.0
0 1 0.945139969834425 0.33753323554992676 3.9723880290985107 0.1568627450980392 1.0
0 1 0.823229868958621 0.5802807807922363 4.552668809890747 0.1568627450980392 1.0
0 1 0.7170445000483404 1.1561269760131836 5.708795785903931 0.15384615384615383 1.0
0 1 0.624555588222246 0.9755280017852783 6.684323787689209 0.1509433962264151 1.0
0 1 0.5439964782567033 0.6300070285797119 7.314330816268921 0.1509433962264151 1.0
0 1 0.4738283892360109 0.5511438846588135 7.865474700927734 0.1509433962264151 1.0
0 1 0.4127110218901976 0.5544672012329102 8.419941902160645 0.1481481481481481 1.0
0 1 0.3594769571833539 0.5387699604034424 8.958711862564087 0.1481481481481481 1.0
0 0.1 130.20161032759302 0.0006630420684814453 8.959374904632568 0.0 1.0
0 0.1 113.40738729625762 0.0006411075592041016 8.960016012191772 0.0 1.0
0 0.1 98.77938883400856 0.0006289482116699219 8.960644960403442 0.0 1.0
0 0.1 86.03820166433057 0.0006310939788818359 8.961276054382324 0.0 1.0
0 0.1 74.9404529934022 0.0006489753723144531 8.961925029754639 0.0 1.0
0 0.1 65.27416178184274 0.0006589889526367188 8.962584018707275 0.0 1.0
0 0.1 56.854689638682785 0.0007140636444091797 8.963298082351685 0.0 1.0
0 0.1 49.52121399451067 0.0006427764892578125 8.963940858840942 0.0 1.0
0 0.1 43.13365618693992 0.0006489753723144531 8.964589834213257 0.0 1.0
0 0.1 37.570005780944214 0.0006320476531982422 8.965221881866455 0.0 1.0
0 0.1 32.7239900151928 0.0006232261657714844 8.965845108032227 0.0 1.0
0 0.1 28.503043857863506 0.0006291866302490234 8.966474294662476 0.0 1.0
0 0.1 24.826541897430772 0.007400989532470703 8.973875284194946 0.5714285714285715 1.0
0 0.1 21.624258295306348 0.001764059066772461 8.975639343261719 0.5714285714285715 1.0
0 0.1 18.835025383479486 0.0018608570098876953 8.977500200271606 0.5714285714285715 1.0
0 0.1 16.405565284674683 0.0017910003662109375 8.979291200637817 0.5714285714285715 1.0
0 0.1 14.289472237493916 0.0017647743225097656 8.981055974960327 0.5714285714285715 1.0
0 0.1 12.446326187665905 0.0018758773803710938 8.982931852340698 0.5714285714285715 1.0
0 0.1 10.840920713874212 0.006490230560302734 8.989422082901001 0.7499999999999999 1.0
0 0.1 9.44259054057033 0.0022110939025878906 8.991633176803589 0.7499999999999999 1.0
0 0.1 8.224625792416147 0.0022161006927490234 8.993849277496338 0.7499999999999999 1.0
0 0.1 7.163761801874259 0.002810239791870117 8.996659517288208 0.7499999999999999 1.0
0 0.1 6.239734724625884 0.0027310848236083984 8.999390602111816 0.7499999999999999 1.0
0 0.1 5.43489447450858 0.011950969696044922 9.011341571807861 0.7272727272727272 1.0
0 0.1 4.733867584541418 0.0056209564208984375 9.01696252822876 0.7272727272727272 1.0
0 0.1 4.123263554256632 0.00580596923828125 9.022768497467041 0.7272727272727272 1.0
0 0.1 3.591419074200402 0.026851177215576172 9.049619674682617 0.5714285714285714 1.0
0 0.1 3.128175241967003 0.0613400936126709 9.110959768295288 0.4444444444444444 1.0
0 0.1 2.7246835143108377 0.030616044998168945 9.141575813293457 0.4 1.0
0 0.1 2.373236688776134 0.05643606185913086 9.198011875152588 0.3636363636363636 1.0
0 0.1 2.0671216863796724 0.0890207290649414 9.28703260421753 0.32000000000000006 1.0
0 0.1 1.8004913233094775 0.024331092834472656 9.311363697052002 0.32000000000000006 1.0
0 0.1 1.5682526223167341 0.11656713485717773 9.42793083190918 0.2962962962962963 1.0
0 0.1 1.3659695304072161 0.07191920280456543 9.499850034713745 0.27586206896551724 1.0
0 0.1 1.1897781846170337 0.050089120864868164 9.549939155578613 0.26666666666666666 1.0
0 0.1 1.036313107341863 0.09698295593261719 9.64692211151123 0.25806451612903225 1.0
0 0.1 0.9026429214570189 0.12352609634399414 9.770448207855225 0.24242424242424243 1.0
0 0.1 0.786214357305898 0.07132887840270996 9.841777086257935 0.2352941176470588 1.0
0 0.1 0.6848034820193963 0.18964815139770508 10.03142523765564 0.2285714285714286 1.0
0 0.1 0.5964732195846044 0.08175182342529297 10.113177061080933 0.2285714285714286 1.0
0 0.1 0.5195363502423698 0.10347127914428711 10.21664834022522 0.21621621621621623 1.0
0 0.1 0.4525232824553942 0.10903096199035645 10.325679302215576 0.20512820512820512 1.0
0 0.1 0.3941539818506903 0.19927501678466797 10.524954319000244 0.19999999999999998 1.0
0 0.1 0.34331352094368267 0.5871748924255371 11.112129211425781 0.19512195121951217 1.0
0 0.1 0.2990307826127625 0.17488312721252441 11.287012338638306 0.2105263157894737 1.0
0 0.1 0.2604599105337001 0.10152292251586914 11.388535261154175 0.19999999999999998 1.0
0 0.1 0.22686415225376097 0.09185981750488281 11.480395078659058 0.19999999999999998 1.0
0 0.1 0.19760178628779224 0.09980201721191406 11.580197095870972 0.19512195121951217 1.0
0 0.1 0.17211386442601356 0.16239190101623535 11.742588996887207 0.18604651162790697 1.0
0 0.1 0.14991353511608546 0.28859400749206543 12.031183004379272 0.18181818181818182 1.0
0 0.01 28.211963230963963 0.0006289482116699219 12.031811952590942 0.0 1.0
0 0.01 24.573006681497752 0.0006389617919921875 12.032450914382935 0.0 1.0
0 0.01 21.403425646968028 0.0006220340728759766 12.03307294845581 0.0 1.0
0 0.01 18.642677119777133 0.0006301403045654297 12.033703088760376 0.0 1.0
0 0.01 16.238027310431736 0.0006809234619140625 12.03438401222229 0.0 1.0
0 0.01 14.143544365449966 0.0007119178771972656 12.035095930099487 0.0 1.0
0 0.01 12.319221010851523 0.0006399154663085938 12.035735845565796 0.0 1.0
0 0.01 10.730210362611421 0.0006349086761474609 12.036370754241943 0.0 1.0
0 0.01 9.346160307090315 0.0006799697875976562 12.037050724029541 0.0 1.0
0 0.01 8.140633737265514 0.0006301403045654297 12.037680864334106 0.0 1.0
0 0.01 7.090603570541246 0.0006189346313476562 12.038299798965454 0.0 1.0
0 0.01 6.176012902339531 0.000621795654296875 12.038921594619751 0.0 1.0
0 0.01 5.379391893848717 0.0006451606750488281 12.0395667552948 0.0 1.0
0 0.01 4.685524076001097 0.0006699562072753906 12.040236711502075 0.0 1.0
0 0.01 4.081155695663349 0.0006511211395263672 12.040887832641602 0.0 1.0
0 0.01 3.554742552184356 0.0006430149078369141 12.041530847549438 0.0 1.0
0 0.01 3.09622948855821 0.0006248950958251953 12.042155742645264 0.0 1.0
0 0.01 2.6968583252045994 0.0006399154663085938 12.042795658111572 0.0 1.0
0 0.01 2.349000567658869 0.0061910152435302734 12.048986673355103 0.5714285714285715 1.0
0 0.01 2.046011692676912 0.0013051033020019531 12.050291776657104 0.5714285714285715 1.0
0 0.01 1.7821042294352372 0.0013010501861572266 12.051592826843262 0.5714285714285715 1.0
0 0.01 1.5522372115164986 0.0014142990112304688 12.053007125854492 0.5714285714285715 1.0
0 0.01 1.3520198880735976 0.0014562606811523438 12.054463386535645 0.5714285714285715 1.0
0 0.01 1.1776278549337647 0.0016880035400390625 12.056151390075684 0.5714285714285715 1.0
0 0.01 1.0257300036406054 0.005517005920410156 12.061668395996094 0.7499999999999999 1.0
0 0.01 0.8934248930683893 0.0018301010131835938 12.063498497009277 0.7499999999999999 1.0
0 0.01 0.7781853282259436 0.0023217201232910156 12.065820217132568 0.7499999999999999 1.0
0 0.01 0.6778100876351608 0.0023810863494873047 12.068201303482056 0.7499999999999999 1.0
0 0.01 0.590381877216004 0.002523183822631836 12.070724487304688 0.7499999999999999 1.0
0 0.01 0.5142307075440048 0.008154869079589844 12.078879356384277 0.7272727272727272 1.0
0 0.01 0.44790199493955546 0.0034170150756835938 12.082296371459961 0.7272727272727272 1.0
0 0.01 0.39012877707943217 0.025506973266601562 12.107803344726562 0.5000000000000001 1.0
0 0.01 0.33980751241358653 0.027562856674194336 12.135366201400757 0.4 1.0
0 0.01 0.2959770011254507 0.007998943328857422 12.143365144729614 0.4 1.0
0 0.01 0.2578000249994245 0.009400129318237305 12.152765274047852 0.4 1.0
0 0.01 0.22454735549379537 0.04388785362243652 12.196653127670288 0.2857142857142857 1.0
0 0.01 0.19558382455304058 0.016281843185424805 12.212934970855713 0.2857142857142857 1.0
0 0.01 0.1703561920944177 0.043402910232543945 12.256337881088257 0.25 1.0
0 0.01 0.14838257842248037 0.016552209854125977 12.272890090942383 0.25 1.0
0 0.01 0.12924325971726744 0.05303311347961426 12.325923204421997 0.2352941176470588 1.0
0 0.01 0.1125726507783501 0.045567989349365234 12.371491193771362 0.2222222222222222 1.0
0 0.01 0.09805232188500161 0.11987590789794922 12.491367101669312 0.2222222222222222 1.0
0 0.01 0.08540491638568569 0.06774306297302246 12.559110164642334 0.21621621621621623 1.0
0 0.01 0.07438885283512764 0.01996612548828125 12.579076290130615 0.21621621621621623 1.0
0 0.01 0.06479371048308594 0.02028799057006836 12.599364280700684 0.21621621621621623 1.0
0 0.01 0.056436209971818335 0.05780196189880371 12.657166242599487 0.2105263157894737 1.0
0 0.01 0.049156712468482675 0.06263399124145508 12.719800233840942 0.20512820512820512 1.0
0 0.01 0.0428161703614703 0.030704021453857422 12.7505042552948 0.20512820512820512 1.0
0 0.01 0.03729347127511503 0.030651330947875977 12.781155586242676 0.20512820512820512 1.0
0 0.01 0.032483124670098805 0.05782890319824219 12.838984489440918 0.19999999999999998 1.0
