[216.40736058 188.4937774  164.18066384 143.00360867 124.55810333
 108.49181534  94.49785828  82.30892987  71.69220614  62.44489425
  54.39035884  47.37474809  41.26405496  35.94155748  31.30558923
  27.26759733  23.75045104  20.68696841  18.01863304  15.69447636
  13.67010404  11.906848    10.37102782   9.03330739   7.86813455
   6.85325305   5.96927734   5.19932239   4.52868107   3.94454329
   3.43575127   2.99258645   2.60658382   2.27037024   1.9775236
   1.72245016   1.5002777    1.30676244   1.138208     0.99139477
   0.86351843   0.75213639   0.65512111   0.57061946   0.49701737
   0.43290895   0.37706963   0.32843281   0.28606948   0.24917044]0 1 312.2098259152708 0.0011756420135498047 0.0011756420135498047 0.0 1.0
0 1 271.93903789811014 0.0011909008026123047 0.0023665428161621094 0.0 1.0
0 1 236.8626295349813 0.033828020095825195 0.036194562911987305 0.33333333333333337 1.0
0 1 206.31059705097118 0.02656722068786621 0.06276178359985352 0.5714285714285715 1.0
0 1 179.69935797424765 0.01717209815979004 0.07993388175964355 0.5714285714285715 1.0
0 1 156.52060397255676 0.014039039611816406 0.09397292137145996 0.5714285714285715 1.0
0 1 136.33159152101595 0.011671066284179688 0.10564398765563965 0.5714285714285715 1.0
0 1 118.74668494067365 0.027620792388916016 0.13326478004455566 0.7499999999999999 1.0
0 1 103.42999026917344 0.0172579288482666 0.15052270889282227 0.7499999999999999 1.0
0 1 90.08893926113359 0.012806177139282227 0.1633288860321045 0.7499999999999999 1.0
0 1 78.46870096453189 0.007957935333251953 0.17128682136535645 0.7499999999999999 1.0
0 1 68.34731412713553 0.009368658065795898 0.18065547943115234 0.7499999999999999 1.0
0 1 59.53144745577994 0.011555910110473633 0.19221138954162598 0.6666666666666665 1.0
0 1 51.85270674408604 0.014040231704711914 0.2062516212463379 0.7272727272727272 1.0
0 1 45.16441833008278 0.011524200439453125 0.21777582168579102 0.7272727272727272 1.0
0 1 39.33882744370648 0.011785030364990234 0.22956085205078125 0.6153846153846154 1.0
0 1 34.26465792907022 0.027766942977905273 0.2573277950286865 0.47058823529411764 1.0
0 1 29.84498672911064 0.0278012752532959 0.2851290702819824 0.3636363636363636 1.0
0 1 25.99539253258091 0.03444314002990723 0.31957221031188965 0.3076923076923077 1.0
0 1 22.642343220204207 0.10144495964050293 0.4210171699523926 0.26666666666666666 1.0
0 1 19.721791308170232 0.11296987533569336 0.5339870452880859 0.27586206896551724 1.0
0 1 17.177950560167822 0.17167210578918457 0.7056591510772705 0.26666666666666666 1.0
0 1 14.962230399696251 0.13925600051879883 0.8449151515960693 0.24242424242424243 1.0
0 1 13.03230776858211 0.11055588722229004 0.9554710388183594 0.2222222222222222 1.0
0 1 11.351318703025308 0.11968612670898438 1.0751571655273438 0.2222222222222222 1.0
0 1 9.887154185253786 0.1063539981842041 1.1815111637115479 0.21621621621621623 1.0
0 1 8.611846820663045 0.10358595848083496 1.2850971221923828 0.20512820512820512 1.0
0 1 7.501036625197576 0.12249183654785156 1.4075889587402344 0.19999999999999998 1.0
0 1 6.53350571883761 0.10213589668273926 1.5097248554229736 0.20512820512820512 1.0
0 1 5.69077303724795 0.12158584594726562 1.6313107013702393 0.18604651162790697 1.0
0 1 4.956741320068812 0.1020350456237793 1.7333457469940186 0.1777777777777778 1.0
0 1 4.317389632878279 0.12406516075134277 1.8574109077453613 0.16666666666666666 1.0
0 1 3.7605055496069455 1.0524868965148926 2.909897804260254 0.1702127659574468 1.0
0 1 3.2754518797500736 0.22462773323059082 3.1345255374908447 0.1702127659574468 1.0
0 1 2.8529634845718124 0.10880374908447266 3.2433292865753174 0.16666666666666666 1.0
0 1 2.4849703012340436 0.1260991096496582 3.3694283962249756 0.163265306122449 1.0
0 1 2.1644431943866964 0.18408513069152832 3.553513526916504 0.163265306122449 1.0
0 1 1.8852596907900219 0.07769083976745605 3.63120436668396 0.163265306122449 1.0
0 1 1.6420870323301746 0.07419800758361816 3.705402374267578 0.163265306122449 1.0
0 1 1.4302803135927475 0.07091879844665527 3.7763211727142334 0.163265306122449 1.0
0 1 1.2457937582930971 0.06883597373962402 3.8451571464538574 0.163265306122449 1.0
0 1 1.0851034398309916 0.38164210319519043 4.226799249649048 0.1568627450980392 1.0
0 1 0.945139969834425 0.3245370388031006 4.551336288452148 0.1568627450980392 1.0
0 1 0.823229868958621 0.5522890090942383 5.103625297546387 0.1568627450980392 1.0
0 1 0.7170445000483404 1.1120259761810303 6.215651273727417 0.15384615384615383 1.0
0 1 0.624555588222246 0.9010069370269775 7.1166582107543945 0.1509433962264151 1.0
0 1 0.5439964782567033 0.5981559753417969 7.714814186096191 0.1509433962264151 1.0
0 1 0.4738283892360109 0.5219881534576416 8.236802339553833 0.1509433962264151 1.0
0 1 0.4127110218901976 0.5230278968811035 8.759830236434937 0.1481481481481481 1.0
0 1 0.3594769571833539 0.5141642093658447 9.273994445800781 0.1481481481481481 1.0
0 0.1 130.20161032759302 0.0011641979217529297 9.275158643722534 0.0 1.0
0 0.1 113.40738729625762 0.001157999038696289 9.27631664276123 0.0 1.0
0 0.1 98.77938883400856 0.0011670589447021484 9.277483701705933 0.0 1.0
0 0.1 86.03820166433057 0.0012431144714355469 9.278726816177368 0.0 1.0
0 0.1 74.9404529934022 0.001222848892211914 9.27994966506958 0.0 1.0
0 0.1 65.27416178184274 0.001188039779663086 9.281137704849243 0.0 1.0
0 0.1 56.854689638682785 0.0011630058288574219 9.2823007106781 0.0 1.0
0 0.1 49.52121399451067 0.0012111663818359375 9.283511877059937 0.0 1.0
0 0.1 43.13365618693992 0.0011532306671142578 9.28466510772705 0.0 1.0
0 0.1 37.570005780944214 0.0012249946594238281 9.285890102386475 0.0 1.0
0 0.1 32.7239900151928 0.0011680126190185547 9.287058115005493 0.0 1.0
0 0.1 28.503043857863506 0.0011587142944335938 9.288216829299927 0.0 1.0
0 0.1 24.826541897430772 0.01644110679626465 9.304657936096191 0.5714285714285715 1.0
0 0.1 21.624258295306348 0.006824970245361328 9.311482906341553 0.5714285714285715 1.0
0 0.1 18.835025383479486 0.0069732666015625 9.318456172943115 0.5714285714285715 1.0
0 0.1 16.405565284674683 0.00725102424621582 9.325707197189331 0.5714285714285715 1.0
0 0.1 14.289472237493916 0.007071971893310547 9.332779169082642 0.5714285714285715 1.0
0 0.1 12.446326187665905 0.005899190902709961 9.338678359985352 0.5714285714285715 1.0
0 0.1 10.840920713874212 0.011657953262329102 9.35033631324768 0.7499999999999999 1.0
0 0.1 9.44259054057033 0.00705409049987793 9.357390403747559 0.7499999999999999 1.0
0 0.1 8.224625792416147 0.005800008773803711 9.363190412521362 0.7499999999999999 1.0
0 0.1 7.163761801874259 0.005953073501586914 9.36914348602295 0.7499999999999999 1.0
0 0.1 6.239734724625884 0.005935192108154297 9.375078678131104 0.7499999999999999 1.0
0 0.1 5.43489447450858 0.018709182739257812 9.393787860870361 0.7272727272727272 1.0
0 0.1 4.733867584541418 0.010671138763427734 9.404458999633789 0.7272727272727272 1.0
0 0.1 4.123263554256632 0.009418010711669922 9.413877010345459 0.7272727272727272 1.0
0 0.1 3.591419074200402 0.03349804878234863 9.447375059127808 0.5714285714285714 1.0
0 0.1 3.128175241967003 0.06781315803527832 9.515188217163086 0.4444444444444444 1.0
0 0.1 2.7246835143108377 0.04128265380859375 9.55647087097168 0.4 1.0
0 0.1 2.373236688776134 0.07196974754333496 9.628440618515015 0.3636363636363636 1.0
0 0.1 2.0671216863796724 0.11681675910949707 9.745257377624512 0.32000000000000006 1.0
0 0.1 1.8004913233094775 0.03759312629699707 9.782850503921509 0.32000000000000006 1.0
0 0.1 1.5682526223167341 0.14310097694396973 9.925951480865479 0.2962962962962963 1.0
0 0.1 1.3659695304072161 0.0935819149017334 10.019533395767212 0.27586206896551724 1.0
0 0.1 1.1897781846170337 0.06834983825683594 10.087883234024048 0.26666666666666666 1.0
0 0.1 1.036313107341863 0.1309208869934082 10.218804121017456 0.25806451612903225 1.0
0 0.1 0.9026429214570189 0.1324300765991211 10.351234197616577 0.24242424242424243 1.0
0 0.1 0.786214357305898 0.08647394180297852 10.437708139419556 0.2352941176470588 1.0
0 0.1 0.6848034820193963 0.2683591842651367 10.706067323684692 0.2285714285714286 1.0
0 0.1 0.5964732195846044 0.10906815528869629 10.815135478973389 0.2285714285714286 1.0
0 0.1 0.5195363502423698 0.12459492683410645 10.939730405807495 0.21621621621621623 1.0
0 0.1 0.4525232824553942 0.13376903533935547 11.07349944114685 0.20512820512820512 1.0
0 0.1 0.3941539818506903 0.23629379272460938 11.30979323387146 0.19999999999999998 1.0
0 0.1 0.34331352094368267 0.640017032623291 11.949810266494751 0.19512195121951217 1.0
0 0.1 0.2990307826127625 0.18140721321105957 12.13121747970581 0.2105263157894737 1.0
0 0.1 0.2604599105337001 0.1086878776550293 12.23990535736084 0.19999999999999998 1.0
0 0.1 0.22686415225376097 0.09456205368041992 12.33446741104126 0.19999999999999998 1.0
0 0.1 0.19760178628779224 0.10366010665893555 12.438127517700195 0.19512195121951217 1.0
0 0.1 0.17211386442601356 0.1636950969696045 12.6018226146698 0.18604651162790697 1.0
0 0.1 0.14991353511608546 0.283750057220459 12.885572671890259 0.18181818181818182 1.0
0 0.01 28.211963230963963 0.0011699199676513672 12.88674259185791 0.0 1.0
0 0.01 24.573006681497752 0.0011556148529052734 12.887898206710815 0.0 1.0
0 0.01 21.403425646968028 0.0011501312255859375 12.889048337936401 0.0 1.0
0 0.01 18.642677119777133 0.0012099742889404297 12.890258312225342 0.0 1.0
0 0.01 16.238027310431736 0.0011970996856689453 12.89145541191101 0.0 1.0
0 0.01 14.143544365449966 0.0011479854583740234 12.892603397369385 0.0 1.0
0 0.01 12.319221010851523 0.001148223876953125 12.893751621246338 0.0 1.0
0 0.01 10.730210362611421 0.0012311935424804688 12.894982814788818 0.0 1.0
0 0.01 9.346160307090315 0.0011570453643798828 12.896139860153198 0.0 1.0
0 0.01 8.140633737265514 0.00121307373046875 12.897352933883667 0.0 1.0
0 0.01 7.090603570541246 0.0011591911315917969 12.898512125015259 0.0 1.0
0 0.01 6.176012902339531 0.0011439323425292969 12.899656057357788 0.0 1.0
0 0.01 5.379391893848717 0.0012009143829345703 12.900856971740723 0.0 1.0
0 0.01 4.685524076001097 0.0012009143829345703 12.902057886123657 0.0 1.0
0 0.01 4.081155695663349 0.001191854476928711 12.903249740600586 0.0 1.0
0 0.01 3.554742552184356 0.0011560916900634766 12.90440583229065 0.0 1.0
0 0.01 3.09622948855821 0.001155853271484375 12.905561685562134 0.0 1.0
0 0.01 2.6968583252045994 0.001226186752319336 12.906787872314453 0.0 1.0
0 0.01 2.349000567658869 0.010762929916381836 12.917550802230835 0.5714285714285715 1.0
0 0.01 2.046011692676912 0.004641056060791016 12.922191858291626 0.5714285714285715 1.0
0 0.01 1.7821042294352372 0.00467681884765625 12.926868677139282 0.5714285714285715 1.0
0 0.01 1.5522372115164986 0.004659414291381836 12.931528091430664 0.5714285714285715 1.0
0 0.01 1.3520198880735976 0.00462794303894043 12.936156034469604 0.5714285714285715 1.0
0 0.01 1.1776278549337647 0.004728794097900391 12.940884828567505 0.5714285714285715 1.0
0 0.01 1.0257300036406054 0.009413957595825195 12.95029878616333 0.7499999999999999 1.0
0 0.01 0.8934248930683893 0.004889965057373047 12.955188751220703 0.7499999999999999 1.0
0 0.01 0.7781853282259436 0.004760026931762695 12.959948778152466 0.7499999999999999 1.0
0 0.01 0.6778100876351608 0.004606008529663086 12.964554786682129 0.7499999999999999 1.0
0 0.01 0.590381877216004 0.0047800540924072266 12.969334840774536 0.7499999999999999 1.0
0 0.01 0.5142307075440048 0.011534929275512695 12.980869770050049 0.7272727272727272 1.0
0 0.01 0.44790199493955546 0.005897998809814453 12.986767768859863 0.7272727272727272 1.0
0 0.01 0.39012877707943217 0.024281978607177734 13.011049747467041 0.5000000000000001 1.0
0 0.01 0.33980751241358653 0.035047054290771484 13.046096801757812 0.4 1.0
0 0.01 0.2959770011254507 0.014025211334228516 13.060122013092041 0.4 1.0
0 0.01 0.2578000249994245 0.014060020446777344 13.074182033538818 0.4 1.0
0 0.01 0.22454735549379537 0.05339694023132324 13.127578973770142 0.2857142857142857 1.0
0 0.01 0.19558382455304058 0.02686905860900879 13.15444803237915 0.2857142857142857 1.0
0 0.01 0.1703561920944177 0.05249500274658203 13.206943035125732 0.25 1.0
0 0.01 0.14838257842248037 0.024170875549316406 13.231113910675049 0.25 1.0
0 0.01 0.12924325971726744 0.05991411209106445 13.291028022766113 0.2352941176470588 1.0
0 0.01 0.1125726507783501 0.05118894577026367 13.342216968536377 0.2222222222222222 1.0
0 0.01 0.09805232188500161 0.11813092231750488 13.460347890853882 0.2222222222222222 1.0
0 0.01 0.08540491638568569 0.08439302444458008 13.544740915298462 0.21621621621621623 1.0
0 0.01 0.07438885283512764 0.031197071075439453 13.575937986373901 0.21621621621621623 1.0
0 0.01 0.06479371048308594 0.029812097549438477 13.60575008392334 0.21621621621621623 1.0
0 0.01 0.056436209971818335 0.06607222557067871 13.671822309494019 0.2105263157894737 1.0
0 0.01 0.049156712468482675 0.0698549747467041 13.741677284240723 0.20512820512820512 1.0
0 0.01 0.0428161703614703 0.036561012268066406 13.778238296508789 0.20512820512820512 1.0
0 0.01 0.03729347127511503 0.03559303283691406 13.813831329345703 0.20512820512820512 1.0
0 0.01 0.032483124670098805 0.05871319770812988 13.872544527053833 0.19999999999999998 1.0
