[216.40736058 188.4937774  164.18066384 143.00360867 124.55810333
 108.49181534  94.49785828  82.30892987  71.69220614  62.44489425
  54.39035884  47.37474809  41.26405496  35.94155748  31.30558923
  27.26759733  23.75045104  20.68696841  18.01863304  15.69447636
  13.67010404  11.906848    10.37102782   9.03330739   7.86813455
   6.85325305   5.96927734   5.19932239   4.52868107   3.94454329
   3.43575127   2.99258645   2.60658382   2.27037024   1.9775236
   1.72245016   1.5002777    1.30676244   1.138208     0.99139477
   0.86351843   0.75213639   0.65512111   0.57061946   0.49701737
   0.43290895   0.37706963   0.32843281   0.28606948   0.24917044]0 1 312.2098259152708 0.0006260871887207031 0.0006260871887207031 0.0 1.0
0 1 271.93903789811014 0.0006411075592041016 0.0012671947479248047 0.0 1.0
0 1 236.8626295349813 0.006229877471923828 0.007497072219848633 0.33333333333333337 1.0
0 1 206.31059705097118 0.005323886871337891 0.012820959091186523 0.5714285714285715 1.0
0 1 179.69935797424765 0.0035288333892822266 0.01634979248046875 0.5714285714285715 1.0
0 1 156.52060397255676 0.0027141571044921875 0.019063949584960938 0.5714285714285715 1.0
0 1 136.33159152101595 0.0026068687438964844 0.021670818328857422 0.5714285714285715 1.0
0 1 118.74668494067365 0.0055849552154541016 0.027255773544311523 0.7499999999999999 1.0
0 1 103.42999026917344 0.0039441585540771484 0.031199932098388672 0.7499999999999999 1.0
0 1 90.08893926113359 0.0030519962310791016 0.03425192832946777 0.7499999999999999 1.0
0 1 78.46870096453189 0.0028009414672851562 0.03705286979675293 0.7499999999999999 1.0
0 1 68.34731412713553 0.0032258033752441406 0.04027867317199707 0.7499999999999999 1.0
0 1 59.53144745577994 0.003961801528930664 0.044240474700927734 0.6666666666666665 1.0
0 1 51.85270674408604 0.006131172180175781 0.050371646881103516 0.7272727272727272 1.0
0 1 45.16441833008278 0.006689786911010742 0.05706143379211426 0.7272727272727272 1.0
0 1 39.33882744370648 0.0061187744140625 0.06318020820617676 0.6153846153846154 1.0
0 1 34.26465792907022 0.013300895690917969 0.07648110389709473 0.47058823529411764 1.0
0 1 29.84498672911064 0.015348196029663086 0.09182929992675781 0.3636363636363636 1.0
0 1 25.99539253258091 0.017796993255615234 0.10962629318237305 0.3076923076923077 1.0
0 1 22.642343220204207 0.04481101036071777 0.15443730354309082 0.26666666666666666 1.0
0 1 19.721791308170232 0.04896187782287598 0.2033991813659668 0.27586206896551724 1.0
0 1 17.177950560167822 0.10814905166625977 0.31154823303222656 0.26666666666666666 1.0
0 1 14.962230399696251 0.08414196968078613 0.3956902027130127 0.24242424242424243 1.0
0 1 13.03230776858211 0.07845401763916016 0.47414422035217285 0.2222222222222222 1.0
0 1 11.351318703025308 0.07078909873962402 0.5449333190917969 0.2222222222222222 1.0
0 1 9.887154185253786 0.07016801834106445 0.6151013374328613 0.21621621621621623 1.0
0 1 8.611846820663045 0.06735897064208984 0.6824603080749512 0.20512820512820512 1.0
0 1 7.501036625197576 0.07736587524414062 0.7598261833190918 0.19999999999999998 1.0
0 1 6.53350571883761 0.06818270683288574 0.8280088901519775 0.20512820512820512 1.0
0 1 5.69077303724795 0.07991790771484375 0.9079267978668213 0.18604651162790697 1.0
0 1 4.956741320068812 0.06465506553649902 0.9725818634033203 0.1777777777777778 1.0
0 1 4.317389632878279 0.07733297348022461 1.049914836883545 0.1702127659574468 1.0
0 1 3.7605055496069455 0.9204001426696777 1.9703149795532227 0.1702127659574468 1.0
0 1 3.2754518797500736 0.17900896072387695 2.1493239402770996 0.1702127659574468 1.0
0 1 2.8529634845718124 0.04215073585510254 2.191474676132202 0.16666666666666666 1.0
0 1 2.4849703012340436 0.057768821716308594 2.2492434978485107 0.163265306122449 1.0
0 1 2.1644431943866964 0.12563204765319824 2.374875545501709 0.163265306122449 1.0
0 1 1.8852596907900219 0.054023027420043945 2.428898572921753 0.163265306122449 1.0
0 1 1.6420870323301746 0.05072212219238281 2.4796206951141357 0.163265306122449 1.0
0 1 1.4302803135927475 0.04847288131713867 2.5280935764312744 0.163265306122449 1.0
0 1 1.2457937582930971 0.04617190361022949 2.574265480041504 0.163265306122449 1.0
0 1 1.0851034398309916 0.2340381145477295 2.8083035945892334 0.1568627450980392 1.0
0 1 0.945139969834425 0.2066049575805664 3.0149085521698 0.1568627450980392 1.0
0 1 0.823229868958621 0.4837486743927002 3.4986572265625 0.1568627450980392 1.0
0 1 0.7170445000483404 0.1418159008026123 3.6404731273651123 0.1481481481481481 1.0
0 1 0.624555588222246 1.4297306537628174 5.07020378112793 0.15384615384615383 1.0
0 1 0.5439964782567033 0.15388989448547363 5.224093675613403 0.1481481481481481 1.0
0 1 0.4738283892360109 1.1042678356170654 6.328361511230469 0.1509433962264151 1.0
0 1 0.4127110218901976 0.28197717666625977 6.6103386878967285 0.14545454545454545 1.0
0 1 0.3594769571833539 0.3582730293273926 6.968611717224121 0.1481481481481481 1.0
0 0.1 130.20161032759302 0.0006399154663085938 6.96925163269043 0.0 1.0
0 0.1 113.40738729625762 0.0006382465362548828 6.969889879226685 0.0 1.0
0 0.1 98.77938883400856 0.0006189346313476562 6.970508813858032 0.0 1.0
0 0.1 86.03820166433057 0.0006289482116699219 6.971137762069702 0.0 1.0
0 0.1 74.9404529934022 0.0006310939788818359 6.971768856048584 0.0 1.0
0 0.1 65.27416178184274 0.0006589889526367188 6.972427845001221 0.0 1.0
0 0.1 56.854689638682785 0.0006580352783203125 6.973085880279541 0.0 1.0
0 0.1 49.52121399451067 0.0006289482116699219 6.973714828491211 0.0 1.0
0 0.1 43.13365618693992 0.0006659030914306641 6.974380731582642 0.0 1.0
0 0.1 37.570005780944214 0.0006461143493652344 6.975026845932007 0.0 1.0
0 0.1 32.7239900151928 0.0006260871887207031 6.9756529331207275 0.0 1.0
0 0.1 28.503043857863506 0.0006289482116699219 6.9762818813323975 0.0 1.0
0 0.1 24.826541897430772 0.007213115692138672 6.983494997024536 0.5714285714285715 1.0
0 0.1 21.624258295306348 0.0015418529510498047 6.985036849975586 0.5714285714285715 1.0
0 0.1 18.835025383479486 0.001626729965209961 6.986663579940796 0.5714285714285715 1.0
0 0.1 16.405565284674683 0.0015559196472167969 6.988219499588013 0.5714285714285715 1.0
0 0.1 14.289472237493916 0.0013339519500732422 6.989553451538086 0.5714285714285715 1.0
0 0.1 12.446326187665905 0.0014863014221191406 6.991039752960205 0.5714285714285715 1.0
0 0.1 10.840920713874212 0.0061550140380859375 6.997194766998291 0.7499999999999999 1.0
0 0.1 9.44259054057033 0.0018301010131835938 6.999024868011475 0.7499999999999999 1.0
0 0.1 8.224625792416147 0.0020682811737060547 7.001093149185181 0.7499999999999999 1.0
0 0.1 7.163761801874259 0.002337932586669922 7.003431081771851 0.7499999999999999 1.0
0 0.1 6.239734724625884 0.0025262832641601562 7.005957365036011 0.7499999999999999 1.0
0 0.1 5.43489447450858 0.011090993881225586 7.017048358917236 0.7272727272727272 1.0
0 0.1 4.733867584541418 0.004796028137207031 7.021844387054443 0.7272727272727272 1.0
0 0.1 4.123263554256632 0.0047609806060791016 7.0266053676605225 0.7272727272727272 1.0
0 0.1 3.591419074200402 0.025561094284057617 7.05216646194458 0.5714285714285714 1.0
0 0.1 3.128175241967003 0.059346914291381836 7.111513376235962 0.4444444444444444 1.0
0 0.1 2.7246835143108377 0.027860164642333984 7.139373540878296 0.4 1.0
0 0.1 2.373236688776134 0.05258917808532715 7.191962718963623 0.3636363636363636 1.0
0 0.1 2.0671216863796724 0.08083200454711914 7.272794723510742 0.32000000000000006 1.0
0 0.1 1.8004913233094775 0.019131183624267578 7.29192590713501 0.32000000000000006 1.0
0 0.1 1.5682526223167341 0.10716414451599121 7.399090051651001 0.2962962962962963 1.0
0 0.1 1.3659695304072161 0.061944007873535156 7.461034059524536 0.27586206896551724 1.0
0 0.1 1.1897781846170337 0.042439937591552734 7.503473997116089 0.26666666666666666 1.0
0 0.1 1.036313107341863 0.08176302909851074 7.5852370262146 0.25806451612903225 1.0
0 0.1 0.9026429214570189 0.11289000511169434 7.698127031326294 0.24242424242424243 1.0
0 0.1 0.786214357305898 0.05885481834411621 7.75698184967041 0.2352941176470588 1.0
0 0.1 0.6848034820193963 0.15179800987243652 7.908779859542847 0.2285714285714286 1.0
0 0.1 0.5964732195846044 0.06452608108520508 7.973305940628052 0.2285714285714286 1.0
0 0.1 0.5195363502423698 0.07969307899475098 8.052999019622803 0.21621621621621623 1.0
0 0.1 0.4525232824553942 0.08418393135070801 8.13718295097351 0.20512820512820512 1.0
0 0.1 0.3941539818506903 0.1585230827331543 8.295706033706665 0.19999999999999998 1.0
0 0.1 0.34331352094368267 0.49000096321105957 8.785706996917725 0.19512195121951217 1.0
0 0.1 0.2990307826127625 0.16140484809875488 8.94711184501648 0.2105263157894737 1.0
0 0.1 0.2604599105337001 0.06691193580627441 9.014023780822754 0.19999999999999998 1.0
0 0.1 0.22686415225376097 0.060579776763916016 9.07460355758667 0.19999999999999998 1.0
0 0.1 0.19760178628779224 0.07042670249938965 9.14503026008606 0.19512195121951217 1.0
0 0.1 0.17211386442601356 0.08696913719177246 9.231999397277832 0.18604651162790697 1.0
0 0.1 0.14991353511608546 0.2020878791809082 9.43408727645874 0.18181818181818182 1.0
0 0.01 28.211963230963963 0.0006299018859863281 9.434717178344727 0.0 1.0
0 0.01 24.573006681497752 0.0006296634674072266 9.435346841812134 0.0 1.0
0 0.01 21.403425646968028 0.0006272792816162109 9.43597412109375 0.0 1.0
0 0.01 18.642677119777133 0.0006289482116699219 9.43660306930542 0.0 1.0
0 0.01 16.238027310431736 0.0006389617919921875 9.437242031097412 0.0 1.0
0 0.01 14.143544365449966 0.0006949901580810547 9.437937021255493 0.0 1.0
0 0.01 12.319221010851523 0.0006680488586425781 9.438605070114136 0.0 1.0
0 0.01 10.730210362611421 0.0006308555603027344 9.439235925674438 0.0 1.0
0 0.01 9.346160307090315 0.0006520748138427734 9.439888000488281 0.0 1.0
0 0.01 8.140633737265514 0.0006330013275146484 9.440521001815796 0.0 1.0
0 0.01 7.090603570541246 0.0006148815155029297 9.441135883331299 0.0 1.0
0 0.01 6.176012902339531 0.0006268024444580078 9.441762685775757 0.0 1.0
0 0.01 5.379391893848717 0.0006301403045654297 9.442392826080322 0.0 1.0
0 0.01 4.685524076001097 0.0006740093231201172 9.443066835403442 0.0 1.0
0 0.01 4.081155695663349 0.0006439685821533203 9.443710803985596 0.0 1.0
0 0.01 3.554742552184356 0.0006339550018310547 9.444344758987427 0.0 1.0
0 0.01 3.09622948855821 0.0006668567657470703 9.445011615753174 0.0 1.0
0 0.01 2.6968583252045994 0.0006291866302490234 9.445640802383423 0.0 1.0
0 0.01 2.349000567658869 0.00598597526550293 9.451626777648926 0.5714285714285715 1.0
0 0.01 2.046011692676912 0.0010848045349121094 9.452711582183838 0.5714285714285715 1.0
0 0.01 1.7821042294352372 0.0010848045349121094 9.45379638671875 0.5714285714285715 1.0
0 0.01 1.5522372115164986 0.0012302398681640625 9.455026626586914 0.5714285714285715 1.0
0 0.01 1.3520198880735976 0.0011608600616455078 9.45618748664856 0.5714285714285715 1.0
0 0.01 1.1776278549337647 0.001432180404663086 9.457619667053223 0.5714285714285715 1.0
0 0.01 1.0257300036406054 0.005399942398071289 9.463019609451294 0.7499999999999999 1.0
0 0.01 0.8934248930683893 0.0015521049499511719 9.464571714401245 0.7499999999999999 1.0
0 0.01 0.7781853282259436 0.0019159317016601562 9.466487646102905 0.7499999999999999 1.0
0 0.01 0.6778100876351608 0.002335071563720703 9.468822717666626 0.7499999999999999 1.0
0 0.01 0.590381877216004 0.002172231674194336 9.47099494934082 0.7499999999999999 1.0
0 0.01 0.5142307075440048 0.007483005523681641 9.478477954864502 0.7272727272727272 1.0
0 0.01 0.44790199493955546 0.002969980239868164 9.48144793510437 0.7272727272727272 1.0
0 0.01 0.39012877707943217 0.020656824111938477 9.502104759216309 0.5000000000000001 1.0
0 0.01 0.33980751241358653 0.025846004486083984 9.527950763702393 0.4 1.0
0 0.01 0.2959770011254507 0.0059049129486083984 9.533855676651001 0.4 1.0
0 0.01 0.2578000249994245 0.0070378780364990234 9.5408935546875 0.4 1.0
0 0.01 0.22454735549379537 0.04033493995666504 9.581228494644165 0.2857142857142857 1.0
0 0.01 0.19558382455304058 0.011997222900390625 9.593225717544556 0.2857142857142857 1.0
0 0.01 0.1703561920944177 0.038358211517333984 9.63158392906189 0.25 1.0
0 0.01 0.14838257842248037 0.012512922286987305 9.644096851348877 0.25 1.0
0 0.01 0.12924325971726744 0.0474390983581543 9.691535949707031 0.2352941176470588 1.0
0 0.01 0.1125726507783501 0.03801298141479492 9.729548931121826 0.2222222222222222 1.0
0 0.01 0.09805232188500161 0.11141085624694824 9.840959787368774 0.2222222222222222 1.0
0 0.01 0.08540491638568569 0.0585789680480957 9.89953875541687 0.21621621621621623 1.0
0 0.01 0.07438885283512764 0.012068033218383789 9.911606788635254 0.21621621621621623 1.0
0 0.01 0.06479371048308594 0.012162923812866211 9.92376971244812 0.21621621621621623 1.0
0 0.01 0.056436209971818335 0.04953169822692871 9.973301410675049 0.2105263157894737 1.0
0 0.01 0.049156712468482675 0.05146193504333496 10.024763345718384 0.20512820512820512 1.0
0 0.01 0.0428161703614703 0.020815134048461914 10.045578479766846 0.20512820512820512 1.0
0 0.01 0.03729347127511503 0.01962590217590332 10.065204381942749 0.20512820512820512 1.0
0 0.01 0.032483124670098805 0.045468807220458984 10.110673189163208 0.19999999999999998 1.0
