[216.40736058 188.4937774  164.18066384 143.00360867 124.55810333
 108.49181534  94.49785828  82.30892987  71.69220614  62.44489425
  54.39035884  47.37474809  41.26405496  35.94155748  31.30558923
  27.26759733  23.75045104  20.68696841  18.01863304  15.69447636
  13.67010404  11.906848    10.37102782   9.03330739   7.86813455
   6.85325305   5.96927734   5.19932239   4.52868107   3.94454329
   3.43575127   2.99258645   2.60658382   2.27037024   1.9775236
   1.72245016   1.5002777    1.30676244   1.138208     0.99139477
   0.86351843   0.75213639   0.65512111   0.57061946   0.49701737
   0.43290895   0.37706963   0.32843281   0.28606948   0.24917044]0 1 312.2098259152708 0.0006322860717773438 0.0006322860717773438 0.0 1.0
0 1 271.93903789811014 0.0006461143493652344 0.0012784004211425781 0.0 1.0
0 1 236.8626295349813 0.009511232376098633 0.010789632797241211 0.33333333333333337 1.0
0 1 206.31059705097118 0.007921934127807617 0.018711566925048828 0.5714285714285715 1.0
0 1 179.69935797424765 0.005357980728149414 0.024069547653198242 0.5714285714285715 1.0
0 1 156.52060397255676 0.0044422149658203125 0.028511762619018555 0.5714285714285715 1.0
0 1 136.33159152101595 0.003978252410888672 0.03249001502990723 0.5714285714285715 1.0
0 1 118.74668494067365 0.008543968200683594 0.04103398323059082 0.7499999999999999 1.0
0 1 103.42999026917344 0.0051479339599609375 0.04618191719055176 0.7499999999999999 1.0
0 1 90.08893926113359 0.004729747772216797 0.050911664962768555 0.7499999999999999 1.0
0 1 78.46870096453189 0.0036919116973876953 0.05460357666015625 0.7499999999999999 1.0
0 1 68.34731412713553 0.0043828487396240234 0.05898642539978027 0.7499999999999999 1.0
0 1 59.53144745577994 0.005958080291748047 0.06494450569152832 0.6666666666666665 1.0
0 1 51.85270674408604 0.008327007293701172 0.07327151298522949 0.7272727272727272 1.0
0 1 45.16441833008278 0.008779048919677734 0.08205056190490723 0.7272727272727272 1.0
0 1 39.33882744370648 0.009724140167236328 0.09177470207214355 0.6153846153846154 1.0
0 1 34.26465792907022 0.01693272590637207 0.10870742797851562 0.47058823529411764 1.0
0 1 29.84498672911064 0.020314931869506836 0.12902235984802246 0.3636363636363636 1.0
0 1 25.99539253258091 0.026391983032226562 0.15541434288024902 0.3076923076923077 1.0
0 1 22.642343220204207 0.07192277908325195 0.22733712196350098 0.26666666666666666 1.0
0 1 19.721791308170232 0.08227086067199707 0.30960798263549805 0.27586206896551724 1.0
0 1 17.177950560167822 0.1452491283416748 0.45485711097717285 0.26666666666666666 1.0
0 1 14.962230399696251 0.11571598052978516 0.570573091506958 0.24242424242424243 1.0
0 1 13.03230776858211 0.10638070106506348 0.6769537925720215 0.2222222222222222 1.0
0 1 11.351318703025308 0.11077690124511719 0.7877306938171387 0.2222222222222222 1.0
0 1 9.887154185253786 0.0982351303100586 0.8859658241271973 0.21621621621621623 1.0
0 1 8.611846820663045 0.09657907485961914 0.9825448989868164 0.20512820512820512 1.0
0 1 7.501036625197576 0.12024188041687012 1.1027867794036865 0.19999999999999998 1.0
0 1 6.53350571883761 0.1083981990814209 1.2111849784851074 0.20512820512820512 1.0
0 1 5.69077303724795 0.13152313232421875 1.3427081108093262 0.18604651162790697 1.0
0 1 4.956741320068812 0.11266398429870605 1.4553720951080322 0.1777777777777778 1.0
0 1 4.317389632878279 0.14406704902648926 1.5994391441345215 0.16666666666666666 1.0
0 1 3.7605055496069455 1.1722540855407715 2.771693229675293 0.1702127659574468 1.0
0 1 3.2754518797500736 0.25290608406066895 3.024599313735962 0.1702127659574468 1.0
0 1 2.8529634845718124 0.1386258602142334 3.1632251739501953 0.16666666666666666 1.0
0 1 2.4849703012340436 0.15906214714050293 3.3222873210906982 0.163265306122449 1.0
0 1 2.1644431943866964 0.20478105545043945 3.5270683765411377 0.163265306122449 1.0
0 1 1.8852596907900219 0.10714912414550781 3.6342175006866455 0.163265306122449 1.0
0 1 1.6420870323301746 0.09772181510925293 3.7319393157958984 0.163265306122449 1.0
0 1 1.4302803135927475 0.09562015533447266 3.827559471130371 0.163265306122449 1.0
0 1 1.2457937582930971 0.09585785865783691 3.923417329788208 0.163265306122449 1.0
0 1 1.0851034398309916 0.5081808567047119 4.43159818649292 0.1568627450980392 1.0
0 1 0.945139969834425 0.4624817371368408 4.894079923629761 0.1568627450980392 1.0
0 1 0.823229868958621 0.6963860988616943 5.590466022491455 0.1568627450980392 1.0
0 1 0.7170445000483404 1.3811039924621582 6.971570014953613 0.15384615384615383 1.0
0 1 0.624555588222246 1.270298957824707 8.24186897277832 0.1509433962264151 1.0
0 1 0.5439964782567033 0.9165830612182617 9.158452033996582 0.1509433962264151 1.0
0 1 0.4738283892360109 0.8216831684112549 9.980135202407837 0.1509433962264151 1.0
0 1 0.4127110218901976 0.867976188659668 10.848111391067505 0.1481481481481481 1.0
0 1 0.3594769571833539 0.8302829265594482 11.678394317626953 0.1481481481481481 1.0
0 0.1 130.20161032759302 0.0006318092346191406 11.679026126861572 0.0 1.0
0 0.1 113.40738729625762 0.0006380081176757812 11.679664134979248 0.0 1.0
0 0.1 98.77938883400856 0.0006201267242431641 11.680284261703491 0.0 1.0
0 0.1 86.03820166433057 0.0006532669067382812 11.68093752861023 0.0 1.0
0 0.1 74.9404529934022 0.0006701946258544922 11.681607723236084 0.0 1.0
0 0.1 65.27416178184274 0.0006647109985351562 11.68227243423462 0.0 1.0
0 0.1 56.854689638682785 0.0006532669067382812 11.682925701141357 0.0 1.0
0 0.1 49.52121399451067 0.0006380081176757812 11.683563709259033 0.0 1.0
0 0.1 43.13365618693992 0.0006406307220458984 11.684204339981079 0.0 1.0
0 0.1 37.570005780944214 0.0006592273712158203 11.684863567352295 0.0 1.0
0 0.1 32.7239900151928 0.0006327629089355469 11.68549633026123 0.0 1.0
0 0.1 28.503043857863506 0.0006306171417236328 11.686126947402954 0.0 1.0
0 0.1 24.826541897430772 0.007729053497314453 11.693856000900269 0.5714285714285715 1.0
0 0.1 21.624258295306348 0.0019588470458984375 11.695814847946167 0.5714285714285715 1.0
0 0.1 18.835025383479486 0.002004861831665039 11.697819709777832 0.5714285714285715 1.0
0 0.1 16.405565284674683 0.002140045166015625 11.699959754943848 0.5714285714285715 1.0
0 0.1 14.289472237493916 0.0020542144775390625 11.702013969421387 0.5714285714285715 1.0
0 0.1 12.446326187665905 0.0020978450775146484 11.704111814498901 0.5714285714285715 1.0
0 0.1 10.840920713874212 0.007379055023193359 11.711490869522095 0.7499999999999999 1.0
0 0.1 9.44259054057033 0.0024077892303466797 11.713898658752441 0.7499999999999999 1.0
0 0.1 8.224625792416147 0.002665996551513672 11.716564655303955 0.7499999999999999 1.0
0 0.1 7.163761801874259 0.0036013126373291016 11.720165967941284 0.7499999999999999 1.0
0 0.1 6.239734724625884 0.0031261444091796875 11.723292112350464 0.7499999999999999 1.0
0 0.1 5.43489447450858 0.012831926345825195 11.736124038696289 0.7272727272727272 1.0
0 0.1 4.733867584541418 0.006492137908935547 11.742616176605225 0.7272727272727272 1.0
0 0.1 4.123263554256632 0.0063936710357666016 11.749009847640991 0.7272727272727272 1.0
0 0.1 3.591419074200402 0.02873086929321289 11.777740716934204 0.5714285714285714 1.0
0 0.1 3.128175241967003 0.06467199325561523 11.84241271018982 0.4444444444444444 1.0
0 0.1 2.7246835143108377 0.033566951751708984 11.875979661941528 0.4 1.0
0 0.1 2.373236688776134 0.061799049377441406 11.93777871131897 0.3636363636363636 1.0
0 0.1 2.0671216863796724 0.09887003898620605 12.036648750305176 0.32000000000000006 1.0
0 0.1 1.8004913233094775 0.02942800521850586 12.066076755523682 0.32000000000000006 1.0
0 0.1 1.5682526223167341 0.12936091423034668 12.195437669754028 0.2962962962962963 1.0
0 0.1 1.3659695304072161 0.08347415924072266 12.278911828994751 0.27586206896551724 1.0
0 0.1 1.1897781846170337 0.05805683135986328 12.336968660354614 0.26666666666666666 1.0
0 0.1 1.036313107341863 0.11306309700012207 12.450031757354736 0.25806451612903225 1.0
0 0.1 0.9026429214570189 0.13361501693725586 12.583646774291992 0.24242424242424243 1.0
0 0.1 0.786214357305898 0.0835118293762207 12.667158603668213 0.2352941176470588 1.0
0 0.1 0.6848034820193963 0.2337946891784668 12.90095329284668 0.2285714285714286 1.0
0 0.1 0.5964732195846044 0.10137200355529785 13.002325296401978 0.2285714285714286 1.0
0 0.1 0.5195363502423698 0.12839508056640625 13.130720376968384 0.21621621621621623 1.0
0 0.1 0.4525232824553942 0.13578104972839355 13.266501426696777 0.20512820512820512 1.0
0 0.1 0.3941539818506903 0.2419438362121582 13.508445262908936 0.19999999999999998 1.0
0 0.1 0.34331352094368267 0.6887280941009521 14.197173357009888 0.19512195121951217 1.0
0 0.1 0.2990307826127625 0.1923658847808838 14.389539241790771 0.2105263157894737 1.0
0 0.1 0.2604599105337001 0.127122163772583 14.516661405563354 0.19999999999999998 1.0
0 0.1 0.22686415225376097 0.11315107345581055 14.629812479019165 0.19999999999999998 1.0
0 0.1 0.19760178628779224 0.12550902366638184 14.755321502685547 0.19512195121951217 1.0
0 0.1 0.17211386442601356 0.23174810409545898 14.987069606781006 0.18604651162790697 1.0
0 0.1 0.14991353511608546 0.35283803939819336 15.3399076461792 0.18181818181818182 1.0
0 0.01 28.211963230963963 0.0006680488586425781 15.340575695037842 0.0 1.0
0 0.01 24.573006681497752 0.0006561279296875 15.34123182296753 0.0 1.0
0 0.01 21.403425646968028 0.0006191730499267578 15.341850996017456 0.0 1.0
0 0.01 18.642677119777133 0.0006258487701416016 15.342476844787598 0.0 1.0
0 0.01 16.238027310431736 0.0006401538848876953 15.343116998672485 0.0 1.0
0 0.01 14.143544365449966 0.0006668567657470703 15.343783855438232 0.0 1.0
0 0.01 12.319221010851523 0.0006310939788818359 15.344414949417114 0.0 1.0
0 0.01 10.730210362611421 0.0006330013275146484 15.345047950744629 0.0 1.0
0 0.01 9.346160307090315 0.0006630420684814453 15.34571099281311 0.0 1.0
0 0.01 8.140633737265514 0.0006542205810546875 15.346365213394165 0.0 1.0
0 0.01 7.090603570541246 0.0006189346313476562 15.346984148025513 0.0 1.0
0 0.01 6.176012902339531 0.0006289482116699219 15.347613096237183 0.0 1.0
0 0.01 5.379391893848717 0.0006299018859863281 15.348242998123169 0.0 1.0
0 0.01 4.685524076001097 0.0006551742553710938 15.34889817237854 0.0 1.0
0 0.01 4.081155695663349 0.0006289482116699219 15.34952712059021 0.0 1.0
0 0.01 3.554742552184356 0.0006389617919921875 15.350166082382202 0.0 1.0
0 0.01 3.09622948855821 0.0006492137908935547 15.350815296173096 0.0 1.0
0 0.01 2.6968583252045994 0.0006310939788818359 15.351446390151978 0.0 1.0
0 0.01 2.349000567658869 0.007110118865966797 15.358556509017944 0.5714285714285715 1.0
0 0.01 2.046011692676912 0.0016770362854003906 15.360233545303345 0.5714285714285715 1.0
0 0.01 1.7821042294352372 0.0015320777893066406 15.361765623092651 0.5714285714285715 1.0
0 0.01 1.5522372115164986 0.001667022705078125 15.36343264579773 0.5714285714285715 1.0
0 0.01 1.3520198880735976 0.0016598701477050781 15.365092515945435 0.5714285714285715 1.0
0 0.01 1.1776278549337647 0.0018448829650878906 15.366937398910522 0.5714285714285715 1.0
0 0.01 1.0257300036406054 0.005635738372802734 15.372573137283325 0.7499999999999999 1.0
0 0.01 0.8934248930683893 0.0020089149475097656 15.374582052230835 0.7499999999999999 1.0
0 0.01 0.7781853282259436 0.002512216567993164 15.377094268798828 0.7499999999999999 1.0
0 0.01 0.6778100876351608 0.002672910690307617 15.379767179489136 0.7499999999999999 1.0
0 0.01 0.590381877216004 0.002808094024658203 15.382575273513794 0.7499999999999999 1.0
0 0.01 0.5142307075440048 0.008850812911987305 15.391426086425781 0.7272727272727272 1.0
0 0.01 0.44790199493955546 0.003851175308227539 15.395277261734009 0.7272727272727272 1.0
0 0.01 0.39012877707943217 0.02426290512084961 15.419540166854858 0.5000000000000001 1.0
0 0.01 0.33980751241358653 0.029074907302856445 15.448615074157715 0.4 1.0
0 0.01 0.2959770011254507 0.009741067886352539 15.458356142044067 0.4 1.0
0 0.01 0.2578000249994245 0.01082301139831543 15.469179153442383 0.4 1.0
0 0.01 0.22454735549379537 0.04890918731689453 15.518088340759277 0.2857142857142857 1.0
0 0.01 0.19558382455304058 0.020570039749145508 15.538658380508423 0.2857142857142857 1.0
0 0.01 0.1703561920944177 0.04835700988769531 15.587015390396118 0.25 1.0
0 0.01 0.14838257842248037 0.020242929458618164 15.607258319854736 0.25 1.0
0 0.01 0.12924325971726744 0.058750152587890625 15.666008472442627 0.2352941176470588 1.0
0 0.01 0.1125726507783501 0.05062508583068848 15.716633558273315 0.2222222222222222 1.0
0 0.01 0.09805232188500161 0.1224818229675293 15.839115381240845 0.2222222222222222 1.0
0 0.01 0.08540491638568569 0.07648515701293945 15.915600538253784 0.21621621621621623 1.0
0 0.01 0.07438885283512764 0.029356002807617188 15.944956541061401 0.21621621621621623 1.0
0 0.01 0.06479371048308594 0.0291290283203125 15.974085569381714 0.21621621621621623 1.0
0 0.01 0.056436209971818335 0.06698799133300781 16.04107356071472 0.2105263157894737 1.0
0 0.01 0.049156712468482675 0.07456517219543457 16.115638732910156 0.20512820512820512 1.0
0 0.01 0.0428161703614703 0.03990888595581055 16.155547618865967 0.20512820512820512 1.0
0 0.01 0.03729347127511503 0.040110111236572266 16.19565773010254 0.20512820512820512 1.0
0 0.01 0.032483124670098805 0.06725668907165527 16.262914419174194 0.19999999999999998 1.0
