[216.40736058 188.4937774  164.18066384 143.00360867 124.55810333
 108.49181534  94.49785828  82.30892987  71.69220614  62.44489425
  54.39035884  47.37474809  41.26405496  35.94155748  31.30558923
  27.26759733  23.75045104  20.68696841  18.01863304  15.69447636
  13.67010404  11.906848    10.37102782   9.03330739   7.86813455
   6.85325305   5.96927734   5.19932239   4.52868107   3.94454329
   3.43575127   2.99258645   2.60658382   2.27037024   1.9775236
   1.72245016   1.5002777    1.30676244   1.138208     0.99139477
   0.86351843   0.75213639   0.65512111   0.57061946   0.49701737
   0.43290895   0.37706963   0.32843281   0.28606948   0.24917044]0 1 312.2098259152708 0.001180887222290039 0.001180887222290039 0.0 1.0
0 1 271.93903789811014 0.0011601448059082031 0.002341032028198242 0.0 1.0
0 1 236.8626295349813 0.02646017074584961 0.02880120277404785 0.33333333333333337 1.0
0 1 206.31059705097118 0.0214998722076416 0.05030107498168945 0.5714285714285715 1.0
0 1 179.69935797424765 0.01371908187866211 0.06402015686035156 0.5714285714285715 1.0
0 1 156.52060397255676 0.011321783065795898 0.07534193992614746 0.5714285714285715 1.0
0 1 136.33159152101595 0.010389089584350586 0.08573102951049805 0.5714285714285715 1.0
0 1 118.74668494067365 0.02169013023376465 0.1074211597442627 0.7499999999999999 1.0
0 1 103.42999026917344 0.014390945434570312 0.12181210517883301 0.7499999999999999 1.0
0 1 90.08893926113359 0.009840250015258789 0.1316523551940918 0.7499999999999999 1.0
0 1 78.46870096453189 0.007792234420776367 0.13944458961486816 0.7499999999999999 1.0
0 1 68.34731412713553 0.0074310302734375 0.14687561988830566 0.7499999999999999 1.0
0 1 59.53144745577994 0.00811004638671875 0.15498566627502441 0.6666666666666665 1.0
0 1 51.85270674408604 0.01098489761352539 0.1659705638885498 0.7272727272727272 1.0
0 1 45.16441833008278 0.009443998336791992 0.1754145622253418 0.7272727272727272 1.0
0 1 39.33882744370648 0.00833892822265625 0.18375349044799805 0.6153846153846154 1.0
0 1 34.26465792907022 0.021286964416503906 0.20504045486450195 0.47058823529411764 1.0
0 1 29.84498672911064 0.02113628387451172 0.22617673873901367 0.3636363636363636 1.0
0 1 25.99539253258091 0.024224042892456055 0.2504007816314697 0.3076923076923077 1.0
0 1 22.642343220204207 0.07137680053710938 0.3217775821685791 0.26666666666666666 1.0
0 1 19.721791308170232 0.0760183334350586 0.3977959156036377 0.27586206896551724 1.0
0 1 17.177950560167822 0.13046503067016602 0.5282609462738037 0.26666666666666666 1.0
0 1 14.962230399696251 0.10479402542114258 0.6330549716949463 0.24242424242424243 1.0
0 1 13.03230776858211 0.09049320220947266 0.723548173904419 0.2222222222222222 1.0
0 1 11.351318703025308 0.08379316329956055 0.8073413372039795 0.2222222222222222 1.0
0 1 9.887154185253786 0.07875418663024902 0.8860955238342285 0.21621621621621623 1.0
0 1 8.611846820663045 0.07640814781188965 0.9625036716461182 0.20512820512820512 1.0
0 1 7.501036625197576 0.08596110343933105 1.0484647750854492 0.19999999999999998 1.0
0 1 6.53350571883761 0.06969785690307617 1.1181626319885254 0.20512820512820512 1.0
0 1 5.69077303724795 0.08401894569396973 1.2021815776824951 0.18604651162790697 1.0
0 1 4.956741320068812 0.06649303436279297 1.268674612045288 0.1777777777777778 1.0
0 1 4.317389632878279 0.07859015464782715 1.3472647666931152 0.1702127659574468 1.0
0 1 3.7605055496069455 0.8797690868377686 2.227033853530884 0.1702127659574468 1.0
0 1 3.2754518797500736 0.17398977279663086 2.4010236263275146 0.1702127659574468 1.0
0 1 2.8529634845718124 0.04111003875732422 2.442133665084839 0.16666666666666666 1.0
0 1 2.4849703012340436 0.05393815040588379 2.4960718154907227 0.163265306122449 1.0
0 1 2.1644431943866964 0.1210019588470459 2.6170737743377686 0.163265306122449 1.0
0 1 1.8852596907900219 0.05083799362182617 2.6679117679595947 0.163265306122449 1.0
0 1 1.6420870323301746 0.04850912094116211 2.716420888900757 0.163265306122449 1.0
0 1 1.4302803135927475 0.045848846435546875 2.7622697353363037 0.163265306122449 1.0
0 1 1.2457937582930971 0.043279170989990234 2.805548906326294 0.163265306122449 1.0
0 1 1.0851034398309916 0.22277212142944336 3.0283210277557373 0.1568627450980392 1.0
0 1 0.945139969834425 0.19338583946228027 3.2217068672180176 0.1568627450980392 1.0
0 1 0.823229868958621 0.4611020088195801 3.6828088760375977 0.1568627450980392 1.0
0 1 0.7170445000483404 0.13445091247558594 3.8172597885131836 0.1481481481481481 1.0
0 1 0.624555588222246 1.3676118850708008 5.184871673583984 0.15384615384615383 1.0
0 1 0.5439964782567033 0.14962196350097656 5.334493637084961 0.1481481481481481 1.0
0 1 0.4738283892360109 1.0640289783477783 6.398522615432739 0.1509433962264151 1.0
0 1 0.4127110218901976 0.268632173538208 6.667154788970947 0.14545454545454545 1.0
0 1 0.3594769571833539 0.3380868434906006 7.005241632461548 0.1481481481481481 1.0
0 0.1 130.20161032759302 0.0011639595031738281 7.006405591964722 0.0 1.0
0 0.1 113.40738729625762 0.0011620521545410156 7.007567644119263 0.0 1.0
0 0.1 98.77938883400856 0.0011560916900634766 7.008723735809326 0.0 1.0
0 0.1 86.03820166433057 0.0011987686157226562 7.009922504425049 0.0 1.0
0 0.1 74.9404529934022 0.001277923583984375 7.011200428009033 0.0 1.0
0 0.1 65.27416178184274 0.0011730194091796875 7.012373447418213 0.0 1.0
0 0.1 56.854689638682785 0.001191854476928711 7.013565301895142 0.0 1.0
0 0.1 49.52121399451067 0.001161813735961914 7.0147271156311035 0.0 1.0
0 0.1 43.13365618693992 0.0011548995971679688 7.0158820152282715 0.0 1.0
0 0.1 37.570005780944214 0.0011942386627197266 7.017076253890991 0.0 1.0
0 0.1 32.7239900151928 0.0011682510375976562 7.018244504928589 0.0 1.0
0 0.1 28.503043857863506 0.0012519359588623047 7.019496440887451 0.0 1.0
0 0.1 24.826541897430772 0.015078306198120117 7.034574747085571 0.5714285714285715 1.0
0 0.1 21.624258295306348 0.006047964096069336 7.040622711181641 0.5714285714285715 1.0
0 0.1 18.835025383479486 0.00587010383605957 7.0464928150177 0.5714285714285715 1.0
0 0.1 16.405565284674683 0.0057621002197265625 7.052254915237427 0.5714285714285715 1.0
0 0.1 14.289472237493916 0.00480198860168457 7.057056903839111 0.5714285714285715 1.0
0 0.1 12.446326187665905 0.004890918731689453 7.061947822570801 0.5714285714285715 1.0
0 0.1 10.840920713874212 0.010803937911987305 7.072751760482788 0.7499999999999999 1.0
0 0.1 9.44259054057033 0.004997968673706055 7.077749729156494 0.7499999999999999 1.0
0 0.1 8.224625792416147 0.0049130916595458984 7.08266282081604 0.7499999999999999 1.0
0 0.1 7.163761801874259 0.0048902034759521484 7.087553024291992 0.7499999999999999 1.0
0 0.1 6.239734724625884 0.004968881607055664 7.092521905899048 0.7499999999999999 1.0
0 0.1 5.43489447450858 0.01535487174987793 7.107876777648926 0.7272727272727272 1.0
0 0.1 4.733867584541418 0.008500814437866211 7.116377592086792 0.7272727272727272 1.0
0 0.1 4.123263554256632 0.0071909427642822266 7.123568534851074 0.7272727272727272 1.0
0 0.1 3.591419074200402 0.02913498878479004 7.152703523635864 0.5714285714285714 1.0
0 0.1 3.128175241967003 0.06337475776672363 7.216078281402588 0.4444444444444444 1.0
0 0.1 2.7246835143108377 0.033332109451293945 7.249410390853882 0.4 1.0
0 0.1 2.373236688776134 0.06094694137573242 7.310357332229614 0.3636363636363636 1.0
0 0.1 2.0671216863796724 0.10278725624084473 7.413144588470459 0.32000000000000006 1.0
0 0.1 1.8004913233094775 0.024287939071655273 7.437432527542114 0.32000000000000006 1.0
0 0.1 1.5682526223167341 0.1218271255493164 7.559259653091431 0.2962962962962963 1.0
0 0.1 1.3659695304072161 0.07175183296203613 7.631011486053467 0.27586206896551724 1.0
0 0.1 1.1897781846170337 0.05132913589477539 7.682340621948242 0.26666666666666666 1.0
0 0.1 1.036313107341863 0.09779810905456543 7.780138731002808 0.25806451612903225 1.0
0 0.1 0.9026429214570189 0.11401605606079102 7.894154787063599 0.24242424242424243 1.0
0 0.1 0.786214357305898 0.06305789947509766 7.957212686538696 0.2352941176470588 1.0
0 0.1 0.6848034820193963 0.19083595275878906 8.148048639297485 0.2285714285714286 1.0
0 0.1 0.5964732195846044 0.07424688339233398 8.22229552268982 0.2285714285714286 1.0
0 0.1 0.5195363502423698 0.0838310718536377 8.306126594543457 0.21621621621621623 1.0
0 0.1 0.4525232824553942 0.09061694145202637 8.396743535995483 0.20512820512820512 1.0
0 0.1 0.3941539818506903 0.16217708587646484 8.558920621871948 0.19999999999999998 1.0
0 0.1 0.34331352094368267 0.47747206687927246 9.03639268875122 0.19512195121951217 1.0
0 0.1 0.2990307826127625 0.14398813247680664 9.180380821228027 0.2105263157894737 1.0
0 0.1 0.2604599105337001 0.06400895118713379 9.244389772415161 0.19999999999999998 1.0
0 0.1 0.22686415225376097 0.05693411827087402 9.301323890686035 0.19999999999999998 1.0
0 0.1 0.19760178628779224 0.06612920761108398 9.36745309829712 0.19512195121951217 1.0
0 0.1 0.17211386442601356 0.08153891563415527 9.448992013931274 0.18604651162790697 1.0
0 0.1 0.14991353511608546 0.1918189525604248 9.6408109664917 0.18181818181818182 1.0
0 0.01 28.211963230963963 0.0011680126190185547 9.641978979110718 0.0 1.0
0 0.01 24.573006681497752 0.0011599063873291016 9.643138885498047 0.0 1.0
0 0.01 21.403425646968028 0.0011501312255859375 9.644289016723633 0.0 1.0
0 0.01 18.642677119777133 0.001207113265991211 9.645496129989624 0.0 1.0
0 0.01 16.238027310431736 0.0012562274932861328 9.64675235748291 0.0 1.0
0 0.01 14.143544365449966 0.0011649131774902344 9.6479172706604 0.0 1.0
0 0.01 12.319221010851523 0.0011761188507080078 9.649093389511108 0.0 1.0
0 0.01 10.730210362611421 0.0011601448059082031 9.650253534317017 0.0 1.0
0 0.01 9.346160307090315 0.0011539459228515625 9.651407480239868 0.0 1.0
0 0.01 8.140633737265514 0.0011742115020751953 9.652581691741943 0.0 1.0
0 0.01 7.090603570541246 0.0011668205261230469 9.653748512268066 0.0 1.0
0 0.01 6.176012902339531 0.0011827945709228516 9.65493130683899 0.0 1.0
0 0.01 5.379391893848717 0.0012149810791015625 9.65614628791809 0.0 1.0
0 0.01 4.685524076001097 0.0011603832244873047 9.657306671142578 0.0 1.0
0 0.01 4.081155695663349 0.001148223876953125 9.658454895019531 0.0 1.0
0 0.01 3.554742552184356 0.001268148422241211 9.659723043441772 0.0 1.0
0 0.01 3.09622948855821 0.0011661052703857422 9.660889148712158 0.0 1.0
0 0.01 2.6968583252045994 0.0011548995971679688 9.662044048309326 0.0 1.0
0 0.01 2.349000567658869 0.009466886520385742 9.671510934829712 0.5714285714285715 1.0
0 0.01 2.046011692676912 0.003573894500732422 9.675084829330444 0.5714285714285715 1.0
0 0.01 1.7821042294352372 0.0034799575805664062 9.67856478691101 0.5714285714285715 1.0
0 0.01 1.5522372115164986 0.0037429332733154297 9.682307720184326 0.5714285714285715 1.0
0 0.01 1.3520198880735976 0.0034978389739990234 9.685805559158325 0.5714285714285715 1.0
0 0.01 1.1776278549337647 0.003654003143310547 9.689459562301636 0.5714285714285715 1.0
0 0.01 1.0257300036406054 0.008182048797607422 9.697641611099243 0.7499999999999999 1.0
0 0.01 0.8934248930683893 0.0034661293029785156 9.701107740402222 0.7499999999999999 1.0
0 0.01 0.7781853282259436 0.0036590099334716797 9.704766750335693 0.7499999999999999 1.0
0 0.01 0.6778100876351608 0.003429889678955078 9.708196640014648 0.7499999999999999 1.0
0 0.01 0.590381877216004 0.0036771297454833984 9.711873769760132 0.7499999999999999 1.0
0 0.01 0.5142307075440048 0.009324073791503906 9.721197843551636 0.7272727272727272 1.0
0 0.01 0.44790199493955546 0.004728794097900391 9.725926637649536 0.7272727272727272 1.0
0 0.01 0.39012877707943217 0.0208280086517334 9.74675464630127 0.5000000000000001 1.0
0 0.01 0.33980751241358653 0.030874252319335938 9.777628898620605 0.4 1.0
0 0.01 0.2959770011254507 0.009263038635253906 9.78689193725586 0.4 1.0
0 0.01 0.2578000249994245 0.009378910064697266 9.796270847320557 0.4 1.0
0 0.01 0.22454735549379537 0.043382883071899414 9.839653730392456 0.2857142857142857 1.0
0 0.01 0.19558382455304058 0.017184019088745117 9.856837749481201 0.2857142857142857 1.0
0 0.01 0.1703561920944177 0.04219818115234375 9.899035930633545 0.25 1.0
0 0.01 0.14838257842248037 0.016024112701416016 9.915060043334961 0.25 1.0
0 0.01 0.12924325971726744 0.04783987998962402 9.962899923324585 0.2352941176470588 1.0
0 0.01 0.1125726507783501 0.03990888595581055 10.002808809280396 0.2222222222222222 1.0
0 0.01 0.09805232188500161 0.10985589027404785 10.112664699554443 0.2222222222222222 1.0
0 0.01 0.08540491638568569 0.06515097618103027 10.177815675735474 0.21621621621621623 1.0
0 0.01 0.07438885283512764 0.015049934387207031 10.19286561012268 0.21621621621621623 1.0
0 0.01 0.06479371048308594 0.014046907424926758 10.206912517547607 0.21621621621621623 1.0
0 0.01 0.056436209971818335 0.04946017265319824 10.256372690200806 0.2105263157894737 1.0
0 0.01 0.049156712468482675 0.05117607116699219 10.307548761367798 0.20512820512820512 1.0
0 0.01 0.0428161703614703 0.020620107650756836 10.328168869018555 0.20512820512820512 1.0
0 0.01 0.03729347127511503 0.019306182861328125 10.347475051879883 0.20512820512820512 1.0
0 0.01 0.032483124670098805 0.04352593421936035 10.391000986099243 0.19999999999999998 1.0
