[216.40736058 188.4937774  164.18066384 143.00360867 124.55810333
 108.49181534  94.49785828  82.30892987  71.69220614  62.44489425
  54.39035884  47.37474809  41.26405496  35.94155748  31.30558923
  27.26759733  23.75045104  20.68696841  18.01863304  15.69447636
  13.67010404  11.906848    10.37102782   9.03330739   7.86813455
   6.85325305   5.96927734   5.19932239   4.52868107   3.94454329
   3.43575127   2.99258645   2.60658382   2.27037024   1.9775236
   1.72245016   1.5002777    1.30676244   1.138208     0.99139477
   0.86351843   0.75213639   0.65512111   0.57061946   0.49701737
   0.43290895   0.37706963   0.32843281   0.28606948   0.24917044]0 1 312.2098259152708 0.001233816146850586 0.001233816146850586 0.0 1.0
0 1 271.93903789811014 0.0011668205261230469 0.002400636672973633 0.0 1.0
0 1 236.8626295349813 0.038483381271362305 0.04088401794433594 0.33333333333333337 1.0
0 1 206.31059705097118 0.02936697006225586 0.0702509880065918 0.5714285714285715 1.0
0 1 179.69935797424765 0.01920938491821289 0.08946037292480469 0.5714285714285715 1.0
0 1 156.52060397255676 0.016113996505737305 0.10557436943054199 0.5714285714285715 1.0
0 1 136.33159152101595 0.014397144317626953 0.11997151374816895 0.5714285714285715 1.0
0 1 118.74668494067365 0.03567218780517578 0.15564370155334473 0.7499999999999999 1.0
0 1 103.42999026917344 0.01966404914855957 0.1753077507019043 0.7499999999999999 1.0
0 1 90.08893926113359 0.014970064163208008 0.1902778148651123 0.7499999999999999 1.0
0 1 78.46870096453189 0.010351181030273438 0.20062899589538574 0.7499999999999999 1.0
0 1 68.34731412713553 0.011593818664550781 0.21222281455993652 0.7499999999999999 1.0
0 1 59.53144745577994 0.013785123825073242 0.22600793838500977 0.6666666666666665 1.0
0 1 51.85270674408604 0.01758599281311035 0.24359393119812012 0.7272727272727272 1.0
0 1 45.16441833008278 0.014117002487182617 0.25771093368530273 0.7272727272727272 1.0
0 1 39.33882744370648 0.015070199966430664 0.2727811336517334 0.6153846153846154 1.0
0 1 34.26465792907022 0.032737016677856445 0.30551815032958984 0.47058823529411764 1.0
0 1 29.84498672911064 0.03505110740661621 0.34056925773620605 0.3636363636363636 1.0
0 1 25.99539253258091 0.04623699188232422 0.3868062496185303 0.3076923076923077 1.0
0 1 22.642343220204207 0.13543987274169922 0.5222461223602295 0.26666666666666666 1.0
0 1 19.721791308170232 0.1555619239807129 0.6778080463409424 0.27586206896551724 1.0
0 1 17.177950560167822 0.2139430046081543 0.8917510509490967 0.26666666666666666 1.0
0 1 14.962230399696251 0.17488694190979004 1.0666379928588867 0.24242424242424243 1.0
0 1 13.03230776858211 0.13677167892456055 1.2034096717834473 0.2222222222222222 1.0
0 1 11.351318703025308 0.157210111618042 1.3606197834014893 0.2222222222222222 1.0
0 1 9.887154185253786 0.13757109642028809 1.4981908798217773 0.21621621621621623 1.0
0 1 8.611846820663045 0.13196086883544922 1.6301517486572266 0.20512820512820512 1.0
0 1 7.501036625197576 0.16241669654846191 1.7925684452056885 0.19999999999999998 1.0
0 1 6.53350571883761 0.13442301750183105 1.9269914627075195 0.20512820512820512 1.0
0 1 5.69077303724795 0.16673517227172852 2.093726634979248 0.18604651162790697 1.0
0 1 4.956741320068812 0.14142704010009766 2.2351536750793457 0.1777777777777778 1.0
0 1 4.317389632878279 0.18167400360107422 2.41682767868042 0.16666666666666666 1.0
0 1 3.7605055496069455 1.2879188060760498 3.7047464847564697 0.1702127659574468 1.0
0 1 3.2754518797500736 0.2857699394226074 3.990516424179077 0.1702127659574468 1.0
0 1 2.8529634845718124 0.18181109428405762 4.172327518463135 0.16666666666666666 1.0
0 1 2.4849703012340436 0.19509220123291016 4.367419719696045 0.163265306122449 1.0
0 1 2.1644431943866964 0.22613286972045898 4.593552589416504 0.163265306122449 1.0
0 1 1.8852596907900219 0.11592507362365723 4.709477663040161 0.163265306122449 1.0
0 1 1.6420870323301746 0.10473799705505371 4.814215660095215 0.163265306122449 1.0
0 1 1.4302803135927475 0.09993600845336914 4.914151668548584 0.163265306122449 1.0
0 1 1.2457937582930971 0.09886384010314941 5.013015508651733 0.163265306122449 1.0
0 1 1.0851034398309916 0.5542972087860107 5.567312717437744 0.1568627450980392 1.0
0 1 0.945139969834425 0.5304057598114014 6.0977184772491455 0.1568627450980392 1.0
0 1 0.823229868958621 0.6864809989929199 6.784199476242065 0.1568627450980392 1.0
0 1 0.7170445000483404 1.388848066329956 8.173047542572021 0.15384615384615383 1.0
0 1 0.624555588222246 1.2561428546905518 9.429190397262573 0.1509433962264151 1.0
0 1 0.5439964782567033 0.926677942276001 10.355868339538574 0.1509433962264151 1.0
0 1 0.4738283892360109 0.8335850238800049 11.189453363418579 0.1509433962264151 1.0
0 1 0.4127110218901976 0.8570530414581299 12.046506404876709 0.1481481481481481 1.0
0 1 0.3594769571833539 0.8102710247039795 12.856777429580688 0.1481481481481481 1.0
0 0.1 130.20161032759302 0.0011577606201171875 12.857935190200806 0.0 1.0
0 0.1 113.40738729625762 0.0011620521545410156 12.859097242355347 0.0 1.0
0 0.1 98.77938883400856 0.0012390613555908203 12.860336303710938 0.0 1.0
0 0.1 86.03820166433057 0.0012471675872802734 12.861583471298218 0.0 1.0
0 0.1 74.9404529934022 0.0011878013610839844 12.862771272659302 0.0 1.0
0 0.1 65.27416178184274 0.0011587142944335938 12.863929986953735 0.0 1.0
0 0.1 56.854689638682785 0.0012259483337402344 12.865155935287476 0.0 1.0
0 0.1 49.52121399451067 0.0011658668518066406 12.866321802139282 0.0 1.0
0 0.1 43.13365618693992 0.0011830329895019531 12.867504835128784 0.0 1.0
0 0.1 37.570005780944214 0.00138092041015625 12.86888575553894 0.0 1.0
0 0.1 32.7239900151928 0.0011599063873291016 12.87004566192627 0.0 1.0
0 0.1 28.503043857863506 0.001216888427734375 12.871262550354004 0.0 1.0
0 0.1 24.826541897430772 0.017713069915771484 12.888975620269775 0.5714285714285715 1.0
0 0.1 21.624258295306348 0.008556127548217773 12.897531747817993 0.5714285714285715 1.0
0 0.1 18.835025383479486 0.008317947387695312 12.905849695205688 0.5714285714285715 1.0
0 0.1 16.405565284674683 0.008343935012817383 12.914193630218506 0.5714285714285715 1.0
0 0.1 14.289472237493916 0.008310079574584961 12.92250370979309 0.5714285714285715 1.0
0 0.1 12.446326187665905 0.00733494758605957 12.92983865737915 0.5714285714285715 1.0
0 0.1 10.840920713874212 0.014494895935058594 12.944333553314209 0.7499999999999999 1.0
0 0.1 9.44259054057033 0.008385181427001953 12.952718734741211 0.7499999999999999 1.0
0 0.1 8.224625792416147 0.008337974548339844 12.96105670928955 0.7499999999999999 1.0
0 0.1 7.163761801874259 0.008384943008422852 12.969441652297974 0.7499999999999999 1.0
0 0.1 6.239734724625884 0.007146120071411133 12.976587772369385 0.7499999999999999 1.0
0 0.1 5.43489447450858 0.02289891242980957 12.999486684799194 0.7272727272727272 1.0
0 0.1 4.733867584541418 0.013367652893066406 13.01285433769226 0.7272727272727272 1.0
0 0.1 4.123263554256632 0.010492801666259766 13.02334713935852 0.7272727272727272 1.0
0 0.1 3.591419074200402 0.038591861724853516 13.061939001083374 0.5714285714285714 1.0
0 0.1 3.128175241967003 0.07913804054260254 13.141077041625977 0.4444444444444444 1.0
0 0.1 2.7246835143108377 0.04868316650390625 13.189760208129883 0.4 1.0
0 0.1 2.373236688776134 0.0862429141998291 13.276003122329712 0.3636363636363636 1.0
0 0.1 2.0671216863796724 0.14180803298950195 13.417811155319214 0.32000000000000006 1.0
0 0.1 1.8004913233094775 0.04771304130554199 13.465524196624756 0.32000000000000006 1.0
0 0.1 1.5682526223167341 0.16785502433776855 13.633379220962524 0.2962962962962963 1.0
0 0.1 1.3659695304072161 0.12352585792541504 13.75690507888794 0.27586206896551724 1.0
0 0.1 1.1897781846170337 0.08616495132446289 13.843070030212402 0.26666666666666666 1.0
0 0.1 1.036313107341863 0.16724300384521484 14.010313034057617 0.25806451612903225 1.0
0 0.1 0.9026429214570189 0.15352892875671387 14.163841962814331 0.24242424242424243 1.0
0 0.1 0.786214357305898 0.10953021049499512 14.273372173309326 0.2352941176470588 1.0
0 0.1 0.6848034820193963 0.34787416458129883 14.621246337890625 0.2285714285714286 1.0
0 0.1 0.5964732195846044 0.14072871208190918 14.761975049972534 0.2285714285714286 1.0
0 0.1 0.5195363502423698 0.1648719310760498 14.926846981048584 0.21621621621621623 1.0
0 0.1 0.4525232824553942 0.17991137504577637 15.10675835609436 0.20512820512820512 1.0
0 0.1 0.3941539818506903 0.310168981552124 15.416927337646484 0.19999999999999998 1.0
0 0.1 0.34331352094368267 0.7931060791015625 16.210033416748047 0.19512195121951217 1.0
0 0.1 0.2990307826127625 0.20478296279907227 16.41481637954712 0.2105263157894737 1.0
0 0.1 0.2604599105337001 0.15076088905334473 16.565577268600464 0.19999999999999998 1.0
0 0.1 0.22686415225376097 0.1332998275756836 16.698877096176147 0.19999999999999998 1.0
0 0.1 0.19760178628779224 0.14645600318908691 16.845333099365234 0.19512195121951217 1.0
0 0.1 0.17211386442601356 0.27043914794921875 17.115772247314453 0.18604651162790697 1.0
0 0.1 0.14991353511608546 0.3856058120727539 17.501378059387207 0.18181818181818182 1.0
0 0.01 28.211963230963963 0.0011599063873291016 17.502537965774536 0.0 1.0
0 0.01 24.573006681497752 0.0011599063873291016 17.503697872161865 0.0 1.0
0 0.01 21.403425646968028 0.0012218952178955078 17.50491976737976 0.0 1.0
0 0.01 18.642677119777133 0.0012478828430175781 17.50616765022278 0.0 1.0
0 0.01 16.238027310431736 0.001219034194946289 17.507386684417725 0.0 1.0
0 0.01 14.143544365449966 0.0011551380157470703 17.50854182243347 0.0 1.0
0 0.01 12.319221010851523 0.0012280941009521484 17.509769916534424 0.0 1.0
0 0.01 10.730210362611421 0.001157999038696289 17.51092791557312 0.0 1.0
0 0.01 9.346160307090315 0.0011489391326904297 17.51207685470581 0.0 1.0
0 0.01 8.140633737265514 0.001230001449584961 17.513306856155396 0.0 1.0
0 0.01 7.090603570541246 0.0012009143829345703 17.51450777053833 0.0 1.0
0 0.01 6.176012902339531 0.001161813735961914 17.515669584274292 0.0 1.0
0 0.01 5.379391893848717 0.0011608600616455078 17.516830444335938 0.0 1.0
0 0.01 4.685524076001097 0.001219034194946289 17.518049478530884 0.0 1.0
0 0.01 4.081155695663349 0.001157999038696289 17.51920747756958 0.0 1.0
0 0.01 3.554742552184356 0.0012903213500976562 17.520497798919678 0.0 1.0
0 0.01 3.09622948855821 0.001148223876953125 17.52164602279663 0.0 1.0
0 0.01 2.6968583252045994 0.0011570453643798828 17.52280306816101 0.0 1.0
0 0.01 2.349000567658869 0.011693239212036133 17.534496307373047 0.5714285714285715 1.0
0 0.01 2.046011692676912 0.006128072738647461 17.540624380111694 0.5714285714285715 1.0
0 0.01 1.7821042294352372 0.005736112594604492 17.5463604927063 0.5714285714285715 1.0
0 0.01 1.5522372115164986 0.005888700485229492 17.55224919319153 0.5714285714285715 1.0
0 0.01 1.3520198880735976 0.005937099456787109 17.558186292648315 0.5714285714285715 1.0
0 0.01 1.1776278549337647 0.005904197692871094 17.564090490341187 0.5714285714285715 1.0
0 0.01 1.0257300036406054 0.010385990142822266 17.57447648048401 0.7499999999999999 1.0
0 0.01 0.8934248930683893 0.005761861801147461 17.580238342285156 0.7499999999999999 1.0
0 0.01 0.7781853282259436 0.005742788314819336 17.585981130599976 0.7499999999999999 1.0
0 0.01 0.6778100876351608 0.005855083465576172 17.59183621406555 0.7499999999999999 1.0
0 0.01 0.590381877216004 0.005812883377075195 17.597649097442627 0.7499999999999999 1.0
0 0.01 0.5142307075440048 0.012785911560058594 17.610435009002686 0.7272727272727272 1.0
0 0.01 0.44790199493955546 0.006943941116333008 17.61737895011902 0.7272727272727272 1.0
0 0.01 0.39012877707943217 0.026654958724975586 17.644033908843994 0.5000000000000001 1.0
0 0.01 0.33980751241358653 0.03884696960449219 17.682880878448486 0.4 1.0
0 0.01 0.2959770011254507 0.01836395263671875 17.701244831085205 0.4 1.0
0 0.01 0.2578000249994245 0.01840686798095703 17.719651699066162 0.4 1.0
0 0.01 0.22454735549379537 0.06146097183227539 17.781112670898438 0.2857142857142857 1.0
0 0.01 0.19558382455304058 0.03580498695373535 17.816917657852173 0.2857142857142857 1.0
0 0.01 0.1703561920944177 0.0630190372467041 17.879936695098877 0.25 1.0
0 0.01 0.14838257842248037 0.03218197822570801 17.912118673324585 0.25 1.0
0 0.01 0.12924325971726744 0.0718231201171875 17.983941793441772 0.2352941176470588 1.0
0 0.01 0.1125726507783501 0.06432414054870605 18.04826593399048 0.2222222222222222 1.0
0 0.01 0.09805232188500161 0.12987327575683594 18.178139209747314 0.2222222222222222 1.0
0 0.01 0.08540491638568569 0.1016700267791748 18.27980923652649 0.21621621621621623 1.0
0 0.01 0.07438885283512764 0.04835700988769531 18.328166246414185 0.21621621621621623 1.0
0 0.01 0.06479371048308594 0.0474088191986084 18.375575065612793 0.21621621621621623 1.0
0 0.01 0.056436209971818335 0.08375406265258789 18.45932912826538 0.2105263157894737 1.0
0 0.01 0.049156712468482675 0.08799314498901367 18.547322273254395 0.20512820512820512 1.0
0 0.01 0.0428161703614703 0.05423998832702637 18.60156226158142 0.20512820512820512 1.0
0 0.01 0.03729347127511503 0.051959991455078125 18.6535222530365 0.20512820512820512 1.0
0 0.01 0.032483124670098805 0.07595634460449219 18.72947859764099 0.19999999999999998 1.0
