[216.40736058 188.4937774  164.18066384 143.00360867 124.55810333
 108.49181534  94.49785828  82.30892987  71.69220614  62.44489425
  54.39035884  47.37474809  41.26405496  35.94155748  31.30558923
  27.26759733  23.75045104  20.68696841  18.01863304  15.69447636
  13.67010404  11.906848    10.37102782   9.03330739   7.86813455
   6.85325305   5.96927734   5.19932239   4.52868107   3.94454329
   3.43575127   2.99258645   2.60658382   2.27037024   1.9775236
   1.72245016   1.5002777    1.30676244   1.138208     0.99139477
   0.86351843   0.75213639   0.65512111   0.57061946   0.49701737
   0.43290895   0.37706963   0.32843281   0.28606948   0.24917044]0 1 312.2098259152708 0.0066699981689453125 0.0066699981689453125 0.0 1.0
0 1 271.93903789811014 0.006591796875 0.013261795043945312 0.0 1.0
0 1 236.8626295349813 0.006490945816040039 0.01975274085998535 0.33333333333333337 1.0
0 1 206.31059705097118 0.05776095390319824 0.0775136947631836 0.5714285714285715 1.0
0 1 179.69935797424765 0.050512075424194336 0.12802577018737793 0.5714285714285715 1.0
0 1 156.52060397255676 0.04469704627990723 0.17272281646728516 0.5714285714285715 1.0
0 1 136.33159152101595 0.04477715492248535 0.2174999713897705 0.5714285714285715 1.0
0 1 118.74668494067365 0.0570528507232666 0.2745528221130371 0.7499999999999999 1.0
0 1 103.42999026917344 0.050739288330078125 0.32529211044311523 0.7499999999999999 1.0
0 1 90.08893926113359 0.05086803436279297 0.3761601448059082 0.7499999999999999 1.0
0 1 78.46870096453189 0.04499673843383789 0.4211568832397461 0.7499999999999999 1.0
0 1 68.34731412713553 0.045393943786621094 0.4665508270263672 0.7499999999999999 1.0
0 1 59.53144745577994 0.052369117736816406 0.5189199447631836 0.6666666666666665 1.0
0 1 51.85270674408604 0.05701780319213867 0.5759377479553223 0.7272727272727272 1.0
0 1 45.16441833008278 0.05046391487121582 0.6264016628265381 0.7272727272727272 1.0
0 1 39.33882744370648 0.07008528709411621 0.6964869499206543 0.6153846153846154 1.0
0 1 34.26465792907022 0.12443113327026367 0.820918083190918 0.47058823529411764 1.0
0 1 29.84498672911064 0.13765811920166016 0.9585762023925781 0.3636363636363636 1.0
0 1 25.99539253258091 0.1877119541168213 1.1462881565093994 0.3076923076923077 1.0
0 1 22.642343220204207 0.5778448581695557 1.724133014678955 0.26666666666666666 1.0
0 1 19.721791308170232 0.6954407691955566 2.4195737838745117 0.27586206896551724 1.0
0 1 17.177950560167822 0.982774019241333 3.4023478031158447 0.26666666666666666 1.0
0 1 14.962230399696251 0.8336551189422607 4.2360029220581055 0.24242424242424243 1.0
0 1 13.03230776858211 0.6481351852416992 4.884138107299805 0.2222222222222222 1.0
0 1 11.351318703025308 0.7739651203155518 5.6581032276153564 0.2222222222222222 1.0
0 1 9.887154185253786 0.6636679172515869 6.321771144866943 0.21621621621621623 1.0
0 1 8.611846820663045 0.6652407646179199 6.987011909484863 0.20512820512820512 1.0
0 1 7.501036625197576 0.8452956676483154 7.832307577133179 0.19999999999999998 1.0
0 1 6.53350571883761 0.6926577091217041 8.524965286254883 0.20512820512820512 1.0
0 1 5.69077303724795 0.849337100982666 9.374302387237549 0.18604651162790697 1.0
0 1 4.956741320068812 0.736821174621582 10.11112356185913 0.1777777777777778 1.0
0 1 4.317389632878279 0.9456689357757568 11.056792497634888 0.16666666666666666 1.0
0 1 3.7605055496069455 6.727524995803833 17.78431749343872 0.1702127659574468 1.0
0 1 3.2754518797500736 1.5058178901672363 19.290135383605957 0.1702127659574468 1.0
0 1 2.8529634845718124 0.9463272094726562 20.236462593078613 0.16666666666666666 1.0
0 1 2.4849703012340436 1.0524840354919434 21.288946628570557 0.163265306122449 1.0
0 1 2.1644431943866964 1.2393620014190674 22.528308629989624 0.163265306122449 1.0
0 1 1.8852596907900219 0.6240692138671875 23.15237784385681 0.163265306122449 1.0
0 1 1.6420870323301746 0.5747919082641602 23.72716975212097 0.163265306122449 1.0
0 1 1.4302803135927475 0.5555579662322998 24.28272771835327 0.163265306122449 1.0
0 1 1.2457937582930971 0.559715986251831 24.842443704605103 0.163265306122449 1.0
0 1 1.0851034398309916 3.003070116043091 27.845513820648193 0.1568627450980392 1.0
0 1 0.945139969834425 2.678467035293579 30.523980855941772 0.1568627450980392 1.0
0 1 0.823229868958621 3.773016929626465 34.29699778556824 0.1568627450980392 1.0
0 1 0.7170445000483404 7.567462682723999 41.864460468292236 0.15384615384615383 1.0
0 1 0.624555588222246 6.932765960693359 48.797226428985596 0.1509433962264151 1.0
0 1 0.5439964782567033 5.036204814910889 53.833431243896484 0.1509433962264151 1.0
0 1 0.4738283892360109 4.493757963180542 58.327189207077026 0.1509433962264151 1.0
0 1 0.4127110218901976 4.662276268005371 62.9894654750824 0.1481481481481481 1.0
0 1 0.3594769571833539 4.464970111846924 67.45443558692932 0.1481481481481481 1.0
0 0.1 130.20161032759302 0.006307125091552734 67.46074271202087 0.0 1.0
0 0.1 113.40738729625762 0.0066258907318115234 67.46736860275269 0.0 1.0
0 0.1 98.77938883400856 0.006413936614990234 67.47378253936768 0.0 1.0
0 0.1 86.03820166433057 0.006509065628051758 67.48029160499573 0.0 1.0
0 0.1 74.9404529934022 0.006409168243408203 67.48670077323914 0.0 1.0
0 0.1 65.27416178184274 0.006568193435668945 67.4932689666748 0.0 1.0
0 0.1 56.854689638682785 0.006651878356933594 67.49992084503174 0.0 1.0
0 0.1 49.52121399451067 0.05137205123901367 67.55129289627075 0.5714285714285715 1.0
0 0.1 43.13365618693992 0.038082122802734375 67.58937501907349 0.5714285714285715 1.0
0 0.1 37.570005780944214 0.03809404373168945 67.62746906280518 0.5714285714285715 1.0
0 0.1 32.7239900151928 0.03824472427368164 67.66571378707886 0.5714285714285715 1.0
0 0.1 28.503043857863506 0.03835701942443848 67.7040708065033 0.5714285714285715 1.0
0 0.1 24.826541897430772 0.0381159782409668 67.74218678474426 0.5714285714285715 1.0
0 0.1 21.624258295306348 0.05075669288635254 67.79294347763062 0.7499999999999999 1.0
0 0.1 18.835025383479486 0.04445600509643555 67.83739948272705 0.7499999999999999 1.0
0 0.1 16.405565284674683 0.0442051887512207 67.88160467147827 0.7499999999999999 1.0
0 0.1 14.289472237493916 0.03976011276245117 67.92136478424072 0.7499999999999999 1.0
0 0.1 12.446326187665905 0.03840184211730957 67.95976662635803 0.7499999999999999 1.0
0 0.1 10.840920713874212 0.03798794746398926 67.99775457382202 0.7499999999999999 1.0
0 0.1 9.44259054057033 0.03810620307922363 68.03586077690125 0.7499999999999999 1.0
0 0.1 8.224625792416147 0.03805994987487793 68.07392072677612 0.7499999999999999 1.0
0 0.1 7.163761801874259 0.05074000358581543 68.12466073036194 0.888888888888889 1.0
0 0.1 6.239734724625884 0.06354999542236328 68.1882107257843 0.7272727272727272 1.0
0 0.1 5.43489447450858 0.050930023193359375 68.23914074897766 0.7272727272727272 1.0
0 0.1 4.733867584541418 0.05092597007751465 68.29006671905518 0.7272727272727272 1.0
0 0.1 4.123263554256632 0.10134673118591309 68.39141345024109 0.6153846153846154 1.0
0 0.1 3.591419074200402 0.08252191543579102 68.47393536567688 0.5333333333333333 1.0
0 0.1 3.128175241967003 0.23409509658813477 68.70803046226501 0.4210526315789473 1.0
0 0.1 2.7246835143108377 0.19632673263549805 68.90435719490051 0.38095238095238093 1.0
0 0.1 2.373236688776134 0.12827801704406738 69.03263521194458 0.38095238095238093 1.0
0 0.1 2.0671216863796724 0.4371781349182129 69.4698133468628 0.3333333333333333 1.0
0 0.1 1.8004913233094775 0.40073490142822266 69.87054824829102 0.3076923076923077 1.0
0 0.1 1.5682526223167341 0.3882157802581787 70.2587640285492 0.2857142857142857 1.0
0 0.1 1.3659695304072161 0.48276209831237793 70.74152612686157 0.2962962962962963 1.0
0 0.1 1.1897781846170337 0.41359591484069824 71.15512204170227 0.26666666666666666 1.0
0 0.1 1.036313107341863 0.27978992462158203 71.43491196632385 0.26666666666666666 1.0
0 0.1 0.9026429214570189 0.8420670032501221 72.27697896957397 0.24242424242424243 1.0
0 0.1 0.786214357305898 0.7160429954528809 72.99302196502686 0.2352941176470588 1.0
0 0.1 0.6848034820193963 0.4998660087585449 73.4928879737854 0.2222222222222222 1.0
0 0.1 0.5964732195846044 1.2834880352020264 74.77637600898743 0.21621621621621623 1.0
0 0.1 0.5195363502423698 3.2451119422912598 78.02148795127869 0.19999999999999998 1.0
0 0.1 0.4525232824553942 5.400140047073364 83.42162799835205 0.19512195121951217 1.0
0 0.1 0.3941539818506903 1.601876974105835 85.02350497245789 0.19512195121951217 1.0
0 0.1 0.34331352094368267 1.3794848918914795 86.40298986434937 0.19047619047619047 1.0
0 0.1 0.2990307826127625 72.2798399925232 158.68282985687256 0.25 1.0
0 0.1 0.2604599105337001 0.8912382125854492 159.574068069458 0.25 1.0
0 0.1 0.22686415225376097 0.7045021057128906 160.2785701751709 0.24390243902439027 1.0
0 0.1 0.19760178628779224 0.8410241603851318 161.11959433555603 0.24390243902439027 1.0
0 0.1 0.17211386442601356 0.6759769916534424 161.79557132720947 0.24390243902439027 1.0
0 0.1 0.14991353511608546 0.5589790344238281 162.3545503616333 0.24390243902439027 1.0
0 0.01 28.211963230963963 0.006479740142822266 162.36103010177612 0.33333333333333337 1.0
0 0.01 24.573006681497752 0.044692039489746094 162.40572214126587 0.5714285714285715 1.0
0 0.01 21.403425646968028 0.03845405578613281 162.444176197052 0.5714285714285715 1.0
0 0.01 18.642677119777133 0.03817319869995117 162.48234939575195 0.5714285714285715 1.0
0 0.01 16.238027310431736 0.038311004638671875 162.52066040039062 0.5714285714285715 1.0
0 0.01 14.143544365449966 0.03824901580810547 162.55890941619873 0.5714285714285715 1.0
0 0.01 12.319221010851523 0.038218021392822266 162.59712743759155 0.5714285714285715 1.0
0 0.01 10.730210362611421 0.032585859298706055 162.62971329689026 0.5714285714285715 1.0
0 0.01 9.346160307090315 0.051134347915649414 162.6808476448059 0.7499999999999999 1.0
0 0.01 8.140633737265514 0.039212942123413086 162.72006058692932 0.7499999999999999 1.0
0 0.01 7.090603570541246 0.03828096389770508 162.75834155082703 0.7499999999999999 1.0
0 0.01 6.176012902339531 0.038114070892333984 162.79645562171936 0.7499999999999999 1.0
0 0.01 5.379391893848717 0.038398027420043945 162.8348536491394 0.7499999999999999 1.0
0 0.01 4.685524076001097 0.03843522071838379 162.8732888698578 0.7499999999999999 1.0
0 0.01 4.081155695663349 0.03835701942443848 162.91164588928223 0.7499999999999999 1.0
0 0.01 3.554742552184356 0.03850817680358887 162.95015406608582 0.7499999999999999 1.0
0 0.01 3.09622948855821 0.03838205337524414 162.98853611946106 0.7499999999999999 1.0
0 0.01 2.6968583252045994 0.051229000091552734 163.0397651195526 0.888888888888889 1.0
0 0.01 2.349000567658869 0.03258705139160156 163.0723521709442 0.888888888888889 1.0
0 0.01 2.046011692676912 0.057763099670410156 163.13011527061462 0.7272727272727272 1.0
0 0.01 1.7821042294352372 0.04543805122375488 163.17555332183838 0.7272727272727272 1.0
0 0.01 1.5522372115164986 0.08983230590820312 163.26538562774658 0.6666666666666666 1.0
0 0.01 1.3520198880735976 0.08362603187561035 163.3490116596222 0.5714285714285714 1.0
0 0.01 1.1776278549337647 0.11575007438659668 163.4647617340088 0.5000000000000001 1.0
0 0.01 1.0257300036406054 0.12845683097839355 163.59321856498718 0.47058823529411764 1.0
0 0.01 0.8934248930683893 0.12985515594482422 163.723073720932 0.4444444444444444 1.0
0 0.01 0.7781853282259436 0.1038811206817627 163.82695484161377 0.4444444444444444 1.0
0 0.01 0.6778100876351608 0.16709113121032715 163.9940459728241 0.3478260869565218 1.0
0 0.01 0.590381877216004 0.1213841438293457 164.11543011665344 0.3478260869565218 1.0
0 0.01 0.5142307075440048 0.11651492118835449 164.2319450378418 0.3478260869565218 1.0
0 0.01 0.44790199493955546 0.2233731746673584 164.45531821250916 0.32000000000000006 1.0
0 0.01 0.39012877707943217 0.15265297889709473 164.60797119140625 0.32000000000000006 1.0
0 0.01 0.33980751241358653 0.1483168601989746 164.75628805160522 0.32000000000000006 1.0
0 0.01 0.2959770011254507 0.14744114875793457 164.90372920036316 0.32000000000000006 1.0
0 0.01 0.2578000249994245 0.1862032413482666 165.08993244171143 0.2962962962962963 1.0
0 0.01 0.22454735549379537 0.17266511917114258 165.26259756088257 0.2857142857142857 1.0
0 0.01 0.19558382455304058 0.14070987701416016 165.40330743789673 0.2857142857142857 1.0
0 0.01 0.1703561920944177 0.5456700325012207 165.94897747039795 0.24242424242424243 1.0
0 0.01 0.14838257842248037 0.32753896713256836 166.27651643753052 0.24242424242424243 1.0
0 0.01 0.12924325971726744 0.29942989349365234 166.57594633102417 0.24242424242424243 1.0
0 0.01 0.1125726507783501 0.28131675720214844 166.85726308822632 0.24242424242424243 1.0
0 0.01 0.09805232188500161 0.36945414543151855 167.22671723365784 0.2352941176470588 1.0
0 0.01 0.08540491638568569 0.2433321475982666 167.4700493812561 0.2352941176470588 1.0
0 0.01 0.07438885283512764 0.4739189147949219 167.94396829605103 0.2222222222222222 1.0
0 0.01 0.06479371048308594 0.48570871353149414 168.42967700958252 0.2105263157894737 1.0
0 0.01 0.056436209971818335 0.5190961360931396 168.94877314567566 0.20512820512820512 1.0
0 0.01 0.049156712468482675 0.33998703956604004 169.2887601852417 0.20512820512820512 1.0
0 0.01 0.0428161703614703 0.917618989944458 170.20637917518616 0.19047619047619047 1.0
0 0.01 0.03729347127511503 0.527533769607544 170.7339129447937 0.19047619047619047 1.0
0 0.01 0.032483124670098805 0.8236207962036133 171.55753374099731 0.18181818181818182 1.0
