[216.40736058 188.4937774  164.18066384 143.00360867 124.55810333
 108.49181534  94.49785828  82.30892987  71.69220614  62.44489425
  54.39035884  47.37474809  41.26405496  35.94155748  31.30558923
  27.26759733  23.75045104  20.68696841  18.01863304  15.69447636
  13.67010404  11.906848    10.37102782   9.03330739   7.86813455
   6.85325305   5.96927734   5.19932239   4.52868107   3.94454329
   3.43575127   2.99258645   2.60658382   2.27037024   1.9775236
   1.72245016   1.5002777    1.30676244   1.138208     0.99139477
   0.86351843   0.75213639   0.65512111   0.57061946   0.49701737
   0.43290895   0.37706963   0.32843281   0.28606948   0.24917044]0 1 312.2098259152708 0.008947134017944336 0.008947134017944336 0.0 1.0
0 1 271.93903789811014 0.006952047348022461 0.015899181365966797 0.0 1.0
0 1 236.8626295349813 0.00751495361328125 0.023414134979248047 0.33333333333333337 1.0
0 1 206.31059705097118 0.05176377296447754 0.07517790794372559 0.5714285714285715 1.0
0 1 179.69935797424765 0.047039031982421875 0.12221693992614746 0.5714285714285715 1.0
0 1 156.52060397255676 0.04039311408996582 0.16261005401611328 0.5714285714285715 1.0
0 1 136.33159152101595 0.039876699447631836 0.20248675346374512 0.5714285714285715 1.0
0 1 118.74668494067365 0.045504093170166016 0.24799084663391113 0.7499999999999999 1.0
0 1 103.42999026917344 0.04520225524902344 0.29319310188293457 0.7499999999999999 1.0
0 1 90.08893926113359 0.04489493370056152 0.3380880355834961 0.7499999999999999 1.0
0 1 78.46870096453189 0.03877663612365723 0.3768646717071533 0.7499999999999999 1.0
0 1 68.34731412713553 0.03878498077392578 0.4156496524810791 0.7499999999999999 1.0
0 1 59.53144745577994 0.0454411506652832 0.4610908031463623 0.6666666666666665 1.0
0 1 51.85270674408604 0.05208921432495117 0.5131800174713135 0.7272727272727272 1.0
0 1 45.16441833008278 0.04421591758728027 0.5573959350585938 0.7272727272727272 1.0
0 1 39.33882744370648 0.05809497833251953 0.6154909133911133 0.6153846153846154 1.0
0 1 34.26465792907022 0.10675787925720215 0.7222487926483154 0.47058823529411764 1.0
0 1 29.84498672911064 0.11270809173583984 0.8349568843841553 0.3636363636363636 1.0
0 1 25.99539253258091 0.1481318473815918 0.9830887317657471 0.3076923076923077 1.0
0 1 22.642343220204207 0.455456018447876 1.438544750213623 0.26666666666666666 1.0
0 1 19.721791308170232 0.5501739978790283 1.9887187480926514 0.27586206896551724 1.0
0 1 17.177950560167822 0.8235430717468262 2.8122618198394775 0.26666666666666666 1.0
0 1 14.962230399696251 0.6838500499725342 3.4961118698120117 0.24242424242424243 1.0
0 1 13.03230776858211 0.559791088104248 4.05590295791626 0.2222222222222222 1.0
0 1 11.351318703025308 0.5967938899993896 4.652696847915649 0.2222222222222222 1.0
0 1 9.887154185253786 0.5333189964294434 5.186015844345093 0.21621621621621623 1.0
0 1 8.611846820663045 0.5287749767303467 5.7147908210754395 0.20512820512820512 1.0
0 1 7.501036625197576 0.6338217258453369 6.348612546920776 0.19999999999999998 1.0
0 1 6.53350571883761 0.5214440822601318 6.870056629180908 0.20512820512820512 1.0
0 1 5.69077303724795 0.659146785736084 7.529203414916992 0.18604651162790697 1.0
0 1 4.956741320068812 0.5659232139587402 8.095126628875732 0.1777777777777778 1.0
0 1 4.317389632878279 0.6739692687988281 8.76909589767456 0.16666666666666666 1.0
0 1 3.7605055496069455 5.8206467628479 14.589742660522461 0.1702127659574468 1.0
0 1 3.2754518797500736 1.231436014175415 15.821178674697876 0.1702127659574468 1.0
0 1 2.8529634845718124 0.5869770050048828 16.40815567970276 0.16666666666666666 1.0
0 1 2.4849703012340436 0.7077293395996094 17.115885019302368 0.163265306122449 1.0
0 1 2.1644431943866964 0.9602501392364502 18.07613515853882 0.163265306122449 1.0
0 1 1.8852596907900219 0.42831897735595703 18.504454135894775 0.163265306122449 1.0
0 1 1.6420870323301746 0.40790557861328125 18.912359714508057 0.163265306122449 1.0
0 1 1.4302803135927475 0.4968090057373047 19.40916872024536 0.163265306122449 1.0
0 1 1.2457937582930971 0.3910212516784668 19.800189971923828 0.163265306122449 1.0
0 1 1.0851034398309916 2.1909871101379395 21.991177082061768 0.1568627450980392 1.0
0 1 0.945139969834425 1.8104338645935059 23.801610946655273 0.1568627450980392 1.0
0 1 0.823229868958621 3.11849308013916 26.920104026794434 0.1568627450980392 1.0
0 1 0.7170445000483404 6.2194740772247314 33.139578104019165 0.15384615384615383 1.0
0 1 0.624555588222246 5.070282936096191 38.209861040115356 0.1509433962264151 1.0
0 1 0.5439964782567033 3.347201108932495 41.55706214904785 0.1509433962264151 1.0
0 1 0.4738283892360109 2.9250402450561523 44.482102394104004 0.1509433962264151 1.0
0 1 0.4127110218901976 2.9839370250701904 47.466039419174194 0.1481481481481481 1.0
0 1 0.3594769571833539 2.907888889312744 50.37392830848694 0.1481481481481481 1.0
0 0.1 130.20161032759302 0.0063359737396240234 50.38026428222656 0.0 1.0
0 0.1 113.40738729625762 0.0062749385833740234 50.38653922080994 0.0 1.0
0 0.1 98.77938883400856 0.006371021270751953 50.39291024208069 0.0 1.0
0 0.1 86.03820166433057 0.006349086761474609 50.39925932884216 0.0 1.0
0 0.1 74.9404529934022 0.006370067596435547 50.4056293964386 0.0 1.0
0 0.1 65.27416178184274 0.006407976150512695 50.41203737258911 0.0 1.0
0 0.1 56.854689638682785 0.006371974945068359 50.41840934753418 0.0 1.0
0 0.1 49.52121399451067 0.04409003257751465 50.462499380111694 0.5714285714285715 1.0
0 0.1 43.13365618693992 0.03134298324584961 50.493842363357544 0.5714285714285715 1.0
0 0.1 37.570005780944214 0.03150200843811035 50.525344371795654 0.5714285714285715 1.0
0 0.1 32.7239900151928 0.03146624565124512 50.5568106174469 0.5714285714285715 1.0
0 0.1 28.503043857863506 0.03133106231689453 50.588141679763794 0.5714285714285715 1.0
0 0.1 24.826541897430772 0.031356096267700195 50.619497776031494 0.5714285714285715 1.0
0 0.1 21.624258295306348 0.04392695426940918 50.6634247303009 0.7499999999999999 1.0
0 0.1 18.835025383479486 0.0375821590423584 50.70100688934326 0.7499999999999999 1.0
0 0.1 16.405565284674683 0.03147602081298828 50.73248291015625 0.7499999999999999 1.0
0 0.1 14.289472237493916 0.03138470649719238 50.76386761665344 0.7499999999999999 1.0
0 0.1 12.446326187665905 0.03152799606323242 50.795395612716675 0.7499999999999999 1.0
0 0.1 10.840920713874212 0.03143501281738281 50.82683062553406 0.7499999999999999 1.0
0 0.1 9.44259054057033 0.03145027160644531 50.8582808971405 0.7499999999999999 1.0
0 0.1 8.224625792416147 0.03161191940307617 50.88989281654358 0.7499999999999999 1.0
0 0.1 7.163761801874259 0.04393887519836426 50.93383169174194 0.888888888888889 1.0
0 0.1 6.239734724625884 0.05663800239562988 50.99046969413757 0.7272727272727272 1.0
0 0.1 5.43489447450858 0.040685176849365234 51.03115487098694 0.7272727272727272 1.0
0 0.1 4.733867584541418 0.03827214241027832 51.06942701339722 0.7272727272727272 1.0
0 0.1 4.123263554256632 0.08252096176147461 51.15194797515869 0.6153846153846154 1.0
0 0.1 3.591419074200402 0.07605981826782227 51.228007793426514 0.5333333333333333 1.0
0 0.1 3.128175241967003 0.20458412170410156 51.432591915130615 0.4210526315789473 1.0
0 0.1 2.7246835143108377 0.17146086692810059 51.604052782058716 0.38095238095238093 1.0
0 0.1 2.373236688776134 0.1036679744720459 51.70772075653076 0.38095238095238093 1.0
0 0.1 2.0671216863796724 0.3846282958984375 52.0923490524292 0.3333333333333333 1.0
0 0.1 1.8004913233094775 0.3386869430541992 52.4310359954834 0.3076923076923077 1.0
0 0.1 1.5682526223167341 0.30391502380371094 52.73495101928711 0.2857142857142857 1.0
0 0.1 1.3659695304072161 0.4441649913787842 53.179116010665894 0.2962962962962963 1.0
0 0.1 1.1897781846170337 0.31647396087646484 53.49558997154236 0.26666666666666666 1.0
0 0.1 1.036313107341863 0.21999907493591309 53.71558904647827 0.26666666666666666 1.0
0 0.1 0.9026429214570189 0.7457468509674072 54.46133589744568 0.24242424242424243 1.0
0 0.1 0.786214357305898 0.5690629482269287 55.03039884567261 0.2352941176470588 1.0
0 0.1 0.6848034820193963 0.38109588623046875 55.411494731903076 0.2222222222222222 1.0
0 0.1 0.5964732195846044 1.1362249851226807 56.54771971702576 0.21621621621621623 1.0
0 0.1 0.5195363502423698 2.756814956665039 59.304534673690796 0.19999999999999998 1.0
0 0.1 0.4525232824553942 4.254401922225952 63.55893659591675 0.19512195121951217 1.0
0 0.1 0.3941539818506903 1.0946898460388184 64.65362644195557 0.19512195121951217 1.0
0 0.1 0.34331352094368267 1.0059356689453125 65.65956211090088 0.19047619047619047 1.0
0 0.1 0.2990307826127625 7.521260976791382 73.18082308769226 0.25 1.0
0 0.1 0.2604599105337001 0.6619260311126709 73.84274911880493 0.25 1.0
0 0.1 0.22686415225376097 0.29605984687805176 74.13880896568298 0.24390243902439027 1.0
0 0.1 0.19760178628779224 0.6070683002471924 74.74587726593018 0.24390243902439027 1.0
0 0.1 0.17211386442601356 0.4687070846557617 75.21458435058594 0.24390243902439027 1.0
0 0.1 0.14991353511608546 0.3724808692932129 75.58706521987915 0.24390243902439027 1.0
0 0.01 28.211963230963963 0.006325960159301758 75.59339118003845 0.33333333333333337 1.0
0 0.01 24.573006681497752 0.03769969940185547 75.63109087944031 0.5714285714285715 1.0
0 0.01 21.403425646968028 0.03161501884460449 75.66270589828491 0.5714285714285715 1.0
0 0.01 18.642677119777133 0.031681060791015625 75.69438695907593 0.5714285714285715 1.0
0 0.01 16.238027310431736 0.03155398368835449 75.72594094276428 0.5714285714285715 1.0
0 0.01 14.143544365449966 0.03149223327636719 75.75743317604065 0.5714285714285715 1.0
0 0.01 12.319221010851523 0.031588077545166016 75.78902125358582 0.5714285714285715 1.0
0 0.01 10.730210362611421 0.03148174285888672 75.8205029964447 0.5714285714285715 1.0
0 0.01 9.346160307090315 0.0438840389251709 75.86438703536987 0.7499999999999999 1.0
0 0.01 8.140633737265514 0.031339168548583984 75.89572620391846 0.7499999999999999 1.0
0 0.01 7.090603570541246 0.03133893013000488 75.92706513404846 0.7499999999999999 1.0
0 0.01 6.176012902339531 0.03152823448181152 75.95859336853027 0.7499999999999999 1.0
0 0.01 5.379391893848717 0.03221607208251953 75.9908094406128 0.7499999999999999 1.0
0 0.01 4.685524076001097 0.03197789192199707 76.02278733253479 0.7499999999999999 1.0
0 0.01 4.081155695663349 0.03198409080505371 76.05477142333984 0.7499999999999999 1.0
0 0.01 3.554742552184356 0.03206491470336914 76.08683633804321 0.7499999999999999 1.0
0 0.01 3.09622948855821 0.0317990779876709 76.11863541603088 0.7499999999999999 1.0
0 0.01 2.6968583252045994 0.04538130760192871 76.16401672363281 0.888888888888889 1.0
0 0.01 2.349000567658869 0.02604222297668457 76.1900589466095 0.888888888888889 1.0
0 0.01 2.046011692676912 0.0519099235534668 76.24196887016296 0.7272727272727272 1.0
0 0.01 1.7821042294352372 0.03886294364929199 76.28083181381226 0.7272727272727272 1.0
0 0.01 1.5522372115164986 0.07737517356872559 76.35820698738098 0.6666666666666666 1.0
0 0.01 1.3520198880735976 0.07068181037902832 76.42888879776001 0.5714285714285714 1.0
0 0.01 1.1776278549337647 0.10244083404541016 76.53132963180542 0.5000000000000001 1.0
0 0.01 1.0257300036406054 0.10924887657165527 76.64057850837708 0.47058823529411764 1.0
0 0.01 0.8934248930683893 0.11041092872619629 76.75098943710327 0.4444444444444444 1.0
0 0.01 0.7781853282259436 0.07816910743713379 76.8291585445404 0.4444444444444444 1.0
0 0.01 0.6778100876351608 0.1410048007965088 76.97016334533691 0.3478260869565218 1.0
0 0.01 0.590381877216004 0.09628987312316895 77.06645321846008 0.3478260869565218 1.0
0 0.01 0.5142307075440048 0.0903627872467041 77.15681600570679 0.3478260869565218 1.0
0 0.01 0.44790199493955546 0.191666841506958 77.34848284721375 0.32000000000000006 1.0
0 0.01 0.39012877707943217 0.12103104591369629 77.46951389312744 0.32000000000000006 1.0
0 0.01 0.33980751241358653 0.11440110206604004 77.58391499519348 0.32000000000000006 1.0
0 0.01 0.2959770011254507 0.11620926856994629 77.70012426376343 0.32000000000000006 1.0
0 0.01 0.2578000249994245 0.15378570556640625 77.85390996932983 0.2962962962962963 1.0
0 0.01 0.22454735549379537 0.14048099517822266 77.99439096450806 0.2857142857142857 1.0
0 0.01 0.19558382455304058 0.10968804359436035 78.10407900810242 0.2857142857142857 1.0
0 0.01 0.1703561920944177 0.4464750289916992 78.55055403709412 0.24242424242424243 1.0
0 0.01 0.14838257842248037 0.23525309562683105 78.78580713272095 0.24242424242424243 1.0
0 0.01 0.12924325971726744 0.21599411964416504 79.00180125236511 0.24242424242424243 1.0
0 0.01 0.1125726507783501 0.19855165481567383 79.20035290718079 0.24242424242424243 1.0
0 0.01 0.09805232188500161 0.28061914443969727 79.48097205162048 0.2352941176470588 1.0
0 0.01 0.08540491638568569 0.16843104362487793 79.64940309524536 0.2352941176470588 1.0
0 0.01 0.07438885283512764 0.39087414741516113 80.04027724266052 0.2222222222222222 1.0
0 0.01 0.06479371048308594 0.39369702339172363 80.43397426605225 0.2105263157894737 1.0
0 0.01 0.056436209971818335 0.41056299209594727 80.8445372581482 0.20512820512820512 1.0
0 0.01 0.049156712468482675 0.23787212371826172 81.08240938186646 0.20512820512820512 1.0
0 0.01 0.0428161703614703 0.7397048473358154 81.82211422920227 0.19047619047619047 1.0
0 0.01 0.03729347127511503 0.3737308979034424 82.19584512710571 0.19047619047619047 1.0
0 0.01 0.032483124670098805 0.655817985534668 82.85166311264038 0.18181818181818182 1.0
