[216.40736058 188.4937774  164.18066384 143.00360867 124.55810333
 108.49181534  94.49785828  82.30892987  71.69220614  62.44489425
  54.39035884  47.37474809  41.26405496  35.94155748  31.30558923
  27.26759733  23.75045104  20.68696841  18.01863304  15.69447636
  13.67010404  11.906848    10.37102782   9.03330739   7.86813455
   6.85325305   5.96927734   5.19932239   4.52868107   3.94454329
   3.43575127   2.99258645   2.60658382   2.27037024   1.9775236
   1.72245016   1.5002777    1.30676244   1.138208     0.99139477
   0.86351843   0.75213639   0.65512111   0.57061946   0.49701737
   0.43290895   0.37706963   0.32843281   0.28606948   0.24917044]0 1 312.2098259152708 0.006757974624633789 0.006757974624633789 0.0 1.0
0 1 271.93903789811014 0.006360054016113281 0.01311802864074707 0.0 1.0
0 1 236.8626295349813 0.006598949432373047 0.019716978073120117 0.33333333333333337 1.0
0 1 206.31059705097118 0.06179404258728027 0.08151102066040039 0.5714285714285715 1.0
0 1 179.69935797424765 0.05199575424194336 0.13350677490234375 0.5714285714285715 1.0
0 1 156.52060397255676 0.04632210731506348 0.17982888221740723 0.5714285714285715 1.0
0 1 136.33159152101595 0.04709601402282715 0.22692489624023438 0.5714285714285715 1.0
0 1 118.74668494067365 0.05859518051147461 0.285520076751709 0.7499999999999999 1.0
0 1 103.42999026917344 0.053102970123291016 0.338623046875 0.7499999999999999 1.0
0 1 90.08893926113359 0.05174398422241211 0.3903670310974121 0.7499999999999999 1.0
0 1 78.46870096453189 0.045118093490600586 0.4354851245880127 0.7499999999999999 1.0
0 1 68.34731412713553 0.04520702362060547 0.48069214820861816 0.7499999999999999 1.0
0 1 59.53144745577994 0.05158114433288574 0.5322732925415039 0.6666666666666665 1.0
0 1 51.85270674408604 0.05808091163635254 0.5903542041778564 0.7272727272727272 1.0
0 1 45.16441833008278 0.05227303504943848 0.6426272392272949 0.7272727272727272 1.0
0 1 39.33882744370648 0.07073593139648438 0.7133631706237793 0.6153846153846154 1.0
0 1 34.26465792907022 0.1262660026550293 0.8396291732788086 0.47058823529411764 1.0
0 1 29.84498672911064 0.138031005859375 0.9776601791381836 0.3636363636363636 1.0
0 1 25.99539253258091 0.18863725662231445 1.166297435760498 0.3076923076923077 1.0
0 1 22.642343220204207 0.5774321556091309 1.743729591369629 0.26666666666666666 1.0
0 1 19.721791308170232 0.7084248065948486 2.4521543979644775 0.27586206896551724 1.0
0 1 17.177950560167822 0.9881319999694824 3.44028639793396 0.26666666666666666 1.0
0 1 14.962230399696251 0.8508179187774658 4.291104316711426 0.24242424242424243 1.0
0 1 13.03230776858211 0.6555869579315186 4.946691274642944 0.2222222222222222 1.0
0 1 11.351318703025308 0.7807669639587402 5.727458238601685 0.2222222222222222 1.0
0 1 9.887154185253786 0.6659579277038574 6.393416166305542 0.21621621621621623 1.0
0 1 8.611846820663045 0.6669280529022217 7.060344219207764 0.20512820512820512 1.0
0 1 7.501036625197576 0.8437509536743164 7.90409517288208 0.19999999999999998 1.0
0 1 6.53350571883761 0.6977438926696777 8.601839065551758 0.20512820512820512 1.0
0 1 5.69077303724795 0.8510730266571045 9.452912092208862 0.18604651162790697 1.0
0 1 4.956741320068812 0.7441120147705078 10.19702410697937 0.1777777777777778 1.0
0 1 4.317389632878279 0.9548280239105225 11.151852130889893 0.16666666666666666 1.0
0 1 3.7605055496069455 6.785197973251343 17.937050104141235 0.1702127659574468 1.0
0 1 3.2754518797500736 1.5314857959747314 19.468535900115967 0.1702127659574468 1.0
0 1 2.8529634845718124 0.9547119140625 20.423247814178467 0.16666666666666666 1.0
0 1 2.4849703012340436 1.081894874572754 21.50514268875122 0.163265306122449 1.0
0 1 2.1644431943866964 1.2777800559997559 22.782922744750977 0.163265306122449 1.0
0 1 1.8852596907900219 0.6342220306396484 23.417144775390625 0.163265306122449 1.0
0 1 1.6420870323301746 0.57834792137146 23.995492696762085 0.163265306122449 1.0
0 1 1.4302803135927475 0.5601980686187744 24.55569076538086 0.163265306122449 1.0
0 1 1.2457937582930971 0.5505740642547607 25.10626482963562 0.163265306122449 1.0
0 1 1.0851034398309916 3.01474928855896 28.12101411819458 0.1568627450980392 1.0
0 1 0.945139969834425 2.6988463401794434 30.819860458374023 0.1568627450980392 1.0
0 1 0.823229868958621 3.802828073501587 34.62268853187561 0.1568627450980392 1.0
0 1 0.7170445000483404 7.664578914642334 42.287267446517944 0.15384615384615383 1.0
0 1 0.624555588222246 6.951488971710205 49.23875641822815 0.1509433962264151 1.0
0 1 0.5439964782567033 5.132712125778198 54.37146854400635 0.1509433962264151 1.0
0 1 0.4738283892360109 4.598404169082642 58.96987271308899 0.1509433962264151 1.0
0 1 0.4127110218901976 4.763097286224365 63.732969999313354 0.1481481481481481 1.0
0 1 0.3594769571833539 4.595538854598999 68.32850885391235 0.1481481481481481 1.0
0 0.1 130.20161032759302 0.006392002105712891 68.33490085601807 0.0 1.0
0 0.1 113.40738729625762 0.006658077239990234 68.34155893325806 0.0 1.0
0 0.1 98.77938883400856 0.006651878356933594 68.34821081161499 0.0 1.0
0 0.1 86.03820166433057 0.006457090377807617 68.3546679019928 0.0 1.0
0 0.1 74.9404529934022 0.00676417350769043 68.36143207550049 0.0 1.0
0 0.1 65.27416178184274 0.006559848785400391 68.36799192428589 0.0 1.0
0 0.1 56.854689638682785 0.0070111751556396484 68.37500309944153 0.0 1.0
0 0.1 49.52121399451067 0.05226325988769531 68.42726635932922 0.5714285714285715 1.0
0 0.1 43.13365618693992 0.038565874099731445 68.46583223342896 0.5714285714285715 1.0
0 0.1 37.570005780944214 0.03877711296081543 68.50460934638977 0.5714285714285715 1.0
0 0.1 32.7239900151928 0.03870081901550293 68.54331016540527 0.5714285714285715 1.0
0 0.1 28.503043857863506 0.0390620231628418 68.58237218856812 0.5714285714285715 1.0
0 0.1 24.826541897430772 0.03933978080749512 68.62171196937561 0.5714285714285715 1.0
0 0.1 21.624258295306348 0.05170893669128418 68.6734209060669 0.7499999999999999 1.0
0 0.1 18.835025383479486 0.045259952545166016 68.71868085861206 0.7499999999999999 1.0
0 0.1 16.405565284674683 0.045162200927734375 68.7638430595398 0.7499999999999999 1.0
0 0.1 14.289472237493916 0.03907918930053711 68.80292224884033 0.7499999999999999 1.0
0 0.1 12.446326187665905 0.03886580467224121 68.84178805351257 0.7499999999999999 1.0
0 0.1 10.840920713874212 0.03851485252380371 68.88030290603638 0.7499999999999999 1.0
0 0.1 9.44259054057033 0.038847923278808594 68.91915082931519 0.7499999999999999 1.0
0 0.1 8.224625792416147 0.039263010025024414 68.95841383934021 0.7499999999999999 1.0
0 0.1 7.163761801874259 0.05125093460083008 69.00966477394104 0.888888888888889 1.0
0 0.1 6.239734724625884 0.0653541088104248 69.07501888275146 0.7272727272727272 1.0
0 0.1 5.43489447450858 0.0518190860748291 69.1268379688263 0.7272727272727272 1.0
0 0.1 4.733867584541418 0.05265498161315918 69.17949295043945 0.7272727272727272 1.0
0 0.1 4.123263554256632 0.10283493995666504 69.28232789039612 0.6153846153846154 1.0
0 0.1 3.591419074200402 0.08406615257263184 69.36639404296875 0.5333333333333333 1.0
0 0.1 3.128175241967003 0.2375340461730957 69.60392808914185 0.4210526315789473 1.0
0 0.1 2.7246835143108377 0.19952011108398438 69.80344820022583 0.38095238095238093 1.0
0 0.1 2.373236688776134 0.12931275367736816 69.9327609539032 0.38095238095238093 1.0
0 0.1 2.0671216863796724 0.4514319896697998 70.384192943573 0.3333333333333333 1.0
0 0.1 1.8004913233094775 0.4056971073150635 70.78989005088806 0.3076923076923077 1.0
0 0.1 1.5682526223167341 0.3930988311767578 71.18298888206482 0.2857142857142857 1.0
0 0.1 1.3659695304072161 0.49102282524108887 71.67401170730591 0.2962962962962963 1.0
0 0.1 1.1897781846170337 0.4211709499359131 72.09518265724182 0.26666666666666666 1.0
0 0.1 1.036313107341863 0.2845308780670166 72.37971353530884 0.26666666666666666 1.0
0 0.1 0.9026429214570189 0.8594837188720703 73.23919725418091 0.24242424242424243 1.0
0 0.1 0.786214357305898 0.723301887512207 73.96249914169312 0.2352941176470588 1.0
0 0.1 0.6848034820193963 0.5314319133758545 74.49393105506897 0.2222222222222222 1.0
0 0.1 0.5964732195846044 1.3242321014404297 75.8181631565094 0.21621621621621623 1.0
0 0.1 0.5195363502423698 3.4146358966827393 79.23279905319214 0.19999999999999998 1.0
0 0.1 0.4525232824553942 5.920118093490601 85.15291714668274 0.19512195121951217 1.0
0 0.1 0.3941539818506903 1.5929522514343262 86.74586939811707 0.19512195121951217 1.0
0 0.1 0.34331352094368267 1.3866822719573975 88.13255167007446 0.19047619047619047 1.0
0 0.1 0.2990307826127625 7.982324838638306 96.11487650871277 0.25 1.0
0 0.1 0.2604599105337001 0.9033761024475098 97.01825261116028 0.25 1.0
0 0.1 0.22686415225376097 0.7065901756286621 97.72484278678894 0.24390243902439027 1.0
0 0.1 0.19760178628779224 0.8433887958526611 98.5682315826416 0.24390243902439027 1.0
0 0.1 0.17211386442601356 0.6769688129425049 99.2452003955841 0.24390243902439027 1.0
0 0.1 0.14991353511608546 0.5603358745574951 99.8055362701416 0.24390243902439027 1.0
0 0.01 28.211963230963963 0.00638580322265625 99.81192207336426 0.33333333333333337 1.0
0 0.01 24.573006681497752 0.04487013816833496 99.85679221153259 0.5714285714285715 1.0
0 0.01 21.403425646968028 0.03828835487365723 99.89508056640625 0.5714285714285715 1.0
0 0.01 18.642677119777133 0.038320302963256836 99.9334008693695 0.5714285714285715 1.0
0 0.01 16.238027310431736 0.03960609436035156 99.97300696372986 0.5714285714285715 1.0
0 0.01 14.143544365449966 0.03853273391723633 100.0115396976471 0.5714285714285715 1.0
0 0.01 12.319221010851523 0.03838205337524414 100.04992175102234 0.5714285714285715 1.0
0 0.01 10.730210362611421 0.03233623504638672 100.08225798606873 0.5714285714285715 1.0
0 0.01 9.346160307090315 0.05094504356384277 100.13320302963257 0.7499999999999999 1.0
0 0.01 8.140633737265514 0.03886914253234863 100.17207217216492 0.7499999999999999 1.0
0 0.01 7.090603570541246 0.038426876068115234 100.21049904823303 0.7499999999999999 1.0
0 0.01 6.176012902339531 0.03828716278076172 100.2487862110138 0.7499999999999999 1.0
0 0.01 5.379391893848717 0.038442134857177734 100.28722834587097 0.7499999999999999 1.0
0 0.01 4.685524076001097 0.03832697868347168 100.32555532455444 0.7499999999999999 1.0
0 0.01 4.081155695663349 0.038530826568603516 100.36408615112305 0.7499999999999999 1.0
0 0.01 3.554742552184356 0.038558006286621094 100.40264415740967 0.7499999999999999 1.0
0 0.01 3.09622948855821 0.03846240043640137 100.44110655784607 0.7499999999999999 1.0
0 0.01 2.6968583252045994 0.05126786231994629 100.49237442016602 0.888888888888889 1.0
0 0.01 2.349000567658869 0.03228116035461426 100.52465558052063 0.888888888888889 1.0
0 0.01 2.046011692676912 0.05790996551513672 100.58256554603577 0.7272727272727272 1.0
0 0.01 1.7821042294352372 0.04524588584899902 100.62781143188477 0.7272727272727272 1.0
0 0.01 1.5522372115164986 0.0899362564086914 100.71774768829346 0.6666666666666666 1.0
0 0.01 1.3520198880735976 0.08373308181762695 100.80148077011108 0.5714285714285714 1.0
0 0.01 1.1776278549337647 0.11637616157531738 100.9178569316864 0.5000000000000001 1.0
0 0.01 1.0257300036406054 0.12862396240234375 101.04648089408875 0.47058823529411764 1.0
0 0.01 0.8934248930683893 0.13135480880737305 101.17783570289612 0.4444444444444444 1.0
0 0.01 0.7781853282259436 0.10394906997680664 101.28178477287292 0.4444444444444444 1.0
0 0.01 0.6778100876351608 0.16715383529663086 101.44893860816956 0.3478260869565218 1.0
0 0.01 0.590381877216004 0.12236785888671875 101.57130646705627 0.3478260869565218 1.0
0 0.01 0.5142307075440048 0.11658382415771484 101.68789029121399 0.3478260869565218 1.0
0 0.01 0.44790199493955546 0.22420406341552734 101.91209435462952 0.32000000000000006 1.0
0 0.01 0.39012877707943217 0.15353012084960938 102.06562447547913 0.32000000000000006 1.0
0 0.01 0.33980751241358653 0.149183988571167 102.2148084640503 0.32000000000000006 1.0
0 0.01 0.2959770011254507 0.14812994003295898 102.36293840408325 0.32000000000000006 1.0
0 0.01 0.2578000249994245 0.18579506874084473 102.5487334728241 0.2962962962962963 1.0
0 0.01 0.22454735549379537 0.17335081100463867 102.72208428382874 0.2857142857142857 1.0
0 0.01 0.19558382455304058 0.14154386520385742 102.86362814903259 0.2857142857142857 1.0
0 0.01 0.1703561920944177 0.5504310131072998 103.41405916213989 0.24242424242424243 1.0
0 0.01 0.14838257842248037 0.32628798484802246 103.74034714698792 0.24242424242424243 1.0
0 0.01 0.12924325971726744 0.300997257232666 104.04134440422058 0.24242424242424243 1.0
0 0.01 0.1125726507783501 0.30262303352355957 104.34396743774414 0.24242424242424243 1.0
0 0.01 0.09805232188500161 0.3698251247406006 104.71379256248474 0.2352941176470588 1.0
0 0.01 0.08540491638568569 0.24508976936340332 104.95888233184814 0.2352941176470588 1.0
0 0.01 0.07438885283512764 0.4875469207763672 105.44642925262451 0.2222222222222222 1.0
0 0.01 0.06479371048308594 0.4910542964935303 105.93748354911804 0.2105263157894737 1.0
0 0.01 0.056436209971818335 0.5314648151397705 106.46894836425781 0.20512820512820512 1.0
0 0.01 0.049156712468482675 0.34343886375427246 106.81238722801208 0.20512820512820512 1.0
0 0.01 0.0428161703614703 0.9077861309051514 107.72017335891724 0.19047619047619047 1.0
0 0.01 0.03729347127511503 0.5321431159973145 108.25231647491455 0.19047619047619047 1.0
0 0.01 0.032483124670098805 0.8236660957336426 109.0759825706482 0.18181818181818182 1.0
