[216.40736058 188.4937774  164.18066384 143.00360867 124.55810333
 108.49181534  94.49785828  82.30892987  71.69220614  62.44489425
  54.39035884  47.37474809  41.26405496  35.94155748  31.30558923
  27.26759733  23.75045104  20.68696841  18.01863304  15.69447636
  13.67010404  11.906848    10.37102782   9.03330739   7.86813455
   6.85325305   5.96927734   5.19932239   4.52868107   3.94454329
   3.43575127   2.99258645   2.60658382   2.27037024   1.9775236
   1.72245016   1.5002777    1.30676244   1.138208     0.99139477
   0.86351843   0.75213639   0.65512111   0.57061946   0.49701737
   0.43290895   0.37706963   0.32843281   0.28606948   0.24917044]0 1 312.2098259152708 0.0072650909423828125 0.0072650909423828125 0.0 1.0
0 1 271.93903789811014 0.007077932357788086 0.014343023300170898 0.0 1.0
0 1 236.8626295349813 0.007417201995849609 0.021760225296020508 0.33333333333333337 1.0
0 1 206.31059705097118 0.04812288284301758 0.06988310813903809 0.5714285714285715 1.0
0 1 179.69935797424765 0.04003500938415527 0.10991811752319336 0.5714285714285715 1.0
0 1 156.52060397255676 0.03276801109313965 0.142686128616333 0.5714285714285715 1.0
0 1 136.33159152101595 0.03417801856994629 0.1768641471862793 0.5714285714285715 1.0
0 1 118.74668494067365 0.04084420204162598 0.21770834922790527 0.7499999999999999 1.0
0 1 103.42999026917344 0.03364300727844238 0.25135135650634766 0.7499999999999999 1.0
0 1 90.08893926113359 0.03513002395629883 0.2864813804626465 0.7499999999999999 1.0
0 1 78.46870096453189 0.03333616256713867 0.31981754302978516 0.7499999999999999 1.0
0 1 68.34731412713553 0.0337374210357666 0.35355496406555176 0.7499999999999999 1.0
0 1 59.53144745577994 0.04007411003112793 0.3936290740966797 0.6666666666666665 1.0
0 1 51.85270674408604 0.03930377960205078 0.43293285369873047 0.7272727272727272 1.0
0 1 45.16441833008278 0.039572954177856445 0.4725058078765869 0.7272727272727272 1.0
0 1 39.33882744370648 0.04698300361633301 0.5194888114929199 0.6153846153846154 1.0
0 1 34.26465792907022 0.08406805992126465 0.6035568714141846 0.47058823529411764 1.0
0 1 29.84498672911064 0.0854179859161377 0.6889748573303223 0.3636363636363636 1.0
0 1 25.99539253258091 0.1096961498260498 0.7986710071563721 0.3076923076923077 1.0
0 1 22.642343220204207 0.3236410617828369 1.122312068939209 0.26666666666666666 1.0
0 1 19.721791308170232 0.36489295959472656 1.4872050285339355 0.27586206896551724 1.0
0 1 17.177950560167822 0.6458909511566162 2.1330959796905518 0.26666666666666666 1.0
0 1 14.962230399696251 0.543205976486206 2.676301956176758 0.24242424242424243 1.0
0 1 13.03230776858211 0.46178102493286133 3.138082981109619 0.2222222222222222 1.0
0 1 11.351318703025308 0.4390552043914795 3.5771381855010986 0.2222222222222222 1.0
0 1 9.887154185253786 0.3984391689300537 3.9755773544311523 0.21621621621621623 1.0
0 1 8.611846820663045 0.41608619689941406 4.391663551330566 0.20512820512820512 1.0
0 1 7.501036625197576 0.4632711410522461 4.8549346923828125 0.19999999999999998 1.0
0 1 6.53350571883761 0.3793060779571533 5.234240770339966 0.20512820512820512 1.0
0 1 5.69077303724795 0.4453749656677246 5.67961573600769 0.18604651162790697 1.0
0 1 4.956741320068812 0.37012791633605957 6.04974365234375 0.1777777777777778 1.0
0 1 4.317389632878279 0.45601987838745117 6.505763530731201 0.1702127659574468 1.0
0 1 3.7605055496069455 5.0038580894470215 11.509621620178223 0.1702127659574468 1.0
0 1 3.2754518797500736 0.984116792678833 12.493738412857056 0.1702127659574468 1.0
0 1 2.8529634845718124 0.2273731231689453 12.721111536026001 0.16666666666666666 1.0
0 1 2.4849703012340436 0.3553500175476074 13.076461553573608 0.163265306122449 1.0
0 1 2.1644431943866964 0.7169270515441895 13.793388605117798 0.163265306122449 1.0
0 1 1.8852596907900219 0.2949519157409668 14.088340520858765 0.163265306122449 1.0
0 1 1.6420870323301746 0.28072476387023926 14.369065284729004 0.163265306122449 1.0
0 1 1.4302803135927475 0.24852514266967773 14.617590427398682 0.163265306122449 1.0
0 1 1.2457937582930971 0.29030680656433105 14.907897233963013 0.163265306122449 1.0
0 1 1.0851034398309916 1.2602438926696777 16.16814112663269 0.1568627450980392 1.0
0 1 0.945139969834425 1.1260716915130615 17.294212818145752 0.1568627450980392 1.0
0 1 0.823229868958621 2.6845760345458984 19.97878885269165 0.1568627450980392 1.0
0 1 0.7170445000483404 0.7875137329101562 20.766302585601807 0.1481481481481481 1.0
0 1 0.624555588222246 11.273159980773926 32.03946256637573 0.15384615384615383 1.0
0 1 0.5439964782567033 1.6465590000152588 33.68602156639099 0.1481481481481481 1.0
0 1 0.4738283892360109 8.314864873886108 42.0008864402771 0.1509433962264151 1.0
0 1 0.4127110218901976 1.5813512802124023 43.5822377204895 0.14545454545454545 1.0
0 1 0.3594769571833539 1.993764877319336 45.57600259780884 0.1481481481481481 1.0
0 0.1 130.20161032759302 0.006690263748168945 45.58269286155701 0.0 1.0
0 0.1 113.40738729625762 0.007700920104980469 45.59039378166199 0.0 1.0
0 0.1 98.77938883400856 0.007295131683349609 45.59768891334534 0.0 1.0
0 0.1 86.03820166433057 0.006439924240112305 45.60412883758545 0.0 1.0
0 0.1 74.9404529934022 0.006455898284912109 45.61058473587036 0.0 1.0
0 0.1 65.27416178184274 0.006554841995239258 45.6171395778656 0.0 1.0
0 0.1 56.854689638682785 0.006443977355957031 45.62358355522156 0.0 1.0
0 0.1 49.52121399451067 0.0387880802154541 45.66237163543701 0.5714285714285715 1.0
0 0.1 43.13365618693992 0.0318150520324707 45.69418668746948 0.5714285714285715 1.0
0 0.1 37.570005780944214 0.02709197998046875 45.72127866744995 0.5714285714285715 1.0
0 0.1 32.7239900151928 0.026777982711791992 45.74805665016174 0.5714285714285715 1.0
0 0.1 28.503043857863506 0.027111053466796875 45.77516770362854 0.5714285714285715 1.0
0 0.1 24.826541897430772 0.04855823516845703 45.823725938797 0.5714285714285715 1.0
0 0.1 21.624258295306348 0.041346073150634766 45.86507201194763 0.7499999999999999 1.0
0 0.1 18.835025383479486 0.028077125549316406 45.89314913749695 0.7499999999999999 1.0
0 0.1 16.405565284674683 0.026137113571166992 45.919286251068115 0.7499999999999999 1.0
0 0.1 14.289472237493916 0.02608489990234375 45.94537115097046 0.7499999999999999 1.0
0 0.1 12.446326187665905 0.02661895751953125 45.97199010848999 0.7499999999999999 1.0
0 0.1 10.840920713874212 0.025312185287475586 45.997302293777466 0.7499999999999999 1.0
0 0.1 9.44259054057033 0.025313854217529297 46.022616147994995 0.7499999999999999 1.0
0 0.1 8.224625792416147 0.026462793350219727 46.049078941345215 0.7499999999999999 1.0
0 0.1 7.163761801874259 0.03868389129638672 46.0877628326416 0.888888888888889 1.0
0 0.1 6.239734724625884 0.04766106605529785 46.1354238986969 0.7272727272727272 1.0
0 0.1 5.43489447450858 0.03384280204772949 46.16926670074463 0.7272727272727272 1.0
0 0.1 4.733867584541418 0.03402304649353027 46.20328974723816 0.7272727272727272 1.0
0 0.1 4.123263554256632 0.07459306716918945 46.27788281440735 0.6153846153846154 1.0
0 0.1 3.591419074200402 0.06636881828308105 46.34425163269043 0.5333333333333333 1.0
0 0.1 3.128175241967003 0.17630791664123535 46.520559549331665 0.4210526315789473 1.0
0 0.1 2.7246835143108377 0.15723586082458496 46.67779541015625 0.38095238095238093 1.0
0 0.1 2.373236688776134 0.08391618728637695 46.76171159744263 0.38095238095238093 1.0
0 0.1 2.0671216863796724 0.3217899799346924 47.08350157737732 0.3333333333333333 1.0
0 0.1 1.8004913233094775 0.2927989959716797 47.376300573349 0.3076923076923077 1.0
0 0.1 1.5682526223167341 0.23899388313293457 47.615294456481934 0.2857142857142857 1.0
0 0.1 1.3659695304072161 0.4196360111236572 48.03493046760559 0.2962962962962963 1.0
0 0.1 1.1897781846170337 0.306488037109375 48.341418504714966 0.26666666666666666 1.0
0 0.1 1.036313107341863 0.17982888221740723 48.52124738693237 0.26666666666666666 1.0
0 0.1 0.9026429214570189 0.9142730236053467 49.43552041053772 0.24242424242424243 1.0
0 0.1 0.786214357305898 0.7211401462554932 50.15666055679321 0.2352941176470588 1.0
0 0.1 0.6848034820193963 0.49790120124816895 50.65456175804138 0.2222222222222222 1.0
0 0.1 0.5964732195846044 1.4496328830718994 52.10419464111328 0.21621621621621623 1.0
0 0.1 0.5195363502423698 3.9806010723114014 56.08479571342468 0.19999999999999998 1.0
0 0.1 0.4525232824553942 5.318620204925537 61.40341591835022 0.19512195121951217 1.0
0 0.1 0.3941539818506903 0.9279251098632812 62.3313410282135 0.19512195121951217 1.0
0 0.1 0.34331352094368267 0.9583570957183838 63.289698123931885 0.19047619047619047 1.0
0 0.1 0.2990307826127625 9.745363235473633 73.03506135940552 0.25 1.0
0 0.1 0.2604599105337001 0.5652401447296143 73.60030150413513 0.25 1.0
0 0.1 0.22686415225376097 0.2518448829650879 73.85214638710022 0.24390243902439027 1.0
0 0.1 0.19760178628779224 0.4743669033050537 74.32651329040527 0.24390243902439027 1.0
0 0.1 0.17211386442601356 0.32468295097351074 74.65119624137878 0.24390243902439027 1.0
0 0.1 0.14991353511608546 0.230072021484375 74.88126826286316 0.24390243902439027 1.0
0 0.01 28.211963230963963 0.007748126983642578 74.8890163898468 0.33333333333333337 1.0
0 0.01 24.573006681497752 0.04177093505859375 74.9307873249054 0.5714285714285715 1.0
0 0.01 21.403425646968028 0.03474783897399902 74.9655351638794 0.5714285714285715 1.0
0 0.01 18.642677119777133 0.03412294387817383 74.99965810775757 0.5714285714285715 1.0
0 0.01 16.238027310431736 0.035262107849121094 75.03492021560669 0.5714285714285715 1.0
0 0.01 14.143544365449966 0.034294843673706055 75.0692150592804 0.5714285714285715 1.0
0 0.01 12.319221010851523 0.03424882888793945 75.10346388816833 0.5714285714285715 1.0
0 0.01 10.730210362611421 0.03412508964538574 75.13758897781372 0.5714285714285715 1.0
0 0.01 9.346160307090315 0.05156898498535156 75.18915796279907 0.7499999999999999 1.0
0 0.01 8.140633737265514 0.03368401527404785 75.22284197807312 0.7499999999999999 1.0
0 0.01 7.090603570541246 0.03404378890991211 75.25688576698303 0.7499999999999999 1.0
0 0.01 6.176012902339531 0.03468894958496094 75.291574716568 0.7499999999999999 1.0
0 0.01 5.379391893848717 0.037081241607666016 75.32865595817566 0.7499999999999999 1.0
0 0.01 4.685524076001097 0.034768104553222656 75.36342406272888 0.7499999999999999 1.0
0 0.01 4.081155695663349 0.03391408920288086 75.39733815193176 0.7499999999999999 1.0
0 0.01 3.554742552184356 0.03436708450317383 75.43170523643494 0.7499999999999999 1.0
0 0.01 3.09622948855821 0.026027202606201172 75.45773243904114 0.7499999999999999 1.0
0 0.01 2.6968583252045994 0.05268502235412598 75.51041746139526 0.888888888888889 1.0
0 0.01 2.349000567658869 0.025625944137573242 75.53604340553284 0.888888888888889 1.0
0 0.01 2.046011692676912 0.06003403663635254 75.59607744216919 0.7272727272727272 1.0
0 0.01 1.7821042294352372 0.03411579132080078 75.63019323348999 0.7272727272727272 1.0
0 0.01 1.5522372115164986 0.07794785499572754 75.70814108848572 0.6666666666666666 1.0
0 0.01 1.3520198880735976 0.09189009666442871 75.80003118515015 0.5714285714285714 1.0
0 0.01 1.1776278549337647 0.12956881523132324 75.92960000038147 0.5000000000000001 1.0
0 0.01 1.0257300036406054 0.1277329921722412 76.05733299255371 0.47058823529411764 1.0
0 0.01 0.8934248930683893 0.13731789588928223 76.194650888443 0.4444444444444444 1.0
0 0.01 0.7781853282259436 0.09233498573303223 76.28698587417603 0.4444444444444444 1.0
0 0.01 0.6778100876351608 0.17731595039367676 76.4643018245697 0.3478260869565218 1.0
0 0.01 0.590381877216004 0.11092090606689453 76.5752227306366 0.3478260869565218 1.0
0 0.01 0.5142307075440048 0.11095404624938965 76.68617677688599 0.3478260869565218 1.0
0 0.01 0.44790199493955546 0.23905730247497559 76.92523407936096 0.32000000000000006 1.0
0 0.01 0.39012877707943217 0.13585996627807617 77.06109404563904 0.32000000000000006 1.0
0 0.01 0.33980751241358653 0.13922500610351562 77.20031905174255 0.32000000000000006 1.0
0 0.01 0.2959770011254507 0.11419486999511719 77.31451392173767 0.32000000000000006 1.0
0 0.01 0.2578000249994245 0.16426706314086914 77.47878098487854 0.2962962962962963 1.0
0 0.01 0.22454735549379537 0.1468191146850586 77.6256000995636 0.2857142857142857 1.0
0 0.01 0.19558382455304058 0.10815095901489258 77.73375105857849 0.2857142857142857 1.0
0 0.01 0.1703561920944177 0.4927229881286621 78.22647404670715 0.24242424242424243 1.0
0 0.01 0.14838257842248037 0.21541619300842285 78.44189023971558 0.24242424242424243 1.0
0 0.01 0.12924325971726744 0.1823439598083496 78.62423419952393 0.24242424242424243 1.0
0 0.01 0.1125726507783501 0.1647641658782959 78.78899836540222 0.24242424242424243 1.0
0 0.01 0.09805232188500161 0.28430700302124023 79.07330536842346 0.2352941176470588 1.0
0 0.01 0.08540491638568569 0.15591907501220703 79.22922444343567 0.2352941176470588 1.0
0 0.01 0.07438885283512764 0.4283452033996582 79.65756964683533 0.2222222222222222 1.0
0 0.01 0.06479371048308594 0.4046037197113037 80.06217336654663 0.2105263157894737 1.0
0 0.01 0.056436209971818335 0.4137279987335205 80.47590136528015 0.20512820512820512 1.0
0 0.01 0.049156712468482675 0.19343304634094238 80.6693344116211 0.20512820512820512 1.0
0 0.01 0.0428161703614703 0.7714531421661377 81.44078755378723 0.19047619047619047 1.0
0 0.01 0.03729347127511503 0.3002309799194336 81.74101853370667 0.19047619047619047 1.0
0 0.01 0.032483124670098805 0.6791520118713379 82.420170545578 0.18181818181818182 1.0
