[216.40736058 188.4937774  164.18066384 143.00360867 124.55810333
 108.49181534  94.49785828  82.30892987  71.69220614  62.44489425
  54.39035884  47.37474809  41.26405496  35.94155748  31.30558923
  27.26759733  23.75045104  20.68696841  18.01863304  15.69447636
  13.67010404  11.906848    10.37102782   9.03330739   7.86813455
   6.85325305   5.96927734   5.19932239   4.52868107   3.94454329
   3.43575127   2.99258645   2.60658382   2.27037024   1.9775236
   1.72245016   1.5002777    1.30676244   1.138208     0.99139477
   0.86351843   0.75213639   0.65512111   0.57061946   0.49701737
   0.43290895   0.37706963   0.32843281   0.28606948   0.24917044]0 1 312.2098259152708 0.009042978286743164 0.009042978286743164 0.0 1.0
0 1 271.93903789811014 0.009012937545776367 0.01805591583251953 0.0 1.0
0 1 236.8626295349813 0.010183095932006836 0.028239011764526367 0.33333333333333337 1.0
0 1 206.31059705097118 0.0743401050567627 0.10257911682128906 0.5714285714285715 1.0
0 1 179.69935797424765 0.06627488136291504 0.1688539981842041 0.5714285714285715 1.0
0 1 156.52060397255676 0.059783935546875 0.2286379337310791 0.5714285714285715 1.0
0 1 136.33159152101595 0.0588526725769043 0.2874906063079834 0.5714285714285715 1.0
0 1 118.74668494067365 0.07048392295837402 0.3579745292663574 0.7499999999999999 1.0
0 1 103.42999026917344 0.0734090805053711 0.4313836097717285 0.7499999999999999 1.0
0 1 90.08893926113359 0.06811332702636719 0.4994969367980957 0.7499999999999999 1.0
0 1 78.46870096453189 0.05852508544921875 0.5580220222473145 0.7499999999999999 1.0
0 1 68.34731412713553 0.058493852615356445 0.6165158748626709 0.7499999999999999 1.0
0 1 59.53144745577994 0.06895017623901367 0.6854660511016846 0.6666666666666665 1.0
0 1 51.85270674408604 0.07629203796386719 0.7617580890655518 0.7272727272727272 1.0
0 1 45.16441833008278 0.06847810745239258 0.8302361965179443 0.7272727272727272 1.0
0 1 39.33882744370648 0.0879831314086914 0.9182193279266357 0.6153846153846154 1.0
0 1 34.26465792907022 0.1541907787322998 1.0724101066589355 0.47058823529411764 1.0
0 1 29.84498672911064 0.15491294860839844 1.227323055267334 0.3636363636363636 1.0
0 1 25.99539253258091 0.20357799530029297 1.430901050567627 0.3076923076923077 1.0
0 1 22.642343220204207 0.6222259998321533 2.0531270503997803 0.26666666666666666 1.0
0 1 19.721791308170232 0.744053840637207 2.7971808910369873 0.27586206896551724 1.0
0 1 17.177950560167822 1.1024210453033447 3.899601936340332 0.26666666666666666 1.0
0 1 14.962230399696251 0.9818482398986816 4.881450176239014 0.24242424242424243 1.0
0 1 13.03230776858211 0.8055949211120605 5.687045097351074 0.2222222222222222 1.0
0 1 11.351318703025308 0.8203880786895752 6.507433176040649 0.2222222222222222 1.0
0 1 9.887154185253786 0.7294802665710449 7.236913442611694 0.21621621621621623 1.0
0 1 8.611846820663045 0.7107353210449219 7.947648763656616 0.20512820512820512 1.0
0 1 7.501036625197576 0.8658790588378906 8.813527822494507 0.19999999999999998 1.0
0 1 6.53350571883761 0.7051289081573486 9.518656730651855 0.20512820512820512 1.0
0 1 5.69077303724795 0.8697330951690674 10.388389825820923 0.18604651162790697 1.0
0 1 4.956741320068812 0.7761898040771484 11.164579629898071 0.1777777777777778 1.0
0 1 4.317389632878279 1.009793996810913 12.174373626708984 0.16666666666666666 1.0
0 1 3.7605055496069455 7.938523054122925 20.11289668083191 0.1702127659574468 1.0
0 1 3.2754518797500736 1.6539862155914307 21.76688289642334 0.1702127659574468 1.0
0 1 2.8529634845718124 0.9153158664703369 22.682198762893677 0.16666666666666666 1.0
0 1 2.4849703012340436 1.0561752319335938 23.73837399482727 0.163265306122449 1.0
0 1 2.1644431943866964 1.3730440139770508 25.11141800880432 0.163265306122449 1.0
0 1 1.8852596907900219 0.58207106590271 25.69348907470703 0.163265306122449 1.0
0 1 1.6420870323301746 0.57346510887146 26.26695418357849 0.163265306122449 1.0
0 1 1.4302803135927475 0.5381450653076172 26.80509924888611 0.163265306122449 1.0
0 1 1.2457937582930971 0.5284149646759033 27.33351421356201 0.163265306122449 1.0
0 1 1.0851034398309916 3.099494218826294 30.433008432388306 0.1568627450980392 1.0
0 1 0.945139969834425 2.771350145339966 33.20435857772827 0.1568627450980392 1.0
0 1 0.823229868958621 3.367952823638916 36.57231140136719 0.1568627450980392 1.0
0 1 0.7170445000483404 7.818995952606201 44.39130735397339 0.15384615384615383 1.0
0 1 0.624555588222246 5.167435884475708 49.5587432384491 0.1509433962264151 1.0
0 1 0.5439964782567033 3.3905248641967773 52.949268102645874 0.1509433962264151 1.0
0 1 0.4738283892360109 2.949367046356201 55.898635149002075 0.1509433962264151 1.0
0 1 0.4127110218901976 3.009474039077759 58.908109188079834 0.1481481481481481 1.0
0 1 0.3594769571833539 2.8867530822753906 61.794862270355225 0.1481481481481481 1.0
0 0.1 130.20161032759302 0.00640416145324707 61.80126643180847 0.0 1.0
0 0.1 113.40738729625762 0.006600856781005859 61.80786728858948 0.0 1.0
0 0.1 98.77938883400856 0.006761789321899414 61.81462907791138 0.0 1.0
0 0.1 86.03820166433057 0.006415843963623047 61.821044921875 0.0 1.0
0 0.1 74.9404529934022 0.006403207778930664 61.82744812965393 0.0 1.0
0 0.1 65.27416178184274 0.00677490234375 61.83422303199768 0.0 1.0
0 0.1 56.854689638682785 0.0067141056060791016 61.84093713760376 0.0 1.0
0 0.1 49.52121399451067 0.04556417465209961 61.88650131225586 0.5714285714285715 1.0
0 0.1 43.13365618693992 0.032318830490112305 61.91882014274597 0.5714285714285715 1.0
0 0.1 37.570005780944214 0.03234720230102539 61.951167345047 0.5714285714285715 1.0
0 0.1 32.7239900151928 0.032470703125 61.983638048172 0.5714285714285715 1.0
0 0.1 28.503043857863506 0.03249311447143555 62.01613116264343 0.5714285714285715 1.0
0 0.1 24.826541897430772 0.03255033493041992 62.04868149757385 0.5714285714285715 1.0
0 0.1 21.624258295306348 0.04548311233520508 62.09416460990906 0.7499999999999999 1.0
0 0.1 18.835025383479486 0.03928494453430176 62.13344955444336 0.7499999999999999 1.0
0 0.1 16.405565284674683 0.03259897232055664 62.166048526763916 0.7499999999999999 1.0
0 0.1 14.289472237493916 0.03283190727233887 62.198880434036255 0.7499999999999999 1.0
0 0.1 12.446326187665905 0.03229808807373047 62.231178522109985 0.7499999999999999 1.0
0 0.1 10.840920713874212 0.03257489204406738 62.26375341415405 0.7499999999999999 1.0
0 0.1 9.44259054057033 0.03243279457092285 62.296186208724976 0.7499999999999999 1.0
0 0.1 8.224625792416147 0.0327448844909668 62.32893109321594 0.7499999999999999 1.0
0 0.1 7.163761801874259 0.04524803161621094 62.37417912483215 0.888888888888889 1.0
0 0.1 6.239734724625884 0.05839371681213379 62.43257284164429 0.7272727272727272 1.0
0 0.1 5.43489447450858 0.0389859676361084 62.471558809280396 0.7272727272727272 1.0
0 0.1 4.733867584541418 0.03894495964050293 62.5105037689209 0.7272727272727272 1.0
0 0.1 4.123263554256632 0.08296012878417969 62.59346389770508 0.6153846153846154 1.0
0 0.1 3.591419074200402 0.07753324508666992 62.67099714279175 0.5333333333333333 1.0
0 0.1 3.128175241967003 0.20665788650512695 62.877655029296875 0.4210526315789473 1.0
0 0.1 2.7246835143108377 0.17439794540405273 63.05205297470093 0.38095238095238093 1.0
0 0.1 2.373236688776134 0.10832905769348145 63.16038203239441 0.38095238095238093 1.0
0 0.1 2.0671216863796724 0.37892723083496094 63.53930926322937 0.3333333333333333 1.0
0 0.1 1.8004913233094775 0.3459031581878662 63.885212421417236 0.3076923076923077 1.0
0 0.1 1.5682526223167341 0.3110518455505371 64.19626426696777 0.2857142857142857 1.0
0 0.1 1.3659695304072161 0.4526350498199463 64.64889931678772 0.2962962962962963 1.0
0 0.1 1.1897781846170337 0.3237030506134033 64.97260236740112 0.26666666666666666 1.0
0 0.1 1.036313107341863 0.22121810913085938 65.19382047653198 0.26666666666666666 1.0
0 0.1 0.9026429214570189 0.7493560314178467 65.94317650794983 0.24242424242424243 1.0
0 0.1 0.786214357305898 0.5756909847259521 66.51886749267578 0.2352941176470588 1.0
0 0.1 0.6848034820193963 0.3851277828216553 66.90399527549744 0.2222222222222222 1.0
0 0.1 0.5964732195846044 1.1540601253509521 68.05805540084839 0.21621621621621623 1.0
0 0.1 0.5195363502423698 2.7949681282043457 70.85302352905273 0.19999999999999998 1.0
0 0.1 0.4525232824553942 4.297788858413696 75.15081238746643 0.19512195121951217 1.0
0 0.1 0.3941539818506903 1.0904130935668945 76.24122548103333 0.19512195121951217 1.0
0 0.1 0.34331352094368267 1.013678789138794 77.25490427017212 0.19047619047619047 1.0
0 0.1 0.2990307826127625 7.583729267120361 84.83863353729248 0.25 1.0
0 0.1 0.2604599105337001 0.6603338718414307 85.49896740913391 0.25 1.0
0 0.1 0.22686415225376097 0.2942020893096924 85.7931694984436 0.24390243902439027 1.0
0 0.1 0.19760178628779224 0.6031568050384521 86.39632630348206 0.24390243902439027 1.0
0 0.1 0.17211386442601356 0.463803768157959 86.86013007164001 0.24390243902439027 1.0
0 0.1 0.14991353511608546 0.36470723152160645 87.22483730316162 0.24390243902439027 1.0
0 0.01 28.211963230963963 0.006417989730834961 87.23125529289246 0.33333333333333337 1.0
0 0.01 24.573006681497752 0.038736820220947266 87.2699921131134 0.5714285714285715 1.0
0 0.01 21.403425646968028 0.03241086006164551 87.30240297317505 0.5714285714285715 1.0
0 0.01 18.642677119777133 0.03212690353393555 87.33452987670898 0.5714285714285715 1.0
0 0.01 16.238027310431736 0.03220200538635254 87.36673188209534 0.5714285714285715 1.0
0 0.01 14.143544365449966 0.03218889236450195 87.39892077445984 0.5714285714285715 1.0
0 0.01 12.319221010851523 0.03206229209899902 87.43098306655884 0.5714285714285715 1.0
0 0.01 10.730210362611421 0.03207206726074219 87.46305513381958 0.5714285714285715 1.0
0 0.01 9.346160307090315 0.044593095779418945 87.507648229599 0.7499999999999999 1.0
0 0.01 8.140633737265514 0.0319821834564209 87.53963041305542 0.7499999999999999 1.0
0 0.01 7.090603570541246 0.03216886520385742 87.57179927825928 0.7499999999999999 1.0
0 0.01 6.176012902339531 0.032145023345947266 87.60394430160522 0.7499999999999999 1.0
0 0.01 5.379391893848717 0.03254508972167969 87.6364893913269 0.7499999999999999 1.0
0 0.01 4.685524076001097 0.03258800506591797 87.66907739639282 0.7499999999999999 1.0
0 0.01 4.081155695663349 0.032295942306518555 87.70137333869934 0.7499999999999999 1.0
0 0.01 3.554742552184356 0.032340049743652344 87.733713388443 0.7499999999999999 1.0
0 0.01 3.09622948855821 0.03228497505187988 87.76599836349487 0.7499999999999999 1.0
0 0.01 2.6968583252045994 0.04521799087524414 87.81121635437012 0.888888888888889 1.0
0 0.01 2.349000567658869 0.02611684799194336 87.83733320236206 0.888888888888889 1.0
0 0.01 2.046011692676912 0.05141901969909668 87.88875222206116 0.7272727272727272 1.0
0 0.01 1.7821042294352372 0.0388033390045166 87.92755556106567 0.7272727272727272 1.0
0 0.01 1.5522372115164986 0.07751011848449707 88.00506567955017 0.6666666666666666 1.0
0 0.01 1.3520198880735976 0.07123613357543945 88.07630181312561 0.5714285714285714 1.0
0 0.01 1.1776278549337647 0.10407304763793945 88.18037486076355 0.5000000000000001 1.0
0 0.01 1.0257300036406054 0.10985803604125977 88.29023289680481 0.47058823529411764 1.0
0 0.01 0.8934248930683893 0.11054301261901855 88.40077590942383 0.4444444444444444 1.0
0 0.01 0.7781853282259436 0.07909989356994629 88.47987580299377 0.4444444444444444 1.0
0 0.01 0.6778100876351608 0.14212918281555176 88.62200498580933 0.3478260869565218 1.0
0 0.01 0.590381877216004 0.09733104705810547 88.71933603286743 0.3478260869565218 1.0
0 0.01 0.5142307075440048 0.09099483489990234 88.81033086776733 0.3478260869565218 1.0
0 0.01 0.44790199493955546 0.19208288192749023 89.00241374969482 0.32000000000000006 1.0
0 0.01 0.39012877707943217 0.12266182899475098 89.12507557868958 0.32000000000000006 1.0
0 0.01 0.33980751241358653 0.11623716354370117 89.24131274223328 0.32000000000000006 1.0
0 0.01 0.2959770011254507 0.11658906936645508 89.35790181159973 0.32000000000000006 1.0
0 0.01 0.2578000249994245 0.15413355827331543 89.51203536987305 0.2962962962962963 1.0
0 0.01 0.22454735549379537 0.14179205894470215 89.65382742881775 0.2857142857142857 1.0
0 0.01 0.19558382455304058 0.10980677604675293 89.7636342048645 0.2857142857142857 1.0
0 0.01 0.1703561920944177 0.4506540298461914 90.2142882347107 0.24242424242424243 1.0
0 0.01 0.14838257842248037 0.2370753288269043 90.4513635635376 0.24242424242424243 1.0
0 0.01 0.12924325971726744 0.21805691719055176 90.66942048072815 0.24242424242424243 1.0
0 0.01 0.1125726507783501 0.1995391845703125 90.86895966529846 0.24242424242424243 1.0
0 0.01 0.09805232188500161 0.288344144821167 91.15730381011963 0.2352941176470588 1.0
0 0.01 0.08540491638568569 0.17111611366271973 91.32841992378235 0.2352941176470588 1.0
0 0.01 0.07438885283512764 0.4025881290435791 91.73100805282593 0.2222222222222222 1.0
0 0.01 0.06479371048308594 0.4268970489501953 92.15790510177612 0.2105263157894737 1.0
0 0.01 0.056436209971818335 0.42309093475341797 92.58099603652954 0.20512820512820512 1.0
0 0.01 0.049156712468482675 0.24472498893737793 92.82572102546692 0.20512820512820512 1.0
0 0.01 0.0428161703614703 0.7588520050048828 93.5845730304718 0.19047619047619047 1.0
0 0.01 0.03729347127511503 0.41661787033081055 94.00119090080261 0.19047619047619047 1.0
0 0.01 0.032483124670098805 0.6724331378936768 94.67362403869629 0.18181818181818182 1.0
