[216.40736058 188.4937774  164.18066384 143.00360867 124.55810333
 108.49181534  94.49785828  82.30892987  71.69220614  62.44489425
  54.39035884  47.37474809  41.26405496  35.94155748  31.30558923
  27.26759733  23.75045104  20.68696841  18.01863304  15.69447636
  13.67010404  11.906848    10.37102782   9.03330739   7.86813455
   6.85325305   5.96927734   5.19932239   4.52868107   3.94454329
   3.43575127   2.99258645   2.60658382   2.27037024   1.9775236
   1.72245016   1.5002777    1.30676244   1.138208     0.99139477
   0.86351843   0.75213639   0.65512111   0.57061946   0.49701737
   0.43290895   0.37706963   0.32843281   0.28606948   0.24917044]0 1 312.2098259152708 0.0005309581756591797 0.0005309581756591797 0.0 1.0
0 1 271.93903789811014 0.0005500316619873047 0.0010809898376464844 0.0 1.0
0 1 236.8626295349813 0.00545191764831543 0.006532907485961914 0.33333333333333337 1.0
0 1 206.31059705097118 0.025348901748657227 0.03188180923461914 0.5714285714285715 1.0
0 1 179.69935797424765 0.01685500144958496 0.0487368106842041 0.5714285714285715 1.0
0 1 156.52060397255676 0.01353001594543457 0.06226682662963867 0.5714285714285715 1.0
0 1 136.33159152101595 0.011741876602172852 0.07400870323181152 0.5714285714285715 1.0
0 1 118.74668494067365 0.01177978515625 0.08578848838806152 0.7499999999999999 1.0
0 1 103.42999026917344 0.011414051055908203 0.09720253944396973 0.7499999999999999 1.0
0 1 90.08893926113359 0.010483980178833008 0.10768651962280273 0.7499999999999999 1.0
0 1 78.46870096453189 0.010376930236816406 0.11806344985961914 0.7499999999999999 1.0
0 1 68.34731412713553 0.010133028030395508 0.12819647789001465 0.7499999999999999 1.0
0 1 59.53144745577994 0.014486074447631836 0.14268255233764648 0.6666666666666665 1.0
0 1 51.85270674408604 0.010568857192993164 0.15325140953063965 0.7272727272727272 1.0
0 1 45.16441833008278 0.011288166046142578 0.16453957557678223 0.7272727272727272 1.0
0 1 39.33882744370648 0.013911008834838867 0.1784505844116211 0.6153846153846154 1.0
0 1 34.26465792907022 0.0213620662689209 0.199812650680542 0.47058823529411764 1.0
0 1 29.84498672911064 0.03487420082092285 0.23468685150146484 0.3636363636363636 1.0
0 1 25.99539253258091 0.04182720184326172 0.27651405334472656 0.3076923076923077 1.0
0 1 22.642343220204207 0.11390972137451172 0.3904237747192383 0.26666666666666666 1.0
0 1 19.721791308170232 0.14275693893432617 0.5331807136535645 0.27586206896551724 1.0
0 1 17.177950560167822 0.20845913887023926 0.7416398525238037 0.26666666666666666 1.0
0 1 14.962230399696251 0.1827559471130371 0.9243957996368408 0.24242424242424243 1.0
0 1 13.03230776858211 0.15981292724609375 1.0842087268829346 0.2222222222222222 1.0
0 1 11.351318703025308 0.18974804878234863 1.2739567756652832 0.2222222222222222 1.0
0 1 9.887154185253786 0.15686297416687012 1.4308197498321533 0.21621621621621623 1.0
0 1 8.611846820663045 0.15450000762939453 1.5853197574615479 0.20512820512820512 1.0
0 1 7.501036625197576 0.1758730411529541 1.761192798614502 0.19999999999999998 1.0
0 1 6.53350571883761 0.1462571620941162 1.9074499607086182 0.20512820512820512 1.0
0 1 5.69077303724795 0.2000429630279541 2.1074929237365723 0.18604651162790697 1.0
0 1 4.956741320068812 0.170823335647583 2.2783162593841553 0.1777777777777778 1.0
0 1 4.317389632878279 0.21205997467041016 2.4903762340545654 0.16666666666666666 1.0
0 1 3.7605055496069455 1.9053728580474854 4.395749092102051 0.1702127659574468 1.0
0 1 3.2754518797500736 0.4365499019622803 4.832298994064331 0.1702127659574468 1.0
0 1 2.8529634845718124 0.24634504318237305 5.078644037246704 0.16666666666666666 1.0
0 1 2.4849703012340436 0.1904768943786621 5.269120931625366 0.163265306122449 1.0
0 1 2.1644431943866964 0.3496711254119873 5.6187920570373535 0.163265306122449 1.0
0 1 1.8852596907900219 0.1976621150970459 5.816454172134399 0.163265306122449 1.0
0 1 1.6420870323301746 0.17922401428222656 5.995678186416626 0.163265306122449 1.0
0 1 1.4302803135927475 0.16767215728759766 6.163350343704224 0.163265306122449 1.0
0 1 1.2457937582930971 0.15475797653198242 6.318108320236206 0.163265306122449 1.0
0 1 1.0851034398309916 0.7107877731323242 7.02889609336853 0.1568627450980392 1.0
0 1 0.945139969834425 0.6906898021697998 7.71958589553833 0.1568627450980392 1.0
0 1 0.823229868958621 0.905876874923706 8.625462770462036 0.1568627450980392 1.0
0 1 0.7170445000483404 1.5201330184936523 10.145595788955688 0.15384615384615383 1.0
0 1 0.624555588222246 1.6910429000854492 11.836638689041138 0.1509433962264151 1.0
0 1 0.5439964782567033 1.1627697944641113 12.999408483505249 0.1509433962264151 1.0
0 1 0.4738283892360109 1.0133287906646729 14.012737274169922 0.1509433962264151 1.0
0 1 0.4127110218901976 1.034433126449585 15.047170400619507 0.1481481481481481 1.0
0 1 0.3594769571833539 1.005082130432129 16.052252531051636 0.1481481481481481 1.0
0 0.1 130.20161032759302 0.0004901885986328125 16.05274271965027 0.0 1.0
0 0.1 113.40738729625762 0.00047898292541503906 16.053221702575684 0.0 1.0
0 0.1 98.77938883400856 0.0005099773406982422 16.053731679916382 0.0 1.0
0 0.1 86.03820166433057 0.0005087852478027344 16.054240465164185 0.0 1.0
0 0.1 74.9404529934022 0.0005657672882080078 16.054806232452393 0.0 1.0
0 0.1 65.27416178184274 0.0006170272827148438 16.055423259735107 0.0 1.0
0 0.1 56.854689638682785 0.0006000995635986328 16.056023359298706 0.0 1.0
0 0.1 49.52121399451067 0.01371908187866211 16.069742441177368 0.5714285714285715 1.0
0 0.1 43.13365618693992 0.009923696517944336 16.079666137695312 0.5714285714285715 1.0
0 0.1 37.570005780944214 0.009692192077636719 16.08935832977295 0.5714285714285715 1.0
0 0.1 32.7239900151928 0.00871133804321289 16.098069667816162 0.5714285714285715 1.0
0 0.1 28.503043857863506 0.008929014205932617 16.106998682022095 0.5714285714285715 1.0
0 0.1 24.826541897430772 0.008138895034790039 16.115137577056885 0.5714285714285715 1.0
0 0.1 21.624258295306348 0.007616996765136719 16.12275457382202 0.5714285714285715 1.0
0 0.1 18.835025383479486 0.010728120803833008 16.133482694625854 0.7499999999999999 1.0
0 0.1 16.405565284674683 0.008430957794189453 16.141913652420044 0.7499999999999999 1.0
0 0.1 14.289472237493916 0.008363008499145508 16.15027666091919 0.7499999999999999 1.0
0 0.1 12.446326187665905 0.007932901382446289 16.158209562301636 0.7499999999999999 1.0
0 0.1 10.840920713874212 0.0077877044677734375 16.16599726676941 0.7499999999999999 1.0
0 0.1 9.44259054057033 0.00799107551574707 16.173988342285156 0.7499999999999999 1.0
0 0.1 8.224625792416147 0.006454944610595703 16.180443286895752 0.7499999999999999 1.0
0 0.1 7.163761801874259 0.009117841720581055 16.189561128616333 0.7499999999999999 1.0
0 0.1 6.239734724625884 0.012248992919921875 16.201810121536255 0.7272727272727272 1.0
0 0.1 5.43489447450858 0.009233236312866211 16.21104335784912 0.7272727272727272 1.0
0 0.1 4.733867584541418 0.00824284553527832 16.2192862033844 0.7272727272727272 1.0
0 0.1 4.123263554256632 0.024932146072387695 16.244218349456787 0.6153846153846154 1.0
0 0.1 3.591419074200402 0.022034883499145508 16.266253232955933 0.5714285714285714 1.0
0 0.1 3.128175241967003 0.0456998348236084 16.31195306777954 0.4210526315789473 1.0
0 0.1 2.7246835143108377 0.023049116134643555 16.335002183914185 0.4210526315789473 1.0
0 0.1 2.373236688776134 0.037772178649902344 16.372774362564087 0.38095238095238093 1.0
0 0.1 2.0671216863796724 0.06479501724243164 16.43756937980652 0.3478260869565218 1.0
0 0.1 1.8004913233094775 0.14838290214538574 16.585952281951904 0.32000000000000006 1.0
0 0.1 1.5682526223167341 0.1762077808380127 16.762160062789917 0.2857142857142857 1.0
0 0.1 1.3659695304072161 0.12655186653137207 16.88871192932129 0.27586206896551724 1.0
0 0.1 1.1897781846170337 0.15496230125427246 17.04367423057556 0.25806451612903225 1.0
0 0.1 1.036313107341863 0.08105278015136719 17.12472701072693 0.25806451612903225 1.0
0 0.1 0.9026429214570189 0.10988783836364746 17.234614849090576 0.24242424242424243 1.0
0 0.1 0.786214357305898 0.13344717025756836 17.368062019348145 0.2352941176470588 1.0
0 0.1 0.6848034820193963 0.08333301544189453 17.45139503479004 0.2352941176470588 1.0
0 0.1 0.5964732195846044 0.3657569885253906 17.81715202331543 0.2285714285714286 1.0
0 0.1 0.5195363502423698 0.471163272857666 18.288315296173096 0.2222222222222222 1.0
0 0.1 0.4525232824553942 0.6104156970977783 18.898730993270874 0.20512820512820512 1.0
0 0.1 0.3941539818506903 0.8765609264373779 19.775291919708252 0.19999999999999998 1.0
0 0.1 0.34331352094368267 0.42263221740722656 20.19792413711548 0.19512195121951217 1.0
0 0.1 0.2990307826127625 0.3624999523162842 20.560424089431763 0.19047619047619047 1.0
0 0.1 0.2604599105337001 0.6414568424224854 21.201880931854248 0.18181818181818182 1.0
0 0.1 0.22686415225376097 0.37415003776550293 21.57603096961975 0.18181818181818182 1.0
0 0.1 0.19760178628779224 0.16785025596618652 21.743881225585938 0.18181818181818182 1.0
0 0.1 0.17211386442601356 0.11440324783325195 21.85828447341919 0.18181818181818182 1.0
0 0.1 0.14991353511608546 1.9474058151245117 23.8056902885437 0.1739130434782609 1.0
0 0.01 28.211963230963963 0.0005919933319091797 23.80628228187561 0.0 1.0
0 0.01 24.573006681497752 0.012000083923339844 23.81828236579895 0.5714285714285715 1.0
0 0.01 21.403425646968028 0.008463859558105469 23.826746225357056 0.5714285714285715 1.0
0 0.01 18.642677119777133 0.008538961410522461 23.835285186767578 0.5714285714285715 1.0
0 0.01 16.238027310431736 0.00800013542175293 23.84328532218933 0.5714285714285715 1.0
0 0.01 14.143544365449966 0.008021116256713867 23.851306438446045 0.5714285714285715 1.0
0 0.01 12.319221010851523 0.007169008255004883 23.85847544670105 0.5714285714285715 1.0
0 0.01 10.730210362611421 0.007052183151245117 23.865527629852295 0.5714285714285715 1.0
0 0.01 9.346160307090315 0.009987831115722656 23.875515460968018 0.7499999999999999 1.0
0 0.01 8.140633737265514 0.008045196533203125 23.88356065750122 0.7499999999999999 1.0
0 0.01 7.090603570541246 0.00745391845703125 23.891014575958252 0.7499999999999999 1.0
0 0.01 6.176012902339531 0.0072782039642333984 23.898292779922485 0.7499999999999999 1.0
0 0.01 5.379391893848717 0.007561922073364258 23.90585470199585 0.7499999999999999 1.0
0 0.01 4.685524076001097 0.00739598274230957 23.91325068473816 0.7499999999999999 1.0
0 0.01 4.081155695663349 0.006659984588623047 23.919910669326782 0.7499999999999999 1.0
0 0.01 3.554742552184356 0.0071370601654052734 23.927047729492188 0.7499999999999999 1.0
0 0.01 3.09622948855821 0.005307912826538086 23.932355642318726 0.7499999999999999 1.0
0 0.01 2.6968583252045994 0.005266904830932617 23.937622547149658 0.7499999999999999 1.0
0 0.01 2.349000567658869 0.007559299468994141 23.945181846618652 0.7499999999999999 1.0
0 0.01 2.046011692676912 0.011989831924438477 23.95717167854309 0.7272727272727272 1.0
0 0.01 1.7821042294352372 0.007555961608886719 23.964727640151978 0.7272727272727272 1.0
0 0.01 1.5522372115164986 0.00747370719909668 23.972201347351074 0.7272727272727272 1.0
0 0.01 1.3520198880735976 0.021079063415527344 23.9932804107666 0.6153846153846154 1.0
0 0.01 1.1776278549337647 0.01511693000793457 24.008397340774536 0.6153846153846154 1.0
0 0.01 1.0257300036406054 0.028513669967651367 24.036911010742188 0.4210526315789473 1.0
0 0.01 0.8934248930683893 0.016515731811523438 24.05342674255371 0.4210526315789473 1.0
0 0.01 0.7781853282259436 0.015484094619750977 24.068910837173462 0.4210526315789473 1.0
0 0.01 0.6778100876351608 0.015664100646972656 24.084574937820435 0.4210526315789473 1.0
0 0.01 0.590381877216004 0.03605079650878906 24.120625734329224 0.3636363636363636 1.0
0 0.01 0.5142307075440048 0.02891373634338379 24.149539470672607 0.3636363636363636 1.0
0 0.01 0.44790199493955546 0.05621671676635742 24.205756187438965 0.3076923076923077 1.0
0 0.01 0.39012877707943217 0.051885128021240234 24.257641315460205 0.2962962962962963 1.0
0 0.01 0.33980751241358653 0.052259206771850586 24.309900522232056 0.2857142857142857 1.0
0 0.01 0.2959770011254507 0.03327798843383789 24.343178510665894 0.2857142857142857 1.0
0 0.01 0.2578000249994245 0.03285670280456543 24.37603521347046 0.2857142857142857 1.0
0 0.01 0.22454735549379537 0.0620570182800293 24.43809223175049 0.25806451612903225 1.0
0 0.01 0.19558382455304058 0.04567599296569824 24.483768224716187 0.25806451612903225 1.0
0 0.01 0.1703561920944177 0.04460501670837402 24.52837324142456 0.25806451612903225 1.0
0 0.01 0.14838257842248037 0.04255819320678711 24.570931434631348 0.25806451612903225 1.0
0 0.01 0.12924325971726744 0.04250526428222656 24.613436698913574 0.25806451612903225 1.0
0 0.01 0.1125726507783501 0.04107475280761719 24.65451145172119 0.25806451612903225 1.0
0 0.01 0.09805232188500161 0.034358978271484375 24.688870429992676 0.25806451612903225 1.0
0 0.01 0.08540491638568569 0.21257376670837402 24.90144419670105 0.2105263157894737 1.0
0 0.01 0.07438885283512764 0.24724602699279785 25.148690223693848 0.21621621621621623 1.0
0 0.01 0.06479371048308594 0.09701895713806152 25.24570918083191 0.21621621621621623 1.0
0 0.01 0.056436209971818335 0.08671784400939941 25.33242702484131 0.21621621621621623 1.0
0 0.01 0.049156712468482675 0.13915610313415527 25.471583127975464 0.2105263157894737 1.0
0 0.01 0.0428161703614703 0.07554197311401367 25.547125101089478 0.2105263157894737 1.0
0 0.01 0.03729347127511503 0.14881515502929688 25.695940256118774 0.20512820512820512 1.0
0 0.01 0.032483124670098805 0.15680909156799316 25.852749347686768 0.19999999999999998 1.0
