[216.40736058 188.4937774  164.18066384 143.00360867 124.55810333
 108.49181534  94.49785828  82.30892987  71.69220614  62.44489425
  54.39035884  47.37474809  41.26405496  35.94155748  31.30558923
  27.26759733  23.75045104  20.68696841  18.01863304  15.69447636
  13.67010404  11.906848    10.37102782   9.03330739   7.86813455
   6.85325305   5.96927734   5.19932239   4.52868107   3.94454329
   3.43575127   2.99258645   2.60658382   2.27037024   1.9775236
   1.72245016   1.5002777    1.30676244   1.138208     0.99139477
   0.86351843   0.75213639   0.65512111   0.57061946   0.49701737
   0.43290895   0.37706963   0.32843281   0.28606948   0.24917044]0 1 312.2098259152708 0.000514984130859375 0.000514984130859375 0.0 1.0
0 1 271.93903789811014 0.0005521774291992188 0.0010671615600585938 0.0 1.0
0 1 236.8626295349813 0.006318092346191406 0.00738525390625 0.33333333333333337 1.0
0 1 206.31059705097118 0.02926182746887207 0.03664708137512207 0.5714285714285715 1.0
0 1 179.69935797424765 0.019016265869140625 0.055663347244262695 0.5714285714285715 1.0
0 1 156.52060397255676 0.015995025634765625 0.07165837287902832 0.5714285714285715 1.0
0 1 136.33159152101595 0.01433706283569336 0.08599543571472168 0.5714285714285715 1.0
0 1 118.74668494067365 0.013623952865600586 0.09961938858032227 0.7499999999999999 1.0
0 1 103.42999026917344 0.012941837310791016 0.11256122589111328 0.7499999999999999 1.0
0 1 90.08893926113359 0.012330055236816406 0.12489128112792969 0.7499999999999999 1.0
0 1 78.46870096453189 0.012169122695922852 0.13706040382385254 0.7499999999999999 1.0
0 1 68.34731412713553 0.011724710464477539 0.14878511428833008 0.7499999999999999 1.0
0 1 59.53144745577994 0.018013954162597656 0.16679906845092773 0.6666666666666665 1.0
0 1 51.85270674408604 0.012737035751342773 0.1795361042022705 0.7272727272727272 1.0
0 1 45.16441833008278 0.013026237487792969 0.19256234169006348 0.7272727272727272 1.0
0 1 39.33882744370648 0.01776289939880371 0.2103252410888672 0.6153846153846154 1.0
0 1 34.26465792907022 0.02763080596923828 0.23795604705810547 0.47058823529411764 1.0
0 1 29.84498672911064 0.04177403450012207 0.27973008155822754 0.3636363636363636 1.0
0 1 25.99539253258091 0.05246901512145996 0.3321990966796875 0.3076923076923077 1.0
0 1 22.642343220204207 0.1470789909362793 0.4792780876159668 0.26666666666666666 1.0
0 1 19.721791308170232 0.19023990631103516 0.669517993927002 0.27586206896551724 1.0
0 1 17.177950560167822 0.24715900421142578 0.9166769981384277 0.26666666666666666 1.0
0 1 14.962230399696251 0.22500896453857422 1.141685962677002 0.24242424242424243 1.0
0 1 13.03230776858211 0.19457292556762695 1.336258888244629 0.2222222222222222 1.0
0 1 11.351318703025308 0.23656392097473145 1.5728228092193604 0.2222222222222222 1.0
0 1 9.887154185253786 0.19365692138671875 1.766479730606079 0.21621621621621623 1.0
0 1 8.611846820663045 0.20305204391479492 1.969531774520874 0.20512820512820512 1.0
0 1 7.501036625197576 0.23357701301574707 2.203108787536621 0.19999999999999998 1.0
0 1 6.53350571883761 0.19311809539794922 2.3962268829345703 0.20512820512820512 1.0
0 1 5.69077303724795 0.2673819065093994 2.6636087894439697 0.18604651162790697 1.0
0 1 4.956741320068812 0.23292207717895508 2.896530866622925 0.1777777777777778 1.0
0 1 4.317389632878279 0.29747891426086426 3.194009780883789 0.16666666666666666 1.0
0 1 3.7605055496069455 2.2095000743865967 5.403509855270386 0.1702127659574468 1.0
0 1 3.2754518797500736 0.5233137607574463 5.926823616027832 0.1702127659574468 1.0
0 1 2.8529634845718124 0.3635549545288086 6.290378570556641 0.16666666666666666 1.0
0 1 2.4849703012340436 0.2985258102416992 6.58890438079834 0.163265306122449 1.0
0 1 2.1644431943866964 0.4401369094848633 7.029041290283203 0.163265306122449 1.0
0 1 1.8852596907900219 0.30238914489746094 7.331430435180664 0.163265306122449 1.0
0 1 1.6420870323301746 0.2806868553161621 7.612117290496826 0.163265306122449 1.0
0 1 1.4302803135927475 0.2557249069213867 7.867842197418213 0.163265306122449 1.0
0 1 1.2457937582930971 0.24242830276489258 8.110270500183105 0.163265306122449 1.0
0 1 1.0851034398309916 1.0321500301361084 9.142420530319214 0.1568627450980392 1.0
0 1 0.945139969834425 0.9817910194396973 10.124211549758911 0.1568627450980392 1.0
0 1 0.823229868958621 1.1295912265777588 11.25380277633667 0.1568627450980392 1.0
0 1 0.7170445000483404 1.9752349853515625 13.229037761688232 0.15384615384615383 1.0
0 1 0.624555588222246 2.3660531044006348 15.595090866088867 0.1509433962264151 1.0
0 1 0.5439964782567033 1.8347458839416504 17.429836750030518 0.1509433962264151 1.0
0 1 0.4738283892360109 1.652339220046997 19.082175970077515 0.1509433962264151 1.0
0 1 0.4127110218901976 1.65989089012146 20.742066860198975 0.1481481481481481 1.0
0 1 0.3594769571833539 1.6306939125061035 22.372760772705078 0.1481481481481481 1.0
0 0.1 130.20161032759302 0.0004868507385253906 22.373247623443604 0.0 1.0
0 0.1 113.40738729625762 0.0004749298095703125 22.373722553253174 0.0 1.0
0 0.1 98.77938883400856 0.0005099773406982422 22.374232530593872 0.0 1.0
0 0.1 86.03820166433057 0.0005080699920654297 22.374740600585938 0.0 1.0
0 0.1 74.9404529934022 0.0005431175231933594 22.37528371810913 0.0 1.0
0 0.1 65.27416178184274 0.0005581378936767578 22.375841856002808 0.0 1.0
0 0.1 56.854689638682785 0.0005929470062255859 22.376434803009033 0.0 1.0
0 0.1 49.52121399451067 0.016646862030029297 22.393081665039062 0.5714285714285715 1.0
0 0.1 43.13365618693992 0.012096166610717773 22.40517783164978 0.5714285714285715 1.0
0 0.1 37.570005780944214 0.011450052261352539 22.416627883911133 0.5714285714285715 1.0
0 0.1 32.7239900151928 0.011214971542358398 22.42784285545349 0.5714285714285715 1.0
0 0.1 28.503043857863506 0.010544061660766602 22.438386917114258 0.5714285714285715 1.0
0 0.1 24.826541897430772 0.009562253952026367 22.447949171066284 0.5714285714285715 1.0
0 0.1 21.624258295306348 0.009623050689697266 22.45757222175598 0.5714285714285715 1.0
0 0.1 18.835025383479486 0.012579917907714844 22.470152139663696 0.7499999999999999 1.0
0 0.1 16.405565284674683 0.010041236877441406 22.480193376541138 0.7499999999999999 1.0
0 0.1 14.289472237493916 0.010025978088378906 22.490219354629517 0.7499999999999999 1.0
0 0.1 12.446326187665905 0.010083198547363281 22.50030255317688 0.7499999999999999 1.0
0 0.1 10.840920713874212 0.009170055389404297 22.509472608566284 0.7499999999999999 1.0
0 0.1 9.44259054057033 0.009752750396728516 22.519225358963013 0.7499999999999999 1.0
0 0.1 8.224625792416147 0.008048295974731445 22.527273654937744 0.7499999999999999 1.0
0 0.1 7.163761801874259 0.011554956436157227 22.5388286113739 0.7499999999999999 1.0
0 0.1 6.239734724625884 0.014614105224609375 22.55344271659851 0.7272727272727272 1.0
0 0.1 5.43489447450858 0.011732101440429688 22.56517481803894 0.7272727272727272 1.0
0 0.1 4.733867584541418 0.009508848190307617 22.574683666229248 0.7272727272727272 1.0
0 0.1 4.123263554256632 0.030431032180786133 22.605114698410034 0.6153846153846154 1.0
0 0.1 3.591419074200402 0.027432918548583984 22.632547616958618 0.5714285714285714 1.0
0 0.1 3.128175241967003 0.05408787727355957 22.686635494232178 0.4210526315789473 1.0
0 0.1 2.7246835143108377 0.02995896339416504 22.716594457626343 0.4210526315789473 1.0
0 0.1 2.373236688776134 0.04523110389709473 22.761825561523438 0.38095238095238093 1.0
0 0.1 2.0671216863796724 0.08135986328125 22.843185424804688 0.3478260869565218 1.0
0 0.1 1.8004913233094775 0.16990303993225098 23.01308846473694 0.32000000000000006 1.0
0 0.1 1.5682526223167341 0.18894696235656738 23.202035427093506 0.2857142857142857 1.0
0 0.1 1.3659695304072161 0.15886402130126953 23.360899448394775 0.27586206896551724 1.0
0 0.1 1.1897781846170337 0.2078227996826172 23.568722248077393 0.25806451612903225 1.0
0 0.1 1.036313107341863 0.10529422760009766 23.67401647567749 0.25806451612903225 1.0
0 0.1 0.9026429214570189 0.14894676208496094 23.82296323776245 0.24242424242424243 1.0
0 0.1 0.786214357305898 0.1628279685974121 23.985791206359863 0.2352941176470588 1.0
0 0.1 0.6848034820193963 0.10518193244934082 24.090973138809204 0.2352941176470588 1.0
0 0.1 0.5964732195846044 0.4416348934173584 24.532608032226562 0.2285714285714286 1.0
0 0.1 0.5195363502423698 0.5990591049194336 25.131667137145996 0.2222222222222222 1.0
0 0.1 0.4525232824553942 0.6816048622131348 25.81327199935913 0.20512820512820512 1.0
0 0.1 0.3941539818506903 0.9683709144592285 26.78164291381836 0.19999999999999998 1.0
0 0.1 0.34331352094368267 0.5367250442504883 27.318367958068848 0.19512195121951217 1.0
0 0.1 0.2990307826127625 0.4140589237213135 27.73242688179016 0.19047619047619047 1.0
0 0.1 0.2604599105337001 1.3051118850708008 29.037538766860962 0.18181818181818182 1.0
0 0.1 0.22686415225376097 0.6069848537445068 29.64452362060547 0.18181818181818182 1.0
0 0.1 0.19760178628779224 0.3193988800048828 29.96392250061035 0.18181818181818182 1.0
0 0.1 0.17211386442601356 0.20238065719604492 30.166303157806396 0.18181818181818182 1.0
0 0.1 0.14991353511608546 2.7940070629119873 32.960310220718384 0.1739130434782609 1.0
0 0.01 28.211963230963963 0.0005917549133300781 32.960901975631714 0.0 1.0
0 0.01 24.573006681497752 0.013783931732177734 32.97468590736389 0.5714285714285715 1.0
0 0.01 21.403425646968028 0.009784936904907227 32.9844708442688 0.5714285714285715 1.0
0 0.01 18.642677119777133 0.009964942932128906 32.99443578720093 0.5714285714285715 1.0
0 0.01 16.238027310431736 0.009532928466796875 33.003968715667725 0.5714285714285715 1.0
0 0.01 14.143544365449966 0.009653091430664062 33.01362180709839 0.5714285714285715 1.0
0 0.01 12.319221010851523 0.009572982788085938 33.023194789886475 0.5714285714285715 1.0
0 0.01 10.730210362611421 0.008579015731811523 33.031773805618286 0.5714285714285715 1.0
0 0.01 9.346160307090315 0.012140989303588867 33.043914794921875 0.7499999999999999 1.0
0 0.01 8.140633737265514 0.009624719619750977 33.053539514541626 0.7499999999999999 1.0
0 0.01 7.090603570541246 0.009424686431884766 33.06296420097351 0.7499999999999999 1.0
0 0.01 6.176012902339531 0.00914907455444336 33.072113275527954 0.7499999999999999 1.0
0 0.01 5.379391893848717 0.00923013687133789 33.08134341239929 0.7499999999999999 1.0
0 0.01 4.685524076001097 0.009086132049560547 33.09042954444885 0.7499999999999999 1.0
0 0.01 4.081155695663349 0.00885915756225586 33.09928870201111 0.7499999999999999 1.0
0 0.01 3.554742552184356 0.008404970169067383 33.107693672180176 0.7499999999999999 1.0
0 0.01 3.09622948855821 0.007596015930175781 33.11528968811035 0.7499999999999999 1.0
0 0.01 2.6968583252045994 0.007085084915161133 33.12237477302551 0.7499999999999999 1.0
0 0.01 2.349000567658869 0.009784221649169922 33.13215899467468 0.7499999999999999 1.0
0 0.01 2.046011692676912 0.013427972793579102 33.14558696746826 0.7272727272727272 1.0
0 0.01 1.7821042294352372 0.009645938873291016 33.15523290634155 0.7272727272727272 1.0
0 0.01 1.5522372115164986 0.009738922119140625 33.16497182846069 0.7272727272727272 1.0
0 0.01 1.3520198880735976 0.024692296981811523 33.189664125442505 0.6153846153846154 1.0
0 0.01 1.1776278549337647 0.018110990524291992 33.2077751159668 0.6153846153846154 1.0
0 0.01 1.0257300036406054 0.03344607353210449 33.2412211894989 0.4210526315789473 1.0
0 0.01 0.8934248930683893 0.02108311653137207 33.26230430603027 0.4210526315789473 1.0
0 0.01 0.7781853282259436 0.0200958251953125 33.282400131225586 0.4210526315789473 1.0
0 0.01 0.6778100876351608 0.021661758422851562 33.30406188964844 0.4210526315789473 1.0
0 0.01 0.590381877216004 0.04306483268737793 33.347126722335815 0.3636363636363636 1.0
0 0.01 0.5142307075440048 0.03830313682556152 33.38542985916138 0.3636363636363636 1.0
0 0.01 0.44790199493955546 0.06954813003540039 33.45497798919678 0.3076923076923077 1.0
0 0.01 0.39012877707943217 0.062082767486572266 33.51706075668335 0.2962962962962963 1.0
0 0.01 0.33980751241358653 0.06071782112121582 33.577778577804565 0.2857142857142857 1.0
0 0.01 0.2959770011254507 0.044502973556518555 33.622281551361084 0.2857142857142857 1.0
0 0.01 0.2578000249994245 0.04704093933105469 33.66932249069214 0.2857142857142857 1.0
0 0.01 0.22454735549379537 0.07448291778564453 33.74380540847778 0.25806451612903225 1.0
0 0.01 0.19558382455304058 0.05861401557922363 33.80241942405701 0.25806451612903225 1.0
0 0.01 0.1703561920944177 0.056961774826049805 33.85938119888306 0.25806451612903225 1.0
0 0.01 0.14838257842248037 0.05525517463684082 33.9146363735199 0.25806451612903225 1.0
0 0.01 0.12924325971726744 0.0540471076965332 33.96868348121643 0.25806451612903225 1.0
0 0.01 0.1125726507783501 0.053122758865356445 34.02180624008179 0.25806451612903225 1.0
0 0.01 0.09805232188500161 0.04616594314575195 34.06797218322754 0.25806451612903225 1.0
0 0.01 0.08540491638568569 0.24958515167236328 34.3175573348999 0.2105263157894737 1.0
0 0.01 0.07438885283512764 0.2873659133911133 34.604923248291016 0.21621621621621623 1.0
0 0.01 0.06479371048308594 0.12843704223632812 34.733360290527344 0.21621621621621623 1.0
0 0.01 0.056436209971818335 0.12793874740600586 34.86129903793335 0.21621621621621623 1.0
0 0.01 0.049156712468482675 0.18834710121154785 35.0496461391449 0.2105263157894737 1.0
0 0.01 0.0428161703614703 0.11330890655517578 35.16295504570007 0.2105263157894737 1.0
0 0.01 0.03729347127511503 0.1945788860321045 35.35753393173218 0.20512820512820512 1.0
0 0.01 0.032483124670098805 0.20176291465759277 35.55929684638977 0.19999999999999998 1.0
