[216.40736058 188.4937774  164.18066384 143.00360867 124.55810333
 108.49181534  94.49785828  82.30892987  71.69220614  62.44489425
  54.39035884  47.37474809  41.26405496  35.94155748  31.30558923
  27.26759733  23.75045104  20.68696841  18.01863304  15.69447636
  13.67010404  11.906848    10.37102782   9.03330739   7.86813455
   6.85325305   5.96927734   5.19932239   4.52868107   3.94454329
   3.43575127   2.99258645   2.60658382   2.27037024   1.9775236
   1.72245016   1.5002777    1.30676244   1.138208     0.99139477
   0.86351843   0.75213639   0.65512111   0.57061946   0.49701737
   0.43290895   0.37706963   0.32843281   0.28606948   0.24917044]0 1 312.2098259152708 0.0005340576171875 0.0005340576171875 0.0 1.0
0 1 271.93903789811014 0.0005660057067871094 0.0011000633239746094 0.0 1.0
0 1 236.8626295349813 0.004787921905517578 0.0058879852294921875 0.33333333333333337 1.0
0 1 206.31059705097118 0.02213001251220703 0.02801799774169922 0.5714285714285715 1.0
0 1 179.69935797424765 0.013716936111450195 0.041734933853149414 0.5714285714285715 1.0
0 1 156.52060397255676 0.011500120162963867 0.05323505401611328 0.5714285714285715 1.0
0 1 136.33159152101595 0.010696887969970703 0.06393194198608398 0.5714285714285715 1.0
0 1 118.74668494067365 0.009752750396728516 0.0736846923828125 0.7499999999999999 1.0
0 1 103.42999026917344 0.009163856506347656 0.08284854888916016 0.7499999999999999 1.0
0 1 90.08893926113359 0.008607149124145508 0.09145569801330566 0.7499999999999999 1.0
0 1 78.46870096453189 0.008386850357055664 0.09984254837036133 0.7499999999999999 1.0
0 1 68.34731412713553 0.008517980575561523 0.10836052894592285 0.7499999999999999 1.0
0 1 59.53144745577994 0.012290000915527344 0.1206505298614502 0.6666666666666665 1.0
0 1 51.85270674408604 0.009063959121704102 0.1297144889831543 0.7272727272727272 1.0
0 1 45.16441833008278 0.009034156799316406 0.1387486457824707 0.7272727272727272 1.0
0 1 39.33882744370648 0.011580944061279297 0.15032958984375 0.6153846153846154 1.0
0 1 34.26465792907022 0.01605987548828125 0.16638946533203125 0.47058823529411764 1.0
0 1 29.84498672911064 0.02702808380126953 0.19341754913330078 0.3636363636363636 1.0
0 1 25.99539253258091 0.028485774993896484 0.22190332412719727 0.3076923076923077 1.0
0 1 22.642343220204207 0.07976984977722168 0.30167317390441895 0.26666666666666666 1.0
0 1 19.721791308170232 0.0990748405456543 0.40074801445007324 0.27586206896551724 1.0
0 1 17.177950560167822 0.15783405303955078 0.558582067489624 0.26666666666666666 1.0
0 1 14.962230399696251 0.13596677780151367 0.6945488452911377 0.24242424242424243 1.0
0 1 13.03230776858211 0.12088394165039062 0.8154327869415283 0.2222222222222222 1.0
0 1 11.351318703025308 0.1341390609741211 0.9495718479156494 0.2222222222222222 1.0
0 1 9.887154185253786 0.11352801322937012 1.0630998611450195 0.21621621621621623 1.0
0 1 8.611846820663045 0.11876606941223145 1.181865930557251 0.20512820512820512 1.0
0 1 7.501036625197576 0.12105131149291992 1.302917242050171 0.19999999999999998 1.0
0 1 6.53350571883761 0.10065007209777832 1.4035673141479492 0.20512820512820512 1.0
0 1 5.69077303724795 0.13106989860534668 1.534637212753296 0.18604651162790697 1.0
0 1 4.956741320068812 0.11067795753479004 1.645315170288086 0.1777777777777778 1.0
0 1 4.317389632878279 0.1347489356994629 1.7800641059875488 0.1702127659574468 1.0
0 1 3.7605055496069455 1.5859777927398682 3.366041898727417 0.1702127659574468 1.0
0 1 3.2754518797500736 0.34485411643981934 3.7108960151672363 0.1702127659574468 1.0
0 1 2.8529634845718124 0.1290590763092041 3.8399550914764404 0.16666666666666666 1.0
0 1 2.4849703012340436 0.08702707290649414 3.9269821643829346 0.163265306122449 1.0
0 1 2.1644431943866964 0.247236967086792 4.174219131469727 0.163265306122449 1.0
0 1 1.8852596907900219 0.10889697074890137 4.283116102218628 0.163265306122449 1.0
0 1 1.6420870323301746 0.09710001945495605 4.380216121673584 0.163265306122449 1.0
0 1 1.4302803135927475 0.08261990547180176 4.462836027145386 0.163265306122449 1.0
0 1 1.2457937582930971 0.08067202568054199 4.543508052825928 0.163265306122449 1.0
0 1 1.0851034398309916 0.4001002311706543 4.943608283996582 0.1568627450980392 1.0
0 1 0.945139969834425 0.3995990753173828 5.343207359313965 0.1568627450980392 1.0
0 1 0.823229868958621 0.7042419910430908 6.047449350357056 0.1568627450980392 1.0
0 1 0.7170445000483404 1.0466058254241943 7.09405517578125 0.1509433962264151 1.0
0 1 0.624555588222246 1.123227834701538 8.217283010482788 0.1509433962264151 1.0
0 1 0.5439964782567033 0.597898006439209 8.815181016921997 0.1509433962264151 1.0
0 1 0.4738283892360109 0.4814791679382324 9.29666018486023 0.1509433962264151 1.0
0 1 0.4127110218901976 0.4563331604003906 9.75299334526062 0.1481481481481481 1.0
0 1 0.3594769571833539 0.4511260986328125 10.204119443893433 0.1481481481481481 1.0
0 0.1 130.20161032759302 0.0005102157592773438 10.20462965965271 0.0 1.0
0 0.1 113.40738729625762 0.0005099773406982422 10.205139636993408 0.0 1.0
0 0.1 98.77938883400856 0.0005180835723876953 10.205657720565796 0.0 1.0
0 0.1 86.03820166433057 0.0005092620849609375 10.206166982650757 0.0 1.0
0 0.1 74.9404529934022 0.0005440711975097656 10.206711053848267 0.0 1.0
0 0.1 65.27416178184274 0.0005617141723632812 10.20727276802063 0.0 1.0
0 0.1 56.854689638682785 0.0006108283996582031 10.207883596420288 0.0 1.0
0 0.1 49.52121399451067 0.011670112609863281 10.219553709030151 0.5714285714285715 1.0
0 0.1 43.13365618693992 0.00837397575378418 10.227927684783936 0.5714285714285715 1.0
0 0.1 37.570005780944214 0.007901191711425781 10.235828876495361 0.5714285714285715 1.0
0 0.1 32.7239900151928 0.007341861724853516 10.243170738220215 0.5714285714285715 1.0
0 0.1 28.503043857863506 0.007230043411254883 10.25040078163147 0.5714285714285715 1.0
0 0.1 24.826541897430772 0.005949974060058594 10.256350755691528 0.5714285714285715 1.0
0 0.1 21.624258295306348 0.005651950836181641 10.26200270652771 0.5714285714285715 1.0
0 0.1 18.835025383479486 0.009187936782836914 10.271190643310547 0.7499999999999999 1.0
0 0.1 16.405565284674683 0.0068700313568115234 10.278060674667358 0.7499999999999999 1.0
0 0.1 14.289472237493916 0.006098031997680664 10.284158706665039 0.7499999999999999 1.0
0 0.1 12.446326187665905 0.006166219711303711 10.290324926376343 0.7499999999999999 1.0
0 0.1 10.840920713874212 0.006306886672973633 10.296631813049316 0.7499999999999999 1.0
0 0.1 9.44259054057033 0.006371021270751953 10.303002834320068 0.7499999999999999 1.0
0 0.1 8.224625792416147 0.0047740936279296875 10.307776927947998 0.7499999999999999 1.0
0 0.1 7.163761801874259 0.0062978267669677734 10.314074754714966 0.7499999999999999 1.0
0 0.1 6.239734724625884 0.009396076202392578 10.323470830917358 0.7272727272727272 1.0
0 0.1 5.43489447450858 0.007261991500854492 10.330732822418213 0.7272727272727272 1.0
0 0.1 4.733867584541418 0.006078958511352539 10.336811780929565 0.7272727272727272 1.0
0 0.1 4.123263554256632 0.018690109252929688 10.355501890182495 0.6153846153846154 1.0
0 0.1 3.591419074200402 0.01653003692626953 10.372031927108765 0.5714285714285714 1.0
0 0.1 3.128175241967003 0.03677701950073242 10.408808946609497 0.4210526315789473 1.0
0 0.1 2.7246835143108377 0.015106201171875 10.423915147781372 0.4210526315789473 1.0
0 0.1 2.373236688776134 0.031018972396850586 10.454934120178223 0.38095238095238093 1.0
0 0.1 2.0671216863796724 0.04957270622253418 10.504506826400757 0.3478260869565218 1.0
0 0.1 1.8004913233094775 0.12102603912353516 10.625532865524292 0.32000000000000006 1.0
0 0.1 1.5682526223167341 0.17761826515197754 10.80315113067627 0.2857142857142857 1.0
0 0.1 1.3659695304072161 0.09825277328491211 10.901403903961182 0.27586206896551724 1.0
0 0.1 1.1897781846170337 0.10578799247741699 11.007191896438599 0.25806451612903225 1.0
0 0.1 1.036313107341863 0.05944991111755371 11.066641807556152 0.25806451612903225 1.0
0 0.1 0.9026429214570189 0.07631397247314453 11.142955780029297 0.24242424242424243 1.0
0 0.1 0.786214357305898 0.10489392280578613 11.247849702835083 0.2352941176470588 1.0
0 0.1 0.6848034820193963 0.05712699890136719 11.30497670173645 0.2352941176470588 1.0
0 0.1 0.5964732195846044 0.2885401248931885 11.593516826629639 0.2285714285714286 1.0
0 0.1 0.5195363502423698 0.3543248176574707 11.94784164428711 0.2222222222222222 1.0
0 0.1 0.4525232824553942 0.5534451007843018 12.501286745071411 0.20512820512820512 1.0
0 0.1 0.3941539818506903 0.8128671646118164 13.314153909683228 0.19999999999999998 1.0
0 0.1 0.34331352094368267 0.2656381130218506 13.579792022705078 0.19512195121951217 1.0
0 0.1 0.2990307826127625 0.3117401599884033 13.891532182693481 0.19047619047619047 1.0
0 0.1 0.2604599105337001 0.35799503326416016 14.249527215957642 0.18604651162790697 1.0
0 0.1 0.22686415225376097 0.15470385551452637 14.404231071472168 0.18181818181818182 1.0
0 0.1 0.19760178628779224 0.07857108116149902 14.482802152633667 0.18181818181818182 1.0
0 0.1 0.17211386442601356 0.05403399467468262 14.53683614730835 0.18181818181818182 1.0
0 0.1 0.14991353511608546 1.0495388507843018 15.586374998092651 0.1739130434782609 1.0
0 0.01 28.211963230963963 0.0006248950958251953 15.586999893188477 0.0 1.0
0 0.01 24.573006681497752 0.009982824325561523 15.596982717514038 0.5714285714285715 1.0
0 0.01 21.403425646968028 0.006854057312011719 15.60383677482605 0.5714285714285715 1.0
0 0.01 18.642677119777133 0.006226778030395508 15.610063552856445 0.5714285714285715 1.0
0 0.01 16.238027310431736 0.006318092346191406 15.616381645202637 0.5714285714285715 1.0
0 0.01 14.143544365449966 0.006369829177856445 15.622751474380493 0.5714285714285715 1.0
0 0.01 12.319221010851523 0.005807161331176758 15.62855863571167 0.5714285714285715 1.0
0 0.01 10.730210362611421 0.005445957183837891 15.634004592895508 0.5714285714285715 1.0
0 0.01 9.346160307090315 0.007852792739868164 15.641857385635376 0.7499999999999999 1.0
0 0.01 8.140633737265514 0.005652904510498047 15.647510290145874 0.7499999999999999 1.0
0 0.01 7.090603570541246 0.005764007568359375 15.653274297714233 0.7499999999999999 1.0
0 0.01 6.176012902339531 0.0057489871978759766 15.65902328491211 0.7499999999999999 1.0
0 0.01 5.379391893848717 0.005803823471069336 15.664827108383179 0.7499999999999999 1.0
0 0.01 4.685524076001097 0.005184173583984375 15.670011281967163 0.7499999999999999 1.0
0 0.01 4.081155695663349 0.005469322204589844 15.675480604171753 0.7499999999999999 1.0
0 0.01 3.554742552184356 0.005368947982788086 15.680849552154541 0.7499999999999999 1.0
0 0.01 3.09622948855821 0.0036878585815429688 15.684537410736084 0.7499999999999999 1.0
0 0.01 2.6968583252045994 0.0037491321563720703 15.688286542892456 0.7499999999999999 1.0
0 0.01 2.349000567658869 0.005095243453979492 15.693381786346436 0.7499999999999999 1.0
0 0.01 2.046011692676912 0.009163141250610352 15.702544927597046 0.7272727272727272 1.0
0 0.01 1.7821042294352372 0.005319118499755859 15.707864046096802 0.7272727272727272 1.0
0 0.01 1.5522372115164986 0.0054378509521484375 15.71330189704895 0.7272727272727272 1.0
0 0.01 1.3520198880735976 0.0169069766998291 15.73020887374878 0.6153846153846154 1.0
0 0.01 1.1776278549337647 0.01071476936340332 15.740923643112183 0.6153846153846154 1.0
0 0.01 1.0257300036406054 0.024198293685913086 15.765121936798096 0.4210526315789473 1.0
0 0.01 0.8934248930683893 0.011425971984863281 15.776547908782959 0.4210526315789473 1.0
0 0.01 0.7781853282259436 0.010324954986572266 15.786872863769531 0.4210526315789473 1.0
0 0.01 0.6778100876351608 0.011394023895263672 15.798266887664795 0.4210526315789473 1.0
0 0.01 0.590381877216004 0.027328014373779297 15.825594902038574 0.3636363636363636 1.0
0 0.01 0.5142307075440048 0.01948380470275879 15.845078706741333 0.3636363636363636 1.0
0 0.01 0.44790199493955546 0.04225564002990723 15.88733434677124 0.3076923076923077 1.0
0 0.01 0.39012877707943217 0.03829622268676758 15.925630569458008 0.2962962962962963 1.0
0 0.01 0.33980751241358653 0.04249215126037598 15.968122720718384 0.2857142857142857 1.0
0 0.01 0.2959770011254507 0.02325892448425293 15.991381645202637 0.2857142857142857 1.0
0 0.01 0.2578000249994245 0.022784948348999023 16.014166593551636 0.2857142857142857 1.0
0 0.01 0.22454735549379537 0.047628164291381836 16.061794757843018 0.25806451612903225 1.0
0 0.01 0.19558382455304058 0.03133869171142578 16.093133449554443 0.25806451612903225 1.0
0 0.01 0.1703561920944177 0.03042912483215332 16.123562574386597 0.25806451612903225 1.0
0 0.01 0.14838257842248037 0.0292818546295166 16.152844429016113 0.25806451612903225 1.0
0 0.01 0.12924325971726744 0.028972148895263672 16.181816577911377 0.25806451612903225 1.0
0 0.01 0.1125726507783501 0.028334856033325195 16.210151433944702 0.25806451612903225 1.0
0 0.01 0.09805232188500161 0.023162126541137695 16.23331356048584 0.25806451612903225 1.0
0 0.01 0.08540491638568569 0.1828150749206543 16.416128635406494 0.2105263157894737 1.0
0 0.01 0.07438885283512764 0.20535707473754883 16.621485710144043 0.21621621621621623 1.0
0 0.01 0.06479371048308594 0.0532231330871582 16.6747088432312 0.21621621621621623 1.0
0 0.01 0.056436209971818335 0.05079388618469238 16.725502729415894 0.21621621621621623 1.0
0 0.01 0.049156712468482675 0.1034858226776123 16.828988552093506 0.2105263157894737 1.0
0 0.01 0.0428161703614703 0.03326916694641113 16.862257719039917 0.2105263157894737 1.0
0 0.01 0.03729347127511503 0.10447812080383301 16.96673583984375 0.20512820512820512 1.0
0 0.01 0.032483124670098805 0.11034607887268066 17.07708191871643 0.19999999999999998 1.0
