[216.40736058 188.4937774  164.18066384 143.00360867 124.55810333
 108.49181534  94.49785828  82.30892987  71.69220614  62.44489425
  54.39035884  47.37474809  41.26405496  35.94155748  31.30558923
  27.26759733  23.75045104  20.68696841  18.01863304  15.69447636
  13.67010404  11.906848    10.37102782   9.03330739   7.86813455
   6.85325305   5.96927734   5.19932239   4.52868107   3.94454329
   3.43575127   2.99258645   2.60658382   2.27037024   1.9775236
   1.72245016   1.5002777    1.30676244   1.138208     0.99139477
   0.86351843   0.75213639   0.65512111   0.57061946   0.49701737
   0.43290895   0.37706963   0.32843281   0.28606948   0.24917044]0 1 312.2098259152708 0.0004999637603759766 0.0004999637603759766 0.0 1.0
0 1 271.93903789811014 0.0005257129669189453 0.0010256767272949219 0.0 1.0
0 1 236.8626295349813 0.005177974700927734 0.006203651428222656 0.33333333333333337 1.0
0 1 206.31059705097118 0.025387048721313477 0.03159070014953613 0.5714285714285715 1.0
0 1 179.69935797424765 0.01611018180847168 0.04770088195800781 0.5714285714285715 1.0
0 1 156.52060397255676 0.013025045394897461 0.06072592735290527 0.5714285714285715 1.0
0 1 136.33159152101595 0.011458873748779297 0.07218480110168457 0.5714285714285715 1.0
0 1 118.74668494067365 0.011316061019897461 0.08350086212158203 0.7499999999999999 1.0
0 1 103.42999026917344 0.010802984237670898 0.09430384635925293 0.7499999999999999 1.0
0 1 90.08893926113359 0.010564804077148438 0.10486865043640137 0.7499999999999999 1.0
0 1 78.46870096453189 0.009946107864379883 0.11481475830078125 0.7499999999999999 1.0
0 1 68.34731412713553 0.009464025497436523 0.12427878379821777 0.7499999999999999 1.0
0 1 59.53144745577994 0.01438593864440918 0.13866472244262695 0.6666666666666665 1.0
0 1 51.85270674408604 0.010413169860839844 0.1490778923034668 0.7272727272727272 1.0
0 1 45.16441833008278 0.010812044143676758 0.15988993644714355 0.7272727272727272 1.0
0 1 39.33882744370648 0.013703107833862305 0.17359304428100586 0.6153846153846154 1.0
0 1 34.26465792907022 0.02098393440246582 0.19457697868347168 0.47058823529411764 1.0
0 1 29.84498672911064 0.03362607955932617 0.22820305824279785 0.3636363636363636 1.0
0 1 25.99539253258091 0.04053807258605957 0.2687411308288574 0.3076923076923077 1.0
0 1 22.642343220204207 0.11292409896850586 0.3816652297973633 0.26666666666666666 1.0
0 1 19.721791308170232 0.14018011093139648 0.5218453407287598 0.27586206896551724 1.0
0 1 17.177950560167822 0.205596923828125 0.7274422645568848 0.26666666666666666 1.0
0 1 14.962230399696251 0.17860007286071777 0.9060423374176025 0.24242424242424243 1.0
0 1 13.03230776858211 0.15776300430297852 1.063805341720581 0.2222222222222222 1.0
0 1 11.351318703025308 0.18677496910095215 1.2505803108215332 0.2222222222222222 1.0
0 1 9.887154185253786 0.15590810775756836 1.4064884185791016 0.21621621621621623 1.0
0 1 8.611846820663045 0.15318822860717773 1.5596766471862793 0.20512820512820512 1.0
0 1 7.501036625197576 0.17251038551330566 1.732187032699585 0.19999999999999998 1.0
0 1 6.53350571883761 0.1431119441986084 1.8752989768981934 0.20512820512820512 1.0
0 1 5.69077303724795 0.1969900131225586 2.072288990020752 0.18604651162790697 1.0
0 1 4.956741320068812 0.16644597053527832 2.2387349605560303 0.1777777777777778 1.0
0 1 4.317389632878279 0.20714592933654785 2.445880889892578 0.16666666666666666 1.0
0 1 3.7605055496069455 1.8656971454620361 4.311578035354614 0.1702127659574468 1.0
0 1 3.2754518797500736 0.43042874336242676 4.742006778717041 0.1702127659574468 1.0
0 1 2.8529634845718124 0.24014520645141602 4.982151985168457 0.16666666666666666 1.0
0 1 2.4849703012340436 0.18242263793945312 5.16457462310791 0.163265306122449 1.0
0 1 2.1644431943866964 0.341325044631958 5.505899667739868 0.163265306122449 1.0
0 1 1.8852596907900219 0.19410324096679688 5.700002908706665 0.163265306122449 1.0
0 1 1.6420870323301746 0.17898201942443848 5.8789849281311035 0.163265306122449 1.0
0 1 1.4302803135927475 0.16431212425231934 6.043297052383423 0.163265306122449 1.0
0 1 1.2457937582930971 0.15332722663879395 6.196624279022217 0.163265306122449 1.0
0 1 1.0851034398309916 0.7032890319824219 6.899913311004639 0.1568627450980392 1.0
0 1 0.945139969834425 0.6755139827728271 7.575427293777466 0.1568627450980392 1.0
0 1 0.823229868958621 0.891308069229126 8.466735363006592 0.1568627450980392 1.0
0 1 0.7170445000483404 1.4966330528259277 9.96336841583252 0.15384615384615383 1.0
0 1 0.624555588222246 1.6698839664459229 11.633252382278442 0.1509433962264151 1.0
0 1 0.5439964782567033 1.1533539295196533 12.786606311798096 0.1509433962264151 1.0
0 1 0.4738283892360109 1.0045700073242188 13.791176319122314 0.1509433962264151 1.0
0 1 0.4127110218901976 1.024155855178833 14.815332174301147 0.1481481481481481 1.0
0 1 0.3594769571833539 0.9965240955352783 15.811856269836426 0.1481481481481481 1.0
0 0.1 130.20161032759302 0.0004851818084716797 15.812341451644897 0.0 1.0
0 0.1 113.40738729625762 0.00047087669372558594 15.812812328338623 0.0 1.0
0 0.1 98.77938883400856 0.0005080699920654297 15.813320398330688 0.0 1.0
0 0.1 86.03820166433057 0.0005049705505371094 15.813825368881226 0.0 1.0
0 0.1 74.9404529934022 0.0005331039428710938 15.814358472824097 0.0 1.0
0 0.1 65.27416178184274 0.0006299018859863281 15.814988374710083 0.0 1.0
0 0.1 56.854689638682785 0.0006201267242431641 15.815608501434326 0.0 1.0
0 0.1 49.52121399451067 0.013756275177001953 15.829364776611328 0.5714285714285715 1.0
0 0.1 43.13365618693992 0.010056018829345703 15.839420795440674 0.5714285714285715 1.0
0 0.1 37.570005780944214 0.009533882141113281 15.848954677581787 0.5714285714285715 1.0
0 0.1 32.7239900151928 0.008907079696655273 15.857861757278442 0.5714285714285715 1.0
0 0.1 28.503043857863506 0.009131908416748047 15.86699366569519 0.5714285714285715 1.0
0 0.1 24.826541897430772 0.007664918899536133 15.874658584594727 0.5714285714285715 1.0
0 0.1 21.624258295306348 0.0075418949127197266 15.882200479507446 0.5714285714285715 1.0
0 0.1 18.835025383479486 0.010312795639038086 15.892513275146484 0.7499999999999999 1.0
0 0.1 16.405565284674683 0.008641719818115234 15.9011549949646 0.7499999999999999 1.0
0 0.1 14.289472237493916 0.008333206176757812 15.909488201141357 0.7499999999999999 1.0
0 0.1 12.446326187665905 0.008029937744140625 15.917518138885498 0.7499999999999999 1.0
0 0.1 10.840920713874212 0.007760047912597656 15.925278186798096 0.7499999999999999 1.0
0 0.1 9.44259054057033 0.007857799530029297 15.933135986328125 0.7499999999999999 1.0
0 0.1 8.224625792416147 0.006428956985473633 15.939564943313599 0.7499999999999999 1.0
0 0.1 7.163761801874259 0.00894618034362793 15.948511123657227 0.7499999999999999 1.0
0 0.1 6.239734724625884 0.01194000244140625 15.960451126098633 0.7272727272727272 1.0
0 0.1 5.43489447450858 0.009387016296386719 15.96983814239502 0.7272727272727272 1.0
0 0.1 4.733867584541418 0.008095979690551758 15.977934122085571 0.7272727272727272 1.0
0 0.1 4.123263554256632 0.02494192123413086 16.002876043319702 0.6153846153846154 1.0
0 0.1 3.591419074200402 0.021480798721313477 16.024356842041016 0.5714285714285714 1.0
0 0.1 3.128175241967003 0.04489016532897949 16.069247007369995 0.4210526315789473 1.0
0 0.1 2.7246835143108377 0.022380828857421875 16.091627836227417 0.4210526315789473 1.0
0 0.1 2.373236688776134 0.03706002235412598 16.128687858581543 0.38095238095238093 1.0
0 0.1 2.0671216863796724 0.06334400177001953 16.192031860351562 0.3478260869565218 1.0
0 0.1 1.8004913233094775 0.1470799446105957 16.339111804962158 0.32000000000000006 1.0
0 0.1 1.5682526223167341 0.1736149787902832 16.51272678375244 0.2857142857142857 1.0
0 0.1 1.3659695304072161 0.1258561611175537 16.638582944869995 0.27586206896551724 1.0
0 0.1 1.1897781846170337 0.15339183807373047 16.791974782943726 0.25806451612903225 1.0
0 0.1 1.036313107341863 0.08011603355407715 16.872090816497803 0.25806451612903225 1.0
0 0.1 0.9026429214570189 0.10816717147827148 16.980257987976074 0.24242424242424243 1.0
0 0.1 0.786214357305898 0.13665294647216797 17.116910934448242 0.2352941176470588 1.0
0 0.1 0.6848034820193963 0.08620810508728027 17.203119039535522 0.2352941176470588 1.0
0 0.1 0.5964732195846044 0.36737489700317383 17.570493936538696 0.2285714285714286 1.0
0 0.1 0.5195363502423698 0.4668588638305664 18.037352800369263 0.2222222222222222 1.0
0 0.1 0.4525232824553942 0.606313943862915 18.643666744232178 0.20512820512820512 1.0
0 0.1 0.3941539818506903 0.8758490085601807 19.51951575279236 0.19999999999999998 1.0
0 0.1 0.34331352094368267 0.4297010898590088 19.949216842651367 0.19512195121951217 1.0
0 0.1 0.2990307826127625 0.36809277534484863 20.317309617996216 0.19047619047619047 1.0
0 0.1 0.2604599105337001 0.6503033638000488 20.967612981796265 0.18181818181818182 1.0
0 0.1 0.22686415225376097 0.37044310569763184 21.338056087493896 0.18181818181818182 1.0
0 0.1 0.19760178628779224 0.16548609733581543 21.503542184829712 0.18181818181818182 1.0
0 0.1 0.17211386442601356 0.11254096031188965 21.6160831451416 0.18181818181818182 1.0
0 0.1 0.14991353511608546 1.9289321899414062 23.545015335083008 0.1739130434782609 1.0
0 0.01 28.211963230963963 0.0005810260772705078 23.54559636116028 0.0 1.0
0 0.01 24.573006681497752 0.012033939361572266 23.55763030052185 0.5714285714285715 1.0
0 0.01 21.403425646968028 0.008834123611450195 23.5664644241333 0.5714285714285715 1.0
0 0.01 18.642677119777133 0.008828878402709961 23.57529330253601 0.5714285714285715 1.0
0 0.01 16.238027310431736 0.008169889450073242 23.583463191986084 0.5714285714285715 1.0
0 0.01 14.143544365449966 0.007948875427246094 23.59141206741333 0.5714285714285715 1.0
0 0.01 12.319221010851523 0.0074520111083984375 23.59886407852173 0.5714285714285715 1.0
0 0.01 10.730210362611421 0.006960868835449219 23.605824947357178 0.5714285714285715 1.0
0 0.01 9.346160307090315 0.00990605354309082 23.61573100090027 0.7499999999999999 1.0
0 0.01 8.140633737265514 0.007966279983520508 23.62369728088379 0.7499999999999999 1.0
0 0.01 7.090603570541246 0.007333993911743164 23.631031274795532 0.7499999999999999 1.0
0 0.01 6.176012902339531 0.007337808609008789 23.63836908340454 0.7499999999999999 1.0
0 0.01 5.379391893848717 0.0074481964111328125 23.645817279815674 0.7499999999999999 1.0
0 0.01 4.685524076001097 0.007299900054931641 23.653117179870605 0.7499999999999999 1.0
0 0.01 4.081155695663349 0.006890058517456055 23.66000723838806 0.7499999999999999 1.0
0 0.01 3.554742552184356 0.006889820098876953 23.66689705848694 0.7499999999999999 1.0
0 0.01 3.09622948855821 0.005188941955566406 23.672086000442505 0.7499999999999999 1.0
0 0.01 2.6968583252045994 0.0052411556243896484 23.677327156066895 0.7499999999999999 1.0
0 0.01 2.349000567658869 0.007402896881103516 23.684730052947998 0.7499999999999999 1.0
0 0.01 2.046011692676912 0.01202702522277832 23.696757078170776 0.7272727272727272 1.0
0 0.01 1.7821042294352372 0.007328987121582031 23.70408606529236 0.7272727272727272 1.0
0 0.01 1.5522372115164986 0.007502079010009766 23.711588144302368 0.7272727272727272 1.0
0 0.01 1.3520198880735976 0.02044987678527832 23.732038021087646 0.6153846153846154 1.0
0 0.01 1.1776278549337647 0.014293909072875977 23.746331930160522 0.6153846153846154 1.0
0 0.01 1.0257300036406054 0.027642250061035156 23.773974180221558 0.4210526315789473 1.0
0 0.01 0.8934248930683893 0.015941858291625977 23.789916038513184 0.4210526315789473 1.0
0 0.01 0.7781853282259436 0.01491403579711914 23.804830074310303 0.4210526315789473 1.0
0 0.01 0.6778100876351608 0.015297889709472656 23.820127964019775 0.4210526315789473 1.0
0 0.01 0.590381877216004 0.034806013107299805 23.854933977127075 0.3636363636363636 1.0
0 0.01 0.5142307075440048 0.028376102447509766 23.883310079574585 0.3636363636363636 1.0
0 0.01 0.44790199493955546 0.0556488037109375 23.938958883285522 0.3076923076923077 1.0
0 0.01 0.39012877707943217 0.05079174041748047 23.989750623703003 0.2962962962962963 1.0
0 0.01 0.33980751241358653 0.05064511299133301 24.040395736694336 0.2857142857142857 1.0
0 0.01 0.2959770011254507 0.03263592720031738 24.073031663894653 0.2857142857142857 1.0
0 0.01 0.2578000249994245 0.03204607963562012 24.105077743530273 0.2857142857142857 1.0
0 0.01 0.22454735549379537 0.06072115898132324 24.165798902511597 0.25806451612903225 1.0
0 0.01 0.19558382455304058 0.04387807846069336 24.20967698097229 0.25806451612903225 1.0
0 0.01 0.1703561920944177 0.0429229736328125 24.252599954605103 0.25806451612903225 1.0
0 0.01 0.14838257842248037 0.04163193702697754 24.29423189163208 0.25806451612903225 1.0
0 0.01 0.12924325971726744 0.04065895080566406 24.334890842437744 0.25806451612903225 1.0
0 0.01 0.1125726507783501 0.03952288627624512 24.37441372871399 0.25806451612903225 1.0
0 0.01 0.09805232188500161 0.0331270694732666 24.407540798187256 0.25806451612903225 1.0
0 0.01 0.08540491638568569 0.20904183387756348 24.61658263206482 0.2105263157894737 1.0
0 0.01 0.07438885283512764 0.2438509464263916 24.86043357849121 0.21621621621621623 1.0
0 0.01 0.06479371048308594 0.09412908554077148 24.954562664031982 0.21621621621621623 1.0
0 0.01 0.056436209971818335 0.08446884155273438 25.039031505584717 0.21621621621621623 1.0
0 0.01 0.049156712468482675 0.13701701164245605 25.176048517227173 0.2105263157894737 1.0
0 0.01 0.0428161703614703 0.07949638366699219 25.255544900894165 0.2105263157894737 1.0
0 0.01 0.03729347127511503 0.14708995819091797 25.402634859085083 0.20512820512820512 1.0
0 0.01 0.032483124670098805 0.15547490119934082 25.558109760284424 0.19999999999999998 1.0
