[216.40736058 188.4937774  164.18066384 143.00360867 124.55810333
 108.49181534  94.49785828  82.30892987  71.69220614  62.44489425
  54.39035884  47.37474809  41.26405496  35.94155748  31.30558923
  27.26759733  23.75045104  20.68696841  18.01863304  15.69447636
  13.67010404  11.906848    10.37102782   9.03330739   7.86813455
   6.85325305   5.96927734   5.19932239   4.52868107   3.94454329
   3.43575127   2.99258645   2.60658382   2.27037024   1.9775236
   1.72245016   1.5002777    1.30676244   1.138208     0.99139477
   0.86351843   0.75213639   0.65512111   0.57061946   0.49701737
   0.43290895   0.37706963   0.32843281   0.28606948   0.24917044]0 1 312.2098259152708 0.000492095947265625 0.000492095947265625 0.0 1.0
0 1 271.93903789811014 0.0005278587341308594 0.0010199546813964844 0.0 1.0
0 1 236.8626295349813 0.006370067596435547 0.007390022277832031 0.33333333333333337 1.0
0 1 206.31059705097118 0.029515981674194336 0.03690600395202637 0.5714285714285715 1.0
0 1 179.69935797424765 0.019436120986938477 0.056342124938964844 0.5714285714285715 1.0
0 1 156.52060397255676 0.0164639949798584 0.07280611991882324 0.5714285714285715 1.0
0 1 136.33159152101595 0.01459193229675293 0.08739805221557617 0.5714285714285715 1.0
0 1 118.74668494067365 0.013638019561767578 0.10103607177734375 0.7499999999999999 1.0
0 1 103.42999026917344 0.013803958892822266 0.11484003067016602 0.7499999999999999 1.0
0 1 90.08893926113359 0.012094974517822266 0.12693500518798828 0.7499999999999999 1.0
0 1 78.46870096453189 0.01221776008605957 0.13915276527404785 0.7499999999999999 1.0
0 1 68.34731412713553 0.011665105819702148 0.15081787109375 0.7499999999999999 1.0
0 1 59.53144745577994 0.01825094223022461 0.1690688133239746 0.6666666666666665 1.0
0 1 51.85270674408604 0.013856172561645508 0.18292498588562012 0.7272727272727272 1.0
0 1 45.16441833008278 0.013927221298217773 0.1968522071838379 0.7272727272727272 1.0
0 1 39.33882744370648 0.018043041229248047 0.21489524841308594 0.6153846153846154 1.0
0 1 34.26465792907022 0.027030229568481445 0.24192547798156738 0.47058823529411764 1.0
0 1 29.84498672911064 0.04047584533691406 0.28240132331848145 0.3636363636363636 1.0
0 1 25.99539253258091 0.052603960037231445 0.3350052833557129 0.3076923076923077 1.0
0 1 22.642343220204207 0.1485288143157959 0.4835340976715088 0.26666666666666666 1.0
0 1 19.721791308170232 0.19743108749389648 0.6809651851654053 0.27586206896551724 1.0
0 1 17.177950560167822 0.24802112579345703 0.9289863109588623 0.26666666666666666 1.0
0 1 14.962230399696251 0.2268819808959961 1.1558682918548584 0.24242424242424243 1.0
0 1 13.03230776858211 0.19325900077819824 1.3491272926330566 0.2222222222222222 1.0
0 1 11.351318703025308 0.2361001968383789 1.5852274894714355 0.2222222222222222 1.0
0 1 9.887154185253786 0.19910097122192383 1.7843284606933594 0.21621621621621623 1.0
0 1 8.611846820663045 0.21011686325073242 1.9944453239440918 0.20512820512820512 1.0
0 1 7.501036625197576 0.23239922523498535 2.226844549179077 0.19999999999999998 1.0
0 1 6.53350571883761 0.19384098052978516 2.4206855297088623 0.20512820512820512 1.0
0 1 5.69077303724795 0.2730700969696045 2.693755626678467 0.18604651162790697 1.0
0 1 4.956741320068812 0.23258399963378906 2.926339626312256 0.1777777777777778 1.0
0 1 4.317389632878279 0.29528117179870605 3.221620798110962 0.16666666666666666 1.0
0 1 3.7605055496069455 2.1886770725250244 5.410297870635986 0.1702127659574468 1.0
0 1 3.2754518797500736 0.5264561176300049 5.936753988265991 0.1702127659574468 1.0
0 1 2.8529634845718124 0.3647580146789551 6.301512002944946 0.16666666666666666 1.0
0 1 2.4849703012340436 0.298126220703125 6.599638223648071 0.163265306122449 1.0
0 1 2.1644431943866964 0.4438469409942627 7.043485164642334 0.163265306122449 1.0
0 1 1.8852596907900219 0.290435791015625 7.333920955657959 0.163265306122449 1.0
0 1 1.6420870323301746 0.2761237621307373 7.610044717788696 0.163265306122449 1.0
0 1 1.4302803135927475 0.2514991760253906 7.861543893814087 0.163265306122449 1.0
0 1 1.2457937582930971 0.24046802520751953 8.102011919021606 0.163265306122449 1.0
0 1 1.0851034398309916 1.0080430507659912 9.110054969787598 0.1568627450980392 1.0
0 1 0.945139969834425 0.9829568862915039 10.093011856079102 0.1568627450980392 1.0
0 1 0.823229868958621 1.1336987018585205 11.226710557937622 0.1568627450980392 1.0
0 1 0.7170445000483404 1.9780831336975098 13.204793691635132 0.15384615384615383 1.0
0 1 0.624555588222246 2.358323097229004 15.563116788864136 0.1509433962264151 1.0
0 1 0.5439964782567033 1.767244815826416 17.33036160469055 0.1509433962264151 1.0
0 1 0.4738283892360109 1.595168113708496 18.925529718399048 0.1509433962264151 1.0
0 1 0.4127110218901976 1.8029820919036865 20.728511810302734 0.1481481481481481 1.0
0 1 0.3594769571833539 1.860724925994873 22.589236736297607 0.1481481481481481 1.0
0 0.1 130.20161032759302 0.0005052089691162109 22.589741945266724 0.0 1.0
0 0.1 113.40738729625762 0.0008320808410644531 22.590574026107788 0.0 1.0
0 0.1 98.77938883400856 0.0005278587341308594 22.59110188484192 0.0 1.0
0 0.1 86.03820166433057 0.0005171298980712891 22.59161901473999 0.0 1.0
0 0.1 74.9404529934022 0.0005469322204589844 22.59216594696045 0.0 1.0
0 0.1 65.27416178184274 0.0005578994750976562 22.592723846435547 0.0 1.0
0 0.1 56.854689638682785 0.0005829334259033203 22.59330677986145 0.0 1.0
0 0.1 49.52121399451067 0.016921281814575195 22.610228061676025 0.5714285714285715 1.0
0 0.1 43.13365618693992 0.01222991943359375 22.62245798110962 0.5714285714285715 1.0
0 0.1 37.570005780944214 0.011603116989135742 22.634061098098755 0.5714285714285715 1.0
0 0.1 32.7239900151928 0.011198997497558594 22.645260095596313 0.5714285714285715 1.0
0 0.1 28.503043857863506 0.010607004165649414 22.655867099761963 0.5714285714285715 1.0
0 0.1 24.826541897430772 0.009756088256835938 22.6656231880188 0.5714285714285715 1.0
0 0.1 21.624258295306348 0.00955510139465332 22.675178289413452 0.5714285714285715 1.0
0 0.1 18.835025383479486 0.013255834579467773 22.68843412399292 0.7499999999999999 1.0
0 0.1 16.405565284674683 0.010533809661865234 22.698967933654785 0.7499999999999999 1.0
0 0.1 14.289472237493916 0.01015925407409668 22.709127187728882 0.7499999999999999 1.0
0 0.1 12.446326187665905 0.010519742965698242 22.71964693069458 0.7499999999999999 1.0
0 0.1 10.840920713874212 0.010226011276245117 22.729872941970825 0.7499999999999999 1.0
0 0.1 9.44259054057033 0.009304046630859375 22.739176988601685 0.7499999999999999 1.0
0 0.1 8.224625792416147 0.008188962936401367 22.747365951538086 0.7499999999999999 1.0
0 0.1 7.163761801874259 0.011861801147460938 22.759227752685547 0.7499999999999999 1.0
0 0.1 6.239734724625884 0.01527714729309082 22.774504899978638 0.7272727272727272 1.0
0 0.1 5.43489447450858 0.011569023132324219 22.786073923110962 0.7272727272727272 1.0
0 0.1 4.733867584541418 0.011073112487792969 22.797147035598755 0.7272727272727272 1.0
0 0.1 4.123263554256632 0.03103804588317871 22.828185081481934 0.6153846153846154 1.0
0 0.1 3.591419074200402 0.02765631675720215 22.855841398239136 0.5714285714285714 1.0
0 0.1 3.128175241967003 0.05575704574584961 22.911598443984985 0.4210526315789473 1.0
0 0.1 2.7246835143108377 0.031934261322021484 22.943532705307007 0.4210526315789473 1.0
0 0.1 2.373236688776134 0.05119681358337402 22.99472951889038 0.38095238095238093 1.0
0 0.1 2.0671216863796724 0.08518075942993164 23.079910278320312 0.3478260869565218 1.0
0 0.1 1.8004913233094775 0.18219900131225586 23.26210927963257 0.32000000000000006 1.0
0 0.1 1.5682526223167341 0.19444680213928223 23.45655608177185 0.2857142857142857 1.0
0 0.1 1.3659695304072161 0.15971612930297852 23.61627221107483 0.27586206896551724 1.0
0 0.1 1.1897781846170337 0.20920014381408691 23.825472354888916 0.25806451612903225 1.0
0 0.1 1.036313107341863 0.1047980785369873 23.930270433425903 0.25806451612903225 1.0
0 0.1 0.9026429214570189 0.15190386772155762 24.08217430114746 0.24242424242424243 1.0
0 0.1 0.786214357305898 0.16741681098937988 24.24959111213684 0.2352941176470588 1.0
0 0.1 0.6848034820193963 0.10908794403076172 24.358679056167603 0.2352941176470588 1.0
0 0.1 0.5964732195846044 0.44463014602661133 24.803309202194214 0.2285714285714286 1.0
0 0.1 0.5195363502423698 0.5942027568817139 25.397511959075928 0.2222222222222222 1.0
0 0.1 0.4525232824553942 0.6903927326202393 26.087904691696167 0.20512820512820512 1.0
0 0.1 0.3941539818506903 1.0032823085784912 27.091187000274658 0.19999999999999998 1.0
0 0.1 0.34331352094368267 0.5662262439727783 27.657413244247437 0.19512195121951217 1.0
0 0.1 0.2990307826127625 0.46876001358032227 28.12617325782776 0.19047619047619047 1.0
0 0.1 0.2604599105337001 1.4328539371490479 29.559027194976807 0.18181818181818182 1.0
0 0.1 0.22686415225376097 0.6190769672393799 30.178104162216187 0.18181818181818182 1.0
0 0.1 0.19760178628779224 0.32741618156433105 30.505520343780518 0.18181818181818182 1.0
0 0.1 0.17211386442601356 0.20635271072387695 30.711873054504395 0.18181818181818182 1.0
0 0.1 0.14991353511608546 2.871181011199951 33.583054065704346 0.1739130434782609 1.0
0 0.01 28.211963230963963 0.0006568431854248047 33.58371090888977 0.0 1.0
0 0.01 24.573006681497752 0.013870000839233398 33.597580909729004 0.5714285714285715 1.0
0 0.01 21.403425646968028 0.010271787643432617 33.60785269737244 0.5714285714285715 1.0
0 0.01 18.642677119777133 0.010068178176879883 33.617920875549316 0.5714285714285715 1.0
0 0.01 16.238027310431736 0.009420156478881836 33.6273410320282 0.5714285714285715 1.0
0 0.01 14.143544365449966 0.009754180908203125 33.6370952129364 0.5714285714285715 1.0
0 0.01 12.319221010851523 0.009688138961791992 33.64678335189819 0.5714285714285715 1.0
0 0.01 10.730210362611421 0.008388996124267578 33.65517234802246 0.5714285714285715 1.0
0 0.01 9.346160307090315 0.01173710823059082 33.66690945625305 0.7499999999999999 1.0
0 0.01 8.140633737265514 0.009531021118164062 33.676440477371216 0.7499999999999999 1.0
0 0.01 7.090603570541246 0.009537935256958008 33.685978412628174 0.7499999999999999 1.0
0 0.01 6.176012902339531 0.008966922760009766 33.694945335388184 0.7499999999999999 1.0
0 0.01 5.379391893848717 0.009146928787231445 33.704092264175415 0.7499999999999999 1.0
0 0.01 4.685524076001097 0.009060859680175781 33.71315312385559 0.7499999999999999 1.0
0 0.01 4.081155695663349 0.009387969970703125 33.722541093826294 0.7499999999999999 1.0
0 0.01 3.554742552184356 0.008919000625610352 33.731460094451904 0.7499999999999999 1.0
0 0.01 3.09622948855821 0.007378816604614258 33.73883891105652 0.7499999999999999 1.0
0 0.01 2.6968583252045994 0.007046937942504883 33.74588584899902 0.7499999999999999 1.0
0 0.01 2.349000567658869 0.009711027145385742 33.75559687614441 0.7499999999999999 1.0
0 0.01 2.046011692676912 0.013312101364135742 33.768908977508545 0.7272727272727272 1.0
0 0.01 1.7821042294352372 0.009625673294067383 33.77853465080261 0.7272727272727272 1.0
0 0.01 1.5522372115164986 0.009701967239379883 33.78823661804199 0.7272727272727272 1.0
0 0.01 1.3520198880735976 0.02442479133605957 33.81266140937805 0.6153846153846154 1.0
0 0.01 1.1776278549337647 0.018248796463012695 33.830910205841064 0.6153846153846154 1.0
0 0.01 1.0257300036406054 0.03425908088684082 33.865169286727905 0.4210526315789473 1.0
0 0.01 0.8934248930683893 0.02163100242614746 33.88680028915405 0.4210526315789473 1.0
0 0.01 0.7781853282259436 0.020325183868408203 33.90712547302246 0.4210526315789473 1.0
0 0.01 0.6778100876351608 0.0540621280670166 33.96118760108948 0.4210526315789473 1.0
0 0.01 0.590381877216004 0.0448148250579834 34.00600242614746 0.3636363636363636 1.0
0 0.01 0.5142307075440048 0.039571285247802734 34.045573711395264 0.3636363636363636 1.0
0 0.01 0.44790199493955546 0.07099199295043945 34.1165657043457 0.3076923076923077 1.0
0 0.01 0.39012877707943217 0.06402897834777832 34.18059468269348 0.2962962962962963 1.0
0 0.01 0.33980751241358653 0.0618138313293457 34.24240851402283 0.2857142857142857 1.0
0 0.01 0.2959770011254507 0.04423189163208008 34.28664040565491 0.2857142857142857 1.0
0 0.01 0.2578000249994245 0.042762041091918945 34.329402446746826 0.2857142857142857 1.0
0 0.01 0.22454735549379537 0.07553982734680176 34.40494227409363 0.25806451612903225 1.0
0 0.01 0.19558382455304058 0.06007099151611328 34.46501326560974 0.25806451612903225 1.0
0 0.01 0.1703561920944177 0.05788111686706543 34.52289438247681 0.25806451612903225 1.0
0 0.01 0.14838257842248037 0.056112051010131836 34.57900643348694 0.25806451612903225 1.0
0 0.01 0.12924325971726744 0.05442214012145996 34.6334285736084 0.25806451612903225 1.0
0 0.01 0.1125726507783501 0.053734779357910156 34.68716335296631 0.25806451612903225 1.0
0 0.01 0.09805232188500161 0.046243906021118164 34.73340725898743 0.25806451612903225 1.0
0 0.01 0.08540491638568569 0.2532820701599121 34.98668932914734 0.2105263157894737 1.0
0 0.01 0.07438885283512764 0.29194116592407227 35.27863049507141 0.21621621621621623 1.0
0 0.01 0.06479371048308594 0.1308298110961914 35.4094603061676 0.21621621621621623 1.0
0 0.01 0.056436209971818335 0.12821102142333984 35.53767132759094 0.21621621621621623 1.0
0 0.01 0.049156712468482675 0.18284392356872559 35.72051525115967 0.2105263157894737 1.0
0 0.01 0.0428161703614703 0.11163997650146484 35.83215522766113 0.2105263157894737 1.0
0 0.01 0.03729347127511503 0.19783806800842285 36.029993295669556 0.20512820512820512 1.0
0 0.01 0.032483124670098805 0.20499515533447266 36.23498845100403 0.19999999999999998 1.0
