[216.40736058 188.4937774  164.18066384 143.00360867 124.55810333
 108.49181534  94.49785828  82.30892987  71.69220614  62.44489425
  54.39035884  47.37474809  41.26405496  35.94155748  31.30558923
  27.26759733  23.75045104  20.68696841  18.01863304  15.69447636
  13.67010404  11.906848    10.37102782   9.03330739   7.86813455
   6.85325305   5.96927734   5.19932239   4.52868107   3.94454329
   3.43575127   2.99258645   2.60658382   2.27037024   1.9775236
   1.72245016   1.5002777    1.30676244   1.138208     0.99139477
   0.86351843   0.75213639   0.65512111   0.57061946   0.49701737
   0.43290895   0.37706963   0.32843281   0.28606948   0.24917044]0 1 312.2098259152708 0.0006747245788574219 0.0006747245788574219 0.0 1.0
0 1 271.93903789811014 0.0007288455963134766 0.0014035701751708984 0.0 1.0
0 1 236.8626295349813 0.005939960479736328 0.0073435306549072266 0.33333333333333337 1.0
0 1 206.31059705097118 0.030532121658325195 0.03787565231323242 0.5714285714285715 1.0
0 1 179.69935797424765 0.02002882957458496 0.05790448188781738 0.5714285714285715 1.0
0 1 156.52060397255676 0.01620197296142578 0.07410645484924316 0.5714285714285715 1.0
0 1 136.33159152101595 0.01585984230041504 0.0899662971496582 0.5714285714285715 1.0
0 1 118.74668494067365 0.016719818115234375 0.10668611526489258 0.7499999999999999 1.0
0 1 103.42999026917344 0.013823986053466797 0.12051010131835938 0.7499999999999999 1.0
0 1 90.08893926113359 0.01258707046508789 0.13309717178344727 0.7499999999999999 1.0
0 1 78.46870096453189 0.012452125549316406 0.14554929733276367 0.7499999999999999 1.0
0 1 68.34731412713553 0.011622190475463867 0.15717148780822754 0.7499999999999999 1.0
0 1 59.53144745577994 0.015951871871948242 0.17312335968017578 0.6666666666666665 1.0
0 1 51.85270674408604 0.011835813522338867 0.18495917320251465 0.7272727272727272 1.0
0 1 45.16441833008278 0.013217926025390625 0.19817709922790527 0.7272727272727272 1.0
0 1 39.33882744370648 0.016669034957885742 0.21484613418579102 0.6153846153846154 1.0
0 1 34.26465792907022 0.0250699520111084 0.23991608619689941 0.47058823529411764 1.0
0 1 29.84498672911064 0.03849387168884277 0.2784099578857422 0.3636363636363636 1.0
0 1 25.99539253258091 0.041993141174316406 0.3204030990600586 0.3076923076923077 1.0
0 1 22.642343220204207 0.11657190322875977 0.43697500228881836 0.26666666666666666 1.0
0 1 19.721791308170232 0.14720487594604492 0.5841798782348633 0.27586206896551724 1.0
0 1 17.177950560167822 0.2380540370941162 0.8222339153289795 0.26666666666666666 1.0
0 1 14.962230399696251 0.20041704177856445 1.022650957107544 0.24242424242424243 1.0
0 1 13.03230776858211 0.1807079315185547 1.2033588886260986 0.2222222222222222 1.0
0 1 11.351318703025308 0.18555784225463867 1.3889167308807373 0.2222222222222222 1.0
0 1 9.887154185253786 0.15286612510681152 1.5417828559875488 0.21621621621621623 1.0
0 1 8.611846820663045 0.17189884185791016 1.713681697845459 0.20512820512820512 1.0
0 1 7.501036625197576 0.1680138111114502 1.8816955089569092 0.19999999999999998 1.0
0 1 6.53350571883761 0.13532495498657227 2.0170204639434814 0.20512820512820512 1.0
0 1 5.69077303724795 0.1855907440185547 2.202611207962036 0.18604651162790697 1.0
0 1 4.956741320068812 0.1660468578338623 2.3686580657958984 0.1777777777777778 1.0
0 1 4.317389632878279 0.18195724487304688 2.5506153106689453 0.1702127659574468 1.0
0 1 3.7605055496069455 2.078869104385376 4.629484415054321 0.1702127659574468 1.0
0 1 3.2754518797500736 0.5363359451293945 5.165820360183716 0.1702127659574468 1.0
0 1 2.8529634845718124 0.18646502494812012 5.352285385131836 0.16666666666666666 1.0
0 1 2.4849703012340436 0.12953495979309082 5.481820344924927 0.163265306122449 1.0
0 1 2.1644431943866964 0.3397979736328125 5.821618318557739 0.163265306122449 1.0
0 1 1.8852596907900219 0.1583569049835205 5.97997522354126 0.163265306122449 1.0
0 1 1.6420870323301746 0.13891196250915527 6.118887186050415 0.163265306122449 1.0
0 1 1.4302803135927475 0.11921501159667969 6.238102197647095 0.163265306122449 1.0
0 1 1.2457937582930971 0.11597728729248047 6.354079484939575 0.163265306122449 1.0
0 1 1.0851034398309916 0.5504159927368164 6.904495477676392 0.1568627450980392 1.0
0 1 0.945139969834425 0.5249049663543701 7.429400444030762 0.1568627450980392 1.0
0 1 0.823229868958621 0.9354739189147949 8.364874362945557 0.1568627450980392 1.0
0 1 0.7170445000483404 1.3575150966644287 9.722389459609985 0.1509433962264151 1.0
0 1 0.624555588222246 1.5338718891143799 11.256261348724365 0.1509433962264151 1.0
0 1 0.5439964782567033 0.8688788414001465 12.125140190124512 0.1509433962264151 1.0
0 1 0.4738283892360109 0.6646590232849121 12.789799213409424 0.1509433962264151 1.0
0 1 0.4127110218901976 0.7252700328826904 13.515069246292114 0.1481481481481481 1.0
0 1 0.3594769571833539 0.729809045791626 14.24487829208374 0.1481481481481481 1.0
0 0.1 130.20161032759302 0.000698089599609375 14.24557638168335 0.0 1.0
0 0.1 113.40738729625762 0.0006899833679199219 14.24626636505127 0.0 1.0
0 0.1 98.77938883400856 0.0007359981536865234 14.247002363204956 0.0 1.0
0 0.1 86.03820166433057 0.0007381439208984375 14.247740507125854 0.0 1.0
0 0.1 74.9404529934022 0.0007891654968261719 14.24852967262268 0.0 1.0
0 0.1 65.27416178184274 0.0008058547973632812 14.249335527420044 0.0 1.0
0 0.1 56.854689638682785 0.0008471012115478516 14.250182628631592 0.0 1.0
0 0.1 49.52121399451067 0.01682281494140625 14.267005443572998 0.5714285714285715 1.0
0 0.1 43.13365618693992 0.012345075607299805 14.279350519180298 0.5714285714285715 1.0
0 0.1 37.570005780944214 0.012347221374511719 14.29169774055481 0.5714285714285715 1.0
0 0.1 32.7239900151928 0.011008024215698242 14.302705764770508 0.5714285714285715 1.0
0 0.1 28.503043857863506 0.009806156158447266 14.312511920928955 0.5714285714285715 1.0
0 0.1 24.826541897430772 0.008394956588745117 14.3209068775177 0.5714285714285715 1.0
0 0.1 21.624258295306348 0.008562803268432617 14.329469680786133 0.5714285714285715 1.0
0 0.1 18.835025383479486 0.012591123580932617 14.342060804367065 0.7499999999999999 1.0
0 0.1 16.405565284674683 0.00976705551147461 14.35182785987854 0.7499999999999999 1.0
0 0.1 14.289472237493916 0.009567022323608398 14.361394882202148 0.7499999999999999 1.0
0 0.1 12.446326187665905 0.009768962860107422 14.371163845062256 0.7499999999999999 1.0
0 0.1 10.840920713874212 0.009145021438598633 14.380308866500854 0.7499999999999999 1.0
0 0.1 9.44259054057033 0.00909280776977539 14.38940167427063 0.7499999999999999 1.0
0 0.1 8.224625792416147 0.007058143615722656 14.396459817886353 0.7499999999999999 1.0
0 0.1 7.163761801874259 0.009835004806518555 14.406294822692871 0.7499999999999999 1.0
0 0.1 6.239734724625884 0.014493942260742188 14.420788764953613 0.7272727272727272 1.0
0 0.1 5.43489447450858 0.010808944702148438 14.431597709655762 0.7272727272727272 1.0
0 0.1 4.733867584541418 0.009833812713623047 14.441431522369385 0.7272727272727272 1.0
0 0.1 4.123263554256632 0.03090381622314453 14.47233533859253 0.6153846153846154 1.0
0 0.1 3.591419074200402 0.023946046829223633 14.496281385421753 0.5714285714285714 1.0
0 0.1 3.128175241967003 0.05619406700134277 14.552475452423096 0.4210526315789473 1.0
0 0.1 2.7246835143108377 0.025187253952026367 14.577662706375122 0.4210526315789473 1.0
0 0.1 2.373236688776134 0.04843497276306152 14.626097679138184 0.38095238095238093 1.0
0 0.1 2.0671216863796724 0.0735788345336914 14.699676513671875 0.3478260869565218 1.0
0 0.1 1.8004913233094775 0.19846487045288086 14.898141384124756 0.32000000000000006 1.0
0 0.1 1.5682526223167341 0.2607109546661377 15.158852338790894 0.2857142857142857 1.0
0 0.1 1.3659695304072161 0.144514799118042 15.303367137908936 0.27586206896551724 1.0
0 0.1 1.1897781846170337 0.15658807754516602 15.459955215454102 0.25806451612903225 1.0
0 0.1 1.036313107341863 0.0845937728881836 15.544548988342285 0.25806451612903225 1.0
0 0.1 0.9026429214570189 0.1172170639038086 15.661766052246094 0.24242424242424243 1.0
0 0.1 0.786214357305898 0.14745330810546875 15.809219360351562 0.2352941176470588 1.0
0 0.1 0.6848034820193963 0.08028411865234375 15.889503479003906 0.2352941176470588 1.0
0 0.1 0.5964732195846044 0.429912805557251 16.319416284561157 0.2285714285714286 1.0
0 0.1 0.5195363502423698 0.4892842769622803 16.808700561523438 0.2222222222222222 1.0
0 0.1 0.4525232824553942 0.7169592380523682 17.525659799575806 0.20512820512820512 1.0
0 0.1 0.3941539818506903 1.1373798847198486 18.663039684295654 0.19999999999999998 1.0
0 0.1 0.34331352094368267 0.45688390731811523 19.11992359161377 0.19512195121951217 1.0
0 0.1 0.2990307826127625 0.4422919750213623 19.562215566635132 0.19047619047619047 1.0
0 0.1 0.2604599105337001 0.4784979820251465 20.04071354866028 0.18604651162790697 1.0
0 0.1 0.22686415225376097 0.20666122436523438 20.247374773025513 0.18181818181818182 1.0
0 0.1 0.19760178628779224 0.10400199890136719 20.35137677192688 0.18181818181818182 1.0
0 0.1 0.17211386442601356 0.07135224342346191 20.422729015350342 0.18181818181818182 1.0
0 0.1 0.14991353511608546 1.4214558601379395 21.84418487548828 0.1739130434782609 1.0
0 0.01 28.211963230963963 0.0007641315460205078 21.8449490070343 0.0 1.0
0 0.01 24.573006681497752 0.012945890426635742 21.857894897460938 0.5714285714285715 1.0
0 0.01 21.403425646968028 0.00913095474243164 21.86702585220337 0.5714285714285715 1.0
0 0.01 18.642677119777133 0.008082151412963867 21.875108003616333 0.5714285714285715 1.0
0 0.01 16.238027310431736 0.009252071380615234 21.88436007499695 0.5714285714285715 1.0
0 0.01 14.143544365449966 0.009230852127075195 21.893590927124023 0.5714285714285715 1.0
0 0.01 12.319221010851523 0.008174896240234375 21.901765823364258 0.5714285714285715 1.0
0 0.01 10.730210362611421 0.0074880123138427734 21.9092538356781 0.5714285714285715 1.0
0 0.01 9.346160307090315 0.011415958404541016 21.92066979408264 0.7499999999999999 1.0
0 0.01 8.140633737265514 0.008137941360473633 21.928807735443115 0.7499999999999999 1.0
0 0.01 7.090603570541246 0.010808944702148438 21.939616680145264 0.7499999999999999 1.0
0 0.01 6.176012902339531 0.008419275283813477 21.948035955429077 0.7499999999999999 1.0
0 0.01 5.379391893848717 0.008152008056640625 21.956187963485718 0.7499999999999999 1.0
0 0.01 4.685524076001097 0.0076830387115478516 21.963871002197266 0.7499999999999999 1.0
0 0.01 4.081155695663349 0.007767915725708008 21.971638917922974 0.7499999999999999 1.0
0 0.01 3.554742552184356 0.007406949996948242 21.979045867919922 0.7499999999999999 1.0
0 0.01 3.09622948855821 0.005671977996826172 21.984717845916748 0.7499999999999999 1.0
0 0.01 2.6968583252045994 0.005273103713989258 21.989990949630737 0.7499999999999999 1.0
0 0.01 2.349000567658869 0.007241010665893555 21.99723196029663 0.7499999999999999 1.0
0 0.01 2.046011692676912 0.013348817825317383 22.01058077812195 0.7272727272727272 1.0
0 0.01 1.7821042294352372 0.007670164108276367 22.018250942230225 0.7272727272727272 1.0
0 0.01 1.5522372115164986 0.007931232452392578 22.026182174682617 0.7272727272727272 1.0
0 0.01 1.3520198880735976 0.023951053619384766 22.050133228302002 0.6153846153846154 1.0
0 0.01 1.1776278549337647 0.015423059463500977 22.065556287765503 0.6153846153846154 1.0
0 0.01 1.0257300036406054 0.03387022018432617 22.09942650794983 0.4210526315789473 1.0
0 0.01 0.8934248930683893 0.015881776809692383 22.11530828475952 0.4210526315789473 1.0
0 0.01 0.7781853282259436 0.014123916625976562 22.129432201385498 0.4210526315789473 1.0
0 0.01 0.6778100876351608 0.016469240188598633 22.145901441574097 0.4210526315789473 1.0
0 0.01 0.590381877216004 0.04516291618347168 22.19106435775757 0.3636363636363636 1.0
0 0.01 0.5142307075440048 0.028998851776123047 22.22006320953369 0.3636363636363636 1.0
0 0.01 0.44790199493955546 0.06438589096069336 22.284449100494385 0.3076923076923077 1.0
0 0.01 0.39012877707943217 0.05755615234375 22.342005252838135 0.2962962962962963 1.0
0 0.01 0.33980751241358653 0.062242984771728516 22.404248237609863 0.2857142857142857 1.0
0 0.01 0.2959770011254507 0.0351109504699707 22.439359188079834 0.2857142857142857 1.0
0 0.01 0.2578000249994245 0.0348820686340332 22.474241256713867 0.2857142857142857 1.0
0 0.01 0.22454735549379537 0.07102489471435547 22.545266151428223 0.25806451612903225 1.0
0 0.01 0.19558382455304058 0.04397130012512207 22.589237451553345 0.25806451612903225 1.0
0 0.01 0.1703561920944177 0.04991793632507324 22.639155387878418 0.25806451612903225 1.0
0 0.01 0.14838257842248037 0.04791402816772461 22.687069416046143 0.25806451612903225 1.0
0 0.01 0.12924325971726744 0.04188895225524902 22.72895836830139 0.25806451612903225 1.0
0 0.01 0.1125726507783501 0.04070401191711426 22.769662380218506 0.25806451612903225 1.0
0 0.01 0.09805232188500161 0.03254890441894531 22.80221128463745 0.25806451612903225 1.0
0 0.01 0.08540491638568569 0.31424832344055176 23.116459608078003 0.2105263157894737 1.0
0 0.01 0.07438885283512764 0.33635997772216797 23.45281958580017 0.21621621621621623 1.0
0 0.01 0.06479371048308594 0.08082103729248047 23.53364062309265 0.21621621621621623 1.0
0 0.01 0.056436209971818335 0.07754707336425781 23.61118769645691 0.21621621621621623 1.0
0 0.01 0.049156712468482675 0.15469098091125488 23.765878677368164 0.2105263157894737 1.0
0 0.01 0.0428161703614703 0.04866981506347656 23.81454849243164 0.2105263157894737 1.0
0 0.01 0.03729347127511503 0.1532151699066162 23.967763662338257 0.20512820512820512 1.0
0 0.01 0.032483124670098805 0.16127586364746094 24.129039525985718 0.19999999999999998 1.0
