[216.40736058 188.4937774  164.18066384 143.00360867 124.55810333
 108.49181534  94.49785828  82.30892987  71.69220614  62.44489425
  54.39035884  47.37474809  41.26405496  35.94155748  31.30558923
  27.26759733  23.75045104  20.68696841  18.01863304  15.69447636
  13.67010404  11.906848    10.37102782   9.03330739   7.86813455
   6.85325305   5.96927734   5.19932239   4.52868107   3.94454329
   3.43575127   2.99258645   2.60658382   2.27037024   1.9775236
   1.72245016   1.5002777    1.30676244   1.138208     0.99139477
   0.86351843   0.75213639   0.65512111   0.57061946   0.49701737
   0.43290895   0.37706963   0.32843281   0.28606948   0.24917044]0 1 312.2098259152708 0.0011928081512451172 0.0011928081512451172 0.0 1.0
0 1 271.93903789811014 0.0011630058288574219 0.002355813980102539 0.0 1.0
0 1 236.8626295349813 0.04029512405395508 0.04265093803405762 0.33333333333333337 1.0
0 1 206.31059705097118 0.029775142669677734 0.07242608070373535 0.5714285714285715 1.0
0 1 179.69935797424765 0.01897406578063965 0.091400146484375 0.5714285714285715 1.0
0 1 156.52060397255676 0.01504206657409668 0.10644221305847168 0.5714285714285715 1.0
0 1 136.33159152101595 0.01274418830871582 0.1191864013671875 0.5714285714285715 1.0
0 1 118.74668494067365 0.03597688674926758 0.15516328811645508 0.7499999999999999 1.0
0 1 103.42999026917344 0.02171015739440918 0.17687344551086426 0.7499999999999999 1.0
0 1 90.08893926113359 0.016821861267089844 0.1936953067779541 0.7499999999999999 1.0
0 1 78.46870096453189 0.01417398452758789 0.207869291305542 0.7499999999999999 1.0
0 1 68.34731412713553 0.011964797973632812 0.2198340892791748 0.7499999999999999 1.0
0 1 59.53144745577994 0.012542963027954102 0.2323770523071289 0.6666666666666665 1.0
0 1 51.85270674408604 0.018522024154663086 0.250899076461792 0.7272727272727272 1.0
0 1 45.16441833008278 0.01624298095703125 0.26714205741882324 0.7272727272727272 1.0
0 1 39.33882744370648 0.018586158752441406 0.28572821617126465 0.6153846153846154 1.0
0 1 34.26465792907022 0.030557870864868164 0.3162860870361328 0.47058823529411764 1.0
0 1 29.84498672911064 0.036577701568603516 0.35286378860473633 0.3636363636363636 1.0
0 1 25.99539253258091 0.05132102966308594 0.40418481826782227 0.3076923076923077 1.0
0 1 22.642343220204207 0.138139009475708 0.5423238277435303 0.26666666666666666 1.0
0 1 19.721791308170232 0.1593029499053955 0.7016267776489258 0.27586206896551724 1.0
0 1 17.177950560167822 0.2962801456451416 0.9979069232940674 0.26666666666666666 1.0
0 1 14.962230399696251 0.22128701210021973 1.219193935394287 0.24242424242424243 1.0
0 1 13.03230776858211 0.20486807823181152 1.4240620136260986 0.2222222222222222 1.0
0 1 11.351318703025308 0.20594501495361328 1.630007028579712 0.2222222222222222 1.0
0 1 9.887154185253786 0.16521000862121582 1.7952170372009277 0.21621621621621623 1.0
0 1 8.611846820663045 0.16441607475280762 1.9596331119537354 0.20512820512820512 1.0
0 1 7.501036625197576 0.1905369758605957 2.150170087814331 0.19999999999999998 1.0
0 1 6.53350571883761 0.15691399574279785 2.307084083557129 0.20512820512820512 1.0
0 1 5.69077303724795 0.21452689170837402 2.521610975265503 0.18604651162790697 1.0
0 1 4.956741320068812 0.1704549789428711 2.692065954208374 0.1777777777777778 1.0
0 1 4.317389632878279 0.22436881065368652 2.9164347648620605 0.16666666666666666 1.0
0 1 3.7605055496069455 1.9920570850372314 4.908491849899292 0.1702127659574468 1.0
0 1 3.2754518797500736 0.4130868911743164 5.321578741073608 0.1702127659574468 1.0
0 1 2.8529634845718124 0.22661614418029785 5.548194885253906 0.16666666666666666 1.0
0 1 2.4849703012340436 0.18240880966186523 5.7306036949157715 0.163265306122449 1.0
0 1 2.1644431943866964 0.29802989959716797 6.0286335945129395 0.163265306122449 1.0
0 1 1.8852596907900219 0.1792299747467041 6.2078635692596436 0.163265306122449 1.0
0 1 1.6420870323301746 0.16143107414245605 6.3692946434021 0.163265306122449 1.0
0 1 1.4302803135927475 0.15229201316833496 6.521586656570435 0.163265306122449 1.0
0 1 1.2457937582930971 0.15232300758361816 6.673909664154053 0.163265306122449 1.0
0 1 1.0851034398309916 0.560945987701416 7.234855651855469 0.1568627450980392 1.0
0 1 0.945139969834425 0.4442880153656006 7.679143667221069 0.1568627450980392 1.0
0 1 0.823229868958621 0.5812389850616455 8.260382652282715 0.1568627450980392 1.0
0 1 0.7170445000483404 1.0104680061340332 9.270850658416748 0.15384615384615383 1.0
0 1 0.624555588222246 0.9782178401947021 10.24906849861145 0.1509433962264151 1.0
0 1 0.5439964782567033 0.7069740295410156 10.956042528152466 0.1509433962264151 1.0
0 1 0.4738283892360109 0.6260530948638916 11.582095623016357 0.1509433962264151 1.0
0 1 0.4127110218901976 0.6447088718414307 12.226804494857788 0.1481481481481481 1.0
0 1 0.3594769571833539 0.6215810775756836 12.848385572433472 0.1481481481481481 1.0
0 0.1 130.20161032759302 0.0011951923370361328 12.849580764770508 0.0 1.0
0 0.1 113.40738729625762 0.0011739730834960938 12.850754737854004 0.0 1.0
0 0.1 98.77938883400856 0.001157999038696289 12.8519127368927 0.0 1.0
0 0.1 86.03820166433057 0.0012140274047851562 12.853126764297485 0.0 1.0
0 0.1 74.9404529934022 0.001194000244140625 12.854320764541626 0.0 1.0
0 0.1 65.27416178184274 0.0011661052703857422 12.855486869812012 0.0 1.0
0 0.1 56.854689638682785 0.0011551380157470703 12.856642007827759 0.0 1.0
0 0.1 49.52121399451067 0.0011548995971679688 12.857796907424927 0.0 1.0
0 0.1 43.13365618693992 0.0012400150299072266 12.859036922454834 0.0 1.0
0 0.1 37.570005780944214 0.001194000244140625 12.860230922698975 0.0 1.0
0 0.1 32.7239900151928 0.0012309551239013672 12.861461877822876 0.0 1.0
0 0.1 28.503043857863506 0.0011630058288574219 12.862624883651733 0.0 1.0
0 0.1 24.826541897430772 0.017647743225097656 12.880272626876831 0.5714285714285715 1.0
0 0.1 21.624258295306348 0.007688999176025391 12.887961626052856 0.5714285714285715 1.0
0 0.1 18.835025383479486 0.006300926208496094 12.894262552261353 0.5714285714285715 1.0
0 0.1 16.405565284674683 0.006235837936401367 12.900498390197754 0.5714285714285715 1.0
0 0.1 14.289472237493916 0.006443023681640625 12.906941413879395 0.5714285714285715 1.0
0 0.1 12.446326187665905 0.006512880325317383 12.913454294204712 0.5714285714285715 1.0
0 0.1 10.840920713874212 0.01367330551147461 12.927127599716187 0.7499999999999999 1.0
0 0.1 9.44259054057033 0.007632017135620117 12.934759616851807 0.7499999999999999 1.0
0 0.1 8.224625792416147 0.006306886672973633 12.94106650352478 0.7499999999999999 1.0
0 0.1 7.163761801874259 0.0062258243560791016 12.94729232788086 0.7499999999999999 1.0
0 0.1 6.239734724625884 0.006304025650024414 12.953596353530884 0.7499999999999999 1.0
0 0.1 5.43489447450858 0.0370631217956543 12.990659475326538 0.7272727272727272 1.0
0 0.1 4.733867584541418 0.014373064041137695 13.005032539367676 0.7272727272727272 1.0
0 0.1 4.123263554256632 0.013974905014038086 13.019007444381714 0.7272727272727272 1.0
0 0.1 3.591419074200402 0.06868982315063477 13.087697267532349 0.5714285714285714 1.0
0 0.1 3.128175241967003 0.15540099143981934 13.243098258972168 0.4444444444444444 1.0
0 0.1 2.7246835143108377 0.0680837631225586 13.311182022094727 0.4210526315789473 1.0
0 0.1 2.373236688776134 0.09661102294921875 13.407793045043945 0.38095238095238093 1.0
0 0.1 2.0671216863796724 0.5740001201629639 13.98179316520691 0.3333333333333333 1.0
0 0.1 1.8004913233094775 0.604417085647583 14.586210250854492 0.32000000000000006 1.0
0 0.1 1.5682526223167341 0.6618950366973877 15.24810528755188 0.2857142857142857 1.0
0 0.1 1.3659695304072161 0.47640299797058105 15.724508285522461 0.27586206896551724 1.0
0 0.1 1.1897781846170337 0.3491859436035156 16.073694229125977 0.25806451612903225 1.0
0 0.1 1.036313107341863 0.11139297485351562 16.185087203979492 0.25806451612903225 1.0
0 0.1 0.9026429214570189 0.24354887008666992 16.428636074066162 0.24242424242424243 1.0
0 0.1 0.786214357305898 0.23020482063293457 16.658840894699097 0.2352941176470588 1.0
0 0.1 0.6848034820193963 0.08106684684753418 16.73990774154663 0.2352941176470588 1.0
0 0.1 0.5964732195846044 0.7207779884338379 17.46068572998047 0.2285714285714286 1.0
0 0.1 0.5195363502423698 0.7617640495300293 18.222449779510498 0.2222222222222222 1.0
0 0.1 0.4525232824553942 2.7330257892608643 20.955475568771362 0.19999999999999998 1.0
0 0.1 0.3941539818506903 0.397845983505249 21.35332155227661 0.19999999999999998 1.0
0 0.1 0.34331352094368267 0.6510341167449951 22.004355669021606 0.19512195121951217 1.0
0 0.1 0.2990307826127625 0.8139410018920898 22.818296670913696 0.19047619047619047 1.0
0 0.1 0.2604599105337001 1.317134141921997 24.135430812835693 0.18181818181818182 1.0
0 0.1 0.22686415225376097 0.4551360607147217 24.590566873550415 0.18181818181818182 1.0
0 0.1 0.19760178628779224 0.21805524826049805 24.808622121810913 0.18181818181818182 1.0
0 0.1 0.17211386442601356 0.14312386512756348 24.951745986938477 0.18181818181818182 1.0
0 0.1 0.14991353511608546 2.5609207153320312 27.512666702270508 0.1739130434782609 1.0
0 0.01 28.211963230963963 0.0011529922485351562 27.513819694519043 0.0 1.0
0 0.01 24.573006681497752 0.0011746883392333984 27.514994382858276 0.0 1.0
0 0.01 21.403425646968028 0.0011739730834960938 27.516168355941772 0.0 1.0
0 0.01 18.642677119777133 0.0013036727905273438 27.5174720287323 0.0 1.0
0 0.01 16.238027310431736 0.0011959075927734375 27.518667936325073 0.0 1.0
0 0.01 14.143544365449966 0.0011849403381347656 27.519852876663208 0.0 1.0
0 0.01 12.319221010851523 0.0011739730834960938 27.521026849746704 0.0 1.0
0 0.01 10.730210362611421 0.0011570453643798828 27.522183895111084 0.0 1.0
0 0.01 9.346160307090315 0.0013570785522460938 27.52354097366333 0.0 1.0
0 0.01 8.140633737265514 0.0011668205261230469 27.524707794189453 0.0 1.0
0 0.01 7.090603570541246 0.0011620521545410156 27.525869846343994 0.0 1.0
0 0.01 6.176012902339531 0.0011599063873291016 27.527029752731323 0.0 1.0
0 0.01 5.379391893848717 0.0011591911315917969 27.528188943862915 0.0 1.0
0 0.01 4.685524076001097 0.0013020038604736328 27.52949094772339 0.0 1.0
0 0.01 4.081155695663349 0.0011870861053466797 27.530678033828735 0.0 1.0
0 0.01 3.554742552184356 0.0012078285217285156 27.531885862350464 0.0 1.0
0 0.01 3.09622948855821 0.0013871192932128906 27.533272981643677 0.0 1.0
0 0.01 2.6968583252045994 0.001178741455078125 27.534451723098755 0.0 1.0
0 0.01 2.349000567658869 0.012187004089355469 27.54663872718811 0.5714285714285715 1.0
0 0.01 2.046011692676912 0.0038030147552490234 27.55044174194336 0.5714285714285715 1.0
0 0.01 1.7821042294352372 0.003632783889770508 27.55407452583313 0.5714285714285715 1.0
0 0.01 1.5522372115164986 0.0038089752197265625 27.557883501052856 0.5714285714285715 1.0
0 0.01 1.3520198880735976 0.004052162170410156 27.561935663223267 0.5714285714285715 1.0
0 0.01 1.1776278549337647 0.003696918487548828 27.565632581710815 0.5714285714285715 1.0
0 0.01 1.0257300036406054 0.011852025985717773 27.577484607696533 0.7499999999999999 1.0
0 0.01 0.8934248930683893 0.003593921661376953 27.58107852935791 0.7499999999999999 1.0
0 0.01 0.7781853282259436 0.0024759769439697266 27.58355450630188 0.7499999999999999 1.0
0 0.01 0.6778100876351608 0.0026769638061523438 27.586231470108032 0.7499999999999999 1.0
0 0.01 0.590381877216004 0.0026209354400634766 27.588852405548096 0.7499999999999999 1.0
0 0.01 0.5142307075440048 0.020730018615722656 27.60958242416382 0.7272727272727272 1.0
0 0.01 0.44790199493955546 0.0042760372161865234 27.613858461380005 0.7272727272727272 1.0
0 0.01 0.39012877707943217 0.049504995346069336 27.663363456726074 0.5000000000000001 1.0
0 0.01 0.33980751241358653 0.056061744689941406 27.719425201416016 0.4 1.0
0 0.01 0.2959770011254507 0.015262126922607422 27.734687328338623 0.4 1.0
0 0.01 0.2578000249994245 0.01452326774597168 27.749210596084595 0.4 1.0
0 0.01 0.22454735549379537 0.0787050724029541 27.82791566848755 0.3076923076923077 1.0
0 0.01 0.19558382455304058 0.017836809158325195 27.845752477645874 0.3076923076923077 1.0
0 0.01 0.1703561920944177 0.19132471084594727 28.03707718849182 0.26666666666666666 1.0
0 0.01 0.14838257842248037 0.07592487335205078 28.113002061843872 0.25806451612903225 1.0
0 0.01 0.12924325971726744 0.025554180145263672 28.138556241989136 0.25806451612903225 1.0
0 0.01 0.1125726507783501 0.07561612129211426 28.21417236328125 0.25 1.0
0 0.01 0.09805232188500161 0.07680201530456543 28.290974378585815 0.24242424242424243 1.0
0 0.01 0.08540491638568569 0.10503625869750977 28.396010637283325 0.2352941176470588 1.0
0 0.01 0.07438885283512764 0.026835918426513672 28.42284655570984 0.2352941176470588 1.0
0 0.01 0.06479371048308594 0.09500789642333984 28.51785445213318 0.2285714285714286 1.0
0 0.01 0.056436209971818335 0.25444626808166504 28.772300720214844 0.21621621621621623 1.0
0 0.01 0.049156712468482675 0.05140113830566406 28.823701858520508 0.21621621621621623 1.0
0 0.01 0.0428161703614703 0.22423505783081055 29.04793691635132 0.20512820512820512 1.0
0 0.01 0.03729347127511503 0.04991507530212402 29.097851991653442 0.20512820512820512 1.0
0 0.01 0.032483124670098805 0.04480719566345215 29.142659187316895 0.20512820512820512 1.0
