[216.40736058 188.4937774  164.18066384 143.00360867 124.55810333
 108.49181534  94.49785828  82.30892987  71.69220614  62.44489425
  54.39035884  47.37474809  41.26405496  35.94155748  31.30558923
  27.26759733  23.75045104  20.68696841  18.01863304  15.69447636
  13.67010404  11.906848    10.37102782   9.03330739   7.86813455
   6.85325305   5.96927734   5.19932239   4.52868107   3.94454329
   3.43575127   2.99258645   2.60658382   2.27037024   1.9775236
   1.72245016   1.5002777    1.30676244   1.138208     0.99139477
   0.86351843   0.75213639   0.65512111   0.57061946   0.49701737
   0.43290895   0.37706963   0.32843281   0.28606948   0.24917044]0 1 312.2098259152708 0.0006308555603027344 0.0006308555603027344 0.0 1.0
0 1 271.93903789811014 0.0006392002105712891 0.0012700557708740234 0.0 1.0
0 1 236.8626295349813 0.006300926208496094 0.007570981979370117 0.33333333333333337 1.0
0 1 206.31059705097118 0.0075800418853759766 0.015151023864746094 0.5714285714285715 1.0
0 1 179.69935797424765 0.0038259029388427734 0.018976926803588867 0.5714285714285715 1.0
0 1 156.52060397255676 0.003019094467163086 0.021996021270751953 0.5714285714285715 1.0
0 1 136.33159152101595 0.0032320022583007812 0.025228023529052734 0.5714285714285715 1.0
0 1 118.74668494067365 0.00879216194152832 0.034020185470581055 0.7499999999999999 1.0
0 1 103.42999026917344 0.005349874496459961 0.039370059967041016 0.7499999999999999 1.0
0 1 90.08893926113359 0.004583120346069336 0.04395318031311035 0.7499999999999999 1.0
0 1 78.46870096453189 0.0052947998046875 0.04924798011779785 0.7499999999999999 1.0
0 1 68.34731412713553 0.004676103591918945 0.0539240837097168 0.7499999999999999 1.0
0 1 59.53144745577994 0.004806041717529297 0.058730125427246094 0.6666666666666665 1.0
0 1 51.85270674408604 0.009196043014526367 0.06792616844177246 0.7272727272727272 1.0
0 1 45.16441833008278 0.00974893569946289 0.07767510414123535 0.7272727272727272 1.0
0 1 39.33882744370648 0.010914087295532227 0.08858919143676758 0.6153846153846154 1.0
0 1 34.26465792907022 0.01690387725830078 0.10549306869506836 0.47058823529411764 1.0
0 1 29.84498672911064 0.02435612678527832 0.12984919548034668 0.3636363636363636 1.0
0 1 25.99539253258091 0.030719995498657227 0.1605691909790039 0.3076923076923077 1.0
0 1 22.642343220204207 0.09022808074951172 0.2507972717285156 0.26666666666666666 1.0
0 1 19.721791308170232 0.10474419593811035 0.355541467666626 0.27586206896551724 1.0
0 1 17.177950560167822 0.24784183502197266 0.6033833026885986 0.26666666666666666 1.0
0 1 14.962230399696251 0.16933703422546387 0.7727203369140625 0.24242424242424243 1.0
0 1 13.03230776858211 0.17400407791137695 0.9467244148254395 0.2222222222222222 1.0
0 1 11.351318703025308 0.1523900032043457 1.0991144180297852 0.2222222222222222 1.0
0 1 9.887154185253786 0.12218499183654785 1.221299409866333 0.21621621621621623 1.0
0 1 8.611846820663045 0.12213015556335449 1.3434295654296875 0.20512820512820512 1.0
0 1 7.501036625197576 0.1413729190826416 1.484802484512329 0.19999999999999998 1.0
0 1 6.53350571883761 0.12229013442993164 1.6070926189422607 0.20512820512820512 1.0
0 1 5.69077303724795 0.16651701927185059 1.7736096382141113 0.18604651162790697 1.0
0 1 4.956741320068812 0.12371611595153809 1.8973257541656494 0.1777777777777778 1.0
0 1 4.317389632878279 0.16747593879699707 2.0648016929626465 0.1702127659574468 1.0
0 1 3.7605055496069455 1.6993179321289062 3.7641196250915527 0.1702127659574468 1.0
0 1 3.2754518797500736 0.3369569778442383 4.101076602935791 0.1702127659574468 1.0
0 1 2.8529634845718124 0.13044095039367676 4.231517553329468 0.16666666666666666 1.0
0 1 2.4849703012340436 0.13146281242370605 4.362980365753174 0.163265306122449 1.0
0 1 2.1644431943866964 0.22959113121032715 4.592571496963501 0.163265306122449 1.0
0 1 1.8852596907900219 0.09599900245666504 4.688570499420166 0.163265306122449 1.0
0 1 1.6420870323301746 0.09640097618103027 4.784971475601196 0.163265306122449 1.0
0 1 1.4302803135927475 0.09410715103149414 4.87907862663269 0.163265306122449 1.0
0 1 1.2457937582930971 0.0943002700805664 4.973378896713257 0.163265306122449 1.0
0 1 1.0851034398309916 0.22524189949035645 5.198620796203613 0.1568627450980392 1.0
0 1 0.945139969834425 0.223222017288208 5.421842813491821 0.1568627450980392 1.0
0 1 0.823229868958621 0.36951613426208496 5.791358947753906 0.1568627450980392 1.0
0 1 0.7170445000483404 0.6640608310699463 6.4554197788238525 0.15384615384615383 1.0
0 1 0.624555588222246 0.4425218105316162 6.897941589355469 0.1509433962264151 1.0
0 1 0.5439964782567033 0.29630303382873535 7.194244623184204 0.1509433962264151 1.0
0 1 0.4738283892360109 0.2319490909576416 7.426193714141846 0.1509433962264151 1.0
0 1 0.4127110218901976 0.22686505317687988 7.653058767318726 0.1481481481481481 1.0
0 1 0.3594769571833539 0.2279338836669922 7.880992650985718 0.1481481481481481 1.0
0 0.1 130.20161032759302 0.0006489753723144531 7.881641626358032 0.0 1.0
0 0.1 113.40738729625762 0.0006401538848876953 7.88228178024292 0.0 1.0
0 0.1 98.77938883400856 0.0006570816040039062 7.882938861846924 0.0 1.0
0 0.1 86.03820166433057 0.0007061958312988281 7.883645057678223 0.0 1.0
0 0.1 74.9404529934022 0.0006897449493408203 7.8843348026275635 0.0 1.0
0 0.1 65.27416178184274 0.0006711483001708984 7.885005950927734 0.0 1.0
0 0.1 56.854689638682785 0.0006871223449707031 7.885693073272705 0.0 1.0
0 0.1 49.52121399451067 0.0006270408630371094 7.886320114135742 0.0 1.0
0 0.1 43.13365618693992 0.0006442070007324219 7.886964321136475 0.0 1.0
0 0.1 37.570005780944214 0.0006709098815917969 7.887635231018066 0.0 1.0
0 0.1 32.7239900151928 0.0006840229034423828 7.888319253921509 0.0 1.0
0 0.1 28.503043857863506 0.0006678104400634766 7.888987064361572 0.0 1.0
0 0.1 24.826541897430772 0.009509086608886719 7.898496150970459 0.5714285714285715 1.0
0 0.1 21.624258295306348 0.0015790462493896484 7.900075197219849 0.5714285714285715 1.0
0 0.1 18.835025383479486 0.0015301704406738281 7.9016053676605225 0.5714285714285715 1.0
0 0.1 16.405565284674683 0.0014820098876953125 7.903087377548218 0.5714285714285715 1.0
0 0.1 14.289472237493916 0.001628875732421875 7.90471625328064 0.5714285714285715 1.0
0 0.1 12.446326187665905 0.001772165298461914 7.906488418579102 0.5714285714285715 1.0
0 0.1 10.840920713874212 0.007370948791503906 7.9138593673706055 0.7499999999999999 1.0
0 0.1 9.44259054057033 0.002359151840209961 7.916218519210815 0.7499999999999999 1.0
0 0.1 8.224625792416147 0.0022661685943603516 7.918484687805176 0.7499999999999999 1.0
0 0.1 7.163761801874259 0.002540111541748047 7.921024799346924 0.7499999999999999 1.0
0 0.1 6.239734724625884 0.0027179718017578125 7.923742771148682 0.7499999999999999 1.0
0 0.1 5.43489447450858 0.026196956634521484 7.949939727783203 0.7272727272727272 1.0
0 0.1 4.733867584541418 0.0061130523681640625 7.956052780151367 0.7272727272727272 1.0
0 0.1 4.123263554256632 0.006851673126220703 7.962904453277588 0.7272727272727272 1.0
0 0.1 3.591419074200402 0.05410885810852051 8.017013311386108 0.5714285714285714 1.0
0 0.1 3.128175241967003 0.14087224006652832 8.157885551452637 0.4444444444444444 1.0
0 0.1 2.7246835143108377 0.05237388610839844 8.210259437561035 0.4210526315789473 1.0
0 0.1 2.373236688776134 0.08384490013122559 8.29410433769226 0.38095238095238093 1.0
0 0.1 2.0671216863796724 0.22851991653442383 8.522624254226685 0.3333333333333333 1.0
0 0.1 1.8004913233094775 0.47426295280456543 8.99688720703125 0.32000000000000006 1.0
0 0.1 1.5682526223167341 0.5520799160003662 9.548967123031616 0.2857142857142857 1.0
0 0.1 1.3659695304072161 0.4183180332183838 9.96728515625 0.27586206896551724 1.0
0 0.1 1.1897781846170337 0.25199317932128906 10.219278335571289 0.25806451612903225 1.0
0 0.1 1.036313107341863 0.07530498504638672 10.294583320617676 0.25806451612903225 1.0
0 0.1 0.9026429214570189 0.16684317588806152 10.461426496505737 0.24242424242424243 1.0
0 0.1 0.786214357305898 0.19469285011291504 10.656119346618652 0.2352941176470588 1.0
0 0.1 0.6848034820193963 0.059205055236816406 10.715324401855469 0.2352941176470588 1.0
0 0.1 0.5964732195846044 0.6476809978485107 11.36300539970398 0.2285714285714286 1.0
0 0.1 0.5195363502423698 0.6396732330322266 12.002678632736206 0.2222222222222222 1.0
0 0.1 0.4525232824553942 2.335191011428833 14.337869644165039 0.19999999999999998 1.0
0 0.1 0.3941539818506903 0.28946495056152344 14.627334594726562 0.19999999999999998 1.0
0 0.1 0.34331352094368267 0.4718170166015625 15.099151611328125 0.19512195121951217 1.0
0 0.1 0.2990307826127625 0.7662608623504639 15.865412473678589 0.19047619047619047 1.0
0 0.1 0.2604599105337001 0.8052520751953125 16.6706645488739 0.18604651162790697 1.0
0 0.1 0.22686415225376097 0.24048686027526855 16.91115140914917 0.18181818181818182 1.0
0 0.1 0.19760178628779224 0.129180908203125 17.040332317352295 0.18181818181818182 1.0
0 0.1 0.17211386442601356 0.11274909973144531 17.15308141708374 0.18181818181818182 1.0
0 0.1 0.14991353511608546 1.6648457050323486 18.81792712211609 0.1739130434782609 1.0
0 0.01 28.211963230963963 0.0007419586181640625 18.818669080734253 0.0 1.0
0 0.01 24.573006681497752 0.0007238388061523438 18.819392919540405 0.0 1.0
0 0.01 21.403425646968028 0.0006318092346191406 18.820024728775024 0.0 1.0
0 0.01 18.642677119777133 0.0006430149078369141 18.82066774368286 0.0 1.0
0 0.01 16.238027310431736 0.0006542205810546875 18.821321964263916 0.0 1.0
0 0.01 14.143544365449966 0.0006656646728515625 18.821987628936768 0.0 1.0
0 0.01 12.319221010851523 0.0007002353668212891 18.82268786430359 0.0 1.0
0 0.01 10.730210362611421 0.0006282329559326172 18.82331609725952 0.0 1.0
0 0.01 9.346160307090315 0.0006380081176757812 18.823954105377197 0.0 1.0
0 0.01 8.140633737265514 0.0007588863372802734 18.824712991714478 0.0 1.0
0 0.01 7.090603570541246 0.0006380081176757812 18.825350999832153 0.0 1.0
0 0.01 6.176012902339531 0.0006389617919921875 18.825989961624146 0.0 1.0
0 0.01 5.379391893848717 0.0006151199340820312 18.826605081558228 0.0 1.0
0 0.01 4.685524076001097 0.0006241798400878906 18.827229261398315 0.0 1.0
0 0.01 4.081155695663349 0.0006227493286132812 18.82785201072693 0.0 1.0
0 0.01 3.554742552184356 0.0006189346313476562 18.828470945358276 0.0 1.0
0 0.01 3.09622948855821 0.0006139278411865234 18.829084873199463 0.0 1.0
0 0.01 2.6968583252045994 0.0007729530334472656 18.82985782623291 0.0 1.0
0 0.01 2.349000567658869 0.01584911346435547 18.845706939697266 0.5714285714285715 1.0
0 0.01 2.046011692676912 0.0010921955108642578 18.84679913520813 0.5714285714285715 1.0
0 0.01 1.7821042294352372 0.0010521411895751953 18.847851276397705 0.5714285714285715 1.0
0 0.01 1.5522372115164986 0.0009028911590576172 18.848754167556763 0.5714285714285715 1.0
0 0.01 1.3520198880735976 0.0008418560028076172 18.84959602355957 0.5714285714285715 1.0
0 0.01 1.1776278549337647 0.0008549690246582031 18.85045099258423 0.5714285714285715 1.0
0 0.01 1.0257300036406054 0.005239248275756836 18.855690240859985 0.7499999999999999 1.0
0 0.01 0.8934248930683893 0.0010769367218017578 18.856767177581787 0.7499999999999999 1.0
0 0.01 0.7781853282259436 0.0011112689971923828 18.85787844657898 0.7499999999999999 1.0
0 0.01 0.6778100876351608 0.0008759498596191406 18.8587543964386 0.7499999999999999 1.0
0 0.01 0.590381877216004 0.0009410381317138672 18.859695434570312 0.7499999999999999 1.0
0 0.01 0.5142307075440048 0.012093782424926758 18.87178921699524 0.7272727272727272 1.0
0 0.01 0.44790199493955546 0.0018680095672607422 18.8736572265625 0.7272727272727272 1.0
0 0.01 0.39012877707943217 0.04049110412597656 18.914148330688477 0.5000000000000001 1.0
0 0.01 0.33980751241358653 0.04670000076293945 18.960848331451416 0.4 1.0
0 0.01 0.2959770011254507 0.008040904998779297 18.968889236450195 0.4 1.0
0 0.01 0.2578000249994245 0.008086919784545898 18.97697615623474 0.4 1.0
0 0.01 0.22454735549379537 0.06728410720825195 19.044260263442993 0.3076923076923077 1.0
0 0.01 0.19558382455304058 0.011633157730102539 19.055893421173096 0.3076923076923077 1.0
0 0.01 0.1703561920944177 0.18576884269714355 19.24166226387024 0.26666666666666666 1.0
0 0.01 0.14838257842248037 0.06027507781982422 19.301937341690063 0.25806451612903225 1.0
0 0.01 0.12924325971726744 0.016922950744628906 19.318860292434692 0.25806451612903225 1.0
0 0.01 0.1125726507783501 0.061630964279174805 19.380491256713867 0.25 1.0
0 0.01 0.09805232188500161 0.06329488754272461 19.443786144256592 0.24242424242424243 1.0
0 0.01 0.08540491638568569 0.0855262279510498 19.52931237220764 0.2352941176470588 1.0
0 0.01 0.07438885283512764 0.017201900482177734 19.54651427268982 0.2352941176470588 1.0
0 0.01 0.06479371048308594 0.08057498931884766 19.627089262008667 0.2285714285714286 1.0
0 0.01 0.056436209971818335 0.22418594360351562 19.851275205612183 0.21621621621621623 1.0
0 0.01 0.049156712468482675 0.03094005584716797 19.88221526145935 0.21621621621621623 1.0
0 0.01 0.0428161703614703 0.18729901313781738 20.069514274597168 0.20512820512820512 1.0
0 0.01 0.03729347127511503 0.028336763381958008 20.097851037979126 0.20512820512820512 1.0
0 0.01 0.032483124670098805 0.02773594856262207 20.125586986541748 0.20512820512820512 1.0
