[216.40736058 188.4937774  164.18066384 143.00360867 124.55810333
 108.49181534  94.49785828  82.30892987  71.69220614  62.44489425
  54.39035884  47.37474809  41.26405496  35.94155748  31.30558923
  27.26759733  23.75045104  20.68696841  18.01863304  15.69447636
  13.67010404  11.906848    10.37102782   9.03330739   7.86813455
   6.85325305   5.96927734   5.19932239   4.52868107   3.94454329
   3.43575127   2.99258645   2.60658382   2.27037024   1.9775236
   1.72245016   1.5002777    1.30676244   1.138208     0.99139477
   0.86351843   0.75213639   0.65512111   0.57061946   0.49701737
   0.43290895   0.37706963   0.32843281   0.28606948   0.24917044]0 1 312.2098259152708 0.0011780261993408203 0.0011780261993408203 0.0 1.0
0 1 271.93903789811014 0.0012311935424804688 0.002409219741821289 0.0 1.0
0 1 236.8626295349813 0.03471517562866211 0.0371243953704834 0.33333333333333337 1.0
0 1 206.31059705097118 0.02515125274658203 0.06227564811706543 0.5714285714285715 1.0
0 1 179.69935797424765 0.015333890914916992 0.07760953903198242 0.5714285714285715 1.0
0 1 156.52060397255676 0.01306915283203125 0.09067869186401367 0.5714285714285715 1.0
0 1 136.33159152101595 0.010355949401855469 0.10103464126586914 0.5714285714285715 1.0
0 1 118.74668494067365 0.030267000198364258 0.1313016414642334 0.7499999999999999 1.0
0 1 103.42999026917344 0.0182950496673584 0.1495966911315918 0.7499999999999999 1.0
0 1 90.08893926113359 0.013504981994628906 0.1631016731262207 0.7499999999999999 1.0
0 1 78.46870096453189 0.01202392578125 0.1751255989074707 0.7499999999999999 1.0
0 1 68.34731412713553 0.009787797927856445 0.18491339683532715 0.7499999999999999 1.0
0 1 59.53144745577994 0.010464668273925781 0.19537806510925293 0.6666666666666665 1.0
0 1 51.85270674408604 0.015105962753295898 0.21048402786254883 0.7272727272727272 1.0
0 1 45.16441833008278 0.014063119888305664 0.2245471477508545 0.7272727272727272 1.0
0 1 39.33882744370648 0.015217781066894531 0.23976492881774902 0.6153846153846154 1.0
0 1 34.26465792907022 0.024096012115478516 0.26386094093322754 0.47058823529411764 1.0
0 1 29.84498672911064 0.028998851776123047 0.2928597927093506 0.3636363636363636 1.0
0 1 25.99539253258091 0.040618896484375 0.3334786891937256 0.3076923076923077 1.0
0 1 22.642343220204207 0.11172199249267578 0.44520068168640137 0.26666666666666666 1.0
0 1 19.721791308170232 0.13004612922668457 0.5752468109130859 0.27586206896551724 1.0
0 1 17.177950560167822 0.2668039798736572 0.8420507907867432 0.26666666666666666 1.0
0 1 14.962230399696251 0.195220947265625 1.0372717380523682 0.24242424242424243 1.0
0 1 13.03230776858211 0.18603301048278809 1.2233047485351562 0.2222222222222222 1.0
0 1 11.351318703025308 0.18178796768188477 1.405092716217041 0.2222222222222222 1.0
0 1 9.887154185253786 0.1399989128112793 1.5450916290283203 0.21621621621621623 1.0
0 1 8.611846820663045 0.14002585411071777 1.685117483139038 0.20512820512820512 1.0
0 1 7.501036625197576 0.16310501098632812 1.8482224941253662 0.19999999999999998 1.0
0 1 6.53350571883761 0.14015698432922363 1.9883794784545898 0.20512820512820512 1.0
0 1 5.69077303724795 0.18275094032287598 2.171130418777466 0.18604651162790697 1.0
0 1 4.956741320068812 0.15380406379699707 2.324934482574463 0.1777777777777778 1.0
0 1 4.317389632878279 0.19338703155517578 2.5183215141296387 0.1702127659574468 1.0
0 1 3.7605055496069455 1.869096040725708 4.387417554855347 0.1702127659574468 1.0
0 1 3.2754518797500736 0.36887693405151367 4.75629448890686 0.1702127659574468 1.0
0 1 2.8529634845718124 0.17966794967651367 4.935962438583374 0.16666666666666666 1.0
0 1 2.4849703012340436 0.1458282470703125 5.0817906856536865 0.163265306122449 1.0
0 1 2.1644431943866964 0.2503488063812256 5.332139492034912 0.163265306122449 1.0
0 1 1.8852596907900219 0.14218497276306152 5.474324464797974 0.163265306122449 1.0
0 1 1.6420870323301746 0.11999893188476562 5.594323396682739 0.163265306122449 1.0
0 1 1.4302803135927475 0.11600303649902344 5.710326433181763 0.163265306122449 1.0
0 1 1.2457937582930971 0.11272931098937988 5.823055744171143 0.163265306122449 1.0
0 1 1.0851034398309916 0.388916015625 6.211971759796143 0.1568627450980392 1.0
0 1 0.945139969834425 0.3437819480895996 6.555753707885742 0.1568627450980392 1.0
0 1 0.823229868958621 0.4827132225036621 7.038466930389404 0.1568627450980392 1.0
0 1 0.7170445000483404 0.802116870880127 7.840583801269531 0.15384615384615383 1.0
0 1 0.624555588222246 0.7347748279571533 8.575358629226685 0.1509433962264151 1.0
0 1 0.5439964782567033 0.5165932178497314 9.091951847076416 0.1509433962264151 1.0
0 1 0.4738283892360109 0.45134401321411133 9.543295860290527 0.1509433962264151 1.0
0 1 0.4127110218901976 0.45082712173461914 9.994122982025146 0.1481481481481481 1.0
0 1 0.3594769571833539 0.46404290199279785 10.458165884017944 0.1481481481481481 1.0
0 0.1 130.20161032759302 0.0012378692626953125 10.45940375328064 0.0 1.0
0 0.1 113.40738729625762 0.0012171268463134766 10.460620880126953 0.0 1.0
0 0.1 98.77938883400856 0.0014400482177734375 10.462060928344727 0.0 1.0
0 0.1 86.03820166433057 0.0012331008911132812 10.46329402923584 0.0 1.0
0 0.1 74.9404529934022 0.001177072525024414 10.464471101760864 0.0 1.0
0 0.1 65.27416178184274 0.0012581348419189453 10.465729236602783 0.0 1.0
0 0.1 56.854689638682785 0.0013027191162109375 10.467031955718994 0.0 1.0
0 0.1 49.52121399451067 0.0011489391326904297 10.468180894851685 0.0 1.0
0 0.1 43.13365618693992 0.001149892807006836 10.469330787658691 0.0 1.0
0 0.1 37.570005780944214 0.0011489391326904297 10.470479726791382 0.0 1.0
0 0.1 32.7239900151928 0.0013287067413330078 10.471808433532715 0.0 1.0
0 0.1 28.503043857863506 0.0011811256408691406 10.472989559173584 0.0 1.0
0 0.1 24.826541897430772 0.015184164047241211 10.488173723220825 0.5714285714285715 1.0
0 0.1 21.624258295306348 0.0052678585052490234 10.493441581726074 0.5714285714285715 1.0
0 0.1 18.835025383479486 0.005357027053833008 10.498798608779907 0.5714285714285715 1.0
0 0.1 16.405565284674683 0.0050051212310791016 10.503803730010986 0.5714285714285715 1.0
0 0.1 14.289472237493916 0.0052607059478759766 10.509064435958862 0.5714285714285715 1.0
0 0.1 12.446326187665905 0.0037937164306640625 10.512858152389526 0.5714285714285715 1.0
0 0.1 10.840920713874212 0.012809038162231445 10.525667190551758 0.7499999999999999 1.0
0 0.1 9.44259054057033 0.006391048431396484 10.532058238983154 0.7499999999999999 1.0
0 0.1 8.224625792416147 0.005290031433105469 10.53734827041626 0.7499999999999999 1.0
0 0.1 7.163761801874259 0.0050776004791259766 10.542425870895386 0.7499999999999999 1.0
0 0.1 6.239734724625884 0.005201816558837891 10.547627687454224 0.7499999999999999 1.0
0 0.1 5.43489447450858 0.034423828125 10.582051515579224 0.7272727272727272 1.0
0 0.1 4.733867584541418 0.012141942977905273 10.594193458557129 0.7272727272727272 1.0
0 0.1 4.123263554256632 0.011727333068847656 10.605920791625977 0.7272727272727272 1.0
0 0.1 3.591419074200402 0.06556916236877441 10.671489953994751 0.5714285714285714 1.0
0 0.1 3.128175241967003 0.15084409713745117 10.822334051132202 0.4444444444444444 1.0
0 0.1 2.7246835143108377 0.06005096435546875 10.882385015487671 0.4210526315789473 1.0
0 0.1 2.373236688776134 0.09224319458007812 10.974628210067749 0.38095238095238093 1.0
0 0.1 2.0671216863796724 0.44462108612060547 11.419249296188354 0.3333333333333333 1.0
0 0.1 1.8004913233094775 0.5950098037719727 12.014259099960327 0.32000000000000006 1.0
0 0.1 1.5682526223167341 0.6217362880706787 12.635995388031006 0.2857142857142857 1.0
0 0.1 1.3659695304072161 0.46891117095947266 13.104906558990479 0.27586206896551724 1.0
0 0.1 1.1897781846170337 0.3235619068145752 13.428468465805054 0.25806451612903225 1.0
0 0.1 1.036313107341863 0.10099196434020996 13.529460430145264 0.25806451612903225 1.0
0 0.1 0.9026429214570189 0.21837306022644043 13.747833490371704 0.24242424242424243 1.0
0 0.1 0.786214357305898 0.22062397003173828 13.968457460403442 0.2352941176470588 1.0
0 0.1 0.6848034820193963 0.07411003112792969 14.042567491531372 0.2352941176470588 1.0
0 0.1 0.5964732195846044 0.696871280670166 14.739438772201538 0.2285714285714286 1.0
0 0.1 0.5195363502423698 0.7992219924926758 15.538660764694214 0.2222222222222222 1.0
0 0.1 0.4525232824553942 3.976015090942383 19.514675855636597 0.19999999999999998 1.0
0 0.1 0.3941539818506903 0.3828310966491699 19.897506952285767 0.19999999999999998 1.0
0 0.1 0.34331352094368267 0.5815348625183105 20.479041814804077 0.19512195121951217 1.0
0 0.1 0.2990307826127625 0.8089070320129395 21.287948846817017 0.19047619047619047 1.0
0 0.1 0.2604599105337001 1.0217499732971191 22.309698820114136 0.18181818181818182 1.0
0 0.1 0.22686415225376097 0.40402793884277344 22.71372675895691 0.18181818181818182 1.0
0 0.1 0.19760178628779224 0.16965413093566895 22.883380889892578 0.18181818181818182 1.0
0 0.1 0.17211386442601356 0.12975001335144043 23.01313090324402 0.18181818181818182 1.0
0 0.1 0.14991353511608546 2.1869089603424072 25.200039863586426 0.1739130434782609 1.0
0 0.01 28.211963230963963 0.0012521743774414062 25.201292037963867 0.0 1.0
0 0.01 24.573006681497752 0.0011699199676513672 25.20246195793152 0.0 1.0
0 0.01 21.403425646968028 0.0011620521545410156 25.20362401008606 0.0 1.0
0 0.01 18.642677119777133 0.001367807388305664 25.204991817474365 0.0 1.0
0 0.01 16.238027310431736 0.0012340545654296875 25.206225872039795 0.0 1.0
0 0.01 14.143544365449966 0.0011591911315917969 25.207385063171387 0.0 1.0
0 0.01 12.319221010851523 0.0011589527130126953 25.2085440158844 0.0 1.0
0 0.01 10.730210362611421 0.001220703125 25.2097647190094 0.0 1.0
0 0.01 9.346160307090315 0.0012371540069580078 25.211001873016357 0.0 1.0
0 0.01 8.140633737265514 0.001191854476928711 25.212193727493286 0.0 1.0
0 0.01 7.090603570541246 0.0012409687042236328 25.21343469619751 0.0 1.0
0 0.01 6.176012902339531 0.001180887222290039 25.2146155834198 0.0 1.0
0 0.01 5.379391893848717 0.001188039779663086 25.215803623199463 0.0 1.0
0 0.01 4.685524076001097 0.0012080669403076172 25.21701169013977 0.0 1.0
0 0.01 4.081155695663349 0.0011610984802246094 25.218172788619995 0.0 1.0
0 0.01 3.554742552184356 0.001153707504272461 25.219326496124268 0.0 1.0
0 0.01 3.09622948855821 0.0012068748474121094 25.22053337097168 0.0 1.0
0 0.01 2.6968583252045994 0.0012669563293457031 25.221800327301025 0.0 1.0
0 0.01 2.349000567658869 0.010793924331665039 25.23259425163269 0.5714285714285715 1.0
0 0.01 2.046011692676912 0.002576112747192383 25.235170364379883 0.5714285714285715 1.0
0 0.01 1.7821042294352372 0.002562999725341797 25.237733364105225 0.5714285714285715 1.0
0 0.01 1.5522372115164986 0.002473115921020508 25.240206480026245 0.5714285714285715 1.0
0 0.01 1.3520198880735976 0.0025730133056640625 25.24277949333191 0.5714285714285715 1.0
0 0.01 1.1776278549337647 0.0026051998138427734 25.245384693145752 0.5714285714285715 1.0
0 0.01 1.0257300036406054 0.010783910751342773 25.256168603897095 0.7499999999999999 1.0
0 0.01 0.8934248930683893 0.002524852752685547 25.25869345664978 0.7499999999999999 1.0
0 0.01 0.7781853282259436 0.0025539398193359375 25.261247396469116 0.7499999999999999 1.0
0 0.01 0.6778100876351608 0.0024781227111816406 25.263725519180298 0.7499999999999999 1.0
0 0.01 0.590381877216004 0.002580881118774414 25.266306400299072 0.7499999999999999 1.0
0 0.01 0.5142307075440048 0.020306825637817383 25.28661322593689 0.7272727272727272 1.0
0 0.01 0.44790199493955546 0.0042438507080078125 25.290857076644897 0.7272727272727272 1.0
0 0.01 0.39012877707943217 0.04763603210449219 25.33849310874939 0.5000000000000001 1.0
0 0.01 0.33980751241358653 0.05561327934265137 25.39410638809204 0.4 1.0
0 0.01 0.2959770011254507 0.012897014617919922 25.40700340270996 0.4 1.0
0 0.01 0.2578000249994245 0.012636899948120117 25.41964030265808 0.4 1.0
0 0.01 0.22454735549379537 0.0762929916381836 25.495933294296265 0.3076923076923077 1.0
0 0.01 0.19558382455304058 0.016951799392700195 25.512885093688965 0.3076923076923077 1.0
0 0.01 0.1703561920944177 0.1908411979675293 25.703726291656494 0.26666666666666666 1.0
0 0.01 0.14838257842248037 0.07337212562561035 25.777098417282104 0.25806451612903225 1.0
0 0.01 0.12924325971726744 0.02404189109802246 25.801140308380127 0.25806451612903225 1.0
0 0.01 0.1125726507783501 0.0724489688873291 25.873589277267456 0.25 1.0
0 0.01 0.09805232188500161 0.07520794868469238 25.94879722595215 0.24242424242424243 1.0
0 0.01 0.08540491638568569 0.09479188919067383 26.043589115142822 0.2352941176470588 1.0
0 0.01 0.07438885283512764 0.024315834045410156 26.067904949188232 0.2352941176470588 1.0
0 0.01 0.06479371048308594 0.09037375450134277 26.158278703689575 0.2285714285714286 1.0
0 0.01 0.056436209971818335 0.24800920486450195 26.406287908554077 0.21621621621621623 1.0
0 0.01 0.049156712468482675 0.04503989219665527 26.451327800750732 0.21621621621621623 1.0
0 0.01 0.0428161703614703 0.21800994873046875 26.6693377494812 0.20512820512820512 1.0
0 0.01 0.03729347127511503 0.04377388954162598 26.713111639022827 0.20512820512820512 1.0
0 0.01 0.032483124670098805 0.04132199287414551 26.754433631896973 0.20512820512820512 1.0
