[216.40736058 188.4937774  164.18066384 143.00360867 124.55810333
 108.49181534  94.49785828  82.30892987  71.69220614  62.44489425
  54.39035884  47.37474809  41.26405496  35.94155748  31.30558923
  27.26759733  23.75045104  20.68696841  18.01863304  15.69447636
  13.67010404  11.906848    10.37102782   9.03330739   7.86813455
   6.85325305   5.96927734   5.19932239   4.52868107   3.94454329
   3.43575127   2.99258645   2.60658382   2.27037024   1.9775236
   1.72245016   1.5002777    1.30676244   1.138208     0.99139477
   0.86351843   0.75213639   0.65512111   0.57061946   0.49701737
   0.43290895   0.37706963   0.32843281   0.28606948   0.24917044]0 1 312.2098259152708 0.0006427764892578125 0.0006427764892578125 0.0 1.0
0 1 271.93903789811014 0.0006368160247802734 0.001279592514038086 0.0 1.0
0 1 236.8626295349813 0.00751495361328125 0.008794546127319336 0.33333333333333337 1.0
0 1 206.31059705097118 0.008208036422729492 0.017002582550048828 0.5714285714285715 1.0
0 1 179.69935797424765 0.005072832107543945 0.022075414657592773 0.5714285714285715 1.0
0 1 156.52060397255676 0.0036509037017822266 0.025726318359375 0.5714285714285715 1.0
0 1 136.33159152101595 0.0036818981170654297 0.02940821647644043 0.5714285714285715 1.0
0 1 118.74668494067365 0.010114908218383789 0.03952312469482422 0.7499999999999999 1.0
0 1 103.42999026917344 0.006310224533081055 0.04583334922790527 0.7499999999999999 1.0
0 1 90.08893926113359 0.004924297332763672 0.050757646560668945 0.7499999999999999 1.0
0 1 78.46870096453189 0.004827260971069336 0.05558490753173828 0.7499999999999999 1.0
0 1 68.34731412713553 0.004992961883544922 0.0605778694152832 0.7499999999999999 1.0
0 1 59.53144745577994 0.005331993103027344 0.06590986251831055 0.6666666666666665 1.0
0 1 51.85270674408604 0.010127067565917969 0.07603693008422852 0.7272727272727272 1.0
0 1 45.16441833008278 0.010593891143798828 0.08663082122802734 0.7272727272727272 1.0
0 1 39.33882744370648 0.012953996658325195 0.09958481788635254 0.6153846153846154 1.0
0 1 34.26465792907022 0.019969940185546875 0.11955475807189941 0.47058823529411764 1.0
0 1 29.84498672911064 0.0272979736328125 0.14685273170471191 0.3636363636363636 1.0
0 1 25.99539253258091 0.037322998046875 0.18417572975158691 0.3076923076923077 1.0
0 1 22.642343220204207 0.10448622703552246 0.2886619567871094 0.26666666666666666 1.0
0 1 19.721791308170232 0.12175607681274414 0.4104180335998535 0.27586206896551724 1.0
0 1 17.177950560167822 0.26308608055114746 0.673504114151001 0.26666666666666666 1.0
0 1 14.962230399696251 0.19454383850097656 0.8680479526519775 0.24242424242424243 1.0
0 1 13.03230776858211 0.18435382843017578 1.0524017810821533 0.2222222222222222 1.0
0 1 11.351318703025308 0.17645692825317383 1.2288587093353271 0.2222222222222222 1.0
0 1 9.887154185253786 0.13904738426208496 1.367906093597412 0.21621621621621623 1.0
0 1 8.611846820663045 0.13901424407958984 1.506920337677002 0.20512820512820512 1.0
0 1 7.501036625197576 0.16251516342163086 1.6694355010986328 0.19999999999999998 1.0
0 1 6.53350571883761 0.13923311233520508 1.808668613433838 0.20512820512820512 1.0
0 1 5.69077303724795 0.18245196342468262 1.9911205768585205 0.18604651162790697 1.0
0 1 4.956741320068812 0.1526169776916504 2.143737554550171 0.1777777777777778 1.0
0 1 4.317389632878279 0.19450688362121582 2.3382444381713867 0.1702127659574468 1.0
0 1 3.7605055496069455 1.8656461238861084 4.203890562057495 0.1702127659574468 1.0
0 1 3.2754518797500736 0.37494611740112305 4.578836679458618 0.1702127659574468 1.0
0 1 2.8529634845718124 0.17914700508117676 4.757983684539795 0.16666666666666666 1.0
0 1 2.4849703012340436 0.14725875854492188 4.905242443084717 0.163265306122449 1.0
0 1 2.1644431943866964 0.24819588661193848 5.153438329696655 0.163265306122449 1.0
0 1 1.8852596907900219 0.14142894744873047 5.294867277145386 0.163265306122449 1.0
0 1 1.6420870323301746 0.12195801734924316 5.416825294494629 0.163265306122449 1.0
0 1 1.4302803135927475 0.12045788764953613 5.537283182144165 0.163265306122449 1.0
0 1 1.2457937582930971 0.11554980278015137 5.652832984924316 0.163265306122449 1.0
0 1 1.0851034398309916 0.40135717391967773 6.054190158843994 0.1568627450980392 1.0
0 1 0.945139969834425 0.3453230857849121 6.399513244628906 0.1568627450980392 1.0
0 1 0.823229868958621 0.48799705505371094 6.887510299682617 0.1568627450980392 1.0
0 1 0.7170445000483404 0.8095948696136475 7.697105169296265 0.15384615384615383 1.0
0 1 0.624555588222246 0.7377939224243164 8.434899091720581 0.1509433962264151 1.0
0 1 0.5439964782567033 0.5191502571105957 8.954049348831177 0.1509433962264151 1.0
0 1 0.4738283892360109 0.45027995109558105 9.404329299926758 0.1509433962264151 1.0
0 1 0.4127110218901976 0.45349693298339844 9.857826232910156 0.1481481481481481 1.0
0 1 0.3594769571833539 0.4530019760131836 10.31082820892334 0.1481481481481481 1.0
0 0.1 130.20161032759302 0.0007510185241699219 10.31157922744751 0.0 1.0
0 0.1 113.40738729625762 0.0006401538848876953 10.312219381332397 0.0 1.0
0 0.1 98.77938883400856 0.0006258487701416016 10.312845230102539 0.0 1.0
0 0.1 86.03820166433057 0.0006310939788818359 10.313476324081421 0.0 1.0
0 0.1 74.9404529934022 0.0006511211395263672 10.314127445220947 0.0 1.0
0 0.1 65.27416178184274 0.0007109642028808594 10.314838409423828 0.0 1.0
0 0.1 56.854689638682785 0.0006310939788818359 10.31546950340271 0.0 1.0
0 0.1 49.52121399451067 0.0006349086761474609 10.316104412078857 0.0 1.0
0 0.1 43.13365618693992 0.0006310939788818359 10.31673550605774 0.0 1.0
0 0.1 37.570005780944214 0.0006508827209472656 10.317386388778687 0.0 1.0
0 0.1 32.7239900151928 0.0006279945373535156 10.31801438331604 0.0 1.0
0 0.1 28.503043857863506 0.0006470680236816406 10.318661451339722 0.0 1.0
0 0.1 24.826541897430772 0.010233163833618164 10.32889461517334 0.5714285714285715 1.0
0 0.1 21.624258295306348 0.0017879009246826172 10.330682516098022 0.5714285714285715 1.0
0 0.1 18.835025383479486 0.0018298625946044922 10.332512378692627 0.5714285714285715 1.0
0 0.1 16.405565284674683 0.0018777847290039062 10.33439016342163 0.5714285714285715 1.0
0 0.1 14.289472237493916 0.001825094223022461 10.336215257644653 0.5714285714285715 1.0
0 0.1 12.446326187665905 0.0016970634460449219 10.337912321090698 0.5714285714285715 1.0
0 0.1 10.840920713874212 0.007530927658081055 10.34544324874878 0.7499999999999999 1.0
0 0.1 9.44259054057033 0.0026297569274902344 10.34807300567627 0.7499999999999999 1.0
0 0.1 8.224625792416147 0.0026199817657470703 10.350692987442017 0.7499999999999999 1.0
0 0.1 7.163761801874259 0.003030061721801758 10.353723049163818 0.7499999999999999 1.0
0 0.1 6.239734724625884 0.0028748512268066406 10.356597900390625 0.7499999999999999 1.0
0 0.1 5.43489447450858 0.026582956314086914 10.383180856704712 0.7272727272727272 1.0
0 0.1 4.733867584541418 0.006963968276977539 10.39014482498169 0.7272727272727272 1.0
0 0.1 4.123263554256632 0.007748842239379883 10.39789366722107 0.7272727272727272 1.0
0 0.1 3.591419074200402 0.05640077590942383 10.454294443130493 0.5714285714285714 1.0
0 0.1 3.128175241967003 0.14698505401611328 10.601279497146606 0.4444444444444444 1.0
0 0.1 2.7246835143108377 0.051191091537475586 10.652470588684082 0.4210526315789473 1.0
0 0.1 2.373236688776134 0.0877840518951416 10.740254640579224 0.38095238095238093 1.0
0 0.1 2.0671216863796724 0.32136011123657227 11.061614751815796 0.3333333333333333 1.0
0 0.1 1.8004913233094775 0.4911458492279053 11.552760601043701 0.32000000000000006 1.0
0 0.1 1.5682526223167341 0.5716440677642822 12.124404668807983 0.2857142857142857 1.0
0 0.1 1.3659695304072161 0.4433748722076416 12.567779541015625 0.27586206896551724 1.0
0 0.1 1.1897781846170337 0.28106093406677246 12.848840475082397 0.25806451612903225 1.0
0 0.1 1.036313107341863 0.08535504341125488 12.934195518493652 0.25806451612903225 1.0
0 0.1 0.9026429214570189 0.19570684432983398 13.129902362823486 0.24242424242424243 1.0
0 0.1 0.786214357305898 0.20682692527770996 13.336729288101196 0.2352941176470588 1.0
0 0.1 0.6848034820193963 0.06561517715454102 13.402344465255737 0.2352941176470588 1.0
0 0.1 0.5964732195846044 0.6656548976898193 14.067999362945557 0.2285714285714286 1.0
0 0.1 0.5195363502423698 0.696692943572998 14.764692306518555 0.2222222222222222 1.0
0 0.1 0.4525232824553942 2.555633783340454 17.32032608985901 0.19999999999999998 1.0
0 0.1 0.3941539818506903 0.3567698001861572 17.677095890045166 0.19999999999999998 1.0
0 0.1 0.34331352094368267 0.5542378425598145 18.23133373260498 0.19512195121951217 1.0
0 0.1 0.2990307826127625 0.8007590770721436 19.032092809677124 0.19047619047619047 1.0
0 0.1 0.2604599105337001 0.9756500720977783 20.007742881774902 0.18181818181818182 1.0
0 0.1 0.22686415225376097 0.3810591697692871 20.38880205154419 0.18181818181818182 1.0
0 0.1 0.19760178628779224 0.15893292427062988 20.54773497581482 0.18181818181818182 1.0
0 0.1 0.17211386442601356 0.12186217308044434 20.669597148895264 0.18181818181818182 1.0
0 0.1 0.14991353511608546 2.1659491062164307 22.835546255111694 0.1739130434782609 1.0
0 0.01 28.211963230963963 0.0006911754608154297 22.83623743057251 0.0 1.0
0 0.01 24.573006681497752 0.0006339550018310547 22.83687138557434 0.0 1.0
0 0.01 21.403425646968028 0.0006272792816162109 22.837498664855957 0.0 1.0
0 0.01 18.642677119777133 0.0006320476531982422 22.838130712509155 0.0 1.0
0 0.01 16.238027310431736 0.0006473064422607422 22.838778018951416 0.0 1.0
0 0.01 14.143544365449966 0.0006616115570068359 22.839439630508423 0.0 1.0
0 0.01 12.319221010851523 0.0006411075592041016 22.840080738067627 0.0 1.0
0 0.01 10.730210362611421 0.0006539821624755859 22.840734720230103 0.0 1.0
0 0.01 9.346160307090315 0.0006661415100097656 22.841400861740112 0.0 1.0
0 0.01 8.140633737265514 0.0006389617919921875 22.842039823532104 0.0 1.0
0 0.01 7.090603570541246 0.0006289482116699219 22.842668771743774 0.0 1.0
0 0.01 6.176012902339531 0.0006318092346191406 22.843300580978394 0.0 1.0
0 0.01 5.379391893848717 0.0006289482116699219 22.843929529190063 0.0 1.0
0 0.01 4.685524076001097 0.0006911754608154297 22.84462070465088 0.0 1.0
0 0.01 4.081155695663349 0.0006549358367919922 22.84527564048767 0.0 1.0
0 0.01 3.554742552184356 0.0006620883941650391 22.845937728881836 0.0 1.0
0 0.01 3.09622948855821 0.0006527900695800781 22.846590518951416 0.0 1.0
0 0.01 2.6968583252045994 0.0006890296936035156 22.84727954864502 0.0 1.0
0 0.01 2.349000567658869 0.01633286476135254 22.863612413406372 0.5714285714285715 1.0
0 0.01 2.046011692676912 0.0010581016540527344 22.864670515060425 0.5714285714285715 1.0
0 0.01 1.7821042294352372 0.0010552406311035156 22.86572575569153 0.5714285714285715 1.0
0 0.01 1.5522372115164986 0.0010838508605957031 22.866809606552124 0.5714285714285715 1.0
0 0.01 1.3520198880735976 0.0010459423065185547 22.867855548858643 0.5714285714285715 1.0
0 0.01 1.1776278549337647 0.0011780261993408203 22.869033575057983 0.5714285714285715 1.0
0 0.01 1.0257300036406054 0.005353212356567383 22.87438678741455 0.7499999999999999 1.0
0 0.01 0.8934248930683893 0.0010712146759033203 22.875458002090454 0.7499999999999999 1.0
0 0.01 0.7781853282259436 0.0012989044189453125 22.8767569065094 0.7499999999999999 1.0
0 0.01 0.6778100876351608 0.0011441707611083984 22.877901077270508 0.7499999999999999 1.0
0 0.01 0.590381877216004 0.00131988525390625 22.879220962524414 0.7499999999999999 1.0
0 0.01 0.5142307075440048 0.013502359390258789 22.892723321914673 0.7272727272727272 1.0
0 0.01 0.44790199493955546 0.003839254379272461 22.896562576293945 0.7272727272727272 1.0
0 0.01 0.39012877707943217 0.04261302947998047 22.939175605773926 0.5000000000000001 1.0
0 0.01 0.33980751241358653 0.046569108963012695 22.98574471473694 0.4 1.0
0 0.01 0.2959770011254507 0.008645057678222656 22.99438977241516 0.4 1.0
0 0.01 0.2578000249994245 0.009202003479003906 23.003591775894165 0.4 1.0
0 0.01 0.22454735549379537 0.06801986694335938 23.071611642837524 0.3076923076923077 1.0
0 0.01 0.19558382455304058 0.012714862823486328 23.08432650566101 0.3076923076923077 1.0
0 0.01 0.1703561920944177 0.18814682960510254 23.272473335266113 0.26666666666666666 1.0
0 0.01 0.14838257842248037 0.06325483322143555 23.33572816848755 0.25806451612903225 1.0
0 0.01 0.12924325971726744 0.019100189208984375 23.354828357696533 0.25806451612903225 1.0
0 0.01 0.1125726507783501 0.06358695030212402 23.418415307998657 0.25 1.0
0 0.01 0.09805232188500161 0.06679105758666992 23.485206365585327 0.24242424242424243 1.0
0 0.01 0.08540491638568569 0.0899817943572998 23.575188159942627 0.2352941176470588 1.0
0 0.01 0.07438885283512764 0.01915717124938965 23.594345331192017 0.2352941176470588 1.0
0 0.01 0.06479371048308594 0.08382225036621094 23.678167581558228 0.2285714285714286 1.0
0 0.01 0.056436209971818335 0.23268413543701172 23.91085171699524 0.21621621621621623 1.0
0 0.01 0.049156712468482675 0.03596210479736328 23.946813821792603 0.21621621621621623 1.0
0 0.01 0.0428161703614703 0.20195913314819336 24.148772954940796 0.20512820512820512 1.0
0 0.01 0.03729347127511503 0.03199291229248047 24.180765867233276 0.20512820512820512 1.0
0 0.01 0.032483124670098805 0.029855012893676758 24.210620880126953 0.20512820512820512 1.0
