[216.40736058 188.4937774  164.18066384 143.00360867 124.55810333
 108.49181534  94.49785828  82.30892987  71.69220614  62.44489425
  54.39035884  47.37474809  41.26405496  35.94155748  31.30558923
  27.26759733  23.75045104  20.68696841  18.01863304  15.69447636
  13.67010404  11.906848    10.37102782   9.03330739   7.86813455
   6.85325305   5.96927734   5.19932239   4.52868107   3.94454329
   3.43575127   2.99258645   2.60658382   2.27037024   1.9775236
   1.72245016   1.5002777    1.30676244   1.138208     0.99139477
   0.86351843   0.75213639   0.65512111   0.57061946   0.49701737
   0.43290895   0.37706963   0.32843281   0.28606948   0.24917044]0 1 312.2098259152708 0.0008347034454345703 0.0008347034454345703 0.0 1.0
0 1 271.93903789811014 0.0009701251983642578 0.0018048286437988281 0.0 1.0
0 1 236.8626295349813 0.008856058120727539 0.010660886764526367 0.33333333333333337 1.0
0 1 206.31059705097118 0.01093292236328125 0.021593809127807617 0.5714285714285715 1.0
0 1 179.69935797424765 0.0049779415130615234 0.02657175064086914 0.5714285714285715 1.0
0 1 156.52060397255676 0.0039060115814208984 0.03047776222229004 0.5714285714285715 1.0
0 1 136.33159152101595 0.00427699089050293 0.03475475311279297 0.5714285714285715 1.0
0 1 118.74668494067365 0.012809991836547852 0.04756474494934082 0.7499999999999999 1.0
0 1 103.42999026917344 0.008307933807373047 0.05587267875671387 0.7499999999999999 1.0
0 1 90.08893926113359 0.006629228591918945 0.06250190734863281 0.7499999999999999 1.0
0 1 78.46870096453189 0.0065500736236572266 0.06905198097229004 0.7499999999999999 1.0
0 1 68.34731412713553 0.0074160099029541016 0.07646799087524414 0.7499999999999999 1.0
0 1 59.53144745577994 0.007035255432128906 0.08350324630737305 0.6666666666666665 1.0
0 1 51.85270674408604 0.013583183288574219 0.09708642959594727 0.7272727272727272 1.0
0 1 45.16441833008278 0.016724109649658203 0.11381053924560547 0.7272727272727272 1.0
0 1 39.33882744370648 0.016421079635620117 0.13023161888122559 0.6153846153846154 1.0
0 1 34.26465792907022 0.024964094161987305 0.1551957130432129 0.47058823529411764 1.0
0 1 29.84498672911064 0.03511500358581543 0.19031071662902832 0.3636363636363636 1.0
0 1 25.99539253258091 0.04480624198913574 0.23511695861816406 0.3076923076923077 1.0
0 1 22.642343220204207 0.12515687942504883 0.3602738380432129 0.26666666666666666 1.0
0 1 19.721791308170232 0.13527417182922363 0.4955480098724365 0.27586206896551724 1.0
0 1 17.177950560167822 0.32756686210632324 0.8231148719787598 0.26666666666666666 1.0
0 1 14.962230399696251 0.2899041175842285 1.1130189895629883 0.24242424242424243 1.0
0 1 13.03230776858211 0.2608771324157715 1.3738961219787598 0.2222222222222222 1.0
0 1 11.351318703025308 0.2122652530670166 1.5861613750457764 0.2222222222222222 1.0
0 1 9.887154185253786 0.16535305976867676 1.7515144348144531 0.21621621621621623 1.0
0 1 8.611846820663045 0.16355395317077637 1.9150683879852295 0.20512820512820512 1.0
0 1 7.501036625197576 0.18398785591125488 2.0990562438964844 0.19999999999999998 1.0
0 1 6.53350571883761 0.16141605377197266 2.260472297668457 0.20512820512820512 1.0
0 1 5.69077303724795 0.22284889221191406 2.483321189880371 0.18604651162790697 1.0
0 1 4.956741320068812 0.16284489631652832 2.6461660861968994 0.1777777777777778 1.0
0 1 4.317389632878279 0.22104811668395996 2.8672142028808594 0.1702127659574468 1.0
0 1 3.7605055496069455 2.3670668601989746 5.234281063079834 0.1702127659574468 1.0
0 1 3.2754518797500736 0.5092170238494873 5.743498086929321 0.1702127659574468 1.0
0 1 2.8529634845718124 0.1983809471130371 5.941879034042358 0.16666666666666666 1.0
0 1 2.4849703012340436 0.19488286972045898 6.136761903762817 0.163265306122449 1.0
0 1 2.1644431943866964 0.3894381523132324 6.52620005607605 0.163265306122449 1.0
0 1 1.8852596907900219 0.14105606079101562 6.667256116867065 0.163265306122449 1.0
0 1 1.6420870323301746 0.13715195655822754 6.804408073425293 0.163265306122449 1.0
0 1 1.4302803135927475 0.1364302635192871 6.94083833694458 0.163265306122449 1.0
0 1 1.2457937582930971 0.14054131507873535 7.081379652023315 0.163265306122449 1.0
0 1 1.0851034398309916 0.2981288433074951 7.3795084953308105 0.1568627450980392 1.0
0 1 0.945139969834425 0.33889102935791016 7.718399524688721 0.1568627450980392 1.0
0 1 0.823229868958621 0.5606217384338379 8.279021263122559 0.1568627450980392 1.0
0 1 0.7170445000483404 0.9134199619293213 9.19244122505188 0.15384615384615383 1.0
0 1 0.624555588222246 0.6285312175750732 9.820972442626953 0.1509433962264151 1.0
0 1 0.5439964782567033 0.4161362648010254 10.237108707427979 0.1509433962264151 1.0
0 1 0.4738283892360109 0.30707526206970215 10.54418396949768 0.1509433962264151 1.0
0 1 0.4127110218901976 0.29874610900878906 10.84293007850647 0.1481481481481481 1.0
0 1 0.3594769571833539 0.30524587631225586 11.148175954818726 0.1481481481481481 1.0
0 0.1 130.20161032759302 0.000843048095703125 11.149019002914429 0.0 1.0
0 0.1 113.40738729625762 0.0008330345153808594 11.14985203742981 0.0 1.0
0 0.1 98.77938883400856 0.0008130073547363281 11.150665044784546 0.0 1.0
0 0.1 86.03820166433057 0.0008215904235839844 11.15148663520813 0.0 1.0
0 0.1 74.9404529934022 0.0008311271667480469 11.152317762374878 0.0 1.0
0 0.1 65.27416178184274 0.0009100437164306641 11.153227806091309 0.0 1.0
0 0.1 56.854689638682785 0.0008218288421630859 11.154049634933472 0.0 1.0
0 0.1 49.52121399451067 0.0008320808410644531 11.154881715774536 0.0 1.0
0 0.1 43.13365618693992 0.0009281635284423828 11.155809879302979 0.0 1.0
0 0.1 37.570005780944214 0.0009438991546630859 11.156753778457642 0.0 1.0
0 0.1 32.7239900151928 0.000904083251953125 11.157657861709595 0.0 1.0
0 0.1 28.503043857863506 0.0010309219360351562 11.15868878364563 0.0 1.0
0 0.1 24.826541897430772 0.013706207275390625 11.17239499092102 0.5714285714285715 1.0
0 0.1 21.624258295306348 0.0022749900817871094 11.174669981002808 0.5714285714285715 1.0
0 0.1 18.835025383479486 0.002415180206298828 11.177085161209106 0.5714285714285715 1.0
0 0.1 16.405565284674683 0.0022017955780029297 11.17928695678711 0.5714285714285715 1.0
0 0.1 14.289472237493916 0.002228260040283203 11.181515216827393 0.5714285714285715 1.0
0 0.1 12.446326187665905 0.002663135528564453 11.184178352355957 0.5714285714285715 1.0
0 0.1 10.840920713874212 0.012153148651123047 11.19633150100708 0.7499999999999999 1.0
0 0.1 9.44259054057033 0.003476858139038086 11.199808359146118 0.7499999999999999 1.0
0 0.1 8.224625792416147 0.0032129287719726562 11.20302128791809 0.7499999999999999 1.0
0 0.1 7.163761801874259 0.003637075424194336 11.206658363342285 0.7499999999999999 1.0
0 0.1 6.239734724625884 0.003677845001220703 11.210336208343506 0.7499999999999999 1.0
0 0.1 5.43489447450858 0.03842616081237793 11.248762369155884 0.7272727272727272 1.0
0 0.1 4.733867584541418 0.008137941360473633 11.256900310516357 0.7272727272727272 1.0
0 0.1 4.123263554256632 0.009888172149658203 11.266788482666016 0.7272727272727272 1.0
0 0.1 3.591419074200402 0.08001399040222168 11.346802473068237 0.5714285714285714 1.0
0 0.1 3.128175241967003 0.21485090255737305 11.56165337562561 0.4444444444444444 1.0
0 0.1 2.7246835143108377 0.06505012512207031 11.62670350074768 0.4210526315789473 1.0
0 0.1 2.373236688776134 0.11777305603027344 11.744476556777954 0.38095238095238093 1.0
0 0.1 2.0671216863796724 0.3144409656524658 12.05891752243042 0.3333333333333333 1.0
0 0.1 1.8004913233094775 0.7320261001586914 12.790943622589111 0.32000000000000006 1.0
0 0.1 1.5682526223167341 0.7476959228515625 13.538639545440674 0.2857142857142857 1.0
0 0.1 1.3659695304072161 0.5663390159606934 14.104978561401367 0.27586206896551724 1.0
0 0.1 1.1897781846170337 0.34236598014831543 14.447344541549683 0.25806451612903225 1.0
0 0.1 1.036313107341863 0.10170388221740723 14.54904842376709 0.25806451612903225 1.0
0 0.1 0.9026429214570189 0.22086000442504883 14.769908428192139 0.24242424242424243 1.0
0 0.1 0.786214357305898 0.25589990615844727 15.025808334350586 0.2352941176470588 1.0
0 0.1 0.6848034820193963 0.08019614219665527 15.106004476547241 0.2352941176470588 1.0
0 0.1 0.5964732195846044 0.8785409927368164 15.984545469284058 0.2285714285714286 1.0
0 0.1 0.5195363502423698 0.8641071319580078 16.848652601242065 0.2222222222222222 1.0
0 0.1 0.4525232824553942 3.2507710456848145 20.09942364692688 0.19999999999999998 1.0
0 0.1 0.3941539818506903 0.4088900089263916 20.50831365585327 0.19999999999999998 1.0
0 0.1 0.34331352094368267 0.6540989875793457 21.162412643432617 0.19512195121951217 1.0
0 0.1 0.2990307826127625 1.0404081344604492 22.202820777893066 0.19047619047619047 1.0
0 0.1 0.2604599105337001 1.0591847896575928 23.26200556755066 0.18604651162790697 1.0
0 0.1 0.22686415225376097 0.328294038772583 23.590299606323242 0.18181818181818182 1.0
0 0.1 0.19760178628779224 0.18396902084350586 23.774268627166748 0.18181818181818182 1.0
0 0.1 0.17211386442601356 0.1580197811126709 23.93228840827942 0.18181818181818182 1.0
0 0.1 0.14991353511608546 2.2711939811706543 26.203482389450073 0.1739130434782609 1.0
0 0.01 28.211963230963963 0.0009338855743408203 26.204416275024414 0.0 1.0
0 0.01 24.573006681497752 0.0009322166442871094 26.2053484916687 0.0 1.0
0 0.01 21.403425646968028 0.000926971435546875 26.206275463104248 0.0 1.0
0 0.01 18.642677119777133 0.0011739730834960938 26.207449436187744 0.0 1.0
0 0.01 16.238027310431736 0.0010890960693359375 26.20853853225708 0.0 1.0
0 0.01 14.143544365449966 0.0009527206420898438 26.20949125289917 0.0 1.0
0 0.01 12.319221010851523 0.00095367431640625 26.210444927215576 0.0 1.0
0 0.01 10.730210362611421 0.0013158321380615234 26.211760759353638 0.0 1.0
0 0.01 9.346160307090315 0.0011599063873291016 26.212920665740967 0.0 1.0
0 0.01 8.140633737265514 0.0009331703186035156 26.21385383605957 0.0 1.0
0 0.01 7.090603570541246 0.0010409355163574219 26.214894771575928 0.0 1.0
0 0.01 6.176012902339531 0.0011951923370361328 26.216089963912964 0.0 1.0
0 0.01 5.379391893848717 0.001363992691040039 26.217453956604004 0.0 1.0
0 0.01 4.685524076001097 0.001027822494506836 26.21848177909851 0.0 1.0
0 0.01 4.081155695663349 0.0011448860168457031 26.219626665115356 0.0 1.0
0 0.01 3.554742552184356 0.000946044921875 26.22057271003723 0.0 1.0
0 0.01 3.09622948855821 0.0009262561798095703 26.22149896621704 0.0 1.0
0 0.01 2.6968583252045994 0.001049041748046875 26.222548007965088 0.0 1.0
0 0.01 2.349000567658869 0.02583599090576172 26.24838399887085 0.5714285714285715 1.0
0 0.01 2.046011692676912 0.0015358924865722656 26.249919891357422 0.5714285714285715 1.0
0 0.01 1.7821042294352372 0.0016376972198486328 26.25155758857727 0.5714285714285715 1.0
0 0.01 1.5522372115164986 0.0013360977172851562 26.252893686294556 0.5714285714285715 1.0
0 0.01 1.3520198880735976 0.0011777877807617188 26.254071474075317 0.5714285714285715 1.0
0 0.01 1.1776278549337647 0.0012218952178955078 26.255293369293213 0.5714285714285715 1.0
0 0.01 1.0257300036406054 0.007325887680053711 26.262619256973267 0.7499999999999999 1.0
0 0.01 0.8934248930683893 0.0017940998077392578 26.264413356781006 0.7499999999999999 1.0
0 0.01 0.7781853282259436 0.0019257068634033203 26.26633906364441 0.7499999999999999 1.0
0 0.01 0.6778100876351608 0.0012960433959960938 26.267635107040405 0.7499999999999999 1.0
0 0.01 0.590381877216004 0.0013821125030517578 26.269017219543457 0.7499999999999999 1.0
0 0.01 0.5142307075440048 0.01975274085998535 26.288769960403442 0.7272727272727272 1.0
0 0.01 0.44790199493955546 0.0027501583099365234 26.29152011871338 0.7272727272727272 1.0
0 0.01 0.39012877707943217 0.059175968170166016 26.350696086883545 0.5000000000000001 1.0
0 0.01 0.33980751241358653 0.06792092323303223 26.418617010116577 0.4 1.0
0 0.01 0.2959770011254507 0.012153863906860352 26.430770874023438 0.4 1.0
0 0.01 0.2578000249994245 0.01190185546875 26.442672729492188 0.4 1.0
0 0.01 0.22454735549379537 0.09772181510925293 26.54039454460144 0.3076923076923077 1.0
0 0.01 0.19558382455304058 0.01686882972717285 26.557263374328613 0.3076923076923077 1.0
0 0.01 0.1703561920944177 0.27579212188720703 26.83305549621582 0.26666666666666666 1.0
0 0.01 0.14838257842248037 0.09038686752319336 26.923442363739014 0.25806451612903225 1.0
0 0.01 0.12924325971726744 0.024852991104125977 26.94829535484314 0.25806451612903225 1.0
0 0.01 0.1125726507783501 0.08610987663269043 27.03440523147583 0.25 1.0
0 0.01 0.09805232188500161 0.08344888687133789 27.117854118347168 0.24242424242424243 1.0
0 0.01 0.08540491638568569 0.11374306678771973 27.231597185134888 0.2352941176470588 1.0
0 0.01 0.07438885283512764 0.022982120513916016 27.254579305648804 0.2352941176470588 1.0
0 0.01 0.06479371048308594 0.11362600326538086 27.368205308914185 0.2285714285714286 1.0
0 0.01 0.056436209971818335 0.30469679832458496 27.67290210723877 0.21621621621621623 1.0
0 0.01 0.049156712468482675 0.04199504852294922 27.71489715576172 0.21621621621621623 1.0
0 0.01 0.0428161703614703 0.25219202041625977 27.96708917617798 0.20512820512820512 1.0
0 0.01 0.03729347127511503 0.039650917053222656 28.0067400932312 0.20512820512820512 1.0
0 0.01 0.032483124670098805 0.039244890213012695 28.045984983444214 0.20512820512820512 1.0
