[216.40736058 188.4937774  164.18066384 143.00360867 124.55810333
 108.49181534  94.49785828  82.30892987  71.69220614  62.44489425
  54.39035884  47.37474809  41.26405496  35.94155748  31.30558923
  27.26759733  23.75045104  20.68696841  18.01863304  15.69447636
  13.67010404  11.906848    10.37102782   9.03330739   7.86813455
   6.85325305   5.96927734   5.19932239   4.52868107   3.94454329
   3.43575127   2.99258645   2.60658382   2.27037024   1.9775236
   1.72245016   1.5002777    1.30676244   1.138208     0.99139477
   0.86351843   0.75213639   0.65512111   0.57061946   0.49701737
   0.43290895   0.37706963   0.32843281   0.28606948   0.24917044]0 1 312.2098259152708 0.0006253719329833984 0.0006253719329833984 0.0 1.0
0 1 271.93903789811014 0.0006351470947265625 0.001260519027709961 0.0 1.0
0 1 236.8626295349813 0.007686138153076172 0.008946657180786133 0.33333333333333337 1.0
0 1 206.31059705097118 0.008202791213989258 0.01714944839477539 0.5714285714285715 1.0
0 1 179.69935797424765 0.0047419071197509766 0.021891355514526367 0.5714285714285715 1.0
0 1 156.52060397255676 0.0037691593170166016 0.02566051483154297 0.5714285714285715 1.0
0 1 136.33159152101595 0.0036051273345947266 0.029265642166137695 0.5714285714285715 1.0
0 1 118.74668494067365 0.010451078414916992 0.03971672058105469 0.7499999999999999 1.0
0 1 103.42999026917344 0.006619930267333984 0.04633665084838867 0.7499999999999999 1.0
0 1 90.08893926113359 0.004820823669433594 0.051157474517822266 0.7499999999999999 1.0
0 1 78.46870096453189 0.004984140396118164 0.05614161491394043 0.7499999999999999 1.0
0 1 68.34731412713553 0.004955291748046875 0.061096906661987305 0.7499999999999999 1.0
0 1 59.53144745577994 0.005271196365356445 0.06636810302734375 0.6666666666666665 1.0
0 1 51.85270674408604 0.010125160217285156 0.0764932632446289 0.7272727272727272 1.0
0 1 45.16441833008278 0.010457038879394531 0.08695030212402344 0.7272727272727272 1.0
0 1 39.33882744370648 0.012699127197265625 0.09964942932128906 0.6153846153846154 1.0
0 1 34.26465792907022 0.020383119583129883 0.12003254890441895 0.47058823529411764 1.0
0 1 29.84498672911064 0.027209997177124023 0.14724254608154297 0.3636363636363636 1.0
0 1 25.99539253258091 0.03723740577697754 0.1844799518585205 0.3076923076923077 1.0
0 1 22.642343220204207 0.10161995887756348 0.286099910736084 0.26666666666666666 1.0
0 1 19.721791308170232 0.1198129653930664 0.4059128761291504 0.27586206896551724 1.0
0 1 17.177950560167822 0.25786590576171875 0.6637787818908691 0.26666666666666666 1.0
0 1 14.962230399696251 0.18840694427490234 0.8521857261657715 0.24242424242424243 1.0
0 1 13.03230776858211 0.18160796165466309 1.0337936878204346 0.2222222222222222 1.0
0 1 11.351318703025308 0.1812427043914795 1.215036392211914 0.2222222222222222 1.0
0 1 9.887154185253786 0.1391000747680664 1.3541364669799805 0.21621621621621623 1.0
0 1 8.611846820663045 0.1414809226989746 1.495617389678955 0.20512820512820512 1.0
0 1 7.501036625197576 0.17441797256469727 1.6700353622436523 0.19999999999999998 1.0
0 1 6.53350571883761 0.1401989459991455 1.8102343082427979 0.20512820512820512 1.0
0 1 5.69077303724795 0.1813490390777588 1.9915833473205566 0.18604651162790697 1.0
0 1 4.956741320068812 0.15186166763305664 2.1434450149536133 0.1777777777777778 1.0
0 1 4.317389632878279 0.1911022663116455 2.334547281265259 0.1702127659574468 1.0
0 1 3.7605055496069455 1.8448669910430908 4.17941427230835 0.1702127659574468 1.0
0 1 3.2754518797500736 0.36768507957458496 4.547099351882935 0.1702127659574468 1.0
0 1 2.8529634845718124 0.17795705795288086 4.725056409835815 0.16666666666666666 1.0
0 1 2.4849703012340436 0.14560890197753906 4.8706653118133545 0.163265306122449 1.0
0 1 2.1644431943866964 0.24728798866271973 5.117953300476074 0.163265306122449 1.0
0 1 1.8852596907900219 0.14017796516418457 5.258131265640259 0.163265306122449 1.0
0 1 1.6420870323301746 0.11850500106811523 5.376636266708374 0.163265306122449 1.0
0 1 1.4302803135927475 0.11526703834533691 5.491903305053711 0.163265306122449 1.0
0 1 1.2457937582930971 0.1109931468963623 5.602896451950073 0.163265306122449 1.0
0 1 1.0851034398309916 0.3922402858734131 5.995136737823486 0.1568627450980392 1.0
0 1 0.945139969834425 0.34072303771972656 6.335859775543213 0.1568627450980392 1.0
0 1 0.823229868958621 0.4830288887023926 6.8188886642456055 0.1568627450980392 1.0
0 1 0.7170445000483404 0.8445818424224854 7.663470506668091 0.15384615384615383 1.0
0 1 0.624555588222246 0.7345809936523438 8.398051500320435 0.1509433962264151 1.0
0 1 0.5439964782567033 0.5146729946136475 8.912724494934082 0.1509433962264151 1.0
0 1 0.4738283892360109 0.4482910633087158 9.361015558242798 0.1509433962264151 1.0
0 1 0.4127110218901976 0.44101500511169434 9.802030563354492 0.1481481481481481 1.0
0 1 0.3594769571833539 0.44290781021118164 10.244938373565674 0.1481481481481481 1.0
0 0.1 130.20161032759302 0.000637054443359375 10.245575428009033 0.0 1.0
0 0.1 113.40738729625762 0.0006310939788818359 10.246206521987915 0.0 1.0
0 0.1 98.77938883400856 0.0006198883056640625 10.246826410293579 0.0 1.0
0 0.1 86.03820166433057 0.0006337165832519531 10.247460126876831 0.0 1.0
0 0.1 74.9404529934022 0.0006718635559082031 10.24813199043274 0.0 1.0
0 0.1 65.27416178184274 0.0006999969482421875 10.248831987380981 0.0 1.0
0 0.1 56.854689638682785 0.0006780624389648438 10.249510049819946 0.0 1.0
0 0.1 49.52121399451067 0.0006330013275146484 10.250143051147461 0.0 1.0
0 0.1 43.13365618693992 0.0006451606750488281 10.25078821182251 0.0 1.0
0 0.1 37.570005780944214 0.0006299018859863281 10.251418113708496 0.0 1.0
0 0.1 32.7239900151928 0.0006282329559326172 10.252046346664429 0.0 1.0
0 0.1 28.503043857863506 0.0006258487701416016 10.25267219543457 0.0 1.0
0 0.1 24.826541897430772 0.009870052337646484 10.262542247772217 0.5714285714285715 1.0
0 0.1 21.624258295306348 0.001955270767211914 10.264497518539429 0.5714285714285715 1.0
0 0.1 18.835025383479486 0.0017931461334228516 10.266290664672852 0.5714285714285715 1.0
0 0.1 16.405565284674683 0.0017189979553222656 10.268009662628174 0.5714285714285715 1.0
0 0.1 14.289472237493916 0.001811981201171875 10.269821643829346 0.5714285714285715 1.0
0 0.1 12.446326187665905 0.00168609619140625 10.271507740020752 0.5714285714285715 1.0
0 0.1 10.840920713874212 0.0076181888580322266 10.279125928878784 0.7499999999999999 1.0
0 0.1 9.44259054057033 0.0024051666259765625 10.28153109550476 0.7499999999999999 1.0
0 0.1 8.224625792416147 0.0026988983154296875 10.28422999382019 0.7499999999999999 1.0
0 0.1 7.163761801874259 0.0027251243591308594 10.286955118179321 0.7499999999999999 1.0
0 0.1 6.239734724625884 0.0029702186584472656 10.289925336837769 0.7499999999999999 1.0
0 0.1 5.43489447450858 0.027154922485351562 10.31708025932312 0.7272727272727272 1.0
0 0.1 4.733867584541418 0.006869077682495117 10.323949337005615 0.7272727272727272 1.0
0 0.1 4.123263554256632 0.0076868534088134766 10.331636190414429 0.7272727272727272 1.0
0 0.1 3.591419074200402 0.055177927017211914 10.38681411743164 0.5714285714285714 1.0
0 0.1 3.128175241967003 0.14223670959472656 10.529050827026367 0.4444444444444444 1.0
0 0.1 2.7246835143108377 0.049551963806152344 10.57860279083252 0.4210526315789473 1.0
0 0.1 2.373236688776134 0.08480691909790039 10.66340970993042 0.38095238095238093 1.0
0 0.1 2.0671216863796724 0.3175680637359619 10.980977773666382 0.3333333333333333 1.0
0 0.1 1.8004913233094775 0.4848151206970215 11.465792894363403 0.32000000000000006 1.0
0 0.1 1.5682526223167341 0.5555779933929443 12.021370887756348 0.2857142857142857 1.0
0 0.1 1.3659695304072161 0.4317359924316406 12.453106880187988 0.27586206896551724 1.0
0 0.1 1.1897781846170337 0.2772090435028076 12.730315923690796 0.25806451612903225 1.0
0 0.1 1.036313107341863 0.08396792411804199 12.814283847808838 0.25806451612903225 1.0
0 0.1 0.9026429214570189 0.19249987602233887 13.006783723831177 0.24242424242424243 1.0
0 0.1 0.786214357305898 0.2043001651763916 13.211083889007568 0.2352941176470588 1.0
0 0.1 0.6848034820193963 0.06523394584655762 13.276317834854126 0.2352941176470588 1.0
0 0.1 0.5964732195846044 0.6595261096954346 13.93584394454956 0.2285714285714286 1.0
0 0.1 0.5195363502423698 0.6875958442687988 14.62343978881836 0.2222222222222222 1.0
0 0.1 0.4525232824553942 2.5292959213256836 17.152735710144043 0.19999999999999998 1.0
0 0.1 0.3941539818506903 0.34616804122924805 17.49890375137329 0.19999999999999998 1.0
0 0.1 0.34331352094368267 0.5492908954620361 18.048194646835327 0.19512195121951217 1.0
0 0.1 0.2990307826127625 0.766768217086792 18.81496286392212 0.19047619047619047 1.0
0 0.1 0.2604599105337001 0.9479770660400391 19.762939929962158 0.18181818181818182 1.0
0 0.1 0.22686415225376097 0.37448978424072266 20.13742971420288 0.18181818181818182 1.0
0 0.1 0.19760178628779224 0.15583300590515137 20.293262720108032 0.18181818181818182 1.0
0 0.1 0.17211386442601356 0.11871004104614258 20.411972761154175 0.18181818181818182 1.0
0 0.1 0.14991353511608546 2.125404119491577 22.537376880645752 0.1739130434782609 1.0
0 0.01 28.211963230963963 0.0006310939788818359 22.538007974624634 0.0 1.0
0 0.01 24.573006681497752 0.0006339550018310547 22.538641929626465 0.0 1.0
0 0.01 21.403425646968028 0.0006587505340576172 22.539300680160522 0.0 1.0
0 0.01 18.642677119777133 0.000637054443359375 22.539937734603882 0.0 1.0
0 0.01 16.238027310431736 0.0006551742553710938 22.540592908859253 0.0 1.0
0 0.01 14.143544365449966 0.0006659030914306641 22.541258811950684 0.0 1.0
0 0.01 12.319221010851523 0.0006480216979980469 22.54190683364868 0.0 1.0
0 0.01 10.730210362611421 0.00063323974609375 22.542540073394775 0.0 1.0
0 0.01 9.346160307090315 0.0006258487701416016 22.543165922164917 0.0 1.0
0 0.01 8.140633737265514 0.0006451606750488281 22.543811082839966 0.0 1.0
0 0.01 7.090603570541246 0.0006740093231201172 22.544485092163086 0.0 1.0
0 0.01 6.176012902339531 0.0006620883941650391 22.54514718055725 0.0 1.0
0 0.01 5.379391893848717 0.0007419586181640625 22.545889139175415 0.0 1.0
0 0.01 4.685524076001097 0.0006358623504638672 22.54652500152588 0.0 1.0
0 0.01 4.081155695663349 0.0006170272827148438 22.547142028808594 0.0 1.0
0 0.01 3.554742552184356 0.0006232261657714844 22.547765254974365 0.0 1.0
0 0.01 3.09622948855821 0.0006139278411865234 22.54837918281555 0.0 1.0
0 0.01 2.6968583252045994 0.0006248950958251953 22.549004077911377 0.0 1.0
0 0.01 2.349000567658869 0.015884876251220703 22.564888954162598 0.5714285714285715 1.0
0 0.01 2.046011692676912 0.0011219978332519531 22.56601095199585 0.5714285714285715 1.0
0 0.01 1.7821042294352372 0.0010428428649902344 22.56705379486084 0.5714285714285715 1.0
0 0.01 1.5522372115164986 0.0010559558868408203 22.56810975074768 0.5714285714285715 1.0
0 0.01 1.3520198880735976 0.0011000633239746094 22.569209814071655 0.5714285714285715 1.0
0 0.01 1.1776278549337647 0.0011661052703857422 22.57037591934204 0.5714285714285715 1.0
0 0.01 1.0257300036406054 0.005068778991699219 22.57544469833374 0.7499999999999999 1.0
0 0.01 0.8934248930683893 0.001077890396118164 22.57652258872986 0.7499999999999999 1.0
0 0.01 0.7781853282259436 0.001130819320678711 22.577653408050537 0.7499999999999999 1.0
0 0.01 0.6778100876351608 0.0011467933654785156 22.578800201416016 0.7499999999999999 1.0
0 0.01 0.590381877216004 0.0012197494506835938 22.5800199508667 0.7499999999999999 1.0
0 0.01 0.5142307075440048 0.013180017471313477 22.593199968338013 0.7272727272727272 1.0
0 0.01 0.44790199493955546 0.0031337738037109375 22.596333742141724 0.7272727272727272 1.0
0 0.01 0.39012877707943217 0.04063820838928223 22.636971950531006 0.5000000000000001 1.0
0 0.01 0.33980751241358653 0.04625892639160156 22.683230876922607 0.4 1.0
0 0.01 0.2959770011254507 0.008553028106689453 22.691783905029297 0.4 1.0
0 0.01 0.2578000249994245 0.009011983871459961 22.700795888900757 0.4 1.0
0 0.01 0.22454735549379537 0.07895827293395996 22.779754161834717 0.3076923076923077 1.0
0 0.01 0.19558382455304058 0.012429237365722656 22.79218339920044 0.3076923076923077 1.0
0 0.01 0.1703561920944177 0.18533706665039062 22.97752046585083 0.26666666666666666 1.0
0 0.01 0.14838257842248037 0.06195211410522461 23.039472579956055 0.25806451612903225 1.0
0 0.01 0.12924325971726744 0.01878809928894043 23.058260679244995 0.25806451612903225 1.0
0 0.01 0.1125726507783501 0.062415122985839844 23.120675802230835 0.25 1.0
0 0.01 0.09805232188500161 0.06482791900634766 23.185503721237183 0.24242424242424243 1.0
0 0.01 0.08540491638568569 0.08593487739562988 23.271438598632812 0.2352941176470588 1.0
0 0.01 0.07438885283512764 0.018755197525024414 23.290193796157837 0.2352941176470588 1.0
0 0.01 0.06479371048308594 0.08212018013000488 23.372313976287842 0.2285714285714286 1.0
0 0.01 0.056436209971818335 0.22756195068359375 23.599875926971436 0.21621621621621623 1.0
0 0.01 0.049156712468482675 0.03479814529418945 23.634674072265625 0.21621621621621623 1.0
0 0.01 0.0428161703614703 0.1982111930847168 23.832885265350342 0.20512820512820512 1.0
0 0.01 0.03729347127511503 0.03169417381286621 23.864579439163208 0.20512820512820512 1.0
0 0.01 0.032483124670098805 0.02974700927734375 23.89432644844055 0.20512820512820512 1.0
