[216.40736058 188.4937774  164.18066384 143.00360867 124.55810333
 108.49181534  94.49785828  82.30892987  71.69220614  62.44489425
  54.39035884  47.37474809  41.26405496  35.94155748  31.30558923
  27.26759733  23.75045104  20.68696841  18.01863304  15.69447636
  13.67010404  11.906848    10.37102782   9.03330739   7.86813455
   6.85325305   5.96927734   5.19932239   4.52868107   3.94454329
   3.43575127   2.99258645   2.60658382   2.27037024   1.9775236
   1.72245016   1.5002777    1.30676244   1.138208     0.99139477
   0.86351843   0.75213639   0.65512111   0.57061946   0.49701737
   0.43290895   0.37706963   0.32843281   0.28606948   0.24917044]0 1 312.2098259152708 0.0011870861053466797 0.0011870861053466797 0.0 1.0
0 1 271.93903789811014 0.0012481212615966797 0.0024352073669433594 0.0 1.0
0 1 236.8626295349813 0.04138994216918945 0.04382514953613281 0.33333333333333337 1.0
0 1 206.31059705097118 0.0298919677734375 0.07371711730957031 0.5714285714285715 1.0
0 1 179.69935797424765 0.018604040145874023 0.09232115745544434 0.5714285714285715 1.0
0 1 156.52060397255676 0.015744686126708984 0.10806584358215332 0.5714285714285715 1.0
0 1 136.33159152101595 0.013174772262573242 0.12124061584472656 0.5714285714285715 1.0
0 1 118.74668494067365 0.0348200798034668 0.15606069564819336 0.7499999999999999 1.0
0 1 103.42999026917344 0.0231020450592041 0.17916274070739746 0.7499999999999999 1.0
0 1 90.08893926113359 0.01725912094116211 0.19642186164855957 0.7499999999999999 1.0
0 1 78.46870096453189 0.015811681747436523 0.2122335433959961 0.7499999999999999 1.0
0 1 68.34731412713553 0.012240886688232422 0.22447443008422852 0.7499999999999999 1.0
0 1 59.53144745577994 0.01270914077758789 0.2371835708618164 0.6666666666666665 1.0
0 1 51.85270674408604 0.019320011138916016 0.2565035820007324 0.7272727272727272 1.0
0 1 45.16441833008278 0.016376733779907227 0.27288031578063965 0.7272727272727272 1.0
0 1 39.33882744370648 0.018811941146850586 0.29169225692749023 0.6153846153846154 1.0
0 1 34.26465792907022 0.030530214309692383 0.3222224712371826 0.47058823529411764 1.0
0 1 29.84498672911064 0.03698897361755371 0.35921144485473633 0.3636363636363636 1.0
0 1 25.99539253258091 0.05005788803100586 0.4092693328857422 0.3076923076923077 1.0
0 1 22.642343220204207 0.14034199714660645 0.5496113300323486 0.26666666666666666 1.0
0 1 19.721791308170232 0.1632680892944336 0.7128794193267822 0.27586206896551724 1.0
0 1 17.177950560167822 0.3047618865966797 1.017641305923462 0.26666666666666666 1.0
0 1 14.962230399696251 0.2277688980102539 1.2454102039337158 0.24242424242424243 1.0
0 1 13.03230776858211 0.21154999732971191 1.4569602012634277 0.2222222222222222 1.0
0 1 11.351318703025308 0.2099001407623291 1.6668603420257568 0.2222222222222222 1.0
0 1 9.887154185253786 0.16892790794372559 1.8357882499694824 0.21621621621621623 1.0
0 1 8.611846820663045 0.16892409324645996 2.0047123432159424 0.20512820512820512 1.0
0 1 7.501036625197576 0.1930222511291504 2.1977345943450928 0.19999999999999998 1.0
0 1 6.53350571883761 0.16021084785461426 2.357945442199707 0.20512820512820512 1.0
0 1 5.69077303724795 0.22342705726623535 2.5813724994659424 0.18604651162790697 1.0
0 1 4.956741320068812 0.17316889762878418 2.7545413970947266 0.1777777777777778 1.0
0 1 4.317389632878279 0.2338089942932129 2.9883503913879395 0.16666666666666666 1.0
0 1 3.7605055496069455 2.045727014541626 5.034077405929565 0.1702127659574468 1.0
0 1 3.2754518797500736 0.4200301170349121 5.4541075229644775 0.1702127659574468 1.0
0 1 2.8529634845718124 0.2244091033935547 5.678516626358032 0.16666666666666666 1.0
0 1 2.4849703012340436 0.18184590339660645 5.860362529754639 0.163265306122449 1.0
0 1 2.1644431943866964 0.290679931640625 6.151042461395264 0.163265306122449 1.0
0 1 1.8852596907900219 0.17104887962341309 6.322091341018677 0.163265306122449 1.0
0 1 1.6420870323301746 0.15583086013793945 6.477922201156616 0.163265306122449 1.0
0 1 1.4302803135927475 0.14767193794250488 6.625594139099121 0.163265306122449 1.0
0 1 1.2457937582930971 0.13686800003051758 6.762462139129639 0.163265306122449 1.0
0 1 1.0851034398309916 0.5098953247070312 7.27235746383667 0.1568627450980392 1.0
0 1 0.945139969834425 0.42676806449890137 7.699125528335571 0.1568627450980392 1.0
0 1 0.823229868958621 0.5642580986022949 8.263383626937866 0.1568627450980392 1.0
0 1 0.7170445000483404 0.9758131504058838 9.23919677734375 0.15384615384615383 1.0
0 1 0.624555588222246 0.9835710525512695 10.22276782989502 0.1509433962264151 1.0
0 1 0.5439964782567033 0.7158479690551758 10.938615798950195 0.1509433962264151 1.0
0 1 0.4738283892360109 0.6357929706573486 11.574408769607544 0.1509433962264151 1.0
0 1 0.4127110218901976 0.6476428508758545 12.222051620483398 0.1481481481481481 1.0
0 1 0.3594769571833539 0.6113190650939941 12.833370685577393 0.1481481481481481 1.0
0 0.1 130.20161032759302 0.0011577606201171875 12.83452844619751 0.0 1.0
0 0.1 113.40738729625762 0.0011587142944335938 12.835687160491943 0.0 1.0
0 0.1 98.77938883400856 0.0012009143829345703 12.836888074874878 0.0 1.0
0 0.1 86.03820166433057 0.0013802051544189453 12.838268280029297 0.0 1.0
0 0.1 74.9404529934022 0.001249074935913086 12.83951735496521 0.0 1.0
0 0.1 65.27416178184274 0.0011761188507080078 12.840693473815918 0.0 1.0
0 0.1 56.854689638682785 0.001196146011352539 12.84188961982727 0.0 1.0
0 0.1 49.52121399451067 0.0011739730834960938 12.843063592910767 0.0 1.0
0 0.1 43.13365618693992 0.0011610984802246094 12.844224691390991 0.0 1.0
0 0.1 37.570005780944214 0.0011820793151855469 12.845406770706177 0.0 1.0
0 0.1 32.7239900151928 0.0011630058288574219 12.846569776535034 0.0 1.0
0 0.1 28.503043857863506 0.001207113265991211 12.847776889801025 0.0 1.0
0 0.1 24.826541897430772 0.017711877822875977 12.865488767623901 0.5714285714285715 1.0
0 0.1 21.624258295306348 0.008043050765991211 12.873531818389893 0.5714285714285715 1.0
0 0.1 18.835025383479486 0.006830930709838867 12.880362749099731 0.5714285714285715 1.0
0 0.1 16.405565284674683 0.006529092788696289 12.886891841888428 0.5714285714285715 1.0
0 0.1 14.289472237493916 0.006138801574707031 12.893030643463135 0.5714285714285715 1.0
0 0.1 12.446326187665905 0.006139993667602539 12.899170637130737 0.5714285714285715 1.0
0 0.1 10.840920713874212 0.013899087905883789 12.913069725036621 0.7499999999999999 1.0
0 0.1 9.44259054057033 0.0075168609619140625 12.920586585998535 0.7499999999999999 1.0
0 0.1 8.224625792416147 0.006384849548339844 12.926971435546875 0.7499999999999999 1.0
0 0.1 7.163761801874259 0.006392240524291992 12.933363676071167 0.7499999999999999 1.0
0 0.1 6.239734724625884 0.006276130676269531 12.939639806747437 0.7499999999999999 1.0
0 0.1 5.43489447450858 0.03669095039367676 12.976330757141113 0.7272727272727272 1.0
0 0.1 4.733867584541418 0.014564752578735352 12.990895509719849 0.7272727272727272 1.0
0 0.1 4.123263554256632 0.013728141784667969 13.004623651504517 0.7272727272727272 1.0
0 0.1 3.591419074200402 0.06775021553039551 13.072373867034912 0.5714285714285714 1.0
0 0.1 3.128175241967003 0.15345096588134766 13.22582483291626 0.4444444444444444 1.0
0 0.1 2.7246835143108377 0.06439995765686035 13.29022479057312 0.4210526315789473 1.0
0 0.1 2.373236688776134 0.09533905982971191 13.385563850402832 0.38095238095238093 1.0
0 0.1 2.0671216863796724 0.5824260711669922 13.967989921569824 0.3333333333333333 1.0
0 0.1 1.8004913233094775 0.6361939907073975 14.604183912277222 0.32000000000000006 1.0
0 0.1 1.5682526223167341 0.651771068572998 15.25595498085022 0.2857142857142857 1.0
0 0.1 1.3659695304072161 0.4742400646209717 15.730195045471191 0.27586206896551724 1.0
0 0.1 1.1897781846170337 0.34734106063842773 16.07753610610962 0.25806451612903225 1.0
0 0.1 1.036313107341863 0.11217498779296875 16.189711093902588 0.25806451612903225 1.0
0 0.1 0.9026429214570189 0.2371971607208252 16.426908254623413 0.24242424242424243 1.0
0 0.1 0.786214357305898 0.2297680377960205 16.656676292419434 0.2352941176470588 1.0
0 0.1 0.6848034820193963 0.08122110366821289 16.737897396087646 0.2352941176470588 1.0
0 0.1 0.5964732195846044 0.722754716873169 17.460652112960815 0.2285714285714286 1.0
0 0.1 0.5195363502423698 0.768132209777832 18.228784322738647 0.2222222222222222 1.0
0 0.1 0.4525232824553942 2.703057289123535 20.931841611862183 0.19999999999999998 1.0
0 0.1 0.3941539818506903 0.39640331268310547 21.328244924545288 0.19999999999999998 1.0
0 0.1 0.34331352094368267 0.6551947593688965 21.983439683914185 0.19512195121951217 1.0
0 0.1 0.2990307826127625 0.8060317039489746 22.78947138786316 0.19047619047619047 1.0
0 0.1 0.2604599105337001 1.2795629501342773 24.069034337997437 0.18181818181818182 1.0
0 0.1 0.22686415225376097 0.45794105529785156 24.526975393295288 0.18181818181818182 1.0
0 0.1 0.19760178628779224 0.22205209732055664 24.749027490615845 0.18181818181818182 1.0
0 0.1 0.17211386442601356 0.14493489265441895 24.893962383270264 0.18181818181818182 1.0
0 0.1 0.14991353511608546 2.5336592197418213 27.427621603012085 0.1739130434782609 1.0
0 0.01 28.211963230963963 0.00119781494140625 27.42881941795349 0.0 1.0
0 0.01 24.573006681497752 0.0011680126190185547 27.42998743057251 0.0 1.0
0 0.01 21.403425646968028 0.0011620521545410156 27.43114948272705 0.0 1.0
0 0.01 18.642677119777133 0.001209259033203125 27.432358741760254 0.0 1.0
0 0.01 16.238027310431736 0.0012428760528564453 27.43360161781311 0.0 1.0
0 0.01 14.143544365449966 0.0011620521545410156 27.43476366996765 0.0 1.0
0 0.01 12.319221010851523 0.0011777877807617188 27.435941457748413 0.0 1.0
0 0.01 10.730210362611421 0.001194000244140625 27.437135457992554 0.0 1.0
0 0.01 9.346160307090315 0.0011830329895019531 27.438318490982056 0.0 1.0
0 0.01 8.140633737265514 0.0011439323425292969 27.439462423324585 0.0 1.0
0 0.01 7.090603570541246 0.001150369644165039 27.44061279296875 0.0 1.0
0 0.01 6.176012902339531 0.0012769699096679688 27.441889762878418 0.0 1.0
0 0.01 5.379391893848717 0.0012488365173339844 27.443138599395752 0.0 1.0
0 0.01 4.685524076001097 0.0011780261993408203 27.444316625595093 0.0 1.0
0 0.01 4.081155695663349 0.001155853271484375 27.445472478866577 0.0 1.0
0 0.01 3.554742552184356 0.0011968612670898438 27.446669340133667 0.0 1.0
0 0.01 3.09622948855821 0.0012819766998291016 27.447951316833496 0.0 1.0
0 0.01 2.6968583252045994 0.0012149810791015625 27.449166297912598 0.0 1.0
0 0.01 2.349000567658869 0.012194156646728516 27.461360454559326 0.5714285714285715 1.0
0 0.01 2.046011692676912 0.003681182861328125 27.465041637420654 0.5714285714285715 1.0
0 0.01 1.7821042294352372 0.003657102584838867 27.468698740005493 0.5714285714285715 1.0
0 0.01 1.5522372115164986 0.0041081905364990234 27.472806930541992 0.5714285714285715 1.0
0 0.01 1.3520198880735976 0.0038099288940429688 27.476616859436035 0.5714285714285715 1.0
0 0.01 1.1776278549337647 0.0038442611694335938 27.48046112060547 0.5714285714285715 1.0
0 0.01 1.0257300036406054 0.012317180633544922 27.492778301239014 0.7499999999999999 1.0
0 0.01 0.8934248930683893 0.003704071044921875 27.496482372283936 0.7499999999999999 1.0
0 0.01 0.7781853282259436 0.0025730133056640625 27.4990553855896 0.7499999999999999 1.0
0 0.01 0.6778100876351608 0.0025870800018310547 27.50164246559143 0.7499999999999999 1.0
0 0.01 0.590381877216004 0.0025680065155029297 27.504210472106934 0.7499999999999999 1.0
0 0.01 0.5142307075440048 0.020341157913208008 27.52455163002014 0.7272727272727272 1.0
0 0.01 0.44790199493955546 0.0042743682861328125 27.528825998306274 0.7272727272727272 1.0
0 0.01 0.39012877707943217 0.04917097091674805 27.577996969223022 0.5000000000000001 1.0
0 0.01 0.33980751241358653 0.056205034255981445 27.634202003479004 0.4 1.0
0 0.01 0.2959770011254507 0.014991044998168945 27.649193048477173 0.4 1.0
0 0.01 0.2578000249994245 0.014832019805908203 27.66402506828308 0.4 1.0
0 0.01 0.22454735549379537 0.07682323455810547 27.740848302841187 0.3076923076923077 1.0
0 0.01 0.19558382455304058 0.017857074737548828 27.758705377578735 0.3076923076923077 1.0
0 0.01 0.1703561920944177 0.19410204887390137 27.952807426452637 0.26666666666666666 1.0
0 0.01 0.14838257842248037 0.07619905471801758 28.029006481170654 0.25806451612903225 1.0
0 0.01 0.12924325971726744 0.025449037551879883 28.054455518722534 0.25806451612903225 1.0
0 0.01 0.1125726507783501 0.07582306861877441 28.13027858734131 0.25 1.0
0 0.01 0.09805232188500161 0.07678103446960449 28.207059621810913 0.24242424242424243 1.0
0 0.01 0.08540491638568569 0.10026407241821289 28.307323694229126 0.2352941176470588 1.0
0 0.01 0.07438885283512764 0.026409387588500977 28.333733081817627 0.2352941176470588 1.0
0 0.01 0.06479371048308594 0.09346723556518555 28.427200317382812 0.2285714285714286 1.0
0 0.01 0.056436209971818335 0.2558419704437256 28.683042287826538 0.21621621621621623 1.0
0 0.01 0.049156712468482675 0.05113506317138672 28.734177350997925 0.21621621621621623 1.0
0 0.01 0.0428161703614703 0.22487211227416992 28.959049463272095 0.20512820512820512 1.0
0 0.01 0.03729347127511503 0.04856300354003906 29.007612466812134 0.20512820512820512 1.0
0 0.01 0.032483124670098805 0.044252872467041016 29.051865339279175 0.20512820512820512 1.0
