[216.40736058 188.4937774  164.18066384 143.00360867 124.55810333
 108.49181534  94.49785828  82.30892987  71.69220614  62.44489425
  54.39035884  47.37474809  41.26405496  35.94155748  31.30558923
  27.26759733  23.75045104  20.68696841  18.01863304  15.69447636
  13.67010404  11.906848    10.37102782   9.03330739   7.86813455
   6.85325305   5.96927734   5.19932239   4.52868107   3.94454329
   3.43575127   2.99258645   2.60658382   2.27037024   1.9775236
   1.72245016   1.5002777    1.30676244   1.138208     0.99139477
   0.86351843   0.75213639   0.65512111   0.57061946   0.49701737
   0.43290895   0.37706963   0.32843281   0.28606948   0.24917044]0 1 312.2098259152708 0.0006608963012695312 0.0006608963012695312 0.0 1.0
0 1 271.93903789811014 0.0006899833679199219 0.0013508796691894531 0.0 1.0
0 1 236.8626295349813 0.009118795394897461 0.010469675064086914 0.33333333333333337 1.0
0 1 206.31059705097118 0.009604215621948242 0.020073890686035156 0.5714285714285715 1.0
0 1 179.69935797424765 0.00574493408203125 0.025818824768066406 0.5714285714285715 1.0
0 1 156.52060397255676 0.004503011703491211 0.030321836471557617 0.5714285714285715 1.0
0 1 136.33159152101595 0.003940105438232422 0.03426194190979004 0.5714285714285715 1.0
0 1 118.74668494067365 0.01120305061340332 0.04546499252319336 0.7499999999999999 1.0
0 1 103.42999026917344 0.007020711898803711 0.05248570442199707 0.7499999999999999 1.0
0 1 90.08893926113359 0.0060312747955322266 0.0585169792175293 0.7499999999999999 1.0
0 1 78.46870096453189 0.005889892578125 0.0644068717956543 0.7499999999999999 1.0
0 1 68.34731412713553 0.005618095397949219 0.07002496719360352 0.7499999999999999 1.0
0 1 59.53144745577994 0.005934000015258789 0.0759589672088623 0.6666666666666665 1.0
0 1 51.85270674408604 0.011342287063598633 0.08730125427246094 0.7272727272727272 1.0
0 1 45.16441833008278 0.011708974838256836 0.09901022911071777 0.7272727272727272 1.0
0 1 39.33882744370648 0.014668941497802734 0.11367917060852051 0.6153846153846154 1.0
0 1 34.26465792907022 0.021498918533325195 0.1351780891418457 0.47058823529411764 1.0
0 1 29.84498672911064 0.030041217803955078 0.16521930694580078 0.3636363636363636 1.0
0 1 25.99539253258091 0.040750980377197266 0.20597028732299805 0.3076923076923077 1.0
0 1 22.642343220204207 0.11578226089477539 0.32175254821777344 0.26666666666666666 1.0
0 1 19.721791308170232 0.13599896430969238 0.4577515125274658 0.27586206896551724 1.0
0 1 17.177950560167822 0.2816152572631836 0.7393667697906494 0.26666666666666666 1.0
0 1 14.962230399696251 0.20377302169799805 0.9431397914886475 0.24242424242424243 1.0
0 1 13.03230776858211 0.19617104530334473 1.1393108367919922 0.2222222222222222 1.0
0 1 11.351318703025308 0.19876384735107422 1.3380746841430664 0.2222222222222222 1.0
0 1 9.887154185253786 0.15825414657592773 1.4963288307189941 0.21621621621621623 1.0
0 1 8.611846820663045 0.1558389663696289 1.652167797088623 0.20512820512820512 1.0
0 1 7.501036625197576 0.1826181411743164 1.8347859382629395 0.19999999999999998 1.0
0 1 6.53350571883761 0.15449810028076172 1.9892840385437012 0.20512820512820512 1.0
0 1 5.69077303724795 0.20562982559204102 2.194913864135742 0.18604651162790697 1.0
0 1 4.956741320068812 0.16718530654907227 2.3620991706848145 0.1777777777777778 1.0
0 1 4.317389632878279 0.22275209426879883 2.5848512649536133 0.16666666666666666 1.0
0 1 3.7605055496069455 1.977276086807251 4.562127351760864 0.1702127659574468 1.0
0 1 3.2754518797500736 0.40410423278808594 4.96623158454895 0.1702127659574468 1.0
0 1 2.8529634845718124 0.21907687187194824 5.185308456420898 0.16666666666666666 1.0
0 1 2.4849703012340436 0.17782306671142578 5.363131523132324 0.163265306122449 1.0
0 1 2.1644431943866964 0.28765106201171875 5.650782585144043 0.163265306122449 1.0
0 1 1.8852596907900219 0.16405105590820312 5.814833641052246 0.163265306122449 1.0
0 1 1.6420870323301746 0.15106606483459473 5.965899705886841 0.163265306122449 1.0
0 1 1.4302803135927475 0.14186668395996094 6.107766389846802 0.163265306122449 1.0
0 1 1.2457937582930971 0.13149118423461914 6.239257574081421 0.163265306122449 1.0
0 1 1.0851034398309916 0.4860191345214844 6.725276708602905 0.1568627450980392 1.0
0 1 0.945139969834425 0.4231297969818115 7.148406505584717 0.1568627450980392 1.0
0 1 0.823229868958621 0.5546791553497314 7.703085660934448 0.1568627450980392 1.0
0 1 0.7170445000483404 0.96533203125 8.668417692184448 0.15384615384615383 1.0
0 1 0.624555588222246 0.9778931140899658 9.646310806274414 0.1509433962264151 1.0
0 1 0.5439964782567033 0.7082769870758057 10.35458779335022 0.1509433962264151 1.0
0 1 0.4738283892360109 0.6352839469909668 10.989871740341187 0.1509433962264151 1.0
0 1 0.4127110218901976 0.6428241729736328 11.63269591331482 0.1481481481481481 1.0
0 1 0.3594769571833539 0.6040329933166504 12.23672890663147 0.1481481481481481 1.0
0 0.1 130.20161032759302 0.0006468296051025391 12.237375736236572 0.0 1.0
0 0.1 113.40738729625762 0.0006411075592041016 12.238016843795776 0.0 1.0
0 0.1 98.77938883400856 0.0006270408630371094 12.238643884658813 0.0 1.0
0 0.1 86.03820166433057 0.0006341934204101562 12.239278078079224 0.0 1.0
0 0.1 74.9404529934022 0.0006461143493652344 12.239924192428589 0.0 1.0
0 0.1 65.27416178184274 0.0006589889526367188 12.240583181381226 0.0 1.0
0 0.1 56.854689638682785 0.0006811618804931641 12.241264343261719 0.0 1.0
0 0.1 49.52121399451067 0.0006680488586425781 12.241932392120361 0.0 1.0
0 0.1 43.13365618693992 0.0006458759307861328 12.242578268051147 0.0 1.0
0 0.1 37.570005780944214 0.000637054443359375 12.243215322494507 0.0 1.0
0 0.1 32.7239900151928 0.0006520748138427734 12.24386739730835 0.0 1.0
0 0.1 28.503043857863506 0.0006399154663085938 12.244507312774658 0.0 1.0
0 0.1 24.826541897430772 0.010411977767944336 12.254919290542603 0.5714285714285715 1.0
0 0.1 21.624258295306348 0.002379179000854492 12.257298469543457 0.5714285714285715 1.0
0 0.1 18.835025383479486 0.001992940902709961 12.259291410446167 0.5714285714285715 1.0
0 0.1 16.405565284674683 0.0020351409912109375 12.261326551437378 0.5714285714285715 1.0
0 0.1 14.289472237493916 0.002131938934326172 12.263458490371704 0.5714285714285715 1.0
0 0.1 12.446326187665905 0.0022079944610595703 12.265666484832764 0.5714285714285715 1.0
0 0.1 10.840920713874212 0.007873058319091797 12.273539543151855 0.7499999999999999 1.0
0 0.1 9.44259054057033 0.002789735794067383 12.276329278945923 0.7499999999999999 1.0
0 0.1 8.224625792416147 0.0027511119842529297 12.279080390930176 0.7499999999999999 1.0
0 0.1 7.163761801874259 0.0029981136322021484 12.282078504562378 0.7499999999999999 1.0
0 0.1 6.239734724625884 0.0032508373260498047 12.285329341888428 0.7499999999999999 1.0
0 0.1 5.43489447450858 0.027318954467773438 12.312648296356201 0.7272727272727272 1.0
0 0.1 4.733867584541418 0.0076792240142822266 12.320327520370483 0.7272727272727272 1.0
0 0.1 4.123263554256632 0.008621692657470703 12.328949213027954 0.7272727272727272 1.0
0 0.1 3.591419074200402 0.05720090866088867 12.386150121688843 0.5714285714285714 1.0
0 0.1 3.128175241967003 0.1492910385131836 12.535441160202026 0.4444444444444444 1.0
0 0.1 2.7246835143108377 0.0527958869934082 12.588237047195435 0.4210526315789473 1.0
0 0.1 2.373236688776134 0.08878087997436523 12.6770179271698 0.38095238095238093 1.0
0 0.1 2.0671216863796724 0.3787381649017334 13.055756092071533 0.3333333333333333 1.0
0 0.1 1.8004913233094775 0.5075199604034424 13.563276052474976 0.32000000000000006 1.0
0 0.1 1.5682526223167341 0.5789999961853027 14.142276048660278 0.2857142857142857 1.0
0 0.1 1.3659695304072161 0.45299792289733887 14.595273971557617 0.27586206896551724 1.0
0 0.1 1.1897781846170337 0.2985091209411621 14.89378309249878 0.25806451612903225 1.0
0 0.1 1.036313107341863 0.0922858715057373 14.986068964004517 0.25806451612903225 1.0
0 0.1 0.9026429214570189 0.20572781562805176 15.191796779632568 0.24242424242424243 1.0
0 0.1 0.786214357305898 0.2124319076538086 15.404228687286377 0.2352941176470588 1.0
0 0.1 0.6848034820193963 0.07283973693847656 15.477068424224854 0.2352941176470588 1.0
0 0.1 0.5964732195846044 0.6866741180419922 16.163742542266846 0.2285714285714286 1.0
0 0.1 0.5195363502423698 0.7227799892425537 16.8865225315094 0.2222222222222222 1.0
0 0.1 0.4525232824553942 2.631392002105713 19.517914533615112 0.19999999999999998 1.0
0 0.1 0.3941539818506903 0.36945295333862305 19.887367486953735 0.19999999999999998 1.0
0 0.1 0.34331352094368267 0.5979111194610596 20.485278606414795 0.19512195121951217 1.0
0 0.1 0.2990307826127625 0.7790331840515137 21.26431179046631 0.19047619047619047 1.0
0 0.1 0.2604599105337001 1.2085869312286377 22.472898721694946 0.18181818181818182 1.0
0 0.1 0.22686415225376097 0.42705821990966797 22.899956941604614 0.18181818181818182 1.0
0 0.1 0.19760178628779224 0.19922184944152832 23.099178791046143 0.18181818181818182 1.0
0 0.1 0.17211386442601356 0.13095688819885254 23.230135679244995 0.18181818181818182 1.0
0 0.1 0.14991353511608546 2.3938021659851074 25.623937845230103 0.1739130434782609 1.0
0 0.01 28.211963230963963 0.0006341934204101562 25.624572038650513 0.0 1.0
0 0.01 24.573006681497752 0.0006320476531982422 25.62520408630371 0.0 1.0
0 0.01 21.403425646968028 0.0006182193756103516 25.62582230567932 0.0 1.0
0 0.01 18.642677119777133 0.0006320476531982422 25.62645435333252 0.0 1.0
0 0.01 16.238027310431736 0.0006480216979980469 25.627102375030518 0.0 1.0
0 0.01 14.143544365449966 0.0006918907165527344 25.62779426574707 0.0 1.0
0 0.01 12.319221010851523 0.0006570816040039062 25.628451347351074 0.0 1.0
0 0.01 10.730210362611421 0.0006451606750488281 25.629096508026123 0.0 1.0
0 0.01 9.346160307090315 0.0007238388061523438 25.629820346832275 0.0 1.0
0 0.01 8.140633737265514 0.0006341934204101562 25.630454540252686 0.0 1.0
0 0.01 7.090603570541246 0.0006258487701416016 25.631080389022827 0.0 1.0
0 0.01 6.176012902339531 0.0006270408630371094 25.631707429885864 0.0 1.0
0 0.01 5.379391893848717 0.0006184577941894531 25.632325887680054 0.0 1.0
0 0.01 4.685524076001097 0.0006792545318603516 25.633005142211914 0.0 1.0
0 0.01 4.081155695663349 0.0006341934204101562 25.633639335632324 0.0 1.0
0 0.01 3.554742552184356 0.0006620883941650391 25.63430142402649 0.0 1.0
0 0.01 3.09622948855821 0.0006680488586425781 25.634969472885132 0.0 1.0
0 0.01 2.6968583252045994 0.0006399154663085938 25.63560938835144 0.0 1.0
0 0.01 2.349000567658869 0.016234874725341797 25.651844263076782 0.5714285714285715 1.0
0 0.01 2.046011692676912 0.0013151168823242188 25.653159379959106 0.5714285714285715 1.0
0 0.01 1.7821042294352372 0.0013000965118408203 25.654459476470947 0.5714285714285715 1.0
0 0.01 1.5522372115164986 0.0013189315795898438 25.655778408050537 0.5714285714285715 1.0
0 0.01 1.3520198880735976 0.0014133453369140625 25.65719175338745 0.5714285714285715 1.0
0 0.01 1.1776278549337647 0.0017070770263671875 25.65889883041382 0.5714285714285715 1.0
0 0.01 1.0257300036406054 0.005481243133544922 25.664380073547363 0.7499999999999999 1.0
0 0.01 0.8934248930683893 0.0017809867858886719 25.666161060333252 0.7499999999999999 1.0
0 0.01 0.7781853282259436 0.0010828971862792969 25.66724395751953 0.7499999999999999 1.0
0 0.01 0.6778100876351608 0.0012197494506835938 25.668463706970215 0.7499999999999999 1.0
0 0.01 0.590381877216004 0.0012171268463134766 25.66968083381653 0.7499999999999999 1.0
0 0.01 0.5142307075440048 0.012958049774169922 25.6826388835907 0.7272727272727272 1.0
0 0.01 0.44790199493955546 0.003261089324951172 25.68589997291565 0.7272727272727272 1.0
0 0.01 0.39012877707943217 0.04151606559753418 25.727416038513184 0.5000000000000001 1.0
0 0.01 0.33980751241358653 0.04847884178161621 25.7758948802948 0.4 1.0
0 0.01 0.2959770011254507 0.009554862976074219 25.785449743270874 0.4 1.0
0 0.01 0.2578000249994245 0.010313987731933594 25.795763731002808 0.4 1.0
0 0.01 0.22454735549379537 0.06744694709777832 25.863210678100586 0.3076923076923077 1.0
0 0.01 0.19558382455304058 0.012951135635375977 25.876161813735962 0.3076923076923077 1.0
0 0.01 0.1703561920944177 0.18566679954528809 26.06182861328125 0.26666666666666666 1.0
0 0.01 0.14838257842248037 0.06280922889709473 26.124637842178345 0.25806451612903225 1.0
0 0.01 0.12924325971726744 0.019458770751953125 26.144096612930298 0.25806451612903225 1.0
0 0.01 0.1125726507783501 0.06467103958129883 26.208767652511597 0.25 1.0
0 0.01 0.09805232188500161 0.06540989875793457 26.27417755126953 0.24242424242424243 1.0
0 0.01 0.08540491638568569 0.08880877494812012 26.36298632621765 0.2352941176470588 1.0
0 0.01 0.07438885283512764 0.01994609832763672 26.382932424545288 0.2352941176470588 1.0
0 0.01 0.06479371048308594 0.08492588996887207 26.46785831451416 0.2285714285714286 1.0
0 0.01 0.056436209971818335 0.23447704315185547 26.702335357666016 0.21621621621621623 1.0
0 0.01 0.049156712468482675 0.039229393005371094 26.741564750671387 0.21621621621621623 1.0
0 0.01 0.0428161703614703 0.20191621780395508 26.943480968475342 0.20512820512820512 1.0
0 0.01 0.03729347127511503 0.042778968811035156 26.986259937286377 0.20512820512820512 1.0
0 0.01 0.032483124670098805 0.031913042068481445 27.01817297935486 0.20512820512820512 1.0
