[216.40736058 188.4937774  164.18066384 143.00360867 124.55810333
 108.49181534  94.49785828  82.30892987  71.69220614  62.44489425
  54.39035884  47.37474809  41.26405496  35.94155748  31.30558923
  27.26759733  23.75045104  20.68696841  18.01863304  15.69447636
  13.67010404  11.906848    10.37102782   9.03330739   7.86813455
   6.85325305   5.96927734   5.19932239   4.52868107   3.94454329
   3.43575127   2.99258645   2.60658382   2.27037024   1.9775236
   1.72245016   1.5002777    1.30676244   1.138208     0.99139477
   0.86351843   0.75213639   0.65512111   0.57061946   0.49701737
   0.43290895   0.37706963   0.32843281   0.28606948   0.24917044]0 1 312.2098259152708 0.001291036605834961 0.001291036605834961 0.0 1.0
0 1 271.93903789811014 0.0011970996856689453 0.0024881362915039062 0.0 1.0
0 1 236.8626295349813 0.028028011322021484 0.03051614761352539 0.33333333333333337 1.0
0 1 206.31059705097118 0.021496057510375977 0.05201220512390137 0.5714285714285715 1.0
0 1 179.69935797424765 0.012064218521118164 0.06407642364501953 0.5714285714285715 1.0
0 1 156.52060397255676 0.009317159652709961 0.07339358329772949 0.5714285714285715 1.0
0 1 136.33159152101595 0.008165836334228516 0.08155941963195801 0.5714285714285715 1.0
0 1 118.74668494067365 0.023791790008544922 0.10535120964050293 0.7499999999999999 1.0
0 1 103.42999026917344 0.014840841293334961 0.12019205093383789 0.7499999999999999 1.0
0 1 90.08893926113359 0.010991811752319336 0.13118386268615723 0.7499999999999999 1.0
0 1 78.46870096453189 0.01002812385559082 0.14121198654174805 0.7499999999999999 1.0
0 1 68.34731412713553 0.008592844009399414 0.14980483055114746 0.7499999999999999 1.0
0 1 59.53144745577994 0.008967161178588867 0.15877199172973633 0.6666666666666665 1.0
0 1 51.85270674408604 0.013345003128051758 0.17211699485778809 0.7272727272727272 1.0
0 1 45.16441833008278 0.012711763381958008 0.1848287582397461 0.7272727272727272 1.0
0 1 39.33882744370648 0.012550115585327148 0.19737887382507324 0.6153846153846154 1.0
0 1 34.26465792907022 0.018862009048461914 0.21624088287353516 0.47058823529411764 1.0
0 1 29.84498672911064 0.02599310874938965 0.2422339916229248 0.3636363636363636 1.0
0 1 25.99539253258091 0.032540082931518555 0.27477407455444336 0.3076923076923077 1.0
0 1 22.642343220204207 0.09509611129760742 0.3698701858520508 0.26666666666666666 1.0
0 1 19.721791308170232 0.10619711875915527 0.47606730461120605 0.27586206896551724 1.0
0 1 17.177950560167822 0.24527406692504883 0.7213413715362549 0.26666666666666666 1.0
0 1 14.962230399696251 0.173353910446167 0.8946952819824219 0.24242424242424243 1.0
0 1 13.03230776858211 0.18035197257995605 1.075047254562378 0.2222222222222222 1.0
0 1 11.351318703025308 0.15314507484436035 1.2281923294067383 0.2222222222222222 1.0
0 1 9.887154185253786 0.12220168113708496 1.3503940105438232 0.21621621621621623 1.0
0 1 8.611846820663045 0.1224067211151123 1.4728007316589355 0.20512820512820512 1.0
0 1 7.501036625197576 0.1395261287689209 1.6123268604278564 0.19999999999999998 1.0
0 1 6.53350571883761 0.11988306045532227 1.7322099208831787 0.20512820512820512 1.0
0 1 5.69077303724795 0.16105985641479492 1.8932697772979736 0.18604651162790697 1.0
0 1 4.956741320068812 0.11951899528503418 2.012788772583008 0.1777777777777778 1.0
0 1 4.317389632878279 0.16406512260437012 2.176853895187378 0.1702127659574468 1.0
0 1 3.7605055496069455 1.6413156986236572 3.818169593811035 0.1702127659574468 1.0
0 1 3.2754518797500736 0.3329298496246338 4.151099443435669 0.1702127659574468 1.0
0 1 2.8529634845718124 0.12828588485717773 4.279385328292847 0.16666666666666666 1.0
0 1 2.4849703012340436 0.12843585014343262 4.407821178436279 0.163265306122449 1.0
0 1 2.1644431943866964 0.22528481483459473 4.633105993270874 0.163265306122449 1.0
0 1 1.8852596907900219 0.09360408782958984 4.726710081100464 0.163265306122449 1.0
0 1 1.6420870323301746 0.09330606460571289 4.820016145706177 0.163265306122449 1.0
0 1 1.4302803135927475 0.09523606300354004 4.915252208709717 0.163265306122449 1.0
0 1 1.2457937582930971 0.09426617622375488 5.009518384933472 0.163265306122449 1.0
0 1 1.0851034398309916 0.2205369472503662 5.230055332183838 0.1568627450980392 1.0
0 1 0.945139969834425 0.2209300994873047 5.450985431671143 0.1568627450980392 1.0
0 1 0.823229868958621 0.36863183975219727 5.81961727142334 0.1568627450980392 1.0
0 1 0.7170445000483404 0.6770329475402832 6.496650218963623 0.15384615384615383 1.0
0 1 0.624555588222246 0.44323301315307617 6.939883232116699 0.1509433962264151 1.0
0 1 0.5439964782567033 0.30807995796203613 7.247963190078735 0.1509433962264151 1.0
0 1 0.4738283892360109 0.22891807556152344 7.476881265640259 0.1509433962264151 1.0
0 1 0.4127110218901976 0.22984075546264648 7.706722021102905 0.1481481481481481 1.0
0 1 0.3594769571833539 0.2286069393157959 7.935328960418701 0.1481481481481481 1.0
0 0.1 130.20161032759302 0.0011870861053466797 7.936516046524048 0.0 1.0
0 0.1 113.40738729625762 0.0011649131774902344 7.937680959701538 0.0 1.0
0 0.1 98.77938883400856 0.0011641979217529297 7.938845157623291 0.0 1.0
0 0.1 86.03820166433057 0.0012867450714111328 7.940131902694702 0.0 1.0
0 0.1 74.9404529934022 0.0012068748474121094 7.941338777542114 0.0 1.0
0 0.1 65.27416178184274 0.0011670589447021484 7.942505836486816 0.0 1.0
0 0.1 56.854689638682785 0.001180887222290039 7.9436867237091064 0.0 1.0
0 0.1 49.52121399451067 0.0012450218200683594 7.944931745529175 0.0 1.0
0 0.1 43.13365618693992 0.00121307373046875 7.9461448192596436 0.0 1.0
0 0.1 37.570005780944214 0.0011630058288574219 7.947307825088501 0.0 1.0
0 0.1 32.7239900151928 0.0011518001556396484 7.948459625244141 0.0 1.0
0 0.1 28.503043857863506 0.001508951187133789 7.949968576431274 0.0 1.0
0 0.1 24.826541897430772 0.014189720153808594 7.964158296585083 0.5714285714285715 1.0
0 0.1 21.624258295306348 0.0041768550872802734 7.968335151672363 0.5714285714285715 1.0
0 0.1 18.835025383479486 0.004098653793334961 7.972433805465698 0.5714285714285715 1.0
0 0.1 16.405565284674683 0.003979921340942383 7.976413726806641 0.5714285714285715 1.0
0 0.1 14.289472237493916 0.004196882247924805 7.980610609054565 0.5714285714285715 1.0
0 0.1 12.446326187665905 0.00391077995300293 7.984521389007568 0.5714285714285715 1.0
0 0.1 10.840920713874212 0.011703729629516602 7.996225118637085 0.7499999999999999 1.0
0 0.1 9.44259054057033 0.005157947540283203 8.001383066177368 0.7499999999999999 1.0
0 0.1 8.224625792416147 0.003999948501586914 8.005383014678955 0.7499999999999999 1.0
0 0.1 7.163761801874259 0.004215717315673828 8.009598731994629 0.7499999999999999 1.0
0 0.1 6.239734724625884 0.0039708614349365234 8.013569593429565 0.7499999999999999 1.0
0 0.1 5.43489447450858 0.030994892120361328 8.044564485549927 0.7272727272727272 1.0
0 0.1 4.733867584541418 0.009552240371704102 8.05411672592163 0.7272727272727272 1.0
0 0.1 4.123263554256632 0.009038925170898438 8.06315565109253 0.7272727272727272 1.0
0 0.1 3.591419074200402 0.06226515769958496 8.125420808792114 0.5714285714285714 1.0
0 0.1 3.128175241967003 0.14745306968688965 8.272873878479004 0.4444444444444444 1.0
0 0.1 2.7246835143108377 0.05456185340881348 8.327435731887817 0.4210526315789473 1.0
0 0.1 2.373236688776134 0.09000706672668457 8.417442798614502 0.38095238095238093 1.0
0 0.1 2.0671216863796724 0.2864828109741211 8.703925609588623 0.3333333333333333 1.0
0 0.1 1.8004913233094775 0.5117130279541016 9.215638637542725 0.32000000000000006 1.0
0 0.1 1.5682526223167341 0.5785760879516602 9.794214725494385 0.2857142857142857 1.0
0 0.1 1.3659695304072161 0.43158817291259766 10.225802898406982 0.27586206896551724 1.0
0 0.1 1.1897781846170337 0.2715320587158203 10.497334957122803 0.25806451612903225 1.0
0 0.1 1.036313107341863 0.0864870548248291 10.583822011947632 0.25806451612903225 1.0
0 0.1 0.9026429214570189 0.1781940460205078 10.76201605796814 0.24242424242424243 1.0
0 0.1 0.786214357305898 0.2035069465637207 10.96552300453186 0.2352941176470588 1.0
0 0.1 0.6848034820193963 0.06496000289916992 11.03048300743103 0.2352941176470588 1.0
0 0.1 0.5964732195846044 0.6530208587646484 11.683503866195679 0.2285714285714286 1.0
0 0.1 0.5195363502423698 0.6506948471069336 12.334198713302612 0.2222222222222222 1.0
0 0.1 0.4525232824553942 2.4098570346832275 14.74405574798584 0.19999999999999998 1.0
0 0.1 0.3941539818506903 0.3010568618774414 15.045112609863281 0.19999999999999998 1.0
0 0.1 0.34331352094368267 0.4787170886993408 15.523829698562622 0.19512195121951217 1.0
0 0.1 0.2990307826127625 0.799623966217041 16.323453664779663 0.19047619047619047 1.0
0 0.1 0.2604599105337001 0.8365509510040283 17.16000461578369 0.18604651162790697 1.0
0 0.1 0.22686415225376097 0.24680685997009277 17.406811475753784 0.18181818181818182 1.0
0 0.1 0.19760178628779224 0.13306498527526855 17.539876461029053 0.18181818181818182 1.0
0 0.1 0.17211386442601356 0.11678171157836914 17.656658172607422 0.18181818181818182 1.0
0 0.1 0.14991353511608546 1.6701462268829346 19.326804399490356 0.1739130434782609 1.0
0 0.01 28.211963230963963 0.0012023448944091797 19.328006744384766 0.0 1.0
0 0.01 24.573006681497752 0.0011758804321289062 19.329182624816895 0.0 1.0
0 0.01 21.403425646968028 0.0011641979217529297 19.330346822738647 0.0 1.0
0 0.01 18.642677119777133 0.0012090206146240234 19.33155584335327 0.0 1.0
0 0.01 16.238027310431736 0.001287221908569336 19.33284306526184 0.0 1.0
0 0.01 14.143544365449966 0.0011849403381347656 19.334028005599976 0.0 1.0
0 0.01 12.319221010851523 0.00121307373046875 19.335241079330444 0.0 1.0
0 0.01 10.730210362611421 0.00115203857421875 19.336393117904663 0.0 1.0
0 0.01 9.346160307090315 0.0012369155883789062 19.337630033493042 0.0 1.0
0 0.01 8.140633737265514 0.0012938976287841797 19.338923931121826 0.0 1.0
0 0.01 7.090603570541246 0.0011930465698242188 19.34011697769165 0.0 1.0
0 0.01 6.176012902339531 0.0012230873107910156 19.34134006500244 0.0 1.0
0 0.01 5.379391893848717 0.001184225082397461 19.34252429008484 0.0 1.0
0 0.01 4.685524076001097 0.0012900829315185547 19.343814373016357 0.0 1.0
0 0.01 4.081155695663349 0.0012552738189697266 19.345069646835327 0.0 1.0
0 0.01 3.554742552184356 0.0011510848999023438 19.34622073173523 0.0 1.0
0 0.01 3.09622948855821 0.0011479854583740234 19.347368717193604 0.0 1.0
0 0.01 2.6968583252045994 0.0011968612670898438 19.348565578460693 0.0 1.0
0 0.01 2.349000567658869 0.009869098663330078 19.358434677124023 0.5714285714285715 1.0
0 0.01 2.046011692676912 0.0025048255920410156 19.360939502716064 0.5714285714285715 1.0
0 0.01 1.7821042294352372 0.002610921859741211 19.363550424575806 0.5714285714285715 1.0
0 0.01 1.5522372115164986 0.0014157295227050781 19.36496615409851 0.5714285714285715 1.0
0 0.01 1.3520198880735976 0.0013051033020019531 19.366271257400513 0.5714285714285715 1.0
0 0.01 1.1776278549337647 0.0013272762298583984 19.36759853363037 0.5714285714285715 1.0
0 0.01 1.0257300036406054 0.010933637619018555 19.37853217124939 0.7499999999999999 1.0
0 0.01 0.8934248930683893 0.002577066421508789 19.3811092376709 0.7499999999999999 1.0
0 0.01 0.7781853282259436 0.0024919509887695312 19.383601188659668 0.7499999999999999 1.0
0 0.01 0.6778100876351608 0.0014617443084716797 19.38506293296814 0.7499999999999999 1.0
0 0.01 0.590381877216004 0.0014119148254394531 19.38647484779358 0.7499999999999999 1.0
0 0.01 0.5142307075440048 0.018861055374145508 19.405335903167725 0.7272727272727272 1.0
0 0.01 0.44790199493955546 0.0029449462890625 19.408280849456787 0.7272727272727272 1.0
0 0.01 0.39012877707943217 0.044719696044921875 19.45300054550171 0.5000000000000001 1.0
0 0.01 0.33980751241358653 0.05211997032165527 19.505120515823364 0.4 1.0
0 0.01 0.2959770011254507 0.011287927627563477 19.516408443450928 0.4 1.0
0 0.01 0.2578000249994245 0.010702133178710938 19.52711057662964 0.4 1.0
0 0.01 0.22454735549379537 0.07471084594726562 19.601821422576904 0.3076923076923077 1.0
0 0.01 0.19558382455304058 0.014629840850830078 19.616451263427734 0.3076923076923077 1.0
0 0.01 0.1703561920944177 0.1857297420501709 19.802181005477905 0.26666666666666666 1.0
0 0.01 0.14838257842248037 0.06994104385375977 19.872122049331665 0.25806451612903225 1.0
0 0.01 0.12924325971726744 0.021380901336669922 19.893502950668335 0.25806451612903225 1.0
0 0.01 0.1125726507783501 0.06987118721008301 19.963374137878418 0.25 1.0
0 0.01 0.09805232188500161 0.07166123390197754 20.035035371780396 0.24242424242424243 1.0
0 0.01 0.08540491638568569 0.09180784225463867 20.126843214035034 0.2352941176470588 1.0
0 0.01 0.07438885283512764 0.022181034088134766 20.14902424812317 0.2352941176470588 1.0
0 0.01 0.06479371048308594 0.08724188804626465 20.236266136169434 0.2285714285714286 1.0
0 0.01 0.056436209971818335 0.23833417892456055 20.474600315093994 0.21621621621621623 1.0
0 0.01 0.049156712468482675 0.03906679153442383 20.513667106628418 0.21621621621621623 1.0
0 0.01 0.0428161703614703 0.20514512062072754 20.718812227249146 0.20512820512820512 1.0
0 0.01 0.03729347127511503 0.03963184356689453 20.75844407081604 0.20512820512820512 1.0
0 0.01 0.032483124670098805 0.03834986686706543 20.796793937683105 0.20512820512820512 1.0
