[216.40736058 188.4937774  164.18066384 143.00360867 124.55810333
 108.49181534  94.49785828  82.30892987  71.69220614  62.44489425
  54.39035884  47.37474809  41.26405496  35.94155748  31.30558923
  27.26759733  23.75045104  20.68696841  18.01863304  15.69447636
  13.67010404  11.906848    10.37102782   9.03330739   7.86813455
   6.85325305   5.96927734   5.19932239   4.52868107   3.94454329
   3.43575127   2.99258645   2.60658382   2.27037024   1.9775236
   1.72245016   1.5002777    1.30676244   1.138208     0.99139477
   0.86351843   0.75213639   0.65512111   0.57061946   0.49701737
   0.43290895   0.37706963   0.32843281   0.28606948   0.24917044]0 1 312.2098259152708 0.0011909008026123047 0.0011909008026123047 0.0 1.0
0 1 271.93903789811014 0.001171112060546875 0.0023620128631591797 0.0 1.0
0 1 236.8626295349813 0.03401613235473633 0.03637814521789551 0.33333333333333337 1.0
0 1 206.31059705097118 0.024540185928344727 0.060918331146240234 0.5714285714285715 1.0
0 1 179.69935797424765 0.015070915222167969 0.0759892463684082 0.5714285714285715 1.0
0 1 156.52060397255676 0.012597084045410156 0.08858633041381836 0.5714285714285715 1.0
0 1 136.33159152101595 0.010233163833618164 0.09881949424743652 0.5714285714285715 1.0
0 1 118.74668494067365 0.029282808303833008 0.12810230255126953 0.7499999999999999 1.0
0 1 103.42999026917344 0.0179290771484375 0.14603137969970703 0.7499999999999999 1.0
0 1 90.08893926113359 0.013084173202514648 0.15911555290222168 0.7499999999999999 1.0
0 1 78.46870096453189 0.012145280838012695 0.17126083374023438 0.7499999999999999 1.0
0 1 68.34731412713553 0.009919881820678711 0.18118071556091309 0.7499999999999999 1.0
0 1 59.53144745577994 0.010395050048828125 0.1915757656097412 0.6666666666666665 1.0
0 1 51.85270674408604 0.015278816223144531 0.20685458183288574 0.7272727272727272 1.0
0 1 45.16441833008278 0.01390981674194336 0.2207643985748291 0.7272727272727272 1.0
0 1 39.33882744370648 0.014998197555541992 0.2357625961303711 0.6153846153846154 1.0
0 1 34.26465792907022 0.02428293228149414 0.26004552841186523 0.47058823529411764 1.0
0 1 29.84498672911064 0.02902078628540039 0.2890663146972656 0.3636363636363636 1.0
0 1 25.99539253258091 0.039968013763427734 0.32903432846069336 0.3076923076923077 1.0
0 1 22.642343220204207 0.10970211029052734 0.4387364387512207 0.26666666666666666 1.0
0 1 19.721791308170232 0.1277928352355957 0.5665292739868164 0.27586206896551724 1.0
0 1 17.177950560167822 0.2690451145172119 0.8355743885040283 0.26666666666666666 1.0
0 1 14.962230399696251 0.19382572174072266 1.029400110244751 0.24242424242424243 1.0
0 1 13.03230776858211 0.18639731407165527 1.2157974243164062 0.2222222222222222 1.0
0 1 11.351318703025308 0.18138384819030762 1.3971812725067139 0.2222222222222222 1.0
0 1 9.887154185253786 0.13833999633789062 1.5355212688446045 0.21621621621621623 1.0
0 1 8.611846820663045 0.13886523246765137 1.6743865013122559 0.20512820512820512 1.0
0 1 7.501036625197576 0.1662142276763916 1.8406007289886475 0.19999999999999998 1.0
0 1 6.53350571883761 0.13915228843688965 1.979753017425537 0.20512820512820512 1.0
0 1 5.69077303724795 0.18237709999084473 2.162130117416382 0.18604651162790697 1.0
0 1 4.956741320068812 0.15117287635803223 2.313302993774414 0.1777777777777778 1.0
0 1 4.317389632878279 0.1921069622039795 2.5054099559783936 0.1702127659574468 1.0
0 1 3.7605055496069455 1.8665778636932373 4.371987819671631 0.1702127659574468 1.0
0 1 3.2754518797500736 0.36786985397338867 4.7398576736450195 0.1702127659574468 1.0
0 1 2.8529634845718124 0.1788017749786377 4.918659448623657 0.16666666666666666 1.0
0 1 2.4849703012340436 0.14627408981323242 5.06493353843689 0.163265306122449 1.0
0 1 2.1644431943866964 0.24827289581298828 5.313206434249878 0.163265306122449 1.0
0 1 1.8852596907900219 0.13948583602905273 5.452692270278931 0.163265306122449 1.0
0 1 1.6420870323301746 0.12040591239929199 5.573098182678223 0.163265306122449 1.0
0 1 1.4302803135927475 0.11648011207580566 5.689578294754028 0.163265306122449 1.0
0 1 1.2457937582930971 0.11113190650939941 5.800710201263428 0.163265306122449 1.0
0 1 1.0851034398309916 0.38739585876464844 6.188106060028076 0.1568627450980392 1.0
0 1 0.945139969834425 0.3393857479095459 6.527491807937622 0.1568627450980392 1.0
0 1 0.823229868958621 0.4907362461090088 7.018228054046631 0.1568627450980392 1.0
0 1 0.7170445000483404 0.7985279560089111 7.816756010055542 0.15384615384615383 1.0
0 1 0.624555588222246 0.7341620922088623 8.550918102264404 0.1509433962264151 1.0
0 1 0.5439964782567033 0.5153040885925293 9.066222190856934 0.1509433962264151 1.0
0 1 0.4738283892360109 0.44000792503356934 9.506230115890503 0.1509433962264151 1.0
0 1 0.4127110218901976 0.4419686794281006 9.948198795318604 0.1481481481481481 1.0
0 1 0.3594769571833539 0.44212985038757324 10.390328645706177 0.1481481481481481 1.0
0 0.1 130.20161032759302 0.0011620521545410156 10.391490697860718 0.0 1.0
0 0.1 113.40738729625762 0.001177072525024414 10.392667770385742 0.0 1.0
0 0.1 98.77938883400856 0.0011630058288574219 10.3938307762146 0.0 1.0
0 0.1 86.03820166433057 0.001222848892211914 10.395053625106812 0.0 1.0
0 0.1 74.9404529934022 0.0012590885162353516 10.396312713623047 0.0 1.0
0 0.1 65.27416178184274 0.0012087821960449219 10.397521495819092 0.0 1.0
0 0.1 56.854689638682785 0.001226186752319336 10.398747682571411 0.0 1.0
0 0.1 49.52121399451067 0.0011761188507080078 10.39992380142212 0.0 1.0
0 0.1 43.13365618693992 0.0011458396911621094 10.401069641113281 0.0 1.0
0 0.1 37.570005780944214 0.00115203857421875 10.4022216796875 0.0 1.0
0 0.1 32.7239900151928 0.001210927963256836 10.403432607650757 0.0 1.0
0 0.1 28.503043857863506 0.0011529922485351562 10.404585599899292 0.0 1.0
0 0.1 24.826541897430772 0.015533924102783203 10.420119524002075 0.5714285714285715 1.0
0 0.1 21.624258295306348 0.0050411224365234375 10.425160646438599 0.5714285714285715 1.0
0 0.1 18.835025383479486 0.005079984664916992 10.430240631103516 0.5714285714285715 1.0
0 0.1 16.405565284674683 0.004982948303222656 10.435223579406738 0.5714285714285715 1.0
0 0.1 14.289472237493916 0.005239963531494141 10.440463542938232 0.5714285714285715 1.0
0 0.1 12.446326187665905 0.00397801399230957 10.444441556930542 0.5714285714285715 1.0
0 0.1 10.840920713874212 0.012334108352661133 10.456775665283203 0.7499999999999999 1.0
0 0.1 9.44259054057033 0.0062618255615234375 10.463037490844727 0.7499999999999999 1.0
0 0.1 8.224625792416147 0.005146980285644531 10.468184471130371 0.7499999999999999 1.0
0 0.1 7.163761801874259 0.005216836929321289 10.473401308059692 0.7499999999999999 1.0
0 0.1 6.239734724625884 0.005125761032104492 10.478527069091797 0.7499999999999999 1.0
0 0.1 5.43489447450858 0.03311300277709961 10.511640071868896 0.7272727272727272 1.0
0 0.1 4.733867584541418 0.011845111846923828 10.52348518371582 0.7272727272727272 1.0
0 0.1 4.123263554256632 0.011509895324707031 10.534995079040527 0.7272727272727272 1.0
0 0.1 3.591419074200402 0.06344008445739746 10.598435163497925 0.5714285714285714 1.0
0 0.1 3.128175241967003 0.14970993995666504 10.74814510345459 0.4444444444444444 1.0
0 0.1 2.7246835143108377 0.05823493003845215 10.806380033493042 0.4210526315789473 1.0
0 0.1 2.373236688776134 0.08985710144042969 10.896237134933472 0.38095238095238093 1.0
0 0.1 2.0671216863796724 0.43158888816833496 11.327826023101807 0.3333333333333333 1.0
0 0.1 1.8004913233094775 0.5453600883483887 11.873186111450195 0.32000000000000006 1.0
0 0.1 1.5682526223167341 0.590552806854248 12.463738918304443 0.2857142857142857 1.0
0 0.1 1.3659695304072161 0.44795894622802734 12.91169786453247 0.27586206896551724 1.0
0 0.1 1.1897781846170337 0.3054482936859131 13.217146158218384 0.25806451612903225 1.0
0 0.1 1.036313107341863 0.09460663795471191 13.311752796173096 0.25806451612903225 1.0
0 0.1 0.9026429214570189 0.21284103393554688 13.524593830108643 0.24242424242424243 1.0
0 0.1 0.786214357305898 0.2144761085510254 13.739069938659668 0.2352941176470588 1.0
0 0.1 0.6848034820193963 0.07018399238586426 13.809253931045532 0.2352941176470588 1.0
0 0.1 0.5964732195846044 0.6682801246643066 14.477534055709839 0.2285714285714286 1.0
0 0.1 0.5195363502423698 0.7077429294586182 15.185276985168457 0.2222222222222222 1.0
0 0.1 0.4525232824553942 2.56376314163208 17.749040126800537 0.19999999999999998 1.0
0 0.1 0.3941539818506903 0.36609315872192383 18.11513328552246 0.19999999999999998 1.0
0 0.1 0.34331352094368267 0.5686368942260742 18.683770179748535 0.19512195121951217 1.0
0 0.1 0.2990307826127625 0.7867293357849121 19.470499515533447 0.19047619047619047 1.0
0 0.1 0.2604599105337001 0.9697396755218506 20.440239191055298 0.18181818181818182 1.0
0 0.1 0.22686415225376097 0.3879580497741699 20.828197240829468 0.18181818181818182 1.0
0 0.1 0.19760178628779224 0.16565394401550293 20.99385118484497 0.18181818181818182 1.0
0 0.1 0.17211386442601356 0.12841796875 21.12226915359497 0.18181818181818182 1.0
0 0.1 0.14991353511608546 2.155956983566284 23.278226137161255 0.1739130434782609 1.0
0 0.01 28.211963230963963 0.0011658668518066406 23.27939200401306 0.0 1.0
0 0.01 24.573006681497752 0.0011489391326904297 23.280540943145752 0.0 1.0
0 0.01 21.403425646968028 0.0011949539184570312 23.28173589706421 0.0 1.0
0 0.01 18.642677119777133 0.0012171268463134766 23.282953023910522 0.0 1.0
0 0.01 16.238027310431736 0.0012009143829345703 23.284153938293457 0.0 1.0
0 0.01 14.143544365449966 0.0011451244354248047 23.285299062728882 0.0 1.0
0 0.01 12.319221010851523 0.00115203857421875 23.2864511013031 0.0 1.0
0 0.01 10.730210362611421 0.001310110092163086 23.287761211395264 0.0 1.0
0 0.01 9.346160307090315 0.0012230873107910156 23.288984298706055 0.0 1.0
0 0.01 8.140633737265514 0.00115203857421875 23.290136337280273 0.0 1.0
0 0.01 7.090603570541246 0.0012428760528564453 23.29137921333313 0.0 1.0
0 0.01 6.176012902339531 0.0011813640594482422 23.292560577392578 0.0 1.0
0 0.01 5.379391893848717 0.0011489391326904297 23.29370951652527 0.0 1.0
0 0.01 4.685524076001097 0.0011570453643798828 23.29486656188965 0.0 1.0
0 0.01 4.081155695663349 0.0012178421020507812 23.2960844039917 0.0 1.0
0 0.01 3.554742552184356 0.0012221336364746094 23.297306537628174 0.0 1.0
0 0.01 3.09622948855821 0.0011970996856689453 23.298503637313843 0.0 1.0
0 0.01 2.6968583252045994 0.0012960433959960938 23.29979968070984 0.0 1.0
0 0.01 2.349000567658869 0.01075601577758789 23.310555696487427 0.5714285714285715 1.0
0 0.01 2.046011692676912 0.002653837203979492 23.313209533691406 0.5714285714285715 1.0
0 0.01 1.7821042294352372 0.002504110336303711 23.31571364402771 0.5714285714285715 1.0
0 0.01 1.5522372115164986 0.002646207809448242 23.318359851837158 0.5714285714285715 1.0
0 0.01 1.3520198880735976 0.0025131702423095703 23.320873022079468 0.5714285714285715 1.0
0 0.01 1.1776278549337647 0.002540111541748047 23.323413133621216 0.5714285714285715 1.0
0 0.01 1.0257300036406054 0.01071786880493164 23.334131002426147 0.7499999999999999 1.0
0 0.01 0.8934248930683893 0.002489805221557617 23.336620807647705 0.7499999999999999 1.0
0 0.01 0.7781853282259436 0.002683877944946289 23.33930468559265 0.7499999999999999 1.0
0 0.01 0.6778100876351608 0.0024657249450683594 23.34177041053772 0.7499999999999999 1.0
0 0.01 0.590381877216004 0.0025169849395751953 23.344287395477295 0.7499999999999999 1.0
0 0.01 0.5142307075440048 0.02005910873413086 23.364346504211426 0.7272727272727272 1.0
0 0.01 0.44790199493955546 0.004185914993286133 23.368532419204712 0.7272727272727272 1.0
0 0.01 0.39012877707943217 0.04608416557312012 23.414616584777832 0.5000000000000001 1.0
0 0.01 0.33980751241358653 0.052886009216308594 23.46750259399414 0.4 1.0
0 0.01 0.2959770011254507 0.012516975402832031 23.480019569396973 0.4 1.0
0 0.01 0.2578000249994245 0.012372970581054688 23.492392539978027 0.4 1.0
0 0.01 0.22454735549379537 0.07427597045898438 23.56666851043701 0.3076923076923077 1.0
0 0.01 0.19558382455304058 0.016597986221313477 23.583266496658325 0.3076923076923077 1.0
0 0.01 0.1703561920944177 0.18892383575439453 23.77219033241272 0.26666666666666666 1.0
0 0.01 0.14838257842248037 0.07228899002075195 23.84447932243347 0.25806451612903225 1.0
0 0.01 0.12924325971726744 0.023723125457763672 23.868202447891235 0.25806451612903225 1.0
0 0.01 0.1125726507783501 0.07089805603027344 23.93910050392151 0.25 1.0
0 0.01 0.09805232188500161 0.07480001449584961 24.01390051841736 0.24242424242424243 1.0
0 0.01 0.08540491638568569 0.09420180320739746 24.108102321624756 0.2352941176470588 1.0
0 0.01 0.07438885283512764 0.024104833602905273 24.13220715522766 0.2352941176470588 1.0
0 0.01 0.06479371048308594 0.08991074562072754 24.22211790084839 0.2285714285714286 1.0
0 0.01 0.056436209971818335 0.24343085289001465 24.465548753738403 0.21621621621621623 1.0
0 0.01 0.049156712468482675 0.044107913970947266 24.50965666770935 0.21621621621621623 1.0
0 0.01 0.0428161703614703 0.21484065055847168 24.724497318267822 0.20512820512820512 1.0
0 0.01 0.03729347127511503 0.04372406005859375 24.768221378326416 0.20512820512820512 1.0
0 0.01 0.032483124670098805 0.04123282432556152 24.809454202651978 0.20512820512820512 1.0
