[216.40736058 188.4937774  164.18066384 143.00360867 124.55810333
 108.49181534  94.49785828  82.30892987  71.69220614  62.44489425
  54.39035884  47.37474809  41.26405496  35.94155748  31.30558923
  27.26759733  23.75045104  20.68696841  18.01863304  15.69447636
  13.67010404  11.906848    10.37102782   9.03330739   7.86813455
   6.85325305   5.96927734   5.19932239   4.52868107   3.94454329
   3.43575127   2.99258645   2.60658382   2.27037024   1.9775236
   1.72245016   1.5002777    1.30676244   1.138208     0.99139477
   0.86351843   0.75213639   0.65512111   0.57061946   0.49701737
   0.43290895   0.37706963   0.32843281   0.28606948   0.24917044]0 1 312.2098259152708 0.001750946044921875 0.001750946044921875 0.0 1.0
0 1 271.93903789811014 0.001711130142211914 0.003462076187133789 0.0 1.0
0 1 236.8626295349813 0.04148411750793457 0.04494619369506836 0.33333333333333337 1.0
0 1 206.31059705097118 0.03336620330810547 0.07831239700317383 0.5714285714285715 1.0
0 1 179.69935797424765 0.0191652774810791 0.09747767448425293 0.5714285714285715 1.0
0 1 156.52060397255676 0.01430511474609375 0.11178278923034668 0.5714285714285715 1.0
0 1 136.33159152101595 0.013273954391479492 0.12505674362182617 0.5714285714285715 1.0
0 1 118.74668494067365 0.03574514389038086 0.16080188751220703 0.7499999999999999 1.0
0 1 103.42999026917344 0.022417068481445312 0.18321895599365234 0.7499999999999999 1.0
0 1 90.08893926113359 0.01884317398071289 0.20206212997436523 0.7499999999999999 1.0
0 1 78.46870096453189 0.01510930061340332 0.21717143058776855 0.7499999999999999 1.0
0 1 68.34731412713553 0.012809038162231445 0.22998046875 0.7499999999999999 1.0
0 1 59.53144745577994 0.013643980026245117 0.24362444877624512 0.6666666666666665 1.0
0 1 51.85270674408604 0.019355058670043945 0.26297950744628906 0.7272727272727272 1.0
0 1 45.16441833008278 0.019425153732299805 0.28240466117858887 0.7272727272727272 1.0
0 1 39.33882744370648 0.020633220672607422 0.3030378818511963 0.6153846153846154 1.0
0 1 34.26465792907022 0.02926182746887207 0.33229970932006836 0.47058823529411764 1.0
0 1 29.84498672911064 0.04080390930175781 0.37310361862182617 0.3636363636363636 1.0
0 1 25.99539253258091 0.04739022254943848 0.42049384117126465 0.3076923076923077 1.0
0 1 22.642343220204207 0.13820505142211914 0.5586988925933838 0.26666666666666666 1.0
0 1 19.721791308170232 0.16350603103637695 0.7222049236297607 0.27586206896551724 1.0
0 1 17.177950560167822 0.38063693046569824 1.102841854095459 0.26666666666666666 1.0
0 1 14.962230399696251 0.25853800773620605 1.361379861831665 0.24242424242424243 1.0
0 1 13.03230776858211 0.26160526275634766 1.6229851245880127 0.2222222222222222 1.0
0 1 11.351318703025308 0.22623991966247559 1.8492250442504883 0.2222222222222222 1.0
0 1 9.887154185253786 0.1742100715637207 2.023435115814209 0.21621621621621623 1.0
0 1 8.611846820663045 0.16774487495422363 2.1911799907684326 0.20512820512820512 1.0
0 1 7.501036625197576 0.2119600772857666 2.403140068054199 0.19999999999999998 1.0
0 1 6.53350571883761 0.2675442695617676 2.670684337615967 0.20512820512820512 1.0
0 1 5.69077303724795 0.2437138557434082 2.914398193359375 0.18604651162790697 1.0
0 1 4.956741320068812 0.18146419525146484 3.09586238861084 0.1777777777777778 1.0
0 1 4.317389632878279 0.24872922897338867 3.3445916175842285 0.1702127659574468 1.0
0 1 3.7605055496069455 2.245983123779297 5.590574741363525 0.1702127659574468 1.0
0 1 3.2754518797500736 0.4996302127838135 6.090204954147339 0.1702127659574468 1.0
0 1 2.8529634845718124 0.17724394798278809 6.267448902130127 0.16666666666666666 1.0
0 1 2.4849703012340436 0.17348122596740723 6.440930128097534 0.163265306122449 1.0
0 1 2.1644431943866964 0.31012797355651855 6.751058101654053 0.163265306122449 1.0
0 1 1.8852596907900219 0.1252427101135254 6.876300811767578 0.163265306122449 1.0
0 1 1.6420870323301746 0.12466669082641602 7.000967502593994 0.163265306122449 1.0
0 1 1.4302803135927475 0.12350010871887207 7.124467611312866 0.163265306122449 1.0
0 1 1.2457937582930971 0.12256717681884766 7.247034788131714 0.163265306122449 1.0
0 1 1.0851034398309916 0.30164098739624023 7.548675775527954 0.1568627450980392 1.0
0 1 0.945139969834425 0.29126620292663574 7.83994197845459 0.1568627450980392 1.0
0 1 0.823229868958621 0.4918680191040039 8.331809997558594 0.1568627450980392 1.0
0 1 0.7170445000483404 0.9579410552978516 9.289751052856445 0.15384615384615383 1.0
0 1 0.624555588222246 0.6273019313812256 9.917052984237671 0.1509433962264151 1.0
0 1 0.5439964782567033 0.4515080451965332 10.368561029434204 0.1509433962264151 1.0
0 1 0.4738283892360109 0.3018319606781006 10.670392990112305 0.1509433962264151 1.0
0 1 0.4127110218901976 0.30130696296691895 10.971699953079224 0.1481481481481481 1.0
0 1 0.3594769571833539 0.29926586151123047 11.270965814590454 0.1481481481481481 1.0
0 0.1 130.20161032759302 0.0016121864318847656 11.272578001022339 0.0 1.0
0 0.1 113.40738729625762 0.001605987548828125 11.274183988571167 0.0 1.0
0 0.1 98.77938883400856 0.001692056655883789 11.27587604522705 0.0 1.0
0 0.1 86.03820166433057 0.0016248226165771484 11.277500867843628 0.0 1.0
0 0.1 74.9404529934022 0.0015323162078857422 11.279033184051514 0.0 1.0
0 0.1 65.27416178184274 0.0015251636505126953 11.280558347702026 0.0 1.0
0 0.1 56.854689638682785 0.0015091896057128906 11.28206753730774 0.0 1.0
0 0.1 49.52121399451067 0.00152587890625 11.28359341621399 0.0 1.0
0 0.1 43.13365618693992 0.0016570091247558594 11.285250425338745 0.0 1.0
0 0.1 37.570005780944214 0.0016689300537109375 11.286919355392456 0.0 1.0
0 0.1 32.7239900151928 0.0015301704406738281 11.28844952583313 0.0 1.0
0 0.1 28.503043857863506 0.0017621517181396484 11.29021167755127 0.0 1.0
0 0.1 24.826541897430772 0.01973104476928711 11.309942722320557 0.5714285714285715 1.0
0 0.1 21.624258295306348 0.006097316741943359 11.3160400390625 0.5714285714285715 1.0
0 0.1 18.835025383479486 0.0053997039794921875 11.321439743041992 0.5714285714285715 1.0
0 0.1 16.405565284674683 0.005173683166503906 11.326613426208496 0.5714285714285715 1.0
0 0.1 14.289472237493916 0.005248069763183594 11.33186149597168 0.5714285714285715 1.0
0 0.1 12.446326187665905 0.00566864013671875 11.337530136108398 0.5714285714285715 1.0
0 0.1 10.840920713874212 0.015374898910522461 11.352905035018921 0.7499999999999999 1.0
0 0.1 9.44259054057033 0.010022163391113281 11.362927198410034 0.7499999999999999 1.0
0 0.1 8.224625792416147 0.005884885787963867 11.368812084197998 0.7499999999999999 1.0
0 0.1 7.163761801874259 0.00606989860534668 11.374881982803345 0.7499999999999999 1.0
0 0.1 6.239734724625884 0.005826234817504883 11.38070821762085 0.7499999999999999 1.0
0 0.1 5.43489447450858 0.04595184326171875 11.426660060882568 0.7272727272727272 1.0
0 0.1 4.733867584541418 0.014706134796142578 11.441366195678711 0.7272727272727272 1.0
0 0.1 4.123263554256632 0.013484954833984375 11.454851150512695 0.7272727272727272 1.0
0 0.1 3.591419074200402 0.0849452018737793 11.539796352386475 0.5714285714285714 1.0
0 0.1 3.128175241967003 0.19637799263000488 11.73617434501648 0.4444444444444444 1.0
0 0.1 2.7246835143108377 0.07278633117675781 11.808960676193237 0.4210526315789473 1.0
0 0.1 2.373236688776134 0.12596893310546875 11.934929609298706 0.38095238095238093 1.0
0 0.1 2.0671216863796724 0.3968932628631592 12.331822872161865 0.3333333333333333 1.0
0 0.1 1.8004913233094775 0.6932821273803711 13.025104999542236 0.32000000000000006 1.0
0 0.1 1.5682526223167341 0.7625720500946045 13.78767704963684 0.2857142857142857 1.0
0 0.1 1.3659695304072161 0.5859558582305908 14.373632907867432 0.27586206896551724 1.0
0 0.1 1.1897781846170337 0.3916001319885254 14.765233039855957 0.25806451612903225 1.0
0 0.1 1.036313107341863 0.11176872253417969 14.877001762390137 0.25806451612903225 1.0
0 0.1 0.9026429214570189 0.30855488777160645 15.185556650161743 0.24242424242424243 1.0
0 0.1 0.786214357305898 0.3020939826965332 15.487650632858276 0.2352941176470588 1.0
0 0.1 0.6848034820193963 0.09239816665649414 15.58004879951477 0.2352941176470588 1.0
0 0.1 0.5964732195846044 0.8617520332336426 16.441800832748413 0.2285714285714286 1.0
0 0.1 0.5195363502423698 0.9258179664611816 17.367618799209595 0.2222222222222222 1.0
0 0.1 0.4525232824553942 3.3346898555755615 20.702308654785156 0.19999999999999998 1.0
0 0.1 0.3941539818506903 0.4097261428833008 21.112034797668457 0.19999999999999998 1.0
0 0.1 0.34331352094368267 0.6959218978881836 21.80795669555664 0.19512195121951217 1.0
0 0.1 0.2990307826127625 1.0938670635223389 22.90182375907898 0.19047619047619047 1.0
0 0.1 0.2604599105337001 1.0752780437469482 23.977101802825928 0.18604651162790697 1.0
0 0.1 0.22686415225376097 0.3256082534790039 24.30271005630493 0.18181818181818182 1.0
0 0.1 0.19760178628779224 0.17536211013793945 24.47807216644287 0.18181818181818182 1.0
0 0.1 0.17211386442601356 0.15152406692504883 24.62959623336792 0.18181818181818182 1.0
0 0.1 0.14991353511608546 2.1761672496795654 26.805763483047485 0.1739130434782609 1.0
0 0.01 28.211963230963963 0.0016770362854003906 26.807440519332886 0.0 1.0
0 0.01 24.573006681497752 0.001522064208984375 26.80896258354187 0.0 1.0
0 0.01 21.403425646968028 0.0015299320220947266 26.810492515563965 0.0 1.0
0 0.01 18.642677119777133 0.001680135726928711 26.812172651290894 0.0 1.0
0 0.01 16.238027310431736 0.001688241958618164 26.81386089324951 0.0 1.0
0 0.01 14.143544365449966 0.0016083717346191406 26.81546926498413 0.0 1.0
0 0.01 12.319221010851523 0.0016617774963378906 26.81713104248047 0.0 1.0
0 0.01 10.730210362611421 0.0015411376953125 26.81867218017578 0.0 1.0
0 0.01 9.346160307090315 0.0015370845794677734 26.82020926475525 0.0 1.0
0 0.01 8.140633737265514 0.0016870498657226562 26.82189631462097 0.0 1.0
0 0.01 7.090603570541246 0.0015518665313720703 26.823448181152344 0.0 1.0
0 0.01 6.176012902339531 0.0015187263488769531 26.82496690750122 0.0 1.0
0 0.01 5.379391893848717 0.0016083717346191406 26.82657527923584 0.0 1.0
0 0.01 4.685524076001097 0.001692056655883789 26.828267335891724 0.0 1.0
0 0.01 4.081155695663349 0.0015799999237060547 26.82984733581543 0.0 1.0
0 0.01 3.554742552184356 0.0016639232635498047 26.83151125907898 0.0 1.0
0 0.01 3.09622948855821 0.0015490055084228516 26.833060264587402 0.0 1.0
0 0.01 2.6968583252045994 0.0016629695892333984 26.834723234176636 0.0 1.0
0 0.01 2.349000567658869 0.012980937957763672 26.8477041721344 0.5714285714285715 1.0
0 0.01 2.046011692676912 0.003503084182739258 26.85120725631714 0.5714285714285715 1.0
0 0.01 1.7821042294352372 0.003422975540161133 26.8546302318573 0.5714285714285715 1.0
0 0.01 1.5522372115164986 0.0018742084503173828 26.856504440307617 0.5714285714285715 1.0
0 0.01 1.3520198880735976 0.0017430782318115234 26.85824751853943 0.5714285714285715 1.0
0 0.01 1.1776278549337647 0.00174713134765625 26.859994649887085 0.5714285714285715 1.0
0 0.01 1.0257300036406054 0.014477014541625977 26.87447166442871 0.7499999999999999 1.0
0 0.01 0.8934248930683893 0.0032668113708496094 26.87773847579956 0.7499999999999999 1.0
0 0.01 0.7781853282259436 0.0035910606384277344 26.88132953643799 0.7499999999999999 1.0
0 0.01 0.6778100876351608 0.0019080638885498047 26.883237600326538 0.7499999999999999 1.0
0 0.01 0.590381877216004 0.0018439292907714844 26.88508152961731 0.7499999999999999 1.0
0 0.01 0.5142307075440048 0.026523828506469727 26.91160535812378 0.7272727272727272 1.0
0 0.01 0.44790199493955546 0.004115104675292969 26.915720462799072 0.7272727272727272 1.0
0 0.01 0.39012877707943217 0.0622868537902832 26.978007316589355 0.5000000000000001 1.0
0 0.01 0.33980751241358653 0.07071590423583984 27.048723220825195 0.4 1.0
0 0.01 0.2959770011254507 0.0157167911529541 27.06444001197815 0.4 1.0
0 0.01 0.2578000249994245 0.014786958694458008 27.079226970672607 0.4 1.0
0 0.01 0.22454735549379537 0.10852789878845215 27.18775486946106 0.3076923076923077 1.0
0 0.01 0.19558382455304058 0.021933794021606445 27.209688663482666 0.3076923076923077 1.0
0 0.01 0.1703561920944177 0.2593522071838379 27.469040870666504 0.26666666666666666 1.0
0 0.01 0.14838257842248037 0.09432291984558105 27.563363790512085 0.25806451612903225 1.0
0 0.01 0.12924325971726744 0.028855085372924805 27.59221887588501 0.25806451612903225 1.0
0 0.01 0.1125726507783501 0.09545207023620605 27.687670946121216 0.25 1.0
0 0.01 0.09805232188500161 0.09574484825134277 27.78341579437256 0.24242424242424243 1.0
0 0.01 0.08540491638568569 0.12435507774353027 27.90777087211609 0.2352941176470588 1.0
0 0.01 0.07438885283512764 0.029143095016479492 27.93691396713257 0.2352941176470588 1.0
0 0.01 0.06479371048308594 0.11737799644470215 28.05429196357727 0.2285714285714286 1.0
0 0.01 0.056436209971818335 0.32007598876953125 28.3743679523468 0.21621621621621623 1.0
0 0.01 0.049156712468482675 0.051210880279541016 28.425578832626343 0.21621621621621623 1.0
0 0.01 0.0428161703614703 0.27108001708984375 28.696658849716187 0.20512820512820512 1.0
0 0.01 0.03729347127511503 0.052706003189086914 28.749364852905273 0.20512820512820512 1.0
0 0.01 0.032483124670098805 0.05275392532348633 28.80211877822876 0.20512820512820512 1.0
