[216.40736058 188.4937774  164.18066384 143.00360867 124.55810333
 108.49181534  94.49785828  82.30892987  71.69220614  62.44489425
  54.39035884  47.37474809  41.26405496  35.94155748  31.30558923
  27.26759733  23.75045104  20.68696841  18.01863304  15.69447636
  13.67010404  11.906848    10.37102782   9.03330739   7.86813455
   6.85325305   5.96927734   5.19932239   4.52868107   3.94454329
   3.43575127   2.99258645   2.60658382   2.27037024   1.9775236
   1.72245016   1.5002777    1.30676244   1.138208     0.99139477
   0.86351843   0.75213639   0.65512111   0.57061946   0.49701737
   0.43290895   0.37706963   0.32843281   0.28606948   0.24917044]0 1 312.2098259152708 0.0006639957427978516 0.0006639957427978516 0.0 1.0
0 1 271.93903789811014 0.0006730556488037109 0.0013370513916015625 0.0 1.0
0 1 236.8626295349813 0.008990287780761719 0.010327339172363281 0.33333333333333337 1.0
0 1 206.31059705097118 0.009466886520385742 0.019794225692749023 0.5714285714285715 1.0
0 1 179.69935797424765 0.005421161651611328 0.02521538734436035 0.5714285714285715 1.0
0 1 156.52060397255676 0.004770040512084961 0.029985427856445312 0.5714285714285715 1.0
0 1 136.33159152101595 0.0040471553802490234 0.034032583236694336 0.5714285714285715 1.0
0 1 118.74668494067365 0.011363983154296875 0.04539656639099121 0.7499999999999999 1.0
0 1 103.42999026917344 0.007060050964355469 0.05245661735534668 0.7499999999999999 1.0
0 1 90.08893926113359 0.006330013275146484 0.058786630630493164 0.7499999999999999 1.0
0 1 78.46870096453189 0.0059316158294677734 0.06471824645996094 0.7499999999999999 1.0
0 1 68.34731412713553 0.005443096160888672 0.07016134262084961 0.7499999999999999 1.0
0 1 59.53144745577994 0.0061109066009521484 0.07627224922180176 0.6666666666666665 1.0
0 1 51.85270674408604 0.011525869369506836 0.0877981185913086 0.7272727272727272 1.0
0 1 45.16441833008278 0.011980056762695312 0.0997781753540039 0.7272727272727272 1.0
0 1 39.33882744370648 0.014840841293334961 0.11461901664733887 0.6153846153846154 1.0
0 1 34.26465792907022 0.022114038467407227 0.1367330551147461 0.47058823529411764 1.0
0 1 29.84498672911064 0.0314021110534668 0.1681351661682129 0.3636363636363636 1.0
0 1 25.99539253258091 0.04143095016479492 0.2095661163330078 0.3076923076923077 1.0
0 1 22.642343220204207 0.11700201034545898 0.3265681266784668 0.26666666666666666 1.0
0 1 19.721791308170232 0.14167189598083496 0.46824002265930176 0.27586206896551724 1.0
0 1 17.177950560167822 0.28682398796081543 0.7550640106201172 0.26666666666666666 1.0
0 1 14.962230399696251 0.20938897132873535 0.9644529819488525 0.24242424242424243 1.0
0 1 13.03230776858211 0.20077085494995117 1.1652238368988037 0.2222222222222222 1.0
0 1 11.351318703025308 0.1976909637451172 1.362914800643921 0.2222222222222222 1.0
0 1 9.887154185253786 0.15937113761901855 1.5222859382629395 0.21621621621621623 1.0
0 1 8.611846820663045 0.15619921684265137 1.6784851551055908 0.20512820512820512 1.0
0 1 7.501036625197576 0.18940997123718262 1.8678951263427734 0.19999999999999998 1.0
0 1 6.53350571883761 0.16069984436035156 2.028594970703125 0.20512820512820512 1.0
0 1 5.69077303724795 0.20737314224243164 2.2359681129455566 0.18604651162790697 1.0
0 1 4.956741320068812 0.17114806175231934 2.407116174697876 0.1777777777777778 1.0
0 1 4.317389632878279 0.22709321975708008 2.634209394454956 0.16666666666666666 1.0
0 1 3.7605055496069455 2.0187621116638184 4.652971506118774 0.1702127659574468 1.0
0 1 3.2754518797500736 0.41899871826171875 5.071970224380493 0.1702127659574468 1.0
0 1 2.8529634845718124 0.22347402572631836 5.2954442501068115 0.16666666666666666 1.0
0 1 2.4849703012340436 0.18370795249938965 5.479152202606201 0.163265306122449 1.0
0 1 2.1644431943866964 0.292011022567749 5.77116322517395 0.163265306122449 1.0
0 1 1.8852596907900219 0.16657590866088867 5.937739133834839 0.163265306122449 1.0
0 1 1.6420870323301746 0.15388894081115723 6.091628074645996 0.163265306122449 1.0
0 1 1.4302803135927475 0.14637994766235352 6.23800802230835 0.163265306122449 1.0
0 1 1.2457937582930971 0.13402485847473145 6.372032880783081 0.163265306122449 1.0
0 1 1.0851034398309916 0.492311954498291 6.864344835281372 0.1568627450980392 1.0
0 1 0.945139969834425 0.4351980686187744 7.2995429039001465 0.1568627450980392 1.0
0 1 0.823229868958621 0.579704999923706 7.8792479038238525 0.1568627450980392 1.0
0 1 0.7170445000483404 1.0086908340454102 8.887938737869263 0.15384615384615383 1.0
0 1 0.624555588222246 0.9822049140930176 9.87014365196228 0.1509433962264151 1.0
0 1 0.5439964782567033 0.7187352180480957 10.588878870010376 0.1509433962264151 1.0
0 1 0.4738283892360109 0.6311750411987305 11.220053911209106 0.1509433962264151 1.0
0 1 0.4127110218901976 0.6424908638000488 11.862544775009155 0.1481481481481481 1.0
0 1 0.3594769571833539 0.6263189315795898 12.488863706588745 0.1481481481481481 1.0
0 0.1 130.20161032759302 0.0006558895111083984 12.489519596099854 0.0 1.0
0 0.1 113.40738729625762 0.0006339550018310547 12.490153551101685 0.0 1.0
0 0.1 98.77938883400856 0.0006210803985595703 12.490774631500244 0.0 1.0
0 0.1 86.03820166433057 0.0006411075592041016 12.491415739059448 0.0 1.0
0 0.1 74.9404529934022 0.0006368160247802734 12.492052555084229 0.0 1.0
0 0.1 65.27416178184274 0.0006542205810546875 12.492706775665283 0.0 1.0
0 0.1 56.854689638682785 0.000705718994140625 12.493412494659424 0.0 1.0
0 0.1 49.52121399451067 0.0006401538848876953 12.494052648544312 0.0 1.0
0 0.1 43.13365618693992 0.0006229877471923828 12.494675636291504 0.0 1.0
0 0.1 37.570005780944214 0.0006239414215087891 12.495299577713013 0.0 1.0
0 0.1 32.7239900151928 0.0006170272827148438 12.495916604995728 0.0 1.0
0 0.1 28.503043857863506 0.0006210803985595703 12.496537685394287 0.0 1.0
0 0.1 24.826541897430772 0.010344743728637695 12.506882429122925 0.5714285714285715 1.0
0 0.1 21.624258295306348 0.0022690296173095703 12.509151458740234 0.5714285714285715 1.0
0 0.1 18.835025383479486 0.002006053924560547 12.511157512664795 0.5714285714285715 1.0
0 0.1 16.405565284674683 0.002093076705932617 12.513250589370728 0.5714285714285715 1.0
0 0.1 14.289472237493916 0.0019941329956054688 12.515244722366333 0.5714285714285715 1.0
0 0.1 12.446326187665905 0.0022089481353759766 12.517453670501709 0.5714285714285715 1.0
0 0.1 10.840920713874212 0.007727146148681641 12.52518081665039 0.7499999999999999 1.0
0 0.1 9.44259054057033 0.0028562545776367188 12.528037071228027 0.7499999999999999 1.0
0 0.1 8.224625792416147 0.0027451515197753906 12.530782222747803 0.7499999999999999 1.0
0 0.1 7.163761801874259 0.0031731128692626953 12.533955335617065 0.7499999999999999 1.0
0 0.1 6.239734724625884 0.003186941146850586 12.537142276763916 0.7499999999999999 1.0
0 0.1 5.43489447450858 0.02775096893310547 12.564893245697021 0.7272727272727272 1.0
0 0.1 4.733867584541418 0.007849931716918945 12.57274317741394 0.7272727272727272 1.0
0 0.1 4.123263554256632 0.008827924728393555 12.581571102142334 0.7272727272727272 1.0
0 0.1 3.591419074200402 0.05909299850463867 12.640664100646973 0.5714285714285714 1.0
0 0.1 3.128175241967003 0.14960193634033203 12.790266036987305 0.4444444444444444 1.0
0 0.1 2.7246835143108377 0.05418515205383301 12.844451189041138 0.4210526315789473 1.0
0 0.1 2.373236688776134 0.08961892127990723 12.934070110321045 0.38095238095238093 1.0
0 0.1 2.0671216863796724 0.38719797134399414 13.321268081665039 0.3333333333333333 1.0
0 0.1 1.8004913233094775 0.5050368309020996 13.826304912567139 0.32000000000000006 1.0
0 0.1 1.5682526223167341 0.5939779281616211 14.42028284072876 0.2857142857142857 1.0
0 0.1 1.3659695304072161 0.4549431800842285 14.875226020812988 0.27586206896551724 1.0
0 0.1 1.1897781846170337 0.30449676513671875 15.179722785949707 0.25806451612903225 1.0
0 0.1 1.036313107341863 0.09746885299682617 15.277191638946533 0.25806451612903225 1.0
0 0.1 0.9026429214570189 0.21672582626342773 15.493917465209961 0.24242424242424243 1.0
0 0.1 0.786214357305898 0.21284890174865723 15.706766366958618 0.2352941176470588 1.0
0 0.1 0.6848034820193963 0.07588982582092285 15.782656192779541 0.2352941176470588 1.0
0 0.1 0.5964732195846044 0.7119560241699219 16.494612216949463 0.2285714285714286 1.0
0 0.1 0.5195363502423698 0.7378530502319336 17.232465267181396 0.2222222222222222 1.0
0 0.1 0.4525232824553942 2.697183132171631 19.929648399353027 0.19999999999999998 1.0
0 0.1 0.3941539818506903 0.3745272159576416 20.30417561531067 0.19999999999999998 1.0
0 0.1 0.34331352094368267 0.6129250526428223 20.91710066795349 0.19512195121951217 1.0
0 0.1 0.2990307826127625 0.7974529266357422 21.714553594589233 0.19047619047619047 1.0
0 0.1 0.2604599105337001 1.2464721202850342 22.961025714874268 0.18181818181818182 1.0
0 0.1 0.22686415225376097 0.44835400581359863 23.409379720687866 0.18181818181818182 1.0
0 0.1 0.19760178628779224 0.20366883277893066 23.613048553466797 0.18181818181818182 1.0
0 0.1 0.17211386442601356 0.13486003875732422 23.74790859222412 0.18181818181818182 1.0
0 0.1 0.14991353511608546 2.459439277648926 26.207347869873047 0.1739130434782609 1.0
0 0.01 28.211963230963963 0.0006616115570068359 26.208009481430054 0.0 1.0
0 0.01 24.573006681497752 0.0006458759307861328 26.20865535736084 0.0 1.0
0 0.01 21.403425646968028 0.0006299018859863281 26.209285259246826 0.0 1.0
0 0.01 18.642677119777133 0.0006508827209472656 26.209936141967773 0.0 1.0
0 0.01 16.238027310431736 0.0006349086761474609 26.21057105064392 0.0 1.0
0 0.01 14.143544365449966 0.0006299018859863281 26.211200952529907 0.0 1.0
0 0.01 12.319221010851523 0.000621795654296875 26.211822748184204 0.0 1.0
0 0.01 10.730210362611421 0.0006568431854248047 26.21247959136963 0.0 1.0
0 0.01 9.346160307090315 0.0006968975067138672 26.213176488876343 0.0 1.0
0 0.01 8.140633737265514 0.0006568431854248047 26.213833332061768 0.0 1.0
0 0.01 7.090603570541246 0.0006258487701416016 26.21445918083191 0.0 1.0
0 0.01 6.176012902339531 0.0006279945373535156 26.215087175369263 0.0 1.0
0 0.01 5.379391893848717 0.0006117820739746094 26.215698957443237 0.0 1.0
0 0.01 4.685524076001097 0.0006220340728759766 26.216320991516113 0.0 1.0
0 0.01 4.081155695663349 0.0006132125854492188 26.216934204101562 0.0 1.0
0 0.01 3.554742552184356 0.0006570816040039062 26.217591285705566 0.0 1.0
0 0.01 3.09622948855821 0.000705718994140625 26.218297004699707 0.0 1.0
0 0.01 2.6968583252045994 0.0006461143493652344 26.218943119049072 0.0 1.0
0 0.01 2.349000567658869 0.01614069938659668 26.23508381843567 0.5714285714285715 1.0
0 0.01 2.046011692676912 0.0013158321380615234 26.23639965057373 0.5714285714285715 1.0
0 0.01 1.7821042294352372 0.001352071762084961 26.237751722335815 0.5714285714285715 1.0
0 0.01 1.5522372115164986 0.0013179779052734375 26.23906970024109 0.5714285714285715 1.0
0 0.01 1.3520198880735976 0.0013780593872070312 26.240447759628296 0.5714285714285715 1.0
0 0.01 1.1776278549337647 0.0016231536865234375 26.24207091331482 0.5714285714285715 1.0
0 0.01 1.0257300036406054 0.005368232727050781 26.24743914604187 0.7499999999999999 1.0
0 0.01 0.8934248930683893 0.0017499923706054688 26.249189138412476 0.7499999999999999 1.0
0 0.01 0.7781853282259436 0.0011341571807861328 26.25032329559326 0.7499999999999999 1.0
0 0.01 0.6778100876351608 0.0011188983917236328 26.251442193984985 0.7499999999999999 1.0
0 0.01 0.590381877216004 0.0012450218200683594 26.252687215805054 0.7499999999999999 1.0
0 0.01 0.5142307075440048 0.01287388801574707 26.2655611038208 0.7272727272727272 1.0
0 0.01 0.44790199493955546 0.003114938735961914 26.268676042556763 0.7272727272727272 1.0
0 0.01 0.39012877707943217 0.04158520698547363 26.310261249542236 0.5000000000000001 1.0
0 0.01 0.33980751241358653 0.04835796356201172 26.358619213104248 0.4 1.0
0 0.01 0.2959770011254507 0.009568929672241211 26.36818814277649 0.4 1.0
0 0.01 0.2578000249994245 0.010503768920898438 26.378691911697388 0.4 1.0
0 0.01 0.22454735549379537 0.06828975677490234 26.44698166847229 0.3076923076923077 1.0
0 0.01 0.19558382455304058 0.013515710830688477 26.46049737930298 0.3076923076923077 1.0
0 0.01 0.1703561920944177 0.18927621841430664 26.649773597717285 0.26666666666666666 1.0
0 0.01 0.14838257842248037 0.06469607353210449 26.71446967124939 0.25806451612903225 1.0
0 0.01 0.12924325971726744 0.01978015899658203 26.73424983024597 0.25806451612903225 1.0
0 0.01 0.1125726507783501 0.07065963745117188 26.804909467697144 0.25 1.0
0 0.01 0.09805232188500161 0.07232809066772461 26.877237558364868 0.24242424242424243 1.0
0 0.01 0.08540491638568569 0.09514713287353516 26.972384691238403 0.2352941176470588 1.0
0 0.01 0.07438885283512764 0.02098393440246582 26.99336862564087 0.2352941176470588 1.0
0 0.01 0.06479371048308594 0.08649611473083496 27.079864740371704 0.2285714285714286 1.0
0 0.01 0.056436209971818335 0.2399003505706787 27.319765090942383 0.21621621621621623 1.0
0 0.01 0.049156712468482675 0.04008293151855469 27.359848022460938 0.21621621621621623 1.0
0 0.01 0.0428161703614703 0.20659089088439941 27.566438913345337 0.20512820512820512 1.0
0 0.01 0.03729347127511503 0.03549909591674805 27.601938009262085 0.20512820512820512 1.0
0 0.01 0.032483124670098805 0.031889915466308594 27.633827924728394 0.20512820512820512 1.0
