[216.40736058 188.4937774  164.18066384 143.00360867 124.55810333
 108.49181534  94.49785828  82.30892987  71.69220614  62.44489425
  54.39035884  47.37474809  41.26405496  35.94155748  31.30558923
  27.26759733  23.75045104  20.68696841  18.01863304  15.69447636
  13.67010404  11.906848    10.37102782   9.03330739   7.86813455
   6.85325305   5.96927734   5.19932239   4.52868107   3.94454329
   3.43575127   2.99258645   2.60658382   2.27037024   1.9775236
   1.72245016   1.5002777    1.30676244   1.138208     0.99139477
   0.86351843   0.75213639   0.65512111   0.57061946   0.49701737
   0.43290895   0.37706963   0.32843281   0.28606948   0.24917044]0 1 312.2098259152708 0.0072519779205322266 0.0072519779205322266 0.0 1.0
0 1 271.93903789811014 0.007052898406982422 0.014304876327514648 0.0 1.0
0 1 236.8626295349813 0.007976055145263672 0.02228093147277832 0.33333333333333337 1.0
0 1 206.31059705097118 0.06019091606140137 0.08247184753417969 0.5714285714285715 1.0
0 1 179.69935797424765 0.039481163024902344 0.12195301055908203 0.5714285714285715 1.0
0 1 156.52060397255676 0.03251814842224121 0.15447115898132324 0.5714285714285715 1.0
0 1 136.33159152101595 0.0328061580657959 0.18727731704711914 0.5714285714285715 1.0
0 1 118.74668494067365 0.03923988342285156 0.2265172004699707 0.7499999999999999 1.0
0 1 103.42999026917344 0.0323488712310791 0.2588660717010498 0.7499999999999999 1.0
0 1 90.08893926113359 0.03226304054260254 0.29112911224365234 0.7499999999999999 1.0
0 1 78.46870096453189 0.0336451530456543 0.32477426528930664 0.7499999999999999 1.0
0 1 68.34731412713553 0.03293180465698242 0.35770606994628906 0.7499999999999999 1.0
0 1 59.53144745577994 0.03965878486633301 0.39736485481262207 0.6666666666666665 1.0
0 1 51.85270674408604 0.04011225700378418 0.43747711181640625 0.7272727272727272 1.0
0 1 45.16441833008278 0.03898310661315918 0.47646021842956543 0.7272727272727272 1.0
0 1 39.33882744370648 0.04782223701477051 0.5242824554443359 0.6153846153846154 1.0
0 1 34.26465792907022 0.08401322364807129 0.6082956790924072 0.47058823529411764 1.0
0 1 29.84498672911064 0.08240389823913574 0.690699577331543 0.3636363636363636 1.0
0 1 25.99539253258091 0.1104729175567627 0.8011724948883057 0.3076923076923077 1.0
0 1 22.642343220204207 0.3191039562225342 1.1202764511108398 0.26666666666666666 1.0
0 1 19.721791308170232 0.36444902420043945 1.4847254753112793 0.27586206896551724 1.0
0 1 17.177950560167822 0.6441810131072998 2.128906488418579 0.26666666666666666 1.0
0 1 14.962230399696251 0.535377025604248 2.664283514022827 0.24242424242424243 1.0
0 1 13.03230776858211 0.4604170322418213 3.1247005462646484 0.2222222222222222 1.0
0 1 11.351318703025308 0.43251824378967285 3.5572187900543213 0.2222222222222222 1.0
0 1 9.887154185253786 0.3967471122741699 3.953965902328491 0.21621621621621623 1.0
0 1 8.611846820663045 0.3982126712799072 4.352178573608398 0.20512820512820512 1.0
0 1 7.501036625197576 0.4561030864715576 4.808281660079956 0.19999999999999998 1.0
0 1 6.53350571883761 0.3680131435394287 5.176294803619385 0.20512820512820512 1.0
0 1 5.69077303724795 0.4436020851135254 5.61989688873291 0.18604651162790697 1.0
0 1 4.956741320068812 0.36192798614501953 5.98182487487793 0.1777777777777778 1.0
0 1 4.317389632878279 0.41075897216796875 6.392583847045898 0.1702127659574468 1.0
0 1 3.7605055496069455 4.799992084503174 11.192575931549072 0.1702127659574468 1.0
0 1 3.2754518797500736 0.9382100105285645 12.130785942077637 0.1702127659574468 1.0
0 1 2.8529634845718124 0.21546292304992676 12.346248865127563 0.16666666666666666 1.0
0 1 2.4849703012340436 0.289959192276001 12.636208057403564 0.163265306122449 1.0
0 1 2.1644431943866964 0.6526579856872559 13.28886604309082 0.163265306122449 1.0
0 1 1.8852596907900219 0.27956700325012207 13.568433046340942 0.163265306122449 1.0
0 1 1.6420870323301746 0.26853108406066895 13.836964130401611 0.163265306122449 1.0
0 1 1.4302803135927475 0.24863290786743164 14.085597038269043 0.163265306122449 1.0
0 1 1.2457937582930971 0.23683977127075195 14.322436809539795 0.163265306122449 1.0
0 1 1.0851034398309916 1.2291889190673828 15.551625728607178 0.1568627450980392 1.0
0 1 0.945139969834425 1.0899388790130615 16.64156460762024 0.1568627450980392 1.0
0 1 0.823229868958621 2.654780149459839 19.296344757080078 0.1568627450980392 1.0
0 1 0.7170445000483404 0.7691812515258789 20.065526008605957 0.1481481481481481 1.0
0 1 0.624555588222246 7.683871030807495 27.749397039413452 0.15384615384615383 1.0
0 1 0.5439964782567033 0.8218920230865479 28.5712890625 0.1481481481481481 1.0
0 1 0.4738283892360109 6.075108051300049 34.64639711380005 0.1509433962264151 1.0
0 1 0.4127110218901976 1.54703688621521 36.19343400001526 0.14545454545454545 1.0
0 1 0.3594769571833539 1.8972089290618896 38.09064292907715 0.1481481481481481 1.0
0 0.1 130.20161032759302 0.0063610076904296875 38.09700393676758 0.0 1.0
0 0.1 113.40738729625762 0.006511211395263672 38.10351514816284 0.0 1.0
0 0.1 98.77938883400856 0.006733894348144531 38.110249042510986 0.0 1.0
0 0.1 86.03820166433057 0.0067768096923828125 38.11702585220337 0.0 1.0
0 0.1 74.9404529934022 0.0068662166595458984 38.123892068862915 0.0 1.0
0 0.1 65.27416178184274 0.0066378116607666016 38.13052988052368 0.0 1.0
0 0.1 56.854689638682785 0.006842851638793945 38.137372732162476 0.0 1.0
0 0.1 49.52121399451067 0.03957200050354004 38.176944732666016 0.5714285714285715 1.0
0 0.1 43.13365618693992 0.0322420597076416 38.20918679237366 0.5714285714285715 1.0
0 0.1 37.570005780944214 0.02589893341064453 38.2350857257843 0.5714285714285715 1.0
0 0.1 32.7239900151928 0.025928974151611328 38.26101469993591 0.5714285714285715 1.0
0 0.1 28.503043857863506 0.025803089141845703 38.28681778907776 0.5714285714285715 1.0
0 0.1 24.826541897430772 0.02568817138671875 38.31250596046448 0.5714285714285715 1.0
0 0.1 21.624258295306348 0.038762807846069336 38.35126876831055 0.7499999999999999 1.0
0 0.1 18.835025383479486 0.025673866271972656 38.37694263458252 0.7499999999999999 1.0
0 0.1 16.405565284674683 0.026217937469482422 38.403160572052 0.7499999999999999 1.0
0 0.1 14.289472237493916 0.0260012149810791 38.42916178703308 0.7499999999999999 1.0
0 0.1 12.446326187665905 0.02686595916748047 38.45602774620056 0.7499999999999999 1.0
0 0.1 10.840920713874212 0.02777385711669922 38.48380160331726 0.7499999999999999 1.0
0 0.1 9.44259054057033 0.02588200569152832 38.50968360900879 0.7499999999999999 1.0
0 0.1 8.224625792416147 0.027556180953979492 38.53723978996277 0.7499999999999999 1.0
0 0.1 7.163761801874259 0.039895057678222656 38.57713484764099 0.888888888888889 1.0
0 0.1 6.239734724625884 0.04532909393310547 38.6224639415741 0.7272727272727272 1.0
0 0.1 5.43489447450858 0.03260517120361328 38.65506911277771 0.7272727272727272 1.0
0 0.1 4.733867584541418 0.032855987548828125 38.68792510032654 0.7272727272727272 1.0
0 0.1 4.123263554256632 0.07075190544128418 38.75867700576782 0.6153846153846154 1.0
0 0.1 3.591419074200402 0.06498384475708008 38.8236608505249 0.5333333333333333 1.0
0 0.1 3.128175241967003 0.17463302612304688 38.99829387664795 0.4210526315789473 1.0
0 0.1 2.7246835143108377 0.15479087829589844 39.15308475494385 0.38095238095238093 1.0
0 0.1 2.373236688776134 0.08445382118225098 39.2375385761261 0.38095238095238093 1.0
0 0.1 2.0671216863796724 0.31230998039245605 39.549848556518555 0.3333333333333333 1.0
0 0.1 1.8004913233094775 0.2824990749359131 39.83234763145447 0.3076923076923077 1.0
0 0.1 1.5682526223167341 0.24118685722351074 40.07353448867798 0.2857142857142857 1.0
0 0.1 1.3659695304072161 0.41461896896362305 40.4881534576416 0.2962962962962963 1.0
0 0.1 1.1897781846170337 0.27579784393310547 40.76395130157471 0.26666666666666666 1.0
0 0.1 1.036313107341863 0.16195034980773926 40.925901651382446 0.26666666666666666 1.0
0 0.1 0.9026429214570189 0.6400659084320068 41.56596755981445 0.24242424242424243 1.0
0 0.1 0.786214357305898 0.4357020854949951 42.00166964530945 0.2352941176470588 1.0
0 0.1 0.6848034820193963 0.26920294761657715 42.270872592926025 0.2222222222222222 1.0
0 0.1 0.5964732195846044 0.9819021224975586 43.252774715423584 0.21621621621621623 1.0
0 0.1 0.5195363502423698 2.2292420864105225 45.482016801834106 0.19999999999999998 1.0
0 0.1 0.4525232824553942 3.086733102798462 48.56874990463257 0.19512195121951217 1.0
0 0.1 0.3941539818506903 0.5653471946716309 49.1340970993042 0.19512195121951217 1.0
0 0.1 0.34331352094368267 0.6024839878082275 49.73658108711243 0.19047619047619047 1.0
0 0.1 0.2990307826127625 7.052270174026489 56.788851261138916 0.25 1.0
0 0.1 0.2604599105337001 0.42821598052978516 57.2170672416687 0.25 1.0
0 0.1 0.22686415225376097 0.18877792358398438 57.405845165252686 0.24390243902439027 1.0
0 0.1 0.19760178628779224 0.3498098850250244 57.75565505027771 0.24390243902439027 1.0
0 0.1 0.17211386442601356 0.24496006965637207 58.00061511993408 0.24390243902439027 1.0
0 0.1 0.14991353511608546 0.16863298416137695 58.16924810409546 0.24390243902439027 1.0
0 0.01 28.211963230963963 0.006548166275024414 58.17579627037048 0.33333333333333337 1.0
0 0.01 24.573006681497752 0.03252100944519043 58.208317279815674 0.5714285714285715 1.0
0 0.01 21.403425646968028 0.02592778205871582 58.23424506187439 0.5714285714285715 1.0
0 0.01 18.642677119777133 0.025662899017333984 58.259907960891724 0.5714285714285715 1.0
0 0.01 16.238027310431736 0.02577686309814453 58.28568482398987 0.5714285714285715 1.0
0 0.01 14.143544365449966 0.025697708129882812 58.31138253211975 0.5714285714285715 1.0
0 0.01 12.319221010851523 0.025979280471801758 58.33736181259155 0.5714285714285715 1.0
0 0.01 10.730210362611421 0.025743722915649414 58.3631055355072 0.5714285714285715 1.0
0 0.01 9.346160307090315 0.039879798889160156 58.40298533439636 0.7499999999999999 1.0
0 0.01 8.140633737265514 0.02695178985595703 58.42993712425232 0.7499999999999999 1.0
0 0.01 7.090603570541246 0.02603912353515625 58.455976247787476 0.7499999999999999 1.0
0 0.01 6.176012902339531 0.025818824768066406 58.48179507255554 0.7499999999999999 1.0
0 0.01 5.379391893848717 0.025907039642333984 58.507702112197876 0.7499999999999999 1.0
0 0.01 4.685524076001097 0.026036977767944336 58.53373908996582 0.7499999999999999 1.0
0 0.01 4.081155695663349 0.026016950607299805 58.55975604057312 0.7499999999999999 1.0
0 0.01 3.554742552184356 0.02639484405517578 58.586150884628296 0.7499999999999999 1.0
0 0.01 3.09622948855821 0.01957106590270996 58.605721950531006 0.7499999999999999 1.0
0 0.01 2.6968583252045994 0.039175987243652344 58.64489793777466 0.888888888888889 1.0
0 0.01 2.349000567658869 0.01971888542175293 58.66461682319641 0.888888888888889 1.0
0 0.01 2.046011692676912 0.0456089973449707 58.71022582054138 0.7272727272727272 1.0
0 0.01 1.7821042294352372 0.02649092674255371 58.736716747283936 0.7272727272727272 1.0
0 0.01 1.5522372115164986 0.05848979949951172 58.79520654678345 0.6666666666666666 1.0
0 0.01 1.3520198880735976 0.06555771827697754 58.860764265060425 0.5714285714285714 1.0
0 0.01 1.1776278549337647 0.08482694625854492 58.94559121131897 0.5000000000000001 1.0
0 0.01 1.0257300036406054 0.09273433685302734 59.038325548172 0.47058823529411764 1.0
0 0.01 0.8934248930683893 0.09140896797180176 59.1297345161438 0.4444444444444444 1.0
0 0.01 0.7781853282259436 0.060192108154296875 59.189926624298096 0.4444444444444444 1.0
0 0.01 0.6778100876351608 0.11673092842102051 59.306657552719116 0.3478260869565218 1.0
0 0.01 0.590381877216004 0.07160592079162598 59.37826347351074 0.3478260869565218 1.0
0 0.01 0.5142307075440048 0.0729060173034668 59.45116949081421 0.3478260869565218 1.0
0 0.01 0.44790199493955546 0.16310596466064453 59.61427545547485 0.32000000000000006 1.0
0 0.01 0.39012877707943217 0.0909891128540039 59.70526456832886 0.32000000000000006 1.0
0 0.01 0.33980751241358653 0.09074687957763672 59.796011447906494 0.32000000000000006 1.0
0 0.01 0.2959770011254507 0.08520293235778809 59.88121438026428 0.32000000000000006 1.0
0 0.01 0.2578000249994245 0.12288403511047363 60.004098415374756 0.2962962962962963 1.0
0 0.01 0.22454735549379537 0.1093759536743164 60.11347436904907 0.2857142857142857 1.0
0 0.01 0.19558382455304058 0.07855987548828125 60.19203424453735 0.2857142857142857 1.0
0 0.01 0.1703561920944177 0.35543203353881836 60.54746627807617 0.24242424242424243 1.0
0 0.01 0.14838257842248037 0.1585400104522705 60.70600628852844 0.24242424242424243 1.0
0 0.01 0.12924325971726744 0.13792991638183594 60.84393620491028 0.24242424242424243 1.0
0 0.01 0.1125726507783501 0.12390995025634766 60.967846155166626 0.24242424242424243 1.0
0 0.01 0.09805232188500161 0.20651006698608398 61.17435622215271 0.2352941176470588 1.0
0 0.01 0.08540491638568569 0.09802889823913574 61.272385120391846 0.2352941176470588 1.0
0 0.01 0.07438885283512764 0.3037290573120117 61.57611417770386 0.2222222222222222 1.0
0 0.01 0.06479371048308594 0.29795193672180176 61.87406611442566 0.2105263157894737 1.0
0 0.01 0.056436209971818335 0.3099851608276367 62.184051275253296 0.20512820512820512 1.0
0 0.01 0.049156712468482675 0.14271831512451172 62.32676959037781 0.20512820512820512 1.0
0 0.01 0.0428161703614703 0.5827159881591797 62.90948557853699 0.19047619047619047 1.0
0 0.01 0.03729347127511503 0.2301340103149414 63.13961958885193 0.19047619047619047 1.0
0 0.01 0.032483124670098805 0.5133039951324463 63.652923583984375 0.18181818181818182 1.0
