[216.40736058 188.4937774  164.18066384 143.00360867 124.55810333
 108.49181534  94.49785828  82.30892987  71.69220614  62.44489425
  54.39035884  47.37474809  41.26405496  35.94155748  31.30558923
  27.26759733  23.75045104  20.68696841  18.01863304  15.69447636
  13.67010404  11.906848    10.37102782   9.03330739   7.86813455
   6.85325305   5.96927734   5.19932239   4.52868107   3.94454329
   3.43575127   2.99258645   2.60658382   2.27037024   1.9775236
   1.72245016   1.5002777    1.30676244   1.138208     0.99139477
   0.86351843   0.75213639   0.65512111   0.57061946   0.49701737
   0.43290895   0.37706963   0.32843281   0.28606948   0.24917044]0 1 312.2098259152708 0.0004961490631103516 0.0004961490631103516 0.0 1.0
0 1 271.93903789811014 0.0005221366882324219 0.0010182857513427734 0.0 1.0
0 1 236.8626295349813 0.0051310062408447266 0.0061492919921875 0.33333333333333337 1.0
0 1 206.31059705097118 0.025011062622070312 0.031160354614257812 0.5714285714285715 1.0
0 1 179.69935797424765 0.016336917877197266 0.04749727249145508 0.5714285714285715 1.0
0 1 156.52060397255676 0.013113975524902344 0.06061124801635742 0.5714285714285715 1.0
0 1 136.33159152101595 0.011540889739990234 0.07215213775634766 0.5714285714285715 1.0
0 1 118.74668494067365 0.012201786041259766 0.08435392379760742 0.7499999999999999 1.0
0 1 103.42999026917344 0.011324882507324219 0.09567880630493164 0.7499999999999999 1.0
0 1 90.08893926113359 0.010640859603881836 0.10631966590881348 0.7499999999999999 1.0
0 1 78.46870096453189 0.011751890182495117 0.1180715560913086 0.7499999999999999 1.0
0 1 68.34731412713553 0.009846925735473633 0.12791848182678223 0.7499999999999999 1.0
0 1 59.53144745577994 0.015501022338867188 0.14341950416564941 0.6666666666666665 1.0
0 1 51.85270674408604 0.011608123779296875 0.1550276279449463 0.7272727272727272 1.0
0 1 45.16441833008278 0.011415243148803711 0.16644287109375 0.7272727272727272 1.0
0 1 39.33882744370648 0.014272928237915039 0.18071579933166504 0.6153846153846154 1.0
0 1 34.26465792907022 0.02107977867126465 0.2017955780029297 0.47058823529411764 1.0
0 1 29.84498672911064 0.034322261810302734 0.23611783981323242 0.3636363636363636 1.0
0 1 25.99539253258091 0.04151511192321777 0.2776329517364502 0.3076923076923077 1.0
0 1 22.642343220204207 0.11403417587280273 0.39166712760925293 0.26666666666666666 1.0
0 1 19.721791308170232 0.1401660442352295 0.5318331718444824 0.27586206896551724 1.0
0 1 17.177950560167822 0.2047579288482666 0.736591100692749 0.26666666666666666 1.0
0 1 14.962230399696251 0.1809830665588379 0.9175741672515869 0.24242424242424243 1.0
0 1 13.03230776858211 0.17125582695007324 1.0888299942016602 0.2222222222222222 1.0
0 1 11.351318703025308 0.2131650447845459 1.301995038986206 0.2222222222222222 1.0
0 1 9.887154185253786 0.1719810962677002 1.4739761352539062 0.21621621621621623 1.0
0 1 8.611846820663045 0.16318798065185547 1.6371641159057617 0.20512820512820512 1.0
0 1 7.501036625197576 0.17745304107666016 1.8146171569824219 0.19999999999999998 1.0
0 1 6.53350571883761 0.14526796340942383 1.9598851203918457 0.20512820512820512 1.0
0 1 5.69077303724795 0.19725298881530762 2.1571381092071533 0.18604651162790697 1.0
0 1 4.956741320068812 0.17308497428894043 2.3302230834960938 0.1777777777777778 1.0
0 1 4.317389632878279 0.20944905281066895 2.5396721363067627 0.16666666666666666 1.0
0 1 3.7605055496069455 1.9073660373687744 4.447038173675537 0.1702127659574468 1.0
0 1 3.2754518797500736 0.4465501308441162 4.893588304519653 0.1702127659574468 1.0
0 1 2.8529634845718124 0.24710988998413086 5.140698194503784 0.16666666666666666 1.0
0 1 2.4849703012340436 0.18860387802124023 5.329302072525024 0.163265306122449 1.0
0 1 2.1644431943866964 0.35277318954467773 5.682075262069702 0.163265306122449 1.0
0 1 1.8852596907900219 0.19669198989868164 5.878767251968384 0.163265306122449 1.0
0 1 1.6420870323301746 0.18223094940185547 6.060998201370239 0.163265306122449 1.0
0 1 1.4302803135927475 0.16739702224731445 6.228395223617554 0.163265306122449 1.0
0 1 1.2457937582930971 0.15582585334777832 6.384221076965332 0.163265306122449 1.0
0 1 1.0851034398309916 0.7192981243133545 7.1035192012786865 0.1568627450980392 1.0
0 1 0.945139969834425 0.6981468200683594 7.801666021347046 0.1568627450980392 1.0
0 1 0.823229868958621 0.9086339473724365 8.710299968719482 0.1568627450980392 1.0
0 1 0.7170445000483404 1.5580430030822754 10.268342971801758 0.15384615384615383 1.0
0 1 0.624555588222246 1.737955093383789 12.006298065185547 0.1509433962264151 1.0
0 1 0.5439964782567033 1.1687281131744385 13.175026178359985 0.1509433962264151 1.0
0 1 0.4738283892360109 1.0178148746490479 14.192841053009033 0.1509433962264151 1.0
0 1 0.4127110218901976 1.0444600582122803 15.237301111221313 0.1481481481481481 1.0
0 1 0.3594769571833539 1.017190933227539 16.254492044448853 0.1481481481481481 1.0
0 0.1 130.20161032759302 0.0004830360412597656 16.254975080490112 0.0 1.0
0 0.1 113.40738729625762 0.0004868507385253906 16.255461931228638 0.0 1.0
0 0.1 98.77938883400856 0.0005228519439697266 16.255984783172607 0.0 1.0
0 0.1 86.03820166433057 0.0005061626434326172 16.25649094581604 0.0 1.0
0 0.1 74.9404529934022 0.0005409717559814453 16.25703191757202 0.0 1.0
0 0.1 65.27416178184274 0.0005440711975097656 16.25757598876953 0.0 1.0
0 0.1 56.854689638682785 0.000576019287109375 16.25815200805664 0.0 1.0
0 0.1 49.52121399451067 0.01351785659790039 16.27166986465454 0.5714285714285715 1.0
0 0.1 43.13365618693992 0.009867191314697266 16.28153705596924 0.5714285714285715 1.0
0 0.1 37.570005780944214 0.009325027465820312 16.29086208343506 0.5714285714285715 1.0
0 0.1 32.7239900151928 0.009152889251708984 16.300014972686768 0.5714285714285715 1.0
0 0.1 28.503043857863506 0.008868932723999023 16.308883905410767 0.5714285714285715 1.0
0 0.1 24.826541897430772 0.007837057113647461 16.316720962524414 0.5714285714285715 1.0
0 0.1 21.624258295306348 0.007317066192626953 16.32403802871704 0.5714285714285715 1.0
0 0.1 18.835025383479486 0.010226011276245117 16.334264039993286 0.7499999999999999 1.0
0 0.1 16.405565284674683 0.008914947509765625 16.34317898750305 0.7499999999999999 1.0
0 0.1 14.289472237493916 0.00888204574584961 16.3520610332489 0.7499999999999999 1.0
0 0.1 12.446326187665905 0.008192062377929688 16.36025309562683 0.7499999999999999 1.0
0 0.1 10.840920713874212 0.007781028747558594 16.36803412437439 0.7499999999999999 1.0
0 0.1 9.44259054057033 0.0077359676361083984 16.375770092010498 0.7499999999999999 1.0
0 0.1 8.224625792416147 0.006236076354980469 16.38200616836548 0.7499999999999999 1.0
0 0.1 7.163761801874259 0.008896827697753906 16.390902996063232 0.7499999999999999 1.0
0 0.1 6.239734724625884 0.011749267578125 16.402652263641357 0.7272727272727272 1.0
0 0.1 5.43489447450858 0.009071111679077148 16.411723375320435 0.7272727272727272 1.0
0 0.1 4.733867584541418 0.00805974006652832 16.419783115386963 0.7272727272727272 1.0
0 0.1 4.123263554256632 0.0245819091796875 16.44436502456665 0.6153846153846154 1.0
0 0.1 3.591419074200402 0.02159595489501953 16.46596097946167 0.5714285714285714 1.0
0 0.1 3.128175241967003 0.04515695571899414 16.511117935180664 0.4210526315789473 1.0
0 0.1 2.7246835143108377 0.02252483367919922 16.533642768859863 0.4210526315789473 1.0
0 0.1 2.373236688776134 0.03714895248413086 16.570791721343994 0.38095238095238093 1.0
0 0.1 2.0671216863796724 0.06336426734924316 16.634155988693237 0.3478260869565218 1.0
0 0.1 1.8004913233094775 0.14829015731811523 16.782446146011353 0.32000000000000006 1.0
0 0.1 1.5682526223167341 0.17997217178344727 16.9624183177948 0.2857142857142857 1.0
0 0.1 1.3659695304072161 0.12848424911499023 17.09090256690979 0.27586206896551724 1.0
0 0.1 1.1897781846170337 0.15833020210266113 17.24923276901245 0.25806451612903225 1.0
0 0.1 1.036313107341863 0.08153390884399414 17.330766677856445 0.25806451612903225 1.0
0 0.1 0.9026429214570189 0.11007571220397949 17.440842390060425 0.24242424242424243 1.0
0 0.1 0.786214357305898 0.13306903839111328 17.573911428451538 0.2352941176470588 1.0
0 0.1 0.6848034820193963 0.08231401443481445 17.656225442886353 0.2352941176470588 1.0
0 0.1 0.5964732195846044 0.3725121021270752 18.028737545013428 0.2285714285714286 1.0
0 0.1 0.5195363502423698 0.4743618965148926 18.50309944152832 0.2222222222222222 1.0
0 0.1 0.4525232824553942 0.6149821281433105 19.11808156967163 0.20512820512820512 1.0
0 0.1 0.3941539818506903 0.8948221206665039 20.012903690338135 0.19999999999999998 1.0
0 0.1 0.34331352094368267 0.43248486518859863 20.445388555526733 0.19512195121951217 1.0
0 0.1 0.2990307826127625 0.37481021881103516 20.82019877433777 0.19047619047619047 1.0
0 0.1 0.2604599105337001 0.6590919494628906 21.47929072380066 0.18181818181818182 1.0
0 0.1 0.22686415225376097 0.3798949718475342 21.859185695648193 0.18181818181818182 1.0
0 0.1 0.19760178628779224 0.17164015769958496 22.03082585334778 0.18181818181818182 1.0
0 0.1 0.17211386442601356 0.11423802375793457 22.145063877105713 0.18181818181818182 1.0
0 0.1 0.14991353511608546 1.955033779144287 24.10009765625 0.1739130434782609 1.0
0 0.01 28.211963230963963 0.0005970001220703125 24.10069465637207 0.0 1.0
0 0.01 24.573006681497752 0.012246847152709961 24.11294150352478 0.5714285714285715 1.0
0 0.01 21.403425646968028 0.008681297302246094 24.121622800827026 0.5714285714285715 1.0
0 0.01 18.642677119777133 0.008688926696777344 24.130311727523804 0.5714285714285715 1.0
0 0.01 16.238027310431736 0.008120059967041016 24.138431787490845 0.5714285714285715 1.0
0 0.01 14.143544365449966 0.008048772811889648 24.146480560302734 0.5714285714285715 1.0
0 0.01 12.319221010851523 0.0075261592864990234 24.154006719589233 0.5714285714285715 1.0
0 0.01 10.730210362611421 0.007109880447387695 24.16111660003662 0.5714285714285715 1.0
0 0.01 9.346160307090315 0.010291337966918945 24.17140793800354 0.7499999999999999 1.0
0 0.01 8.140633737265514 0.008021831512451172 24.17942976951599 0.7499999999999999 1.0
0 0.01 7.090603570541246 0.007467985153198242 24.18689775466919 0.7499999999999999 1.0
0 0.01 6.176012902339531 0.0074770450592041016 24.194374799728394 0.7499999999999999 1.0
0 0.01 5.379391893848717 0.007604122161865234 24.20197892189026 0.7499999999999999 1.0
0 0.01 4.685524076001097 0.007416963577270508 24.20939588546753 0.7499999999999999 1.0
0 0.01 4.081155695663349 0.006936788558959961 24.21633267402649 0.7499999999999999 1.0
0 0.01 3.554742552184356 0.006953239440917969 24.223285913467407 0.7499999999999999 1.0
0 0.01 3.09622948855821 0.005550861358642578 24.22883677482605 0.7499999999999999 1.0
0 0.01 2.6968583252045994 0.005717039108276367 24.234553813934326 0.7499999999999999 1.0
0 0.01 2.349000567658869 0.007550954818725586 24.24210476875305 0.7499999999999999 1.0
0 0.01 2.046011692676912 0.011983156204223633 24.254087924957275 0.7272727272727272 1.0
0 0.01 1.7821042294352372 0.0076160430908203125 24.261703968048096 0.7272727272727272 1.0
0 0.01 1.5522372115164986 0.007691860198974609 24.26939582824707 0.7272727272727272 1.0
0 0.01 1.3520198880735976 0.021162986755371094 24.29055881500244 0.6153846153846154 1.0
0 0.01 1.1776278549337647 0.014887809753417969 24.30544662475586 0.6153846153846154 1.0
0 0.01 1.0257300036406054 0.028779029846191406 24.33422565460205 0.4210526315789473 1.0
0 0.01 0.8934248930683893 0.016509294509887695 24.35073494911194 0.4210526315789473 1.0
0 0.01 0.7781853282259436 0.015516042709350586 24.36625099182129 0.4210526315789473 1.0
0 0.01 0.6778100876351608 0.01585102081298828 24.382102012634277 0.4210526315789473 1.0
0 0.01 0.590381877216004 0.035531044006347656 24.417633056640625 0.3636363636363636 1.0
0 0.01 0.5142307075440048 0.02869892120361328 24.44633197784424 0.3636363636363636 1.0
0 0.01 0.44790199493955546 0.05619096755981445 24.502522945404053 0.3076923076923077 1.0
0 0.01 0.39012877707943217 0.05145621299743652 24.55397915840149 0.2962962962962963 1.0
0 0.01 0.33980751241358653 0.051358938217163086 24.605338096618652 0.2857142857142857 1.0
0 0.01 0.2959770011254507 0.03331899642944336 24.638657093048096 0.2857142857142857 1.0
0 0.01 0.2578000249994245 0.032572031021118164 24.671229124069214 0.2857142857142857 1.0
0 0.01 0.22454735549379537 0.06188797950744629 24.73311710357666 0.25806451612903225 1.0
0 0.01 0.19558382455304058 0.044605255126953125 24.777722358703613 0.25806451612903225 1.0
0 0.01 0.1703561920944177 0.043621063232421875 24.821343421936035 0.25806451612903225 1.0
0 0.01 0.14838257842248037 0.04237103462219238 24.863714456558228 0.25806451612903225 1.0
0 0.01 0.12924325971726744 0.04123711585998535 24.904951572418213 0.25806451612903225 1.0
0 0.01 0.1125726507783501 0.04008316993713379 24.945034742355347 0.25806451612903225 1.0
0 0.01 0.09805232188500161 0.033682823181152344 24.9787175655365 0.25806451612903225 1.0
0 0.01 0.08540491638568569 0.21717309951782227 25.19589066505432 0.2105263157894737 1.0
0 0.01 0.07438885283512764 0.24862194061279297 25.444512605667114 0.21621621621621623 1.0
0 0.01 0.06479371048308594 0.09673309326171875 25.541245698928833 0.21621621621621623 1.0
0 0.01 0.056436209971818335 0.0876607894897461 25.62890648841858 0.21621621621621623 1.0
0 0.01 0.049156712468482675 0.14203214645385742 25.770938634872437 0.2105263157894737 1.0
0 0.01 0.0428161703614703 0.07604002952575684 25.846978664398193 0.2105263157894737 1.0
0 0.01 0.03729347127511503 0.14846181869506836 25.99544048309326 0.20512820512820512 1.0
0 0.01 0.032483124670098805 0.15843725204467773 26.15387773513794 0.19999999999999998 1.0
