[216.40736058 188.4937774  164.18066384 143.00360867 124.55810333
 108.49181534  94.49785828  82.30892987  71.69220614  62.44489425
  54.39035884  47.37474809  41.26405496  35.94155748  31.30558923
  27.26759733  23.75045104  20.68696841  18.01863304  15.69447636
  13.67010404  11.906848    10.37102782   9.03330739   7.86813455
   6.85325305   5.96927734   5.19932239   4.52868107   3.94454329
   3.43575127   2.99258645   2.60658382   2.27037024   1.9775236
   1.72245016   1.5002777    1.30676244   1.138208     0.99139477
   0.86351843   0.75213639   0.65512111   0.57061946   0.49701737
   0.43290895   0.37706963   0.32843281   0.28606948   0.24917044]0 1 312.2098259152708 0.0011889934539794922 0.0011889934539794922 0.0 1.0
0 1 271.93903789811014 0.0011739730834960938 0.002362966537475586 0.0 1.0
0 1 236.8626295349813 0.027756929397583008 0.030119895935058594 0.33333333333333337 1.0
0 1 206.31059705097118 0.021224021911621094 0.05134391784667969 0.5714285714285715 1.0
0 1 179.69935797424765 0.011809110641479492 0.06315302848815918 0.5714285714285715 1.0
0 1 156.52060397255676 0.009134769439697266 0.07228779792785645 0.5714285714285715 1.0
0 1 136.33159152101595 0.007992982864379883 0.08028078079223633 0.5714285714285715 1.0
0 1 118.74668494067365 0.024590253829956055 0.10487103462219238 0.7499999999999999 1.0
0 1 103.42999026917344 0.014799833297729492 0.11967086791992188 0.7499999999999999 1.0
0 1 90.08893926113359 0.011018991470336914 0.1306898593902588 0.7499999999999999 1.0
0 1 78.46870096453189 0.009849786758422852 0.14053964614868164 0.7499999999999999 1.0
0 1 68.34731412713553 0.008689165115356445 0.14922881126403809 0.7499999999999999 1.0
0 1 59.53144745577994 0.008928060531616211 0.1581568717956543 0.6666666666666665 1.0
0 1 51.85270674408604 0.01293182373046875 0.17108869552612305 0.7272727272727272 1.0
0 1 45.16441833008278 0.012718915939331055 0.1838076114654541 0.7272727272727272 1.0
0 1 39.33882744370648 0.012716054916381836 0.19652366638183594 0.6153846153846154 1.0
0 1 34.26465792907022 0.019060850143432617 0.21558451652526855 0.47058823529411764 1.0
0 1 29.84498672911064 0.026067256927490234 0.2416517734527588 0.3636363636363636 1.0
0 1 25.99539253258091 0.032122135162353516 0.2737739086151123 0.3076923076923077 1.0
0 1 22.642343220204207 0.0926198959350586 0.3663938045501709 0.26666666666666666 1.0
0 1 19.721791308170232 0.10552597045898438 0.4719197750091553 0.27586206896551724 1.0
0 1 17.177950560167822 0.24552083015441895 0.7174406051635742 0.26666666666666666 1.0
0 1 14.962230399696251 0.1724841594696045 0.8899247646331787 0.24242424242424243 1.0
0 1 13.03230776858211 0.1780240535736084 1.067948818206787 0.2222222222222222 1.0
0 1 11.351318703025308 0.16090178489685059 1.2288506031036377 0.2222222222222222 1.0
0 1 9.887154185253786 0.12311387062072754 1.3519644737243652 0.21621621621621623 1.0
0 1 8.611846820663045 0.12365293502807617 1.4756174087524414 0.20512820512820512 1.0
0 1 7.501036625197576 0.14092803001403809 1.6165454387664795 0.19999999999999998 1.0
0 1 6.53350571883761 0.12236404418945312 1.7389094829559326 0.20512820512820512 1.0
0 1 5.69077303724795 0.16549301147460938 1.904402494430542 0.18604651162790697 1.0
0 1 4.956741320068812 0.12214970588684082 2.026552200317383 0.1777777777777778 1.0
0 1 4.317389632878279 0.1656637191772461 2.192215919494629 0.1702127659574468 1.0
0 1 3.7605055496069455 1.6826550960540771 3.874871015548706 0.1702127659574468 1.0
0 1 3.2754518797500736 0.33681392669677734 4.211684942245483 0.1702127659574468 1.0
0 1 2.8529634845718124 0.12943315505981445 4.341118097305298 0.16666666666666666 1.0
0 1 2.4849703012340436 0.13065099716186523 4.471769094467163 0.163265306122449 1.0
0 1 2.1644431943866964 0.2297041416168213 4.701473236083984 0.163265306122449 1.0
0 1 1.8852596907900219 0.09417223930358887 4.795645475387573 0.163265306122449 1.0
0 1 1.6420870323301746 0.09357285499572754 4.889218330383301 0.163265306122449 1.0
0 1 1.4302803135927475 0.09299993515014648 4.982218265533447 0.163265306122449 1.0
0 1 1.2457937582930971 0.09194588661193848 5.074164152145386 0.163265306122449 1.0
0 1 1.0851034398309916 0.2245192527770996 5.298683404922485 0.1568627450980392 1.0
0 1 0.945139969834425 0.2246110439300537 5.523294448852539 0.1568627450980392 1.0
0 1 0.823229868958621 0.3723869323730469 5.895681381225586 0.1568627450980392 1.0
0 1 0.7170445000483404 0.6770868301391602 6.572768211364746 0.15384615384615383 1.0
0 1 0.624555588222246 0.46465492248535156 7.037423133850098 0.1509433962264151 1.0
0 1 0.5439964782567033 0.30138087272644043 7.338804006576538 0.1509433962264151 1.0
0 1 0.4738283892360109 0.2261970043182373 7.565001010894775 0.1509433962264151 1.0
0 1 0.4127110218901976 0.22482085227966309 7.7898218631744385 0.1481481481481481 1.0
0 1 0.3594769571833539 0.22629404067993164 8.01611590385437 0.1481481481481481 1.0
0 0.1 130.20161032759302 0.0011758804321289062 8.017291784286499 0.0 1.0
0 0.1 113.40738729625762 0.001161813735961914 8.018453598022461 0.0 1.0
0 0.1 98.77938883400856 0.0011608600616455078 8.019614458084106 0.0 1.0
0 0.1 86.03820166433057 0.0012080669403076172 8.020822525024414 0.0 1.0
0 0.1 74.9404529934022 0.0012516975402832031 8.022074222564697 0.0 1.0
0 0.1 65.27416178184274 0.0011680126190185547 8.023242235183716 0.0 1.0
0 0.1 56.854689638682785 0.0011820793151855469 8.024424314498901 0.0 1.0
0 0.1 49.52121399451067 0.0011548995971679688 8.02557921409607 0.0 1.0
0 0.1 43.13365618693992 0.0011970996856689453 8.026776313781738 0.0 1.0
0 0.1 37.570005780944214 0.0012176036834716797 8.02799391746521 0.0 1.0
0 0.1 32.7239900151928 0.0013120174407958984 8.029305934906006 0.0 1.0
0 0.1 28.503043857863506 0.0012621879577636719 8.03056812286377 0.0 1.0
0 0.1 24.826541897430772 0.014230966567993164 8.044799089431763 0.5714285714285715 1.0
0 0.1 21.624258295306348 0.0041141510009765625 8.04891324043274 0.5714285714285715 1.0
0 0.1 18.835025383479486 0.0039348602294921875 8.052848100662231 0.5714285714285715 1.0
0 0.1 16.405565284674683 0.004024028778076172 8.056872129440308 0.5714285714285715 1.0
0 0.1 14.289472237493916 0.003879070281982422 8.06075119972229 0.5714285714285715 1.0
0 0.1 12.446326187665905 0.004106998443603516 8.064858198165894 0.5714285714285715 1.0
0 0.1 10.840920713874212 0.011306047439575195 8.076164245605469 0.7499999999999999 1.0
0 0.1 9.44259054057033 0.005316972732543945 8.081481218338013 0.7499999999999999 1.0
0 0.1 8.224625792416147 0.003986835479736328 8.085468053817749 0.7499999999999999 1.0
0 0.1 7.163761801874259 0.004064083099365234 8.089532136917114 0.7499999999999999 1.0
0 0.1 6.239734724625884 0.004112720489501953 8.093644857406616 0.7499999999999999 1.0
0 0.1 5.43489447450858 0.0319209098815918 8.125565767288208 0.7272727272727272 1.0
0 0.1 4.733867584541418 0.009588956832885742 8.135154724121094 0.7272727272727272 1.0
0 0.1 4.123263554256632 0.009070158004760742 8.144224882125854 0.7272727272727272 1.0
0 0.1 3.591419074200402 0.061669111251831055 8.205893993377686 0.5714285714285714 1.0
0 0.1 3.128175241967003 0.14656424522399902 8.352458238601685 0.4444444444444444 1.0
0 0.1 2.7246835143108377 0.05511307716369629 8.40757131576538 0.4210526315789473 1.0
0 0.1 2.373236688776134 0.0901479721069336 8.497719287872314 0.38095238095238093 1.0
0 0.1 2.0671216863796724 0.2909512519836426 8.788670539855957 0.3333333333333333 1.0
0 0.1 1.8004913233094775 0.5186440944671631 9.30731463432312 0.32000000000000006 1.0
0 0.1 1.5682526223167341 0.5691521167755127 9.876466751098633 0.2857142857142857 1.0
0 0.1 1.3659695304072161 0.4374110698699951 10.313877820968628 0.27586206896551724 1.0
0 0.1 1.1897781846170337 0.2919020652770996 10.605779886245728 0.25806451612903225 1.0
0 0.1 1.036313107341863 0.08643913269042969 10.692219018936157 0.25806451612903225 1.0
0 0.1 0.9026429214570189 0.17850804328918457 10.870727062225342 0.24242424242424243 1.0
0 0.1 0.786214357305898 0.20705413818359375 11.077781200408936 0.2352941176470588 1.0
0 0.1 0.6848034820193963 0.06578326225280762 11.143564462661743 0.2352941176470588 1.0
0 0.1 0.5964732195846044 0.7499349117279053 11.893499374389648 0.2285714285714286 1.0
0 0.1 0.5195363502423698 0.7211849689483643 12.614684343338013 0.2222222222222222 1.0
0 0.1 0.4525232824553942 2.588303804397583 15.202988147735596 0.19999999999999998 1.0
0 0.1 0.3941539818506903 0.33733558654785156 15.540323734283447 0.19999999999999998 1.0
0 0.1 0.34331352094368267 0.5098052024841309 16.050128936767578 0.19512195121951217 1.0
0 0.1 0.2990307826127625 0.8794088363647461 16.929537773132324 0.19047619047619047 1.0
0 0.1 0.2604599105337001 0.8760871887207031 17.805624961853027 0.18604651162790697 1.0
0 0.1 0.22686415225376097 0.2551412582397461 18.060766220092773 0.18181818181818182 1.0
0 0.1 0.19760178628779224 0.13846898078918457 18.199235200881958 0.18181818181818182 1.0
0 0.1 0.17211386442601356 0.11597180366516113 18.31520700454712 0.18181818181818182 1.0
0 0.1 0.14991353511608546 1.7132501602172852 20.028457164764404 0.1739130434782609 1.0
0 0.01 28.211963230963963 0.0011739730834960938 20.0296311378479 0.0 1.0
0 0.01 24.573006681497752 0.001168966293334961 20.030800104141235 0.0 1.0
0 0.01 21.403425646968028 0.0011610984802246094 20.03196120262146 0.0 1.0
0 0.01 18.642677119777133 0.0011980533599853516 20.033159255981445 0.0 1.0
0 0.01 16.238027310431736 0.0012459754943847656 20.03440523147583 0.0 1.0
0 0.01 14.143544365449966 0.0012578964233398438 20.03566312789917 0.0 1.0
0 0.01 12.319221010851523 0.0012822151184082031 20.036945343017578 0.0 1.0
0 0.01 10.730210362611421 0.001291036605834961 20.038236379623413 0.0 1.0
0 0.01 9.346160307090315 0.0012600421905517578 20.039496421813965 0.0 1.0
0 0.01 8.140633737265514 0.001191854476928711 20.040688276290894 0.0 1.0
0 0.01 7.090603570541246 0.0012059211730957031 20.04189419746399 0.0 1.0
0 0.01 6.176012902339531 0.0012209415435791016 20.04311513900757 0.0 1.0
0 0.01 5.379391893848717 0.001178741455078125 20.044293880462646 0.0 1.0
0 0.01 4.685524076001097 0.0011527538299560547 20.045446634292603 0.0 1.0
0 0.01 4.081155695663349 0.0011661052703857422 20.04661273956299 0.0 1.0
0 0.01 3.554742552184356 0.0011479854583740234 20.047760725021362 0.0 1.0
0 0.01 3.09622948855821 0.0011539459228515625 20.048914670944214 0.0 1.0
0 0.01 2.6968583252045994 0.0012280941009521484 20.050142765045166 0.0 1.0
0 0.01 2.349000567658869 0.010146141052246094 20.060288906097412 0.5714285714285715 1.0
0 0.01 2.046011692676912 0.002664804458618164 20.06295371055603 0.5714285714285715 1.0
0 0.01 1.7821042294352372 0.002530813217163086 20.065484523773193 0.5714285714285715 1.0
0 0.01 1.5522372115164986 0.0015742778778076172 20.067058801651 0.5714285714285715 1.0
0 0.01 1.3520198880735976 0.0013766288757324219 20.068435430526733 0.5714285714285715 1.0
0 0.01 1.1776278549337647 0.001341104507446289 20.06977653503418 0.5714285714285715 1.0
0 0.01 1.0257300036406054 0.010562658309936523 20.080339193344116 0.7499999999999999 1.0
0 0.01 0.8934248930683893 0.0024602413177490234 20.082799434661865 0.7499999999999999 1.0
0 0.01 0.7781853282259436 0.002711772918701172 20.085511207580566 0.7499999999999999 1.0
0 0.01 0.6778100876351608 0.0013911724090576172 20.086902379989624 0.7499999999999999 1.0
0 0.01 0.590381877216004 0.00146484375 20.088367223739624 0.7499999999999999 1.0
0 0.01 0.5142307075440048 0.019424915313720703 20.107792139053345 0.7272727272727272 1.0
0 0.01 0.44790199493955546 0.003106832504272461 20.110898971557617 0.7272727272727272 1.0
0 0.01 0.39012877707943217 0.04699087142944336 20.15788984298706 0.5000000000000001 1.0
0 0.01 0.33980751241358653 0.05302906036376953 20.21091890335083 0.4 1.0
0 0.01 0.2959770011254507 0.011625051498413086 20.222543954849243 0.4 1.0
0 0.01 0.2578000249994245 0.010627985000610352 20.233171939849854 0.4 1.0
0 0.01 0.22454735549379537 0.0753469467163086 20.308518886566162 0.3076923076923077 1.0
0 0.01 0.19558382455304058 0.015085935592651367 20.323604822158813 0.3076923076923077 1.0
0 0.01 0.1703561920944177 0.1931309700012207 20.516735792160034 0.26666666666666666 1.0
0 0.01 0.14838257842248037 0.0719599723815918 20.588695764541626 0.25806451612903225 1.0
0 0.01 0.12924325971726744 0.021413803100585938 20.610109567642212 0.25806451612903225 1.0
0 0.01 0.1125726507783501 0.07328104972839355 20.683390617370605 0.25 1.0
0 0.01 0.09805232188500161 0.07436800003051758 20.757758617401123 0.24242424242424243 1.0
0 0.01 0.08540491638568569 0.09826898574829102 20.856027603149414 0.2352941176470588 1.0
0 0.01 0.07438885283512764 0.022715091705322266 20.878742694854736 0.2352941176470588 1.0
0 0.01 0.06479371048308594 0.09137773513793945 20.970120429992676 0.2285714285714286 1.0
0 0.01 0.056436209971818335 0.24972105026245117 21.219841480255127 0.21621621621621623 1.0
0 0.01 0.049156712468482675 0.040083885192871094 21.259925365447998 0.21621621621621623 1.0
0 0.01 0.0428161703614703 0.21497106552124023 21.47489643096924 0.20512820512820512 1.0
0 0.01 0.03729347127511503 0.04046320915222168 21.51535964012146 0.20512820512820512 1.0
0 0.01 0.032483124670098805 0.039175987243652344 21.554535627365112 0.20512820512820512 1.0
