[216.40736058 188.4937774  164.18066384 143.00360867 124.55810333
 108.49181534  94.49785828  82.30892987  71.69220614  62.44489425
  54.39035884  47.37474809  41.26405496  35.94155748  31.30558923
  27.26759733  23.75045104  20.68696841  18.01863304  15.69447636
  13.67010404  11.906848    10.37102782   9.03330739   7.86813455
   6.85325305   5.96927734   5.19932239   4.52868107   3.94454329
   3.43575127   2.99258645   2.60658382   2.27037024   1.9775236
   1.72245016   1.5002777    1.30676244   1.138208     0.99139477
   0.86351843   0.75213639   0.65512111   0.57061946   0.49701737
   0.43290895   0.37706963   0.32843281   0.28606948   0.24917044]0 1 312.2098259152708 0.0011670589447021484 0.0011670589447021484 0.0 1.0
0 1 271.93903789811014 0.0011610984802246094 0.002328157424926758 0.0 1.0
0 1 236.8626295349813 0.03372025489807129 0.03604841232299805 0.33333333333333337 1.0
0 1 206.31059705097118 0.024206876754760742 0.06025528907775879 0.5714285714285715 1.0
0 1 179.69935797424765 0.014936208724975586 0.07519149780273438 0.5714285714285715 1.0
0 1 156.52060397255676 0.012341976165771484 0.08753347396850586 0.5714285714285715 1.0
0 1 136.33159152101595 0.010052919387817383 0.09758639335632324 0.5714285714285715 1.0
0 1 118.74668494067365 0.030184030532836914 0.12777042388916016 0.7499999999999999 1.0
0 1 103.42999026917344 0.018375873565673828 0.14614629745483398 0.7499999999999999 1.0
0 1 90.08893926113359 0.01343989372253418 0.15958619117736816 0.7499999999999999 1.0
0 1 78.46870096453189 0.01215505599975586 0.17174124717712402 0.7499999999999999 1.0
0 1 68.34731412713553 0.009819984436035156 0.18156123161315918 0.7499999999999999 1.0
0 1 59.53144745577994 0.0100250244140625 0.19158625602722168 0.6666666666666665 1.0
0 1 51.85270674408604 0.015275001525878906 0.20686125755310059 0.7272727272727272 1.0
0 1 45.16441833008278 0.01804375648498535 0.22490501403808594 0.7272727272727272 1.0
0 1 39.33882744370648 0.015360116958618164 0.2402651309967041 0.6153846153846154 1.0
0 1 34.26465792907022 0.02418208122253418 0.2644472122192383 0.47058823529411764 1.0
0 1 29.84498672911064 0.029767751693725586 0.29421496391296387 0.3636363636363636 1.0
0 1 25.99539253258091 0.04060101509094238 0.33481597900390625 0.3076923076923077 1.0
0 1 22.642343220204207 0.11172795295715332 0.44654393196105957 0.26666666666666666 1.0
0 1 19.721791308170232 0.13196110725402832 0.5785050392150879 0.27586206896551724 1.0
0 1 17.177950560167822 0.2698359489440918 0.8483409881591797 0.26666666666666666 1.0
0 1 14.962230399696251 0.19549274444580078 1.0438337326049805 0.24242424242424243 1.0
0 1 13.03230776858211 0.19087696075439453 1.234710693359375 0.2222222222222222 1.0
0 1 11.351318703025308 0.1817011833190918 1.4164118766784668 0.2222222222222222 1.0
0 1 9.887154185253786 0.1406536102294922 1.557065486907959 0.21621621621621623 1.0
0 1 8.611846820663045 0.1427478790283203 1.6998133659362793 0.20512820512820512 1.0
0 1 7.501036625197576 0.16449999809265137 1.8643133640289307 0.19999999999999998 1.0
0 1 6.53350571883761 0.14220499992370605 2.0065183639526367 0.20512820512820512 1.0
0 1 5.69077303724795 0.18506121635437012 2.191579580307007 0.18604651162790697 1.0
0 1 4.956741320068812 0.15236306190490723 2.343942642211914 0.1777777777777778 1.0
0 1 4.317389632878279 0.19454002380371094 2.538482666015625 0.1702127659574468 1.0
0 1 3.7605055496069455 1.9260811805725098 4.464563846588135 0.1702127659574468 1.0
0 1 3.2754518797500736 0.3781142234802246 4.842678070068359 0.1702127659574468 1.0
0 1 2.8529634845718124 0.18137907981872559 5.024057149887085 0.16666666666666666 1.0
0 1 2.4849703012340436 0.14722585678100586 5.171283006668091 0.163265306122449 1.0
0 1 2.1644431943866964 0.2582521438598633 5.429535150527954 0.163265306122449 1.0
0 1 1.8852596907900219 0.14259004592895508 5.572125196456909 0.163265306122449 1.0
0 1 1.6420870323301746 0.12021708488464355 5.692342281341553 0.163265306122449 1.0
0 1 1.4302803135927475 0.11631226539611816 5.808654546737671 0.163265306122449 1.0
0 1 1.2457937582930971 0.11278676986694336 5.921441316604614 0.163265306122449 1.0
0 1 1.0851034398309916 0.3987560272216797 6.320197343826294 0.1568627450980392 1.0
0 1 0.945139969834425 0.34616589546203613 6.66636323928833 0.1568627450980392 1.0
0 1 0.823229868958621 0.49512171745300293 7.161484956741333 0.1568627450980392 1.0
0 1 0.7170445000483404 0.8244669437408447 7.985951900482178 0.15384615384615383 1.0
0 1 0.624555588222246 0.7598457336425781 8.745797634124756 0.1509433962264151 1.0
0 1 0.5439964782567033 0.5269360542297363 9.272733688354492 0.1509433962264151 1.0
0 1 0.4738283892360109 0.44803810119628906 9.720771789550781 0.1509433962264151 1.0
0 1 0.4127110218901976 0.45264315605163574 10.173414945602417 0.1481481481481481 1.0
0 1 0.3594769571833539 0.45152807235717773 10.624943017959595 0.1481481481481481 1.0
0 0.1 130.20161032759302 0.0011980533599853516 10.62614107131958 0.0 1.0
0 0.1 113.40738729625762 0.0011789798736572266 10.627320051193237 0.0 1.0
0 0.1 98.77938883400856 0.001165151596069336 10.628485202789307 0.0 1.0
0 0.1 86.03820166433057 0.0012340545654296875 10.629719257354736 0.0 1.0
0 0.1 74.9404529934022 0.0011823177337646484 10.630901575088501 0.0 1.0
0 0.1 65.27416178184274 0.0012080669403076172 10.632109642028809 0.0 1.0
0 0.1 56.854689638682785 0.0011737346649169922 10.633283376693726 0.0 1.0
0 0.1 49.52121399451067 0.0011911392211914062 10.634474515914917 0.0 1.0
0 0.1 43.13365618693992 0.0012178421020507812 10.635692358016968 0.0 1.0
0 0.1 37.570005780944214 0.0011749267578125 10.63686728477478 0.0 1.0
0 0.1 32.7239900151928 0.001168966293334961 10.638036251068115 0.0 1.0
0 0.1 28.503043857863506 0.0012271404266357422 10.639263391494751 0.0 1.0
0 0.1 24.826541897430772 0.015469074249267578 10.654732465744019 0.5714285714285715 1.0
0 0.1 21.624258295306348 0.005165815353393555 10.659898281097412 0.5714285714285715 1.0
0 0.1 18.835025383479486 0.005428314208984375 10.665326595306396 0.5714285714285715 1.0
0 0.1 16.405565284674683 0.005331277847290039 10.670657873153687 0.5714285714285715 1.0
0 0.1 14.289472237493916 0.005126953125 10.675784826278687 0.5714285714285715 1.0
0 0.1 12.446326187665905 0.0038940906524658203 10.679678916931152 0.5714285714285715 1.0
0 0.1 10.840920713874212 0.012803077697753906 10.692481994628906 0.7499999999999999 1.0
0 0.1 9.44259054057033 0.00652003288269043 10.699002027511597 0.7499999999999999 1.0
0 0.1 8.224625792416147 0.005102872848510742 10.704104900360107 0.7499999999999999 1.0
0 0.1 7.163761801874259 0.005124092102050781 10.709228992462158 0.7499999999999999 1.0
0 0.1 6.239734724625884 0.004992961883544922 10.714221954345703 0.7499999999999999 1.0
0 0.1 5.43489447450858 0.03379511833190918 10.748017072677612 0.7272727272727272 1.0
0 0.1 4.733867584541418 0.012029886245727539 10.76004695892334 0.7272727272727272 1.0
0 0.1 4.123263554256632 0.01153874397277832 10.771585702896118 0.7272727272727272 1.0
0 0.1 3.591419074200402 0.06436014175415039 10.835945844650269 0.5714285714285714 1.0
0 0.1 3.128175241967003 0.15029501914978027 10.986240863800049 0.4444444444444444 1.0
0 0.1 2.7246835143108377 0.059036970138549805 11.045277833938599 0.4210526315789473 1.0
0 0.1 2.373236688776134 0.09113526344299316 11.136413097381592 0.38095238095238093 1.0
0 0.1 2.0671216863796724 0.4389510154724121 11.575364112854004 0.3333333333333333 1.0
0 0.1 1.8004913233094775 0.5594398975372314 12.134804010391235 0.32000000000000006 1.0
0 0.1 1.5682526223167341 0.5997052192687988 12.734509229660034 0.2857142857142857 1.0
0 0.1 1.3659695304072161 0.5173790454864502 13.251888275146484 0.27586206896551724 1.0
0 0.1 1.1897781846170337 0.38361310958862305 13.635501384735107 0.25806451612903225 1.0
0 0.1 1.036313107341863 0.09859609603881836 13.734097480773926 0.25806451612903225 1.0
0 0.1 0.9026429214570189 0.21756601333618164 13.951663494110107 0.24242424242424243 1.0
0 0.1 0.786214357305898 0.21919727325439453 14.170860767364502 0.2352941176470588 1.0
0 0.1 0.6848034820193963 0.07109808921813965 14.241958856582642 0.2352941176470588 1.0
0 0.1 0.5964732195846044 0.6806299686431885 14.92258882522583 0.2285714285714286 1.0
0 0.1 0.5195363502423698 0.7143127918243408 15.636901617050171 0.2222222222222222 1.0
0 0.1 0.4525232824553942 2.6094977855682373 18.246399402618408 0.19999999999999998 1.0
0 0.1 0.3941539818506903 0.3666961193084717 18.61309552192688 0.19999999999999998 1.0
0 0.1 0.34331352094368267 0.5713558197021484 19.18445134162903 0.19512195121951217 1.0
0 0.1 0.2990307826127625 0.7956078052520752 19.980059146881104 0.19047619047619047 1.0
0 0.1 0.2604599105337001 0.9970591068267822 20.977118253707886 0.18181818181818182 1.0
0 0.1 0.22686415225376097 0.40163707733154297 21.37875533103943 0.18181818181818182 1.0
0 0.1 0.19760178628779224 0.17325615882873535 21.552011489868164 0.18181818181818182 1.0
0 0.1 0.17211386442601356 0.13008904457092285 21.682100534439087 0.18181818181818182 1.0
0 0.1 0.14991353511608546 2.2194039821624756 23.901504516601562 0.1739130434782609 1.0
0 0.01 28.211963230963963 0.0011887550354003906 23.902693271636963 0.0 1.0
0 0.01 24.573006681497752 0.0011878013610839844 23.903881072998047 0.0 1.0
0 0.01 21.403425646968028 0.0012099742889404297 23.905091047286987 0.0 1.0
0 0.01 18.642677119777133 0.0012328624725341797 23.90632390975952 0.0 1.0
0 0.01 16.238027310431736 0.0011789798736572266 23.90750288963318 0.0 1.0
0 0.01 14.143544365449966 0.0011708736419677734 23.908673763275146 0.0 1.0
0 0.01 12.319221010851523 0.0012729167938232422 23.90994668006897 0.0 1.0
0 0.01 10.730210362611421 0.0012559890747070312 23.911202669143677 0.0 1.0
0 0.01 9.346160307090315 0.0012061595916748047 23.91240882873535 0.0 1.0
0 0.01 8.140633737265514 0.001177072525024414 23.913585901260376 0.0 1.0
0 0.01 7.090603570541246 0.001148223876953125 23.91473412513733 0.0 1.0
0 0.01 6.176012902339531 0.001149892807006836 23.915884017944336 0.0 1.0
0 0.01 5.379391893848717 0.0011746883392333984 23.91705870628357 0.0 1.0
0 0.01 4.685524076001097 0.0011560916900634766 23.918214797973633 0.0 1.0
0 0.01 4.081155695663349 0.001280069351196289 23.91949486732483 0.0 1.0
0 0.01 3.554742552184356 0.0012209415435791016 23.920715808868408 0.0 1.0
0 0.01 3.09622948855821 0.001338958740234375 23.922054767608643 0.0 1.0
0 0.01 2.6968583252045994 0.0011730194091796875 23.923227787017822 0.0 1.0
0 0.01 2.349000567658869 0.011103153228759766 23.934330940246582 0.5714285714285715 1.0
0 0.01 2.046011692676912 0.0027768611907958984 23.937107801437378 0.5714285714285715 1.0
0 0.01 1.7821042294352372 0.0025017261505126953 23.93960952758789 0.5714285714285715 1.0
0 0.01 1.5522372115164986 0.002672910690307617 23.9422824382782 0.5714285714285715 1.0
0 0.01 1.3520198880735976 0.0026857852935791016 23.944968223571777 0.5714285714285715 1.0
0 0.01 1.1776278549337647 0.0025200843811035156 23.94748830795288 0.5714285714285715 1.0
0 0.01 1.0257300036406054 0.01078486442565918 23.95827317237854 0.7499999999999999 1.0
0 0.01 0.8934248930683893 0.0024890899658203125 23.96076226234436 0.7499999999999999 1.0
0 0.01 0.7781853282259436 0.0024862289428710938 23.96324849128723 0.7499999999999999 1.0
0 0.01 0.6778100876351608 0.0025107860565185547 23.96575927734375 0.7499999999999999 1.0
0 0.01 0.590381877216004 0.0036568641662597656 23.96941614151001 0.7499999999999999 1.0
0 0.01 0.5142307075440048 0.020756959915161133 23.99017310142517 0.7272727272727272 1.0
0 0.01 0.44790199493955546 0.004258632659912109 23.994431734085083 0.7272727272727272 1.0
0 0.01 0.39012877707943217 0.04616093635559082 24.040592670440674 0.5000000000000001 1.0
0 0.01 0.33980751241358653 0.05298781394958496 24.09358048439026 0.4 1.0
0 0.01 0.2959770011254507 0.01253509521484375 24.106115579605103 0.4 1.0
0 0.01 0.2578000249994245 0.012434959411621094 24.118550539016724 0.4 1.0
0 0.01 0.22454735549379537 0.0756378173828125 24.194188356399536 0.3076923076923077 1.0
0 0.01 0.19558382455304058 0.016435861587524414 24.21062421798706 0.3076923076923077 1.0
0 0.01 0.1703561920944177 0.18894577026367188 24.399569988250732 0.26666666666666666 1.0
0 0.01 0.14838257842248037 0.07272982597351074 24.472299814224243 0.25806451612903225 1.0
0 0.01 0.12924325971726744 0.02387690544128418 24.496176719665527 0.25806451612903225 1.0
0 0.01 0.1125726507783501 0.07156896591186523 24.567745685577393 0.25 1.0
0 0.01 0.09805232188500161 0.07493305206298828 24.64267873764038 0.24242424242424243 1.0
0 0.01 0.08540491638568569 0.09486699104309082 24.73754572868347 0.2352941176470588 1.0
0 0.01 0.07438885283512764 0.02466893196105957 24.76221466064453 0.2352941176470588 1.0
0 0.01 0.06479371048308594 0.0904698371887207 24.852684497833252 0.2285714285714286 1.0
0 0.01 0.056436209971818335 0.2457261085510254 25.098410606384277 0.21621621621621623 1.0
0 0.01 0.049156712468482675 0.04511690139770508 25.143527507781982 0.21621621621621623 1.0
0 0.01 0.0428161703614703 0.21832489967346191 25.361852407455444 0.20512820512820512 1.0
0 0.01 0.03729347127511503 0.04363203048706055 25.405484437942505 0.20512820512820512 1.0
0 0.01 0.032483124670098805 0.041433095932006836 25.44691753387451 0.20512820512820512 1.0
