[216.40736058 188.4937774  164.18066384 143.00360867 124.55810333
 108.49181534  94.49785828  82.30892987  71.69220614  62.44489425
  54.39035884  47.37474809  41.26405496  35.94155748  31.30558923
  27.26759733  23.75045104  20.68696841  18.01863304  15.69447636
  13.67010404  11.906848    10.37102782   9.03330739   7.86813455
   6.85325305   5.96927734   5.19932239   4.52868107   3.94454329
   3.43575127   2.99258645   2.60658382   2.27037024   1.9775236
   1.72245016   1.5002777    1.30676244   1.138208     0.99139477
   0.86351843   0.75213639   0.65512111   0.57061946   0.49701737
   0.43290895   0.37706963   0.32843281   0.28606948   0.24917044]0 1 312.2098259152708 0.0006339550018310547 0.0006339550018310547 0.0 1.0
0 1 271.93903789811014 0.000637054443359375 0.0012710094451904297 0.0 1.0
0 1 236.8626295349813 0.007413148880004883 0.008684158325195312 0.33333333333333337 1.0
0 1 206.31059705097118 0.008338212966918945 0.017022371292114258 0.5714285714285715 1.0
0 1 179.69935797424765 0.0049991607666015625 0.02202153205871582 0.5714285714285715 1.0
0 1 156.52060397255676 0.0037682056427001953 0.025789737701416016 0.5714285714285715 1.0
0 1 136.33159152101595 0.0033719539642333984 0.029161691665649414 0.5714285714285715 1.0
0 1 118.74668494067365 0.01022791862487793 0.039389610290527344 0.7499999999999999 1.0
0 1 103.42999026917344 0.006295919418334961 0.045685529708862305 0.7499999999999999 1.0
0 1 90.08893926113359 0.0050699710845947266 0.05075550079345703 0.7499999999999999 1.0
0 1 78.46870096453189 0.0050318241119384766 0.05578732490539551 0.7499999999999999 1.0
0 1 68.34731412713553 0.00479578971862793 0.06058311462402344 0.7499999999999999 1.0
0 1 59.53144745577994 0.00522303581237793 0.06580615043640137 0.6666666666666665 1.0
0 1 51.85270674408604 0.010219097137451172 0.07602524757385254 0.7272727272727272 1.0
0 1 45.16441833008278 0.010442018508911133 0.08646726608276367 0.7272727272727272 1.0
0 1 39.33882744370648 0.013787984848022461 0.10025525093078613 0.6153846153846154 1.0
0 1 34.26465792907022 0.020360946655273438 0.12061619758605957 0.47058823529411764 1.0
0 1 29.84498672911064 0.026956796646118164 0.14757299423217773 0.3636363636363636 1.0
0 1 25.99539253258091 0.03771495819091797 0.1852879524230957 0.3076923076923077 1.0
0 1 22.642343220204207 0.10331583023071289 0.2886037826538086 0.26666666666666666 1.0
0 1 19.721791308170232 0.12045121192932129 0.4090549945831299 0.27586206896551724 1.0
0 1 17.177950560167822 0.2631869316101074 0.6722419261932373 0.26666666666666666 1.0
0 1 14.962230399696251 0.19007015228271484 0.8623120784759521 0.24242424242424243 1.0
0 1 13.03230776858211 0.183488130569458 1.0458002090454102 0.2222222222222222 1.0
0 1 11.351318703025308 0.18181467056274414 1.2276148796081543 0.2222222222222222 1.0
0 1 9.887154185253786 0.14037728309631348 1.3679921627044678 0.21621621621621623 1.0
0 1 8.611846820663045 0.1405959129333496 1.5085880756378174 0.20512820512820512 1.0
0 1 7.501036625197576 0.16283106803894043 1.6714191436767578 0.19999999999999998 1.0
0 1 6.53350571883761 0.13987183570861816 1.811290979385376 0.20512820512820512 1.0
0 1 5.69077303724795 0.18276667594909668 1.9940576553344727 0.18604651162790697 1.0
0 1 4.956741320068812 0.15157818794250488 2.1456358432769775 0.1777777777777778 1.0
0 1 4.317389632878279 0.1953117847442627 2.3409476280212402 0.1702127659574468 1.0
0 1 3.7605055496069455 1.8675780296325684 4.208525657653809 0.1702127659574468 1.0
0 1 3.2754518797500736 0.3715019226074219 4.5800275802612305 0.1702127659574468 1.0
0 1 2.8529634845718124 0.1793830394744873 4.759410619735718 0.16666666666666666 1.0
0 1 2.4849703012340436 0.14680695533752441 4.906217575073242 0.163265306122449 1.0
0 1 2.1644431943866964 0.24896788597106934 5.1551854610443115 0.163265306122449 1.0
0 1 1.8852596907900219 0.14036297798156738 5.295548439025879 0.163265306122449 1.0
0 1 1.6420870323301746 0.11946272850036621 5.415011167526245 0.163265306122449 1.0
0 1 1.4302803135927475 0.11591911315917969 5.530930280685425 0.163265306122449 1.0
0 1 1.2457937582930971 0.11204791069030762 5.642978191375732 0.163265306122449 1.0
0 1 1.0851034398309916 0.38940906524658203 6.0323872566223145 0.1568627450980392 1.0
0 1 0.945139969834425 0.3416311740875244 6.374018430709839 0.1568627450980392 1.0
0 1 0.823229868958621 0.4817631244659424 6.855781555175781 0.1568627450980392 1.0
0 1 0.7170445000483404 0.8028929233551025 7.658674478530884 0.15384615384615383 1.0
0 1 0.624555588222246 0.7400362491607666 8.39871072769165 0.1509433962264151 1.0
0 1 0.5439964782567033 0.5183100700378418 8.917020797729492 0.1509433962264151 1.0
0 1 0.4738283892360109 0.4479670524597168 9.364987850189209 0.1509433962264151 1.0
0 1 0.4127110218901976 0.4463160037994385 9.811303853988647 0.1481481481481481 1.0
0 1 0.3594769571833539 0.44421982765197754 10.255523681640625 0.1481481481481481 1.0
0 0.1 130.20161032759302 0.0006861686706542969 10.25620985031128 0.0 1.0
0 0.1 113.40738729625762 0.0006430149078369141 10.256852865219116 0.0 1.0
0 0.1 98.77938883400856 0.0006270408630371094 10.257479906082153 0.0 1.0
0 0.1 86.03820166433057 0.0006299018859863281 10.25810980796814 0.0 1.0
0 0.1 74.9404529934022 0.0006511211395263672 10.258760929107666 0.0 1.0
0 0.1 65.27416178184274 0.0006887912750244141 10.25944972038269 0.0 1.0
0 0.1 56.854689638682785 0.0006558895111083984 10.260105609893799 0.0 1.0
0 0.1 49.52121399451067 0.0006318092346191406 10.260737419128418 0.0 1.0
0 0.1 43.13365618693992 0.0006380081176757812 10.261375427246094 0.0 1.0
0 0.1 37.570005780944214 0.0006318092346191406 10.262007236480713 0.0 1.0
0 0.1 32.7239900151928 0.00061798095703125 10.262625217437744 0.0 1.0
0 0.1 28.503043857863506 0.0006692409515380859 10.263294458389282 0.0 1.0
0 0.1 24.826541897430772 0.009788036346435547 10.273082494735718 0.5714285714285715 1.0
0 0.1 21.624258295306348 0.0019240379333496094 10.275006532669067 0.5714285714285715 1.0
0 0.1 18.835025383479486 0.0018720626831054688 10.276878595352173 0.5714285714285715 1.0
0 0.1 16.405565284674683 0.0017731189727783203 10.278651714324951 0.5714285714285715 1.0
0 0.1 14.289472237493916 0.0017557144165039062 10.280407428741455 0.5714285714285715 1.0
0 0.1 12.446326187665905 0.0017771720886230469 10.282184600830078 0.5714285714285715 1.0
0 0.1 10.840920713874212 0.0078029632568359375 10.289987564086914 0.7499999999999999 1.0
0 0.1 9.44259054057033 0.0024869441986083984 10.292474508285522 0.7499999999999999 1.0
0 0.1 8.224625792416147 0.002707958221435547 10.295182466506958 0.7499999999999999 1.0
0 0.1 7.163761801874259 0.0027031898498535156 10.297885656356812 0.7499999999999999 1.0
0 0.1 6.239734724625884 0.0029189586639404297 10.300804615020752 0.7499999999999999 1.0
0 0.1 5.43489447450858 0.02740192413330078 10.328206539154053 0.7272727272727272 1.0
0 0.1 4.733867584541418 0.007303953170776367 10.335510492324829 0.7272727272727272 1.0
0 0.1 4.123263554256632 0.008432865142822266 10.343943357467651 0.7272727272727272 1.0
0 0.1 3.591419074200402 0.055896759033203125 10.399840116500854 0.5714285714285714 1.0
0 0.1 3.128175241967003 0.14179706573486328 10.541637182235718 0.4444444444444444 1.0
0 0.1 2.7246835143108377 0.049659013748168945 10.591296195983887 0.4210526315789473 1.0
0 0.1 2.373236688776134 0.08522200584411621 10.676518201828003 0.38095238095238093 1.0
0 0.1 2.0671216863796724 0.31744384765625 10.993962049484253 0.3333333333333333 1.0
0 0.1 1.8004913233094775 0.4819788932800293 11.475940942764282 0.32000000000000006 1.0
0 0.1 1.5682526223167341 0.5588970184326172 12.0348379611969 0.2857142857142857 1.0
0 0.1 1.3659695304072161 0.434337854385376 12.469175815582275 0.27586206896551724 1.0
0 0.1 1.1897781846170337 0.28424501419067383 12.75342082977295 0.25806451612903225 1.0
0 0.1 1.036313107341863 0.08523106575012207 12.838651895523071 0.25806451612903225 1.0
0 0.1 0.9026429214570189 0.1938791275024414 13.032531023025513 0.24242424242424243 1.0
0 0.1 0.786214357305898 0.2058267593383789 13.238357782363892 0.2352941176470588 1.0
0 0.1 0.6848034820193963 0.06587696075439453 13.304234743118286 0.2352941176470588 1.0
0 0.1 0.5964732195846044 0.6660280227661133 13.9702627658844 0.2285714285714286 1.0
0 0.1 0.5195363502423698 0.697376012802124 14.667638778686523 0.2222222222222222 1.0
0 0.1 0.4525232824553942 2.551335096359253 17.218973875045776 0.19999999999999998 1.0
0 0.1 0.3941539818506903 0.3571300506591797 17.576103925704956 0.19999999999999998 1.0
0 0.1 0.34331352094368267 0.5659210681915283 18.142024993896484 0.19512195121951217 1.0
0 0.1 0.2990307826127625 0.7727222442626953 18.91474723815918 0.19047619047619047 1.0
0 0.1 0.2604599105337001 0.9622068405151367 19.876954078674316 0.18181818181818182 1.0
0 0.1 0.22686415225376097 0.37433600425720215 20.25129008293152 0.18181818181818182 1.0
0 0.1 0.19760178628779224 0.15629887580871582 20.407588958740234 0.18181818181818182 1.0
0 0.1 0.17211386442601356 0.11920380592346191 20.526792764663696 0.18181818181818182 1.0
0 0.1 0.14991353511608546 2.1480579376220703 22.674850702285767 0.1739130434782609 1.0
0 0.01 28.211963230963963 0.0006539821624755859 22.675504684448242 0.0 1.0
0 0.01 24.573006681497752 0.0006339550018310547 22.676138639450073 0.0 1.0
0 0.01 21.403425646968028 0.0006470680236816406 22.676785707473755 0.0 1.0
0 0.01 18.642677119777133 0.000640869140625 22.67742657661438 0.0 1.0
0 0.01 16.238027310431736 0.0006768703460693359 22.67810344696045 0.0 1.0
0 0.01 14.143544365449966 0.0007131099700927734 22.678816556930542 0.0 1.0
0 0.01 12.319221010851523 0.0006420612335205078 22.679458618164062 0.0 1.0
0 0.01 10.730210362611421 0.0006551742553710938 22.680113792419434 0.0 1.0
0 0.01 9.346160307090315 0.0007517337799072266 22.68086552619934 0.0 1.0
0 0.01 8.140633737265514 0.0007412433624267578 22.681606769561768 0.0 1.0
0 0.01 7.090603570541246 0.0006690025329589844 22.682275772094727 0.0 1.0
0 0.01 6.176012902339531 0.000701904296875 22.6829776763916 0.0 1.0
0 0.01 5.379391893848717 0.0006301403045654297 22.683607816696167 0.0 1.0
0 0.01 4.685524076001097 0.0006351470947265625 22.684242963790894 0.0 1.0
0 0.01 4.081155695663349 0.0006158351898193359 22.684858798980713 0.0 1.0
0 0.01 3.554742552184356 0.0006339550018310547 22.685492753982544 0.0 1.0
0 0.01 3.09622948855821 0.0006580352783203125 22.686150789260864 0.0 1.0
0 0.01 2.6968583252045994 0.0007150173187255859 22.68686580657959 0.0 1.0
0 0.01 2.349000567658869 0.0162351131439209 22.70310091972351 0.5714285714285715 1.0
0 0.01 2.046011692676912 0.001055002212524414 22.704155921936035 0.5714285714285715 1.0
0 0.01 1.7821042294352372 0.0011360645294189453 22.705291986465454 0.5714285714285715 1.0
0 0.01 1.5522372115164986 0.0010900497436523438 22.706382036209106 0.5714285714285715 1.0
0 0.01 1.3520198880735976 0.0011301040649414062 22.707512140274048 0.5714285714285715 1.0
0 0.01 1.1776278549337647 0.0010831356048583984 22.708595275878906 0.5714285714285715 1.0
0 0.01 1.0257300036406054 0.005337715148925781 22.713932991027832 0.7499999999999999 1.0
0 0.01 0.8934248930683893 0.0010547637939453125 22.714987754821777 0.7499999999999999 1.0
0 0.01 0.7781853282259436 0.0010418891906738281 22.71602964401245 0.7499999999999999 1.0
0 0.01 0.6778100876351608 0.001096963882446289 22.717126607894897 0.7499999999999999 1.0
0 0.01 0.590381877216004 0.0012421607971191406 22.718368768692017 0.7499999999999999 1.0
0 0.01 0.5142307075440048 0.012765884399414062 22.73113465309143 0.7272727272727272 1.0
0 0.01 0.44790199493955546 0.003484010696411133 22.734618663787842 0.7272727272727272 1.0
0 0.01 0.39012877707943217 0.04128885269165039 22.775907516479492 0.5000000000000001 1.0
0 0.01 0.33980751241358653 0.04756784439086914 22.82347536087036 0.4 1.0
0 0.01 0.2959770011254507 0.008705854415893555 22.832181215286255 0.4 1.0
0 0.01 0.2578000249994245 0.009123086929321289 22.841304302215576 0.4 1.0
0 0.01 0.22454735549379537 0.06845283508300781 22.909757137298584 0.3076923076923077 1.0
0 0.01 0.19558382455304058 0.012819766998291016 22.922576904296875 0.3076923076923077 1.0
0 0.01 0.1703561920944177 0.19187617301940918 23.114453077316284 0.26666666666666666 1.0
0 0.01 0.14838257842248037 0.06399011611938477 23.17844319343567 0.25806451612903225 1.0
0 0.01 0.12924325971726744 0.018980741500854492 23.197423934936523 0.25806451612903225 1.0
0 0.01 0.1125726507783501 0.06406092643737793 23.2614848613739 0.25 1.0
0 0.01 0.09805232188500161 0.06647992134094238 23.327964782714844 0.24242424242424243 1.0
0 0.01 0.08540491638568569 0.08849501609802246 23.416459798812866 0.2352941176470588 1.0
0 0.01 0.07438885283512764 0.019083023071289062 23.435542821884155 0.2352941176470588 1.0
0 0.01 0.06479371048308594 0.08354878425598145 23.519091606140137 0.2285714285714286 1.0
0 0.01 0.056436209971818335 0.23398780822753906 23.753079414367676 0.21621621621621623 1.0
0 0.01 0.049156712468482675 0.034905195236206055 23.787984609603882 0.21621621621621623 1.0
0 0.01 0.0428161703614703 0.20090699195861816 23.9888916015625 0.20512820512820512 1.0
0 0.01 0.03729347127511503 0.03207683563232422 24.020968437194824 0.20512820512820512 1.0
0 0.01 0.032483124670098805 0.029961109161376953 24.0509295463562 0.20512820512820512 1.0
