[216.40736058 188.4937774  164.18066384 143.00360867 124.55810333
 108.49181534  94.49785828  82.30892987  71.69220614  62.44489425
  54.39035884  47.37474809  41.26405496  35.94155748  31.30558923
  27.26759733  23.75045104  20.68696841  18.01863304  15.69447636
  13.67010404  11.906848    10.37102782   9.03330739   7.86813455
   6.85325305   5.96927734   5.19932239   4.52868107   3.94454329
   3.43575127   2.99258645   2.60658382   2.27037024   1.9775236
   1.72245016   1.5002777    1.30676244   1.138208     0.99139477
   0.86351843   0.75213639   0.65512111   0.57061946   0.49701737
   0.43290895   0.37706963   0.32843281   0.28606948   0.24917044]0 1 312.2098259152708 0.0006420612335205078 0.0006420612335205078 0.0 1.0
0 1 271.93903789811014 0.0006489753723144531 0.001291036605834961 0.0 1.0
0 1 236.8626295349813 0.00632023811340332 0.007611274719238281 0.33333333333333337 1.0
0 1 206.31059705097118 0.00766301155090332 0.015274286270141602 0.5714285714285715 1.0
0 1 179.69935797424765 0.004000186920166016 0.019274473190307617 0.5714285714285715 1.0
0 1 156.52060397255676 0.0031931400299072266 0.022467613220214844 0.5714285714285715 1.0
0 1 136.33159152101595 0.0030257701873779297 0.025493383407592773 0.5714285714285715 1.0
0 1 118.74668494067365 0.008548974990844727 0.0340423583984375 0.7499999999999999 1.0
0 1 103.42999026917344 0.005423784255981445 0.039466142654418945 0.7499999999999999 1.0
0 1 90.08893926113359 0.004703998565673828 0.04417014122009277 0.7499999999999999 1.0
0 1 78.46870096453189 0.00452876091003418 0.04869890213012695 0.7499999999999999 1.0
0 1 68.34731412713553 0.004561901092529297 0.05326080322265625 0.7499999999999999 1.0
0 1 59.53144745577994 0.004796028137207031 0.05805683135986328 0.6666666666666665 1.0
0 1 51.85270674408604 0.00918722152709961 0.06724405288696289 0.7272727272727272 1.0
0 1 45.16441833008278 0.010083913803100586 0.07732796669006348 0.7272727272727272 1.0
0 1 39.33882744370648 0.010848045349121094 0.08817601203918457 0.6153846153846154 1.0
0 1 34.26465792907022 0.016299724578857422 0.10447573661804199 0.47058823529411764 1.0
0 1 29.84498672911064 0.024517059326171875 0.12899279594421387 0.3636363636363636 1.0
0 1 25.99539253258091 0.030241966247558594 0.15923476219177246 0.3076923076923077 1.0
0 1 22.642343220204207 0.09087896347045898 0.25011372566223145 0.26666666666666666 1.0
0 1 19.721791308170232 0.10433506965637207 0.3544487953186035 0.27586206896551724 1.0
0 1 17.177950560167822 0.24695491790771484 0.6014037132263184 0.26666666666666666 1.0
0 1 14.962230399696251 0.17419815063476562 0.775601863861084 0.24242424242424243 1.0
0 1 13.03230776858211 0.17954206466674805 0.955143928527832 0.2222222222222222 1.0
0 1 11.351318703025308 0.17010879516601562 1.1252527236938477 0.2222222222222222 1.0
0 1 9.887154185253786 0.12548303604125977 1.2507357597351074 0.21621621621621623 1.0
0 1 8.611846820663045 0.12650704383850098 1.3772428035736084 0.20512820512820512 1.0
0 1 7.501036625197576 0.14407682418823242 1.5213196277618408 0.19999999999999998 1.0
0 1 6.53350571883761 0.13409185409545898 1.6554114818572998 0.20512820512820512 1.0
0 1 5.69077303724795 0.1658339500427246 1.8212454319000244 0.18604651162790697 1.0
0 1 4.956741320068812 0.12475705146789551 1.94600248336792 0.1777777777777778 1.0
0 1 4.317389632878279 0.1724998950958252 2.118502378463745 0.1702127659574468 1.0
0 1 3.7605055496069455 1.706662893295288 3.825165271759033 0.1702127659574468 1.0
0 1 3.2754518797500736 0.3458530902862549 4.171018362045288 0.1702127659574468 1.0
0 1 2.8529634845718124 0.13283300399780273 4.303851366043091 0.16666666666666666 1.0
0 1 2.4849703012340436 0.13080501556396484 4.434656381607056 0.163265306122449 1.0
0 1 2.1644431943866964 0.23137712478637695 4.666033506393433 0.163265306122449 1.0
0 1 1.8852596907900219 0.09870505332946777 4.7647385597229 0.163265306122449 1.0
0 1 1.6420870323301746 0.09795975685119629 4.862698316574097 0.163265306122449 1.0
0 1 1.4302803135927475 0.0940091609954834 4.95670747756958 0.163265306122449 1.0
0 1 1.2457937582930971 0.0958719253540039 5.052579402923584 0.163265306122449 1.0
0 1 1.0851034398309916 0.23098087310791016 5.283560276031494 0.1568627450980392 1.0
0 1 0.945139969834425 0.2298719882965088 5.513432264328003 0.1568627450980392 1.0
0 1 0.823229868958621 0.38029909133911133 5.893731355667114 0.1568627450980392 1.0
0 1 0.7170445000483404 0.6821877956390381 6.575919151306152 0.15384615384615383 1.0
0 1 0.624555588222246 0.46689820289611816 7.0428173542022705 0.1509433962264151 1.0
0 1 0.5439964782567033 0.3043670654296875 7.347184419631958 0.1509433962264151 1.0
0 1 0.4738283892360109 0.2304518222808838 7.577636241912842 0.1509433962264151 1.0
0 1 0.4127110218901976 0.22844409942626953 7.806080341339111 0.1481481481481481 1.0
0 1 0.3594769571833539 0.22902131080627441 8.035101652145386 0.1481481481481481 1.0
0 0.1 130.20161032759302 0.0006451606750488281 8.035746812820435 0.0 1.0
0 0.1 113.40738729625762 0.0006320476531982422 8.036378860473633 0.0 1.0
0 0.1 98.77938883400856 0.0006227493286132812 8.037001609802246 0.0 1.0
0 0.1 86.03820166433057 0.0006420612335205078 8.037643671035767 0.0 1.0
0 0.1 74.9404529934022 0.0007071495056152344 8.038350820541382 0.0 1.0
0 0.1 65.27416178184274 0.0006608963012695312 8.039011716842651 0.0 1.0
0 0.1 56.854689638682785 0.0006349086761474609 8.039646625518799 0.0 1.0
0 0.1 49.52121399451067 0.0006630420684814453 8.04030966758728 0.0 1.0
0 0.1 43.13365618693992 0.0006420612335205078 8.0409517288208 0.0 1.0
0 0.1 37.570005780944214 0.000637054443359375 8.04158878326416 0.0 1.0
0 0.1 32.7239900151928 0.0006277561187744141 8.042216539382935 0.0 1.0
0 0.1 28.503043857863506 0.0006620883941650391 8.0428786277771 0.0 1.0
0 0.1 24.826541897430772 0.009343147277832031 8.052221775054932 0.5714285714285715 1.0
0 0.1 21.624258295306348 0.0015010833740234375 8.053722858428955 0.5714285714285715 1.0
0 0.1 18.835025383479486 0.0014832019805908203 8.055206060409546 0.5714285714285715 1.0
0 0.1 16.405565284674683 0.0016829967498779297 8.056889057159424 0.5714285714285715 1.0
0 0.1 14.289472237493916 0.001603841781616211 8.05849289894104 0.5714285714285715 1.0
0 0.1 12.446326187665905 0.0016520023345947266 8.060144901275635 0.5714285714285715 1.0
0 0.1 10.840920713874212 0.007342815399169922 8.067487716674805 0.7499999999999999 1.0
0 0.1 9.44259054057033 0.0022149085998535156 8.069702625274658 0.7499999999999999 1.0
0 0.1 8.224625792416147 0.002312898635864258 8.072015523910522 0.7499999999999999 1.0
0 0.1 7.163761801874259 0.002552032470703125 8.074567556381226 0.7499999999999999 1.0
0 0.1 6.239734724625884 0.0026750564575195312 8.077242612838745 0.7499999999999999 1.0
0 0.1 5.43489447450858 0.025960922241210938 8.103203535079956 0.7272727272727272 1.0
0 0.1 4.733867584541418 0.0060999393463134766 8.10930347442627 0.7272727272727272 1.0
0 0.1 4.123263554256632 0.0067882537841796875 8.11609172821045 0.7272727272727272 1.0
0 0.1 3.591419074200402 0.054765939712524414 8.170857667922974 0.5714285714285714 1.0
0 0.1 3.128175241967003 0.1428849697113037 8.313742637634277 0.4444444444444444 1.0
0 0.1 2.7246835143108377 0.048345088958740234 8.362087726593018 0.4210526315789473 1.0
0 0.1 2.373236688776134 0.0844569206237793 8.446544647216797 0.38095238095238093 1.0
0 0.1 2.0671216863796724 0.2319779396057129 8.67852258682251 0.3333333333333333 1.0
0 0.1 1.8004913233094775 0.4664597511291504 9.14498233795166 0.32000000000000006 1.0
0 0.1 1.5682526223167341 0.5393359661102295 9.68431830406189 0.2857142857142857 1.0
0 0.1 1.3659695304072161 0.4245948791503906 10.10891318321228 0.27586206896551724 1.0
0 0.1 1.1897781846170337 0.26261472702026367 10.371527910232544 0.25806451612903225 1.0
0 0.1 1.036313107341863 0.07618093490600586 10.44770884513855 0.25806451612903225 1.0
0 0.1 0.9026429214570189 0.1666569709777832 10.614365816116333 0.24242424242424243 1.0
0 0.1 0.786214357305898 0.19599509239196777 10.8103609085083 0.2352941176470588 1.0
0 0.1 0.6848034820193963 0.06397891044616699 10.874339818954468 0.2352941176470588 1.0
0 0.1 0.5964732195846044 0.656458854675293 11.53079867362976 0.2285714285714286 1.0
0 0.1 0.5195363502423698 0.6417100429534912 12.172508716583252 0.2222222222222222 1.0
0 0.1 0.4525232824553942 2.3564488887786865 14.528957605361938 0.19999999999999998 1.0
0 0.1 0.3941539818506903 0.29172682762145996 14.820684432983398 0.19999999999999998 1.0
0 0.1 0.34331352094368267 0.47375059127807617 15.294435024261475 0.19512195121951217 1.0
0 0.1 0.2990307826127625 0.7801997661590576 16.074634790420532 0.19047619047619047 1.0
0 0.1 0.2604599105337001 0.8156206607818604 16.890255451202393 0.18604651162790697 1.0
0 0.1 0.22686415225376097 0.24231767654418945 17.132573127746582 0.18181818181818182 1.0
0 0.1 0.19760178628779224 0.1299269199371338 17.262500047683716 0.18181818181818182 1.0
0 0.1 0.17211386442601356 0.11279106140136719 17.375291109085083 0.18181818181818182 1.0
0 0.1 0.14991353511608546 1.6632657051086426 19.038556814193726 0.1739130434782609 1.0
0 0.01 28.211963230963963 0.0006241798400878906 19.039180994033813 0.0 1.0
0 0.01 24.573006681497752 0.0007550716400146484 19.039936065673828 0.0 1.0
0 0.01 21.403425646968028 0.0006330013275146484 19.040569067001343 0.0 1.0
0 0.01 18.642677119777133 0.0006189346313476562 19.04118800163269 0.0 1.0
0 0.01 16.238027310431736 0.0006098747253417969 19.041797876358032 0.0 1.0
0 0.01 14.143544365449966 0.0006260871887207031 19.042423963546753 0.0 1.0
0 0.01 12.319221010851523 0.0006098747253417969 19.043033838272095 0.0 1.0
0 0.01 10.730210362611421 0.0006153583526611328 19.043649196624756 0.0 1.0
0 0.01 9.346160307090315 0.0006122589111328125 19.04426145553589 0.0 1.0
0 0.01 8.140633737265514 0.0007510185241699219 19.04501247406006 0.0 1.0
0 0.01 7.090603570541246 0.0006990432739257812 19.045711517333984 0.0 1.0
0 0.01 6.176012902339531 0.0006859302520751953 19.04639744758606 0.0 1.0
0 0.01 5.379391893848717 0.0006480216979980469 19.047045469284058 0.0 1.0
0 0.01 4.685524076001097 0.0008039474487304688 19.047849416732788 0.0 1.0
0 0.01 4.081155695663349 0.0006268024444580078 19.048476219177246 0.0 1.0
0 0.01 3.554742552184356 0.0006277561187744141 19.04910397529602 0.0 1.0
0 0.01 3.09622948855821 0.0007519721984863281 19.049855947494507 0.0 1.0
0 0.01 2.6968583252045994 0.0007359981536865234 19.050591945648193 0.0 1.0
0 0.01 2.349000567658869 0.023526906967163086 19.074118852615356 0.5714285714285715 1.0
0 0.01 2.046011692676912 0.0011630058288574219 19.075281858444214 0.5714285714285715 1.0
0 0.01 1.7821042294352372 0.0010819435119628906 19.076363801956177 0.5714285714285715 1.0
0 0.01 1.5522372115164986 0.0008118152618408203 19.077175617218018 0.5714285714285715 1.0
0 0.01 1.3520198880735976 0.0008032321929931641 19.07797884941101 0.5714285714285715 1.0
0 0.01 1.1776278549337647 0.0008289813995361328 19.078807830810547 0.5714285714285715 1.0
0 0.01 1.0257300036406054 0.005509138107299805 19.084316968917847 0.7499999999999999 1.0
0 0.01 0.8934248930683893 0.0010809898376464844 19.085397958755493 0.7499999999999999 1.0
0 0.01 0.7781853282259436 0.0010879039764404297 19.086485862731934 0.7499999999999999 1.0
0 0.01 0.6778100876351608 0.0010497570037841797 19.087535619735718 0.7499999999999999 1.0
0 0.01 0.590381877216004 0.0009930133819580078 19.088528633117676 0.7499999999999999 1.0
0 0.01 0.5142307075440048 0.012980937957763672 19.10150957107544 0.7272727272727272 1.0
0 0.01 0.44790199493955546 0.0019221305847167969 19.103431701660156 0.7272727272727272 1.0
0 0.01 0.39012877707943217 0.04132580757141113 19.144757509231567 0.5000000000000001 1.0
0 0.01 0.33980751241358653 0.046193838119506836 19.190951347351074 0.4 1.0
0 0.01 0.2959770011254507 0.008068084716796875 19.19901943206787 0.4 1.0
0 0.01 0.2578000249994245 0.008035659790039062 19.20705509185791 0.4 1.0
0 0.01 0.22454735549379537 0.06745767593383789 19.274512767791748 0.3076923076923077 1.0
0 0.01 0.19558382455304058 0.011920928955078125 19.286433696746826 0.3076923076923077 1.0
0 0.01 0.1703561920944177 0.19441986083984375 19.48085355758667 0.26666666666666666 1.0
0 0.01 0.14838257842248037 0.06279897689819336 19.543652534484863 0.25806451612903225 1.0
0 0.01 0.12924325971726744 0.01741790771484375 19.561070442199707 0.25806451612903225 1.0
0 0.01 0.1125726507783501 0.06650185585021973 19.627572298049927 0.25 1.0
0 0.01 0.09805232188500161 0.0656428337097168 19.693215131759644 0.24242424242424243 1.0
0 0.01 0.08540491638568569 0.08639216423034668 19.77960729598999 0.2352941176470588 1.0
0 0.01 0.07438885283512764 0.017596960067749023 19.79720425605774 0.2352941176470588 1.0
0 0.01 0.06479371048308594 0.08304214477539062 19.88024640083313 0.2285714285714286 1.0
0 0.01 0.056436209971818335 0.23058199882507324 20.110828399658203 0.21621621621621623 1.0
0 0.01 0.049156712468482675 0.03213214874267578 20.14296054840088 0.21621621621621623 1.0
0 0.01 0.0428161703614703 0.19371700286865234 20.33667755126953 0.20512820512820512 1.0
0 0.01 0.03729347127511503 0.02881312370300293 20.365490674972534 0.20512820512820512 1.0
0 0.01 0.032483124670098805 0.028430938720703125 20.393921613693237 0.20512820512820512 1.0
