[216.40736058 188.4937774  164.18066384 143.00360867 124.55810333
 108.49181534  94.49785828  82.30892987  71.69220614  62.44489425
  54.39035884  47.37474809  41.26405496  35.94155748  31.30558923
  27.26759733  23.75045104  20.68696841  18.01863304  15.69447636
  13.67010404  11.906848    10.37102782   9.03330739   7.86813455
   6.85325305   5.96927734   5.19932239   4.52868107   3.94454329
   3.43575127   2.99258645   2.60658382   2.27037024   1.9775236
   1.72245016   1.5002777    1.30676244   1.138208     0.99139477
   0.86351843   0.75213639   0.65512111   0.57061946   0.49701737
   0.43290895   0.37706963   0.32843281   0.28606948   0.24917044]i=0 1 312.2098259152708 0.000701904296875 0.000701904296875 0.0 1.0 489.12615980133575 0.0 cost = 489.12615980133575, cost1=489.12615980133575

i=0 1 271.93903789811014 0.0007338523864746094 0.0014357566833496094 0.0 1.0 489.12615980133575 0.0 cost = 489.12615980133575, cost1=489.12615980133575

i=0 1 236.8626295349813 0.007565021514892578 0.009000778198242188 0.33333333333333337 1.0 445.30873787844087 0.33333333333333337 cost = 487.69371601101335, cost1=487.69371601101335

i=0 1 206.31059705097118 0.006702899932861328 0.015703678131103516 0.5714285714285715 1.0 233.17909834905416 0.5714285714285715 cost = 458.42116118357546, cost1=458.42116118357546

i=0 1 179.69935797424765 0.004280805587768555 0.01998448371887207 0.5714285714285715 1.0 200.45522881048754 0.5714285714285715 cost = 426.98563431122335, cost1=426.98563431122335

i=0 1 156.52060397255676 0.0037109851837158203 0.02369546890258789 0.5714285714285715 1.0 181.76190478860264 0.5714285714285715 cost = 396.4350983939231, cost1=396.4350983939231

i=0 1 136.33159152101595 0.0028989315032958984 0.02659440040588379 0.5714285714285715 1.0 169.9013337124149 0.5714285714285715 cost = 367.9090362046269, cost1=367.9090362046269

i=0 1 118.74668494067365 0.00783681869506836 0.03443121910095215 0.7499999999999999 1.0 141.23874356727885 0.7499999999999999 cost = 340.6651434337182, cost1=340.6651434337182

i=0 1 103.42999026917344 0.004677772521972656 0.039108991622924805 0.7499999999999999 1.0 125.76606810297874 0.7499999999999999 cost = 313.81350151986203, cost1=313.81350151986203

i=0 1 90.08893926113359 0.004218101501464844 0.04332709312438965 0.7499999999999999 1.0 116.7490625521462 0.7499999999999999 cost = 288.9193068880023, cost1=288.9193068880023

i=0 1 78.46870096453189 0.0031909942626953125 0.04651808738708496 0.7499999999999999 1.0 110.8203552631586 0.7499999999999999 cost = 266.2958361557385, cost1=266.2958361557385

i=0 1 68.34731412713553 0.003983736038208008 0.05050182342529297 0.7499999999999999 1.0 106.73591771188079 0.7499999999999999 cost = 245.9565243176541, cost1=245.9565243176541

i=0 1 59.53144745577994 0.005237102508544922 0.05573892593383789 0.6666666666666665 1.0 103.0602977903859 0.6666666666666665 cost = 227.77831593376223, cost1=227.77831593376223

i=0 1 51.85270674408604 0.0077533721923828125 0.0634922981262207 0.7272727272727272 1.0 95.35810068748023 0.7272727272727272 cost = 211.21327299685038, cost1=211.21327299685038

i=0 1 45.16441833008278 0.007998943328857422 0.07149124145507812 0.7272727272727272 1.0 87.72697205933649 0.7272727272727272 cost = 195.73209193592268, cost1=195.73209193592268

i=0 1 39.33882744370648 0.008530139923095703 0.08002138137817383 0.6153846153846154 1.0 82.25862976047272 0.6153846153846154 cost = 181.43338324680974, cost1=181.43338324680974

i=0 1 34.26465792907022 0.016052961349487305 0.09607434272766113 0.47058823529411764 1.0 76.90636310766654 0.47058823529411764 cost = 168.30015919135909, cost1=168.30015919135909

i=0 1 29.84498672911064 0.018661975860595703 0.11473631858825684 0.3636363636363636 1.0 66.9551164435531 0.3636363636363636 cost = 155.85296185338433, cost1=155.85296185338433

i=0 1 25.99539253258091 0.022390127182006836 0.13712644577026367 0.3076923076923077 1.0 57.85867617849449 0.3076923076923077 cost = 143.79201607914933, cost1=143.79201607914933

i=0 1 22.642343220204207 0.05939292907714844 0.1965193748474121 0.26666666666666666 1.0 48.225121673827616 0.26666666666666666 cost = 132.12283982210513, cost1=132.12283982210513

i=0 1 19.721791308170232 0.06802797317504883 0.26454734802246094 0.27586206896551724 1.0 39.466532070893116 0.27586206896551724 cost = 120.67758137701105, cost1=120.67758137701105

i=0 1 17.177950560167822 0.13140201568603516 0.3959493637084961 0.26666666666666666 1.0 32.302229377394106 0.26666666666666666 cost = 109.71034787235527, cost1=109.71034787235527

i=0 1 14.962230399696251 0.10134387016296387 0.49729323387145996 0.24242424242424243 1.0 25.590309764821452 0.24242424242424243 cost = 99.27085900443159, cost1=99.27085900443159

i=0 1 13.03230776858211 0.0942389965057373 0.5915322303771973 0.2222222222222222 1.0 20.312570274189138 0.2222222222222222 cost = 89.42032338692452, cost1=89.42032338692452

i=0 1 11.351318703025308 0.09271812438964844 0.6842503547668457 0.2222222222222222 1.0 16.09194369186352 0.2222222222222222 cost = 80.21553572435212, cost1=80.21553572435212

i=0 1 9.887154185253786 0.08687281608581543 0.7711231708526611 0.21621621621621623 1.0 12.751301578500444 0.21621621621621623 cost = 71.71802248969264, cost1=71.71802248969264

i=0 1 8.611846820663045 0.08572006225585938 0.8568432331085205 0.20512820512820512 1.0 10.225163625038906 0.20512820512820512 cost = 63.93694689485906, cost1=63.93694689485906

i=0 1 7.501036625197576 0.10073614120483398 0.9575793743133545 0.19999999999999998 1.0 8.026642843847618 0.19999999999999998 cost = 56.86650769532976, cost1=56.86650769532976

i=0 1 6.53350571883761 0.09476304054260254 1.052342414855957 0.20512820512820512 1.0 6.258538921855013 0.20512820512820512 cost = 50.44384711946128, cost1=50.44384711946128

i=0 1 5.69077303724795 0.11014914512634277 1.1624915599822998 0.18604651162790697 1.0 4.887332220482652 0.18604651162790697 cost = 44.65179101039322, cost1=44.65179101039322

i=0 1 4.956741320068812 0.09270405769348145 1.2551956176757812 0.1777777777777778 1.0 3.795347966947386 0.1777777777777778 cost = 39.44797683786263, cost1=39.44797683786263

i=0 1 4.317389632878279 0.1141510009765625 1.3693466186523438 0.16666666666666666 1.0 2.934366167391566 0.16666666666666666 cost = 34.79034978899071, cost1=34.79034978899071

i=0 1 3.7605055496069455 1.075336217880249 2.4446828365325928 0.1702127659574468 1.0 2.0712473603420554 0.1702127659574468 cost = 30.623377036217267, cost1=30.623377036217267

i=0 1 3.2754518797500736 0.22519898414611816 2.669881820678711 0.1702127659574468 1.0 1.578410520939471 0.1702127659574468 cost = 26.906204786574715, cost1=26.906204786574715

i=0 1 2.8529634845718124 0.0956263542175293 2.7655081748962402 0.16666666666666666 1.0 1.215789896777386 0.16666666666666666 cost = 23.614321986066642, cost1=23.614321986066642

i=0 1 2.4849703012340436 0.11548995971679688 2.880998134613037 0.163265306122449 1.0 0.9356431207654913 0.163265306122449 cost = 20.706139528742497, cost1=20.706139528742497

i=0 1 2.1644431943866964 0.17640185356140137 3.0573999881744385 0.163265306122449 1.0 0.7131028449019687 0.163265306122449 cost = 18.140713132641903, cost1=18.140713132641903

i=0 1 1.8852596907900219 0.07984399795532227 3.1372439861297607 0.163265306122449 1.0 0.5479956888100858 0.163265306122449 cost = 15.881385295773118, cost1=15.881385295773118

i=0 1 1.6420870323301746 0.07646679878234863 3.2137107849121094 0.163265306122449 1.0 0.4241102532779023 0.163265306122449 cost = 13.895033084556877, cost1=13.895033084556877

i=0 1 1.4302803135927475 0.07483100891113281 3.288541793823242 0.163265306122449 1.0 0.33099584195435283 0.163265306122449 cost = 12.15104025429367, cost1=12.15104025429367

i=0 1 1.2457937582930971 0.07386898994445801 3.3624107837677 0.163265306122449 1.0 0.2609078331656885 0.163265306122449 cost = 10.621578875793398, cost1=10.621578875793398

i=0 1 1.0851034398309916 0.389575719833374 3.751986503601074 0.1568627450980392 1.0 0.20181335485239574 0.1568627450980392 cost = 9.281154076930456, cost1=9.281154076930456

i=0 1 0.945139969834425 0.344066858291626 4.0960533618927 0.1568627450980392 1.0 0.15785717127763366 0.1568627450980392 cost = 8.107022286252883, cost1=8.107022286252883

i=0 1 0.823229868958621 0.5986537933349609 4.694707155227661 0.1568627450980392 1.0 0.12159388537665293 0.1568627450980392 cost = 7.079251192072369, cost1=7.079251192072369

i=0 1 0.7170445000483404 1.2121882438659668 5.906895399093628 0.15384615384615383 1.0 0.09184554789618563 0.15384615384615383 cost = 6.179764061242565, cost1=6.179764061242565

i=0 1 0.624555588222246 0.9646458625793457 6.871541261672974 0.1509433962264151 1.0 0.06876900691089836 0.1509433962264151 cost = 5.392919322286866, cost1=5.392919322286866

i=0 1 0.5439964782567033 0.6366000175476074 7.508141279220581 0.1509433962264151 1.0 0.0516076131011679 0.1509433962264151 cost = 4.704985470254453, cost1=4.704985470254453

i=0 1 0.4738283892360109 0.588021993637085 8.096163272857666 0.1509433962264151 1.0 0.03892968179938545 0.1509433962264151 cost = 4.103884545988002, cost1=4.103884545988002

i=0 1 0.4127110218901976 0.592383861541748 8.688547134399414 0.1481481481481481 1.0 0.02942276040905937 0.1481481481481481 cost = 3.578906408184526, cost1=3.578906408184526

i=0 1 0.3594769571833539 0.5626647472381592 9.251211881637573 0.1481481481481481 1.0 0.022102165678475543 0.1481481481481481 cost = 3.1205640219933914, cost1=3.1205640219933914

i=0 0.1 130.20161032759302 0.0006990432739257812 9.251910924911499 0.0 1.0 489.12615980133575 0.0 cost = 489.12615980133575, cost1=489.12615980133575

i=0 0.1 113.40738729625762 0.0006477832794189453 9.252558708190918 0.0 1.0 489.12615980133575 0.0 cost = 489.12615980133575, cost1=489.12615980133575

i=0 0.1 98.77938883400856 0.0006320476531982422 9.253190755844116 0.0 1.0 489.12615980133575 0.0 cost = 489.12615980133575, cost1=489.12615980133575

i=0 0.1 86.03820166433057 0.0007069110870361328 9.253897666931152 0.0 1.0 489.12615980133575 0.0 cost = 489.12615980133575, cost1=489.12615980133575

i=0 0.1 74.9404529934022 0.0007159709930419922 9.254613637924194 0.0 1.0 489.12615980133575 0.0 cost = 489.12615980133575, cost1=489.12615980133575

i=0 0.1 65.27416178184274 0.0006389617919921875 9.255252599716187 0.0 1.0 489.12615980133575 0.0 cost = 489.12615980133575, cost1=489.12615980133575

i=0 0.1 56.854689638682785 0.0006220340728759766 9.255874633789062 0.0 1.0 489.12615980133575 0.0 cost = 489.12615980133575, cost1=489.12615980133575

i=0 0.1 49.52121399451067 0.0008308887481689453 9.256705522537231 0.0 1.0 489.12615980133575 0.0 cost = 489.12615980133575, cost1=489.12615980133575

i=0 0.1 43.13365618693992 0.000698089599609375 9.25740361213684 0.0 1.0 489.12615980133575 0.0 cost = 489.12615980133575, cost1=489.12615980133575

i=0 0.1 37.570005780944214 0.0007932186126708984 9.258196830749512 0.0 1.0 489.12615980133575 0.0 cost = 489.12615980133575, cost1=489.12615980133575

i=0 0.1 32.7239900151928 0.0006651878356933594 9.258862018585205 0.0 1.0 489.12615980133575 0.0 cost = 489.12615980133575, cost1=489.12615980133575

i=0 0.1 28.503043857863506 0.0006318092346191406 9.259493827819824 0.0 1.0 489.12615980133575 0.0 cost = 489.12615980133575, cost1=489.12615980133575

i=0 0.1 24.826541897430772 0.00811910629272461 9.267612934112549 0.5714285714285715 1.0 144.09016636140936 0.5714285714285715 cost = 277.7214244932035, cost1=277.7214244932035

i=0 0.1 21.624258295306348 0.001859903335571289 9.26947283744812 0.5714285714285715 1.0 143.63035609945692 0.5714285714285715 cost = 260.4529712415122, cost1=260.4529712415122

i=0 0.1 18.835025383479486 0.0022373199462890625 9.27171015739441 0.5714285714285715 1.0 143.29137534521843 0.5714285714285715 cost = 245.36099073245404, cost1=245.36099073245404

i=0 0.1 16.405565284674683 0.001847982406616211 9.273558139801025 0.5714285714285715 1.0 143.0403460659134 0.5714285714285715 cost = 232.17804402262323, cost1=232.17804402262323

i=0 0.1 14.289472237493916 0.0018830299377441406 9.27544116973877 0.5714285714285715 1.0 142.8537598118774 0.5714285714285715 cost = 220.66760208015035, cost1=220.66760208015035

i=0 0.1 12.446326187665905 0.0018320083618164062 9.277273178100586 0.5714285714285715 1.0 142.71465165780612 0.5714285714285715 cost = 210.62106890225243, cost1=210.62106890225243

i=0 0.1 10.840920713874212 0.006864070892333984 9.28413724899292 0.7499999999999999 1.0 96.78173948112241 0.7499999999999999 cost = 177.655260725125, cost1=177.655260725125

i=0 0.1 9.44259054057033 0.002171754837036133 9.286309003829956 0.7499999999999999 1.0 96.5744553476716 0.7499999999999999 cost = 167.20932242393124, cost1=167.20932242393124

i=0 0.1 8.224625792416147 0.002694845199584961 9.289003849029541 0.7499999999999999 1.0 96.42180988417735 0.7499999999999999 cost = 158.08782597933046, cost1=158.08782597933046

i=0 0.1 7.163761801874259 0.002586841583251953 9.291590690612793 0.7499999999999999 1.0 96.3088198817175 0.7499999999999999 cost = 150.12593909555912, cost1=150.12593909555912

i=0 0.1 6.239734724625884 0.002763986587524414 9.294354677200317 0.7499999999999999 1.0 96.22483928201007 0.7499999999999999 cost = 143.17846224967425, cost1=143.17846224967425

i=0 0.1 5.43489447450858 0.012347698211669922 9.306702375411987 0.7272727272727272 1.0 72.14516749925683 0.7272727272727272 cost = 131.83569879457116, cost1=131.83569879457116

i=0 0.1 4.733867584541418 0.0058002471923828125 9.31250262260437 0.7272727272727272 1.0 71.34696775108797 0.7272727272727272 cost = 124.0798795290576, cost1=124.0798795290576

i=0 0.1 4.123263554256632 0.006052970886230469 9.3185555934906 0.7272727272727272 1.0 70.82663528206959 0.7272727272727272 cost = 117.24148909235913, cost1=117.24148909235913

i=0 0.1 3.591419074200402 0.0281982421875 9.3467538356781 0.5714285714285714 1.0 53.998409848293235 0.5714285714285714 cost = 108.2942908451978, cost1=108.2942908451978

i=0 0.1 3.128175241967003 0.06560111045837402 9.412354946136475 0.4444444444444444 1.0 38.30664440804557 0.4444444444444444 cost = 99.25403136407455, cost1=99.25403136407455

i=0 0.1 2.7246835143108377 0.03242778778076172 9.444782733917236 0.4 1.0 30.792311310715434 0.4 cost = 90.16151497915143, cost1=90.16151497915143

i=0 0.1 2.373236688776134 0.059664011001586914 9.504446744918823 0.3636363636363636 1.0 27.097795290745875 0.3636363636363636 cost = 82.19505412319344, cost1=82.19505412319344

i=0 0.1 2.0671216863796724 0.09450387954711914 9.598950624465942 0.32000000000000006 1.0 17.56680989151462 0.32000000000000006 cost = 74.1243707545912, cost1=74.1243707545912

i=0 0.1 1.8004913233094775 0.025548219680786133 9.624498844146729 0.32000000000000006 1.0 16.42005097243404 0.32000000000000006 cost = 66.74825820516068, cost1=66.74825820516068

i=0 0.1 1.5682526223167341 0.12389922142028809 9.748398065567017 0.2962962962962963 1.0 10.30239158066537 0.2962962962962963 cost = 59.34847832084073, cost1=59.34847832084073

i=0 0.1 1.3659695304072161 0.07492303848266602 9.823321104049683 0.27586206896551724 1.0 7.955400985062783 0.27586206896551724 cost = 52.81912217035243, cost1=52.81912217035243

i=0 0.1 1.1897781846170337 0.052468061447143555 9.875789165496826 0.26666666666666666 1.0 6.732911797727566 0.26666666666666666 cost = 46.943986151406484, cost1=46.943986151406484

i=0 0.1 1.036313107341863 0.10228419303894043 9.978073358535767 0.25806451612903225 1.0 5.877362985366384 0.25806451612903225 cost = 41.706975749821986, cost1=41.706975749821986

i=0 0.1 0.9026429214570189 0.1305069923400879 10.108580350875854 0.24242424242424243 1.0 3.6707774285954007 0.24242424242424243 cost = 36.53604141579002, cost1=36.53604141579002

i=0 0.1 0.786214357305898 0.07559490203857422 10.184175252914429 0.2352941176470588 1.0 2.978797671158508 0.2352941176470588 cost = 32.248816441850934, cost1=32.248816441850934

i=0 0.1 0.6848034820193963 0.20062494277954102 10.38480019569397 0.2285714285714286 1.0 2.0421835766998346 0.2285714285714286 cost = 28.336329602247584, cost1=28.336329602247584

i=0 0.1 0.5964732195846044 0.10782885551452637 10.492629051208496 0.2285714285714286 1.0 1.7398630853340264 0.2285714285714286 cost = 24.922949115578866, cost1=24.922949115578866

i=0 0.1 0.5195363502423698 0.11464500427246094 10.607274055480957 0.21621621621621623 1.0 1.4781481312638425 0.21621621621621623 cost = 21.917334728820602, cost1=21.917334728820602

i=0 0.1 0.4525232824553942 0.11577582359313965 10.723049879074097 0.20512820512820512 1.0 1.1711087739544332 0.20512820512820512 cost = 19.259897184074163, cost1=19.259897184074163

i=0 0.1 0.3941539818506903 0.20805883407592773 10.931108713150024 0.19999999999999998 1.0 0.9196441484551717 0.19999999999999998 cost = 16.909105036654623, cost1=16.909105036654623

i=0 0.1 0.34331352094368267 0.6239690780639648 11.55507779121399 0.19512195121951217 1.0 0.6831234742848067 0.19512195121951217 cost = 14.825945687766385, cost1=14.825945687766385

i=0 0.1 0.2990307826127625 0.18314123153686523 11.738219022750854 0.2105263157894737 1.0 0.4590649132062387 0.2105263157894737 cost = 12.921418741052065, cost1=12.921418741052065

i=0 0.1 0.2604599105337001 0.10547375679016113 11.843692779541016 0.19999999999999998 1.0 0.37702508086148817 0.19999999999999998 cost = 11.308594819378238, cost1=11.308594819378238

i=0 0.1 0.22686415225376097 0.09561491012573242 11.939307689666748 0.19999999999999998 1.0 0.3155517198434123 0.19999999999999998 cost = 9.894267887951731, cost1=9.894267887951731

i=0 0.1 0.19760178628779224 0.10431575775146484 12.043623447418213 0.19512195121951217 1.0 0.2636946857530462 0.19512195121951217 cost = 8.655483283825808, cost1=8.655483283825808

i=0 0.1 0.17211386442601356 0.16769719123840332 12.211320638656616 0.18604651162790697 1.0 0.21112632687019106 0.18604651162790697 cost = 7.569554167462771, cost1=7.569554167462771

i=0 0.1 0.14991353511608546 0.30175304412841797 12.513073682785034 0.18181818181818182 1.0 0.13663611725098862 0.18181818181818182 cost = 6.615042065918682, cost1=6.615042065918682

i=0 0.01 28.211963230963963 0.0006389617919921875 12.513712644577026 0.0 1.0 489.12615980133575 0.0 cost = 489.12615980133575, cost1=489.12615980133575

i=0 0.01 24.573006681497752 0.0006330013275146484 12.514345645904541 0.0 1.0 489.12615980133575 0.0 cost = 489.12615980133575, cost1=489.12615980133575

i=0 0.01 21.403425646968028 0.0006291866302490234 12.51497483253479 0.0 1.0 489.12615980133575 0.0 cost = 489.12615980133575, cost1=489.12615980133575

i=0 0.01 18.642677119777133 0.0006208419799804688 12.51559567451477 0.0 1.0 489.12615980133575 0.0 cost = 489.12615980133575, cost1=489.12615980133575

i=0 0.01 16.238027310431736 0.0006361007690429688 12.516231775283813 0.0 1.0 489.12615980133575 0.0 cost = 489.12615980133575, cost1=489.12615980133575

i=0 0.01 14.143544365449966 0.0006568431854248047 12.516888618469238 0.0 1.0 489.12615980133575 0.0 cost = 489.12615980133575, cost1=489.12615980133575

i=0 0.01 12.319221010851523 0.0006439685821533203 12.517532587051392 0.0 1.0 489.12615980133575 0.0 cost = 489.12615980133575, cost1=489.12615980133575

i=0 0.01 10.730210362611421 0.0006279945373535156 12.518160581588745 0.0 1.0 489.12615980133575 0.0 cost = 489.12615980133575, cost1=489.12615980133575

i=0 0.01 9.346160307090315 0.0006930828094482422 12.518853664398193 0.0 1.0 489.12615980133575 0.0 cost = 489.12615980133575, cost1=489.12615980133575

i=0 0.01 8.140633737265514 0.0006458759307861328 12.51949954032898 0.0 1.0 489.12615980133575 0.0 cost = 489.12615980133575, cost1=489.12615980133575

i=0 0.01 7.090603570541246 0.0006549358367919922 12.520154476165771 0.0 1.0 489.12615980133575 0.0 cost = 489.12615980133575, cost1=489.12615980133575

i=0 0.01 6.176012902339531 0.0006515979766845703 12.520806074142456 0.0 1.0 489.12615980133575 0.0 cost = 489.12615980133575, cost1=489.12615980133575

i=0 0.01 5.379391893848717 0.0006489753723144531 12.52145504951477 0.0 1.0 489.12615980133575 0.0 cost = 489.12615980133575, cost1=489.12615980133575

i=0 0.01 4.685524076001097 0.0006198883056640625 12.522074937820435 0.0 1.0 489.12615980133575 0.0 cost = 489.12615980133575, cost1=489.12615980133575

i=0 0.01 4.081155695663349 0.0006263256072998047 12.522701263427734 0.0 1.0 489.12615980133575 0.0 cost = 489.12615980133575, cost1=489.12615980133575

i=0 0.01 3.554742552184356 0.0008299350738525391 12.523531198501587 0.0 1.0 489.12615980133575 0.0 cost = 489.12615980133575, cost1=489.12615980133575

i=0 0.01 3.09622948855821 0.0006690025329589844 12.524200201034546 0.0 1.0 489.12615980133575 0.0 cost = 489.12615980133575, cost1=489.12615980133575

i=0 0.01 2.6968583252045994 0.0006649494171142578 12.52486515045166 0.0 1.0 489.12615980133575 0.0 cost = 489.12615980133575, cost1=489.12615980133575

i=0 0.01 2.349000567658869 0.006761789321899414 12.53162693977356 0.5714285714285715 1.0 142.31145575569354 0.5714285714285715 cost = 165.79152937619358, cost1=165.79152937619358

i=0 0.01 2.046011692676912 0.0014369487762451172 12.533063888549805 0.5714285714285715 1.0 142.30758675292003 0.5714285714285715 cost = 162.76265486075818, cost1=162.76265486075818

i=0 0.01 1.7821042294352372 0.0013701915740966797 12.534434080123901 0.5714285714285715 1.0 142.3046586495472 0.5714285714285715 cost = 160.1240294960901, cost1=160.1240294960901

i=0 0.01 1.5522372115164986 0.0013439655303955078 12.535778045654297 0.5714285714285715 1.0 142.30244199231785 0.5714285714285715 cost = 157.82542202889616, cost1=157.82542202889616

i=0 0.01 1.3520198880735976 0.00144195556640625 12.537220001220703 0.5714285714285715 1.0 142.30076344461085 0.5714285714285715 cost = 155.82305461755158, cost1=155.82305461755158

i=0 0.01 1.1776278549337647 0.0017271041870117188 12.538947105407715 0.5714285714285715 1.0 142.29949206430277 0.5714285714285715 cost = 154.07877673009526, cost1=154.07877673009526

i=0 0.01 1.0257300036406054 0.005441904067993164 12.544389009475708 0.7499999999999999 1.0 95.98094329154286 0.7499999999999999 cost = 110.61502901685998, cost1=110.61502901685998

i=0 0.01 0.8934248930683893 0.0019745826721191406 12.546363592147827 0.7499999999999999 1.0 95.97908412539185 0.7499999999999999 cost = 108.72730432653094, cost1=108.72730432653094

i=0 0.01 0.7781853282259436 0.002293825149536133 12.548657417297363 0.7499999999999999 1.0 95.97767739321992 0.7499999999999999 cost = 107.08286165368807, cost1=107.08286165368807

i=0 0.01 0.6778100876351608 0.002665996551513672 12.551323413848877 0.7499999999999999 1.0 95.97661255429898 0.7499999999999999 cost = 105.65037167646773, cost1=105.65037167646773

i=0 0.01 0.590381877216004 0.002547025680541992 12.553870439529419 0.7499999999999999 1.0 95.97580627450131 0.7499999999999999 cost = 104.4025337531263, cost1=104.4025337531263

i=0 0.01 0.5142307075440048 0.00843501091003418 12.562305450439453 0.7272727272727272 1.0 69.59089739841704 0.7272727272727272 cost = 82.22434588544758, cost1=82.22434588544758

i=0 0.01 0.44790199493955546 0.0036499500274658203 12.565955400466919 0.7272727272727272 1.0 69.58496769792431 0.7272727272727272 cost = 80.59439469028024, cost1=80.59439469028024

i=0 0.01 0.39012877707943217 0.024695158004760742 12.59065055847168 0.5000000000000001 1.0 43.455999095546 0.5000000000000001 cost = 59.90272283296309, cost1=59.90272283296309

i=0 0.01 0.33980751241358653 0.028181076049804688 12.618831634521484 0.4 1.0 24.921851592903824 0.4 cost = 43.81190247446645, cost1=43.81190247446645

i=0 0.01 0.2959770011254507 0.008265018463134766 12.62709665298462 0.4 1.0 24.90064007961418 0.4 cost = 41.373875237770434, cost1=41.373875237770434

i=0 0.01 0.2578000249994245 0.009424924850463867 12.636521577835083 0.4 1.0 24.88501300732804 0.4 cost = 39.2479721399946, cost1=39.2479721399946

i=0 0.01 0.22454735549379537 0.04572892189025879 12.682250499725342 0.2857142857142857 1.0 11.707003985496888 0.2857142857142857 cost = 29.163341325167487, cost1=29.163341325167487

i=0 0.01 0.19558382455304058 0.016869783401489258 12.699120283126831 0.2857142857142857 1.0 11.677683931324067 0.2857142857142857 cost = 26.90967854375428, cost1=26.90967854375428

i=0 0.01 0.1703561920944177 0.04417896270751953 12.74329924583435 0.25 1.0 6.264733423005551 0.25 cost = 21.54838925560097, cost1=21.54838925560097

i=0 0.01 0.14838257842248037 0.017390012741088867 12.76068925857544 0.25 1.0 6.243763051036282 0.25 cost = 19.575556016490598, cost1=19.575556016490598

i=0 0.01 0.12924325971726744 0.05545496940612793 12.816144227981567 0.2352941176470588 1.0 3.5613390758331684 0.2352941176470588 cost = 15.932386707344158, cost1=15.932386707344158

i=0 0.01 0.1125726507783501 0.046002864837646484 12.862147092819214 0.2222222222222222 1.0 2.0159127740428473 0.2222222222222222 cost = 13.389835725420566, cost1=13.389835725420566

i=0 0.01 0.09805232188500161 0.1182410717010498 12.980388164520264 0.2222222222222222 1.0 1.5728620552673913 0.2222222222222222 cost = 11.575075759057162, cost1=11.575075759057162

i=0 0.01 0.08540491638568569 0.0707709789276123 13.051159143447876 0.21621621621621623 1.0 0.7478131877816306 0.21621621621621623 cost = 9.751341978982444, cost1=9.751341978982444

i=0 0.01 0.07438885283512764 0.020367145538330078 13.071526288986206 0.21621621621621623 1.0 0.7394359512391394 0.21621621621621623 cost = 8.589430823057072, cost1=8.589430823057072

i=0 0.01 0.06479371048308594 0.020866870880126953 13.092393159866333 0.21621621621621623 1.0 0.7331843758498384 0.21621621621621623 cost = 7.5764568916052895, cost1=7.5764568916052895

i=0 0.01 0.056436209971818335 0.05945301055908203 13.151846170425415 0.2105263157894737 1.0 0.5355424190437761 0.2105263157894737 cost = 6.615188996147061, cost1=6.615188996147061

i=0 0.01 0.049156712468482675 0.06582498550415039 13.217671155929565 0.20512820512820512 1.0 0.3140004203017403 0.20512820512820512 cost = 5.71442930275722, cost1=5.71442930275722

i=0 0.01 0.0428161703614703 0.03215599060058594 13.249827146530151 0.20512820512820512 1.0 0.3100900615708994 0.20512820512820512 cost = 5.017577263975502, cost1=5.017577263975502

i=0 0.01 0.03729347127511503 0.03204011917114258 13.281867265701294 0.20512820512820512 1.0 0.3071806206121879 0.20512820512820512 cost = 4.410174594737186, cost1=4.410174594737186

i=0 0.01 0.032483124670098805 0.06115412712097168 13.343021392822266 0.19999999999999998 1.0 0.2526391460100501 0.19999999999999998 cost = 3.8685875267196437, cost1=3.8685875267196437

