[216.40736058 188.4937774  164.18066384 143.00360867 124.55810333
 108.49181534  94.49785828  82.30892987  71.69220614  62.44489425
  54.39035884  47.37474809  41.26405496  35.94155748  31.30558923
  27.26759733  23.75045104  20.68696841  18.01863304  15.69447636
  13.67010404  11.906848    10.37102782   9.03330739   7.86813455
   6.85325305   5.96927734   5.19932239   4.52868107   3.94454329
   3.43575127   2.99258645   2.60658382   2.27037024   1.9775236
   1.72245016   1.5002777    1.30676244   1.138208     0.99139477
   0.86351843   0.75213639   0.65512111   0.57061946   0.49701737
   0.43290895   0.37706963   0.32843281   0.28606948   0.24917044]i=0 1 312.2098259152708 0.0006759166717529297 0.0006759166717529297 0.0 1.0 489.12615980133575 0.0 cost = 489.12615980133575, cost1=489.12615980133575

i=0 1 271.93903789811014 0.0006959438323974609 0.0013718605041503906 0.0 1.0 489.12615980133575 0.0 cost = 489.12615980133575, cost1=489.12615980133575

i=0 1 236.8626295349813 0.009243011474609375 0.010614871978759766 0.33333333333333337 1.0 445.30861840434517 0.33333333333333337 cost = 487.6937160109922, cost1=487.6937160109922

i=0 1 206.31059705097118 0.007554054260253906 0.018168926239013672 0.5714285714285715 1.0 233.17898335582993 0.5714285714285715 cost = 458.4211611835477, cost1=458.4211611835477

i=0 1 179.69935797424765 0.0047991275787353516 0.022968053817749023 0.5714285714285715 1.0 200.455188574138 0.5714285714285715 cost = 426.98563431121624, cost1=426.98563431121624

i=0 1 156.52060397255676 0.004168272018432617 0.02713632583618164 0.5714285714285715 1.0 181.76186458125682 0.5714285714285715 cost = 396.4350983939122, cost1=396.4350983939122

i=0 1 136.33159152101595 0.00413823127746582 0.03127455711364746 0.5714285714285715 1.0 169.90128311044535 0.5714285714285715 cost = 367.9090362046013, cost1=367.9090362046013

i=0 1 118.74668494067365 0.008624076843261719 0.03989863395690918 0.7499999999999999 1.0 141.2386525085943 0.7499999999999999 cost = 340.66514343366384, cost1=340.66514343366384

i=0 1 103.42999026917344 0.0049817562103271484 0.04488039016723633 0.7499999999999999 1.0 125.7660446881701 0.7499999999999999 cost = 313.81350151984793, cost1=313.81350151984793

i=0 1 90.08893926113359 0.004804849624633789 0.04968523979187012 0.7499999999999999 1.0 116.74904931859551 0.7499999999999999 cost = 288.9193068879932, cost1=288.9193068879932

i=0 1 78.46870096453189 0.0037932395935058594 0.05347847938537598 0.7499999999999999 1.0 110.8203622699289 0.7499999999999999 cost = 266.2958361557186, cost1=266.2958361557186

i=0 1 68.34731412713553 0.0047261714935302734 0.05820465087890625 0.7499999999999999 1.0 106.73592668154447 0.7499999999999999 cost = 245.95652431763705, cost1=245.95652431763705

i=0 1 59.53144745577994 0.006311893463134766 0.06451654434204102 0.6666666666666665 1.0 103.0602898017929 0.6666666666666665 cost = 227.77831593375808, cost1=227.77831593375808

i=0 1 51.85270674408604 0.008373022079467773 0.07288956642150879 0.7272727272727272 1.0 95.35814796582183 0.7272727272727272 cost = 211.21327299680712, cost1=211.21327299680712

i=0 1 45.16441833008278 0.009545326232910156 0.08243489265441895 0.7272727272727272 1.0 87.7269661160151 0.7272727272727272 cost = 195.73209193588792, cost1=195.73209193588792

i=0 1 39.33882744370648 0.009652853012084961 0.0920877456665039 0.6153846153846154 1.0 82.2585937553781 0.6153846153846154 cost = 181.43338324668065, cost1=181.43338324668065

i=0 1 34.26465792907022 0.018503189086914062 0.11059093475341797 0.47058823529411764 1.0 76.90637518581269 0.47058823529411764 cost = 168.30015919129372, cost1=168.30015919129372

i=0 1 29.84498672911064 0.021793127059936523 0.1323840618133545 0.3636363636363636 1.0 66.95511290558036 0.3636363636363636 cost = 155.85296185320823, cost1=155.85296185320823

i=0 1 25.99539253258091 0.02864694595336914 0.16103100776672363 0.3076923076923077 1.0 57.85869009031442 0.3076923076923077 cost = 143.7920160786631, cost1=143.7920160786631

i=0 1 22.642343220204207 0.0743401050567627 0.23537111282348633 0.26666666666666666 1.0 48.225018868502424 0.26666666666666666 cost = 132.1228398213702, cost1=132.1228398213702

i=0 1 19.721791308170232 0.08581304550170898 0.3211841583251953 0.27586206896551724 1.0 39.466367303026885 0.27586206896551724 cost = 120.6775813747245, cost1=120.6775813747245

i=0 1 17.177950560167822 0.1506059169769287 0.471790075302124 0.26666666666666666 1.0 32.30209425568689 0.26666666666666666 cost = 109.71034787109062, cost1=109.71034787109062

i=0 1 14.962230399696251 0.11948490142822266 0.5912749767303467 0.24242424242424243 1.0 25.590213914715353 0.24242424242424243 cost = 99.27085900360963, cost1=99.27085900360963

i=0 1 13.03230776858211 0.10527205467224121 0.6965470314025879 0.2222222222222222 1.0 20.312538251456285 0.2222222222222222 cost = 89.42032338619826, cost1=89.42032338619826

i=0 1 11.351318703025308 0.11289405822753906 0.809441089630127 0.2222222222222222 1.0 16.091876729455162 0.2222222222222222 cost = 80.2155357230252, cost1=80.2155357230252

i=0 1 9.887154185253786 0.10188174247741699 0.911322832107544 0.21621621621621623 1.0 12.751280057718056 0.21621621621621623 cost = 71.7180224891412, cost1=71.7180224891412

i=0 1 8.611846820663045 0.1009988784790039 1.0123217105865479 0.20512820512820512 1.0 10.2251611228482 0.20512820512820512 cost = 63.93694689427834, cost1=63.93694689427834

i=0 1 7.501036625197576 0.12415218353271484 1.1364738941192627 0.19999999999999998 1.0 8.02662079216731 0.19999999999999998 cost = 56.866507694392894, cost1=56.866507694392894

i=0 1 6.53350571883761 0.10803771018981934 1.244511604309082 0.20512820512820512 1.0 6.258523238305562 0.20512820512820512 cost = 50.44384711879008, cost1=50.44384711879008

i=0 1 5.69077303724795 0.13065600395202637 1.3751676082611084 0.18604651162790697 1.0 4.8873112065364435 0.18604651162790697 cost = 44.651791008774886, cost1=44.651791008774886

i=0 1 4.956741320068812 0.1156010627746582 1.4907686710357666 0.1777777777777778 1.0 3.79533566498478 0.1777777777777778 cost = 39.4479768363786, cost1=39.4479768363786

i=0 1 4.317389632878279 0.14729785919189453 1.6380665302276611 0.16666666666666666 1.0 2.934340367879072 0.16666666666666666 cost = 34.79034978632951, cost1=34.79034978632951

i=0 1 3.7605055496069455 1.1990900039672852 2.8371565341949463 0.1702127659574468 1.0 2.071191808237718 0.1702127659574468 cost = 30.623377025608328, cost1=30.623377025608328

i=0 1 3.2754518797500736 0.26598405838012695 3.1031405925750732 0.1702127659574468 1.0 1.5783956907445336 0.1702127659574468 cost = 26.906204783667285, cost1=26.906204783667285

i=0 1 2.8529634845718124 0.13789987564086914 3.2410404682159424 0.16666666666666666 1.0 1.215787959163506 0.16666666666666666 cost = 23.614321984225764, cost1=23.614321984225764

i=0 1 2.4849703012340436 0.15958714485168457 3.400627613067627 0.163265306122449 1.0 0.9356492648821872 0.163265306122449 cost = 20.706139527113255, cost1=20.706139527113255

i=0 1 2.1644431943866964 0.21076393127441406 3.611391544342041 0.163265306122449 1.0 0.7130952324709908 0.163265306122449 cost = 18.140713130870697, cost1=18.140713130870697

i=0 1 1.8852596907900219 0.1083822250366211 3.719773769378662 0.163265306122449 1.0 0.5479850358154483 0.163265306122449 cost = 15.881385293511297, cost1=15.881385293511297

i=0 1 1.6420870323301746 0.10038495063781738 3.8201587200164795 0.163265306122449 1.0 0.42410388267787696 0.163265306122449 cost = 13.895033082969698, cost1=13.895033082969698

i=0 1 1.4302803135927475 0.09758591651916504 3.9177446365356445 0.163265306122449 1.0 0.3309915733160053 0.163265306122449 cost = 12.151040252700934, cost1=12.151040252700934

i=0 1 1.2457937582930971 0.09823489189147949 4.015979528427124 0.163265306122449 1.0 0.26090508565857007 0.163265306122449 cost = 10.621578874242044, cost1=10.621578874242044

i=0 1 1.0851034398309916 0.512563943862915 4.528543472290039 0.1568627450980392 1.0 0.20179233617967376 0.1568627450980392 cost = 9.28115407022742, cost1=9.28115407022742

i=0 1 0.945139969834425 0.46566295623779297 4.994206428527832 0.1568627450980392 1.0 0.15783704358869946 0.1568627450980392 cost = 8.107022278236933, cost1=8.107022278236933

i=0 1 0.823229868958621 0.7030777931213379 5.69728422164917 0.1568627450980392 1.0 0.12158298004697628 0.1568627450980392 cost = 7.079251188141402, cost1=7.079251188141402

i=0 1 0.7170445000483404 1.429318904876709 7.126603126525879 0.15384615384615383 1.0 0.09182636464783243 0.15384615384615383 cost = 6.179764044098535, cost1=6.179764044098535

i=0 1 0.624555588222246 1.4117770195007324 8.538380146026611 0.1509433962264151 1.0 0.0687472714958704 0.1509433962264151 cost = 5.392919292768389, cost1=5.392919292768389

i=0 1 0.5439964782567033 0.9566900730133057 9.495070219039917 0.1509433962264151 1.0 0.05159198054343753 0.1509433962264151 cost = 4.704985443346062, cost1=4.704985443346062

i=0 1 0.4738283892360109 0.8609857559204102 10.356055974960327 0.1509433962264151 1.0 0.03891788551801193 0.1509433962264151 cost = 4.103884520457264, cost1=4.103884520457264

i=0 1 0.4127110218901976 0.8817951679229736 11.2378511428833 0.1481481481481481 1.0 0.02941043221965706 0.1481481481481481 cost = 3.578906383739373, cost1=3.578906383739373

i=0 1 0.3594769571833539 0.8614170551300049 12.099268198013306 0.1481481481481481 1.0 0.02209259269487388 0.1481481481481481 cost = 3.120563998696904, cost1=3.120563998696904

i=0 0.1 130.20161032759302 0.0006430149078369141 12.099911212921143 0.0 1.0 489.12615980133575 0.0 cost = 489.12615980133575, cost1=489.12615980133575

i=0 0.1 113.40738729625762 0.000640869140625 12.100552082061768 0.0 1.0 489.12615980133575 0.0 cost = 489.12615980133575, cost1=489.12615980133575

i=0 0.1 98.77938883400856 0.0008459091186523438 12.10139799118042 0.0 1.0 489.12615980133575 0.0 cost = 489.12615980133575, cost1=489.12615980133575

i=0 0.1 86.03820166433057 0.0006749629974365234 12.102072954177856 0.0 1.0 489.12615980133575 0.0 cost = 489.12615980133575, cost1=489.12615980133575

i=0 0.1 74.9404529934022 0.0006711483001708984 12.102744102478027 0.0 1.0 489.12615980133575 0.0 cost = 489.12615980133575, cost1=489.12615980133575

i=0 0.1 65.27416178184274 0.0007002353668212891 12.103444337844849 0.0 1.0 489.12615980133575 0.0 cost = 489.12615980133575, cost1=489.12615980133575

i=0 0.1 56.854689638682785 0.0006392002105712891 12.10408353805542 0.0 1.0 489.12615980133575 0.0 cost = 489.12615980133575, cost1=489.12615980133575

i=0 0.1 49.52121399451067 0.0006611347198486328 12.104744672775269 0.0 1.0 489.12615980133575 0.0 cost = 489.12615980133575, cost1=489.12615980133575

i=0 0.1 43.13365618693992 0.0008130073547363281 12.105557680130005 0.0 1.0 489.12615980133575 0.0 cost = 489.12615980133575, cost1=489.12615980133575

i=0 0.1 37.570005780944214 0.0006549358367919922 12.106212615966797 0.0 1.0 489.12615980133575 0.0 cost = 489.12615980133575, cost1=489.12615980133575

i=0 0.1 32.7239900151928 0.0006411075592041016 12.106853723526001 0.0 1.0 489.12615980133575 0.0 cost = 489.12615980133575, cost1=489.12615980133575

i=0 0.1 28.503043857863506 0.0007028579711914062 12.107556581497192 0.0 1.0 489.12615980133575 0.0 cost = 489.12615980133575, cost1=489.12615980133575

i=0 0.1 24.826541897430772 0.007817983627319336 12.115374565124512 0.5714285714285715 1.0 144.09016336628784 0.5714285714285715 cost = 277.72142449320137, cost1=277.72142449320137

i=0 0.1 21.624258295306348 0.002020120620727539 12.11739468574524 0.5714285714285715 1.0 143.63035124705252 0.5714285714285715 cost = 260.45297124150477, cost1=260.45297124150477

i=0 0.1 18.835025383479486 0.0019850730895996094 12.119379758834839 0.5714285714285715 1.0 143.2913729298837 0.5714285714285715 cost = 245.36099073245157, cost1=245.36099073245157

i=0 0.1 16.405565284674683 0.002166748046875 12.121546506881714 0.5714285714285715 1.0 143.04034481992707 0.5714285714285715 cost = 232.17804402262226, cost1=232.17804402262226

i=0 0.1 14.289472237493916 0.0022420883178710938 12.123788595199585 0.5714285714285715 1.0 142.85375914762872 0.5714285714285715 cost = 220.66760208015, cost1=220.66760208015

i=0 0.1 12.446326187665905 0.0019850730895996094 12.125773668289185 0.5714285714285715 1.0 142.71464834924151 0.5714285714285715 cost = 210.6210689022413, cost1=210.6210689022413

i=0 0.1 10.840920713874212 0.0077741146087646484 12.13354778289795 0.7499999999999999 1.0 96.78173407142748 0.7499999999999999 cost = 177.65526072506714, cost1=177.65526072506714

i=0 0.1 9.44259054057033 0.0023849010467529297 12.135932683944702 0.7499999999999999 1.0 96.57445613216083 0.7499999999999999 cost = 167.20932242392848, cost1=167.20932242392848

i=0 0.1 8.224625792416147 0.0028679370880126953 12.138800621032715 0.7499999999999999 1.0 96.42181298173129 0.7499999999999999 cost = 158.08782597927717, cost1=158.08782597927717

i=0 0.1 7.163761801874259 0.003072977066040039 12.141873598098755 0.7499999999999999 1.0 96.30882175354982 0.7499999999999999 cost = 150.12593909552777, cost1=150.12593909552777

i=0 0.1 6.239734724625884 0.0032410621643066406 12.145114660263062 0.7499999999999999 1.0 96.22484026787676 0.7499999999999999 cost = 143.17846224965623, cost1=143.17846224965623

i=0 0.1 5.43489447450858 0.0130157470703125 12.158130407333374 0.7272727272727272 1.0 72.14517731936925 0.7272727272727272 cost = 131.83569879453856, cost1=131.83569879453856

i=0 0.1 4.733867584541418 0.006696224212646484 12.16482663154602 0.7272727272727272 1.0 71.34695548075855 0.7272727272727272 cost = 124.0798795290302, cost1=124.0798795290302

i=0 0.1 4.123263554256632 0.006443977355957031 12.171270608901978 0.7272727272727272 1.0 70.82663160377969 0.7272727272727272 cost = 117.24148909234799, cost1=117.24148909234799

i=0 0.1 3.591419074200402 0.030666112899780273 12.201936721801758 0.5714285714285714 1.0 53.9983918890752 0.5714285714285714 cost = 108.29429084515017, cost1=108.29429084515017

i=0 0.1 3.128175241967003 0.06959271430969238 12.27152943611145 0.4444444444444444 1.0 38.30659524983413 0.4444444444444444 cost = 99.25403136387663, cost1=99.25403136387663

i=0 0.1 2.7246835143108377 0.066558837890625 12.338088274002075 0.4 1.0 30.792280342623677 0.4 cost = 90.161514978929, cost1=90.161514978929

i=0 0.1 2.373236688776134 0.06490802764892578 12.402996301651001 0.3636363636363636 1.0 27.097800016030757 0.3636363636363636 cost = 82.1950541228357, cost1=82.1950541228357

i=0 0.1 2.0671216863796724 0.10058712959289551 12.503583431243896 0.32000000000000006 1.0 17.566806769200735 0.32000000000000006 cost = 74.12437075389077, cost1=74.12437075389077

i=0 0.1 1.8004913233094775 0.03149986267089844 12.535083293914795 0.32000000000000006 1.0 16.420046088150187 0.32000000000000006 cost = 66.74825820479282, cost1=66.74825820479282

i=0 0.1 1.5682526223167341 0.13051605224609375 12.665599346160889 0.2962962962962963 1.0 10.302339358240982 0.2962962962962963 cost = 59.348478320288336, cost1=59.348478320288336

i=0 0.1 1.3659695304072161 0.0877532958984375 12.753352642059326 0.27586206896551724 1.0 7.955432689541839 0.27586206896551724 cost = 52.81912216943962, cost1=52.81912216943962

i=0 0.1 1.1897781846170337 0.06038093566894531 12.813733577728271 0.26666666666666666 1.0 6.732912311752612 0.26666666666666666 cost = 46.94398615067297, cost1=46.94398615067297

i=0 0.1 1.036313107341863 0.11620903015136719 12.929942607879639 0.25806451612903225 1.0 5.8773010274844735 0.25806451612903225 cost = 41.70697574873416, cost1=41.70697574873416

i=0 0.1 0.9026429214570189 0.13694190979003906 13.066884517669678 0.24242424242424243 1.0 3.670790252407018 0.24242424242424243 cost = 36.53604141519912, cost1=36.53604141519912

i=0 0.1 0.786214357305898 0.08551907539367676 13.152403593063354 0.2352941176470588 1.0 2.978760447332032 0.2352941176470588 cost = 32.24881644087243, cost1=32.24881644087243

i=0 0.1 0.6848034820193963 0.23543214797973633 13.38783574104309 0.2285714285714286 1.0 2.042118798373956 0.2285714285714286 cost = 28.336329599441484, cost1=28.336329599441484

i=0 0.1 0.5964732195846044 0.10132503509521484 13.489160776138306 0.2285714285714286 1.0 1.7398478825370536 0.2285714285714286 cost = 24.92294911448477, cost1=24.92294911448477

i=0 0.1 0.5195363502423698 0.12987184524536133 13.619032621383667 0.21621621621621623 1.0 1.478111212349252 0.21621621621621623 cost = 21.917334727285613, cost1=21.917334727285613

i=0 0.1 0.4525232824553942 0.14055800437927246 13.75959062576294 0.20512820512820512 1.0 1.171104204276889 0.20512820512820512 cost = 19.259897182612242, cost1=19.259897182612242

i=0 0.1 0.3941539818506903 0.25014209747314453 14.009732723236084 0.19999999999999998 1.0 0.9196278690036012 0.19999999999999998 cost = 16.909105034225963, cost1=16.909105034225963

i=0 0.1 0.34331352094368267 0.6959202289581299 14.705652952194214 0.19512195121951217 1.0 0.683018221708186 0.19512195121951217 cost = 14.825945677969129, cost1=14.825945677969129

i=0 0.1 0.2990307826127625 0.20580577850341797 14.911458730697632 0.2105263157894737 1.0 0.4590611348016712 0.2105263157894737 cost = 12.92141873898682, cost1=12.92141873898682

i=0 0.1 0.2604599105337001 0.12709784507751465 15.038556575775146 0.19999999999999998 1.0 0.37701828513865504 0.19999999999999998 cost = 11.30859481673185, cost1=11.30859481673185

i=0 0.1 0.22686415225376097 0.1144709587097168 15.153027534484863 0.19999999999999998 1.0 0.31554853771202157 0.19999999999999998 cost = 9.89426788572414, cost1=9.89426788572414

i=0 0.1 0.19760178628779224 0.12958407402038574 15.282611608505249 0.19512195121951217 1.0 0.2636783526798781 0.19512195121951217 cost = 8.655483282794245, cost1=8.655483282794245

i=0 0.1 0.17211386442601356 0.22854208946228027 15.51115369796753 0.18604651162790697 1.0 0.21109566051845166 0.18604651162790697 cost = 7.569554161378059, cost1=7.569554161378059

i=0 0.1 0.14991353511608546 0.3545989990234375 15.865752696990967 0.18181818181818182 1.0 0.1366049543267212 0.18181818181818182 cost = 6.61504206212514, cost1=6.61504206212514

i=0 0.01 28.211963230963963 0.0006890296936035156 15.86644172668457 0.0 1.0 489.12615980133575 0.0 cost = 489.12615980133575, cost1=489.12615980133575

i=0 0.01 24.573006681497752 0.0006439685821533203 15.867085695266724 0.0 1.0 489.12615980133575 0.0 cost = 489.12615980133575, cost1=489.12615980133575

i=0 0.01 21.403425646968028 0.0006561279296875 15.867741823196411 0.0 1.0 489.12615980133575 0.0 cost = 489.12615980133575, cost1=489.12615980133575

i=0 0.01 18.642677119777133 0.0007359981536865234 15.868477821350098 0.0 1.0 489.12615980133575 0.0 cost = 489.12615980133575, cost1=489.12615980133575

i=0 0.01 16.238027310431736 0.0006699562072753906 15.869147777557373 0.0 1.0 489.12615980133575 0.0 cost = 489.12615980133575, cost1=489.12615980133575

i=0 0.01 14.143544365449966 0.0006611347198486328 15.869808912277222 0.0 1.0 489.12615980133575 0.0 cost = 489.12615980133575, cost1=489.12615980133575

i=0 0.01 12.319221010851523 0.000659942626953125 15.870468854904175 0.0 1.0 489.12615980133575 0.0 cost = 489.12615980133575, cost1=489.12615980133575

i=0 0.01 10.730210362611421 0.0007798671722412109 15.871248722076416 0.0 1.0 489.12615980133575 0.0 cost = 489.12615980133575, cost1=489.12615980133575

i=0 0.01 9.346160307090315 0.0006620883941650391 15.871910810470581 0.0 1.0 489.12615980133575 0.0 cost = 489.12615980133575, cost1=489.12615980133575

i=0 0.01 8.140633737265514 0.0006780624389648438 15.872588872909546 0.0 1.0 489.12615980133575 0.0 cost = 489.12615980133575, cost1=489.12615980133575

i=0 0.01 7.090603570541246 0.0006568431854248047 15.87324571609497 0.0 1.0 489.12615980133575 0.0 cost = 489.12615980133575, cost1=489.12615980133575

i=0 0.01 6.176012902339531 0.0006439685821533203 15.873889684677124 0.0 1.0 489.12615980133575 0.0 cost = 489.12615980133575, cost1=489.12615980133575

i=0 0.01 5.379391893848717 0.0006279945373535156 15.874517679214478 0.0 1.0 489.12615980133575 0.0 cost = 489.12615980133575, cost1=489.12615980133575

i=0 0.01 4.685524076001097 0.0006680488586425781 15.87518572807312 0.0 1.0 489.12615980133575 0.0 cost = 489.12615980133575, cost1=489.12615980133575

i=0 0.01 4.081155695663349 0.0006451606750488281 15.875830888748169 0.0 1.0 489.12615980133575 0.0 cost = 489.12615980133575, cost1=489.12615980133575

i=0 0.01 3.554742552184356 0.0006692409515380859 15.876500129699707 0.0 1.0 489.12615980133575 0.0 cost = 489.12615980133575, cost1=489.12615980133575

i=0 0.01 3.09622948855821 0.0006330013275146484 15.877133131027222 0.0 1.0 489.12615980133575 0.0 cost = 489.12615980133575, cost1=489.12615980133575

i=0 0.01 2.6968583252045994 0.0006878376007080078 15.87782096862793 0.0 1.0 489.12615980133575 0.0 cost = 489.12615980133575, cost1=489.12615980133575

i=0 0.01 2.349000567658869 0.007341146469116211 15.885162115097046 0.5714285714285715 1.0 142.31145557788054 0.5714285714285715 cost = 165.79152937619264, cost1=165.79152937619264

i=0 0.01 2.046011692676912 0.0015819072723388672 15.886744022369385 0.5714285714285715 1.0 142.3075865236429 0.5714285714285715 cost = 162.76265486075633, cost1=162.76265486075633

i=0 0.01 1.7821042294352372 0.001558065414428711 15.888302087783813 0.5714285714285715 1.0 142.30465848400718 0.5714285714285715 cost = 160.12402949608878, cost1=160.12402949608878

i=0 0.01 1.5522372115164986 0.0015749931335449219 15.889877080917358 0.5714285714285715 1.0 142.30244187210766 0.5714285714285715 cost = 157.82542202889528, cost1=157.82542202889528

i=0 0.01 1.3520198880735976 0.0017371177673339844 15.891614198684692 0.5714285714285715 1.0 142.3007633568666 0.5714285714285715 cost = 155.8230546175509, cost1=155.8230546175509

i=0 0.01 1.1776278549337647 0.0021839141845703125 15.893798112869263 0.5714285714285715 1.0 142.29949199996128 0.5714285714285715 cost = 154.07877673009486, cost1=154.07877673009486

i=0 0.01 1.0257300036406054 0.005669116973876953 15.89946722984314 0.7499999999999999 1.0 95.98094324494849 0.7499999999999999 cost = 110.61502901685655, cost1=110.61502901685655

i=0 0.01 0.8934248930683893 0.0021212100982666016 15.901588439941406 0.7499999999999999 1.0 95.97908417235634 0.7499999999999999 cost = 108.72730432652615, cost1=108.72730432652615

i=0 0.01 0.7781853282259436 0.0025572776794433594 15.90414571762085 0.7499999999999999 1.0 95.97767742739833 0.7499999999999999 cost = 107.08286165368452, cost1=107.08286165368452

i=0 0.01 0.6778100876351608 0.0026581287384033203 15.906803846359253 0.7499999999999999 1.0 95.97661257928569 0.7499999999999999 cost = 105.65037167646517, cost1=105.65037167646517

i=0 0.01 0.590381877216004 0.0028679370880126953 15.909671783447266 0.7499999999999999 1.0 95.97580629284933 0.7499999999999999 cost = 104.40253375312447, cost1=104.40253375312447

i=0 0.01 0.5142307075440048 0.009275197982788086 15.918946981430054 0.7272727272727272 1.0 69.59089741456287 0.7272727272727272 cost = 82.22434588544591, cost1=82.22434588544591

i=0 0.01 0.44790199493955546 0.00409388542175293 15.923040866851807 0.7272727272727272 1.0 69.58496747268003 0.7272727272727272 cost = 80.59439469027936, cost1=80.59439469027936

i=0 0.01 0.39012877707943217 0.025153160095214844 15.948194026947021 0.5000000000000001 1.0 43.45599767199647 0.5000000000000001 cost = 59.90272283294382, cost1=59.90272283294382

i=0 0.01 0.33980751241358653 0.0301668643951416 15.978360891342163 0.4 1.0 24.9218526949093 0.4 cost = 43.81190247434823, cost1=43.81190247434823

i=0 0.01 0.2959770011254507 0.01032114028930664 15.98868203163147 0.4 1.0 24.90064088584358 0.4 cost = 41.37387523767475, cost1=41.37387523767475

i=0 0.01 0.2578000249994245 0.012022733688354492 16.000704765319824 0.4 1.0 24.88501350880912 0.4 cost = 39.24797213993204, cost1=39.24797213993204

i=0 0.01 0.22454735549379537 0.049346208572387695 16.050050973892212 0.2857142857142857 1.0 11.7070018061773 0.2857142857142857 cost = 29.163341324889505, cost1=29.163341324889505

i=0 0.01 0.19558382455304058 0.021075963973999023 16.07112693786621 0.2857142857142857 1.0 11.677682155037614 0.2857142857142857 cost = 26.909678543526674, cost1=26.909678543526674

i=0 0.01 0.1703561920944177 0.04906201362609863 16.12018895149231 0.25 1.0 6.264734750041974 0.25 cost = 21.548389255244384, cost1=21.548389255244384

i=0 0.01 0.14838257842248037 0.0207369327545166 16.140925884246826 0.25 1.0 6.243761866612462 0.25 cost = 19.575556016195392, cost1=19.575556016195392

i=0 0.01 0.12924325971726744 0.060537099838256836 16.201462984085083 0.2352941176470588 1.0 3.5613396691107213 0.2352941176470588 cost = 15.932386706758539, cost1=15.932386706758539

i=0 0.01 0.1125726507783501 0.0517427921295166 16.2532057762146 0.2222222222222222 1.0 2.015913468463123 0.2222222222222222 cost = 13.389835724672462, cost1=13.389835724672462

i=0 0.01 0.09805232188500161 0.1287841796875 16.3819899559021 0.2222222222222222 1.0 1.5728622102362726 0.2222222222222222 cost = 11.575075758413139, cost1=11.575075758413139

i=0 0.01 0.08540491638568569 0.08112621307373047 16.46311616897583 0.21621621621621623 1.0 0.7478115109682157 0.21621621621621623 cost = 9.751341978263214, cost1=9.751341978263214

i=0 0.01 0.07438885283512764 0.02992391586303711 16.493040084838867 0.21621621621621623 1.0 0.7394344220887564 0.21621621621621623 cost = 8.589430822275402, cost1=8.589430822275402

i=0 0.01 0.06479371048308594 0.02948594093322754 16.522526025772095 0.21621621621621623 1.0 0.7331829870458061 0.21621621621621623 cost = 7.57645689080009, cost1=7.57645689080009

i=0 0.01 0.056436209971818335 0.06877493858337402 16.59130096435547 0.2105263157894737 1.0 0.5355404585250568 0.2105263157894737 cost = 6.61518899547857, cost1=6.61518899547857

i=0 0.01 0.049156712468482675 0.0747683048248291 16.666069269180298 0.20512820512820512 1.0 0.3139984599844721 0.20512820512820512 cost = 5.714429301729642, cost1=5.714429301729642

i=0 0.01 0.0428161703614703 0.04053306579589844 16.706602334976196 0.20512820512820512 1.0 0.3100883110717809 0.20512820512820512 cost = 5.017577263036113, cost1=5.017577263036113

i=0 0.01 0.03729347127511503 0.041104793548583984 16.74770712852478 0.20512820512820512 1.0 0.3071792536678609 0.20512820512820512 cost = 4.4101745939465, cost1=4.4101745939465

i=0 0.01 0.032483124670098805 0.06851887702941895 16.8162260055542 0.19999999999999998 1.0 0.2526373422938864 0.19999999999999998 cost = 3.8685875259485294, cost1=3.8685875259485294

