[216.40736058 188.4937774  164.18066384 143.00360867 124.55810333
 108.49181534  94.49785828  82.30892987  71.69220614  62.44489425
  54.39035884  47.37474809  41.26405496  35.94155748  31.30558923
  27.26759733  23.75045104  20.68696841  18.01863304  15.69447636
  13.67010404  11.906848    10.37102782   9.03330739   7.86813455
   6.85325305   5.96927734   5.19932239   4.52868107   3.94454329
   3.43575127   2.99258645   2.60658382   2.27037024   1.9775236
   1.72245016   1.5002777    1.30676244   1.138208     0.99139477
   0.86351843   0.75213639   0.65512111   0.57061946   0.49701737
   0.43290895   0.37706963   0.32843281   0.28606948   0.24917044]i=0 1 312.2098259152708 0.0006997585296630859 0.0006997585296630859 0.0 1.0 489.12615980133575 0.0 cost = 489.12615980133575, cost1=489.12615980133575

i=0 1 271.93903789811014 0.0006780624389648438 0.0013778209686279297 0.0 1.0 489.12615980133575 0.0 cost = 489.12615980133575, cost1=489.12615980133575

