[216.40736058 188.4937774  164.18066384 143.00360867 124.55810333
 108.49181534  94.49785828  82.30892987  71.69220614  62.44489425
  54.39035884  47.37474809  41.26405496  35.94155748  31.30558923
  27.26759733  23.75045104  20.68696841  18.01863304  15.69447636
  13.67010404  11.906848    10.37102782   9.03330739   7.86813455
   6.85325305   5.96927734   5.19932239   4.52868107   3.94454329
   3.43575127   2.99258645   2.60658382   2.27037024   1.9775236
   1.72245016   1.5002777    1.30676244   1.138208     0.99139477
   0.86351843   0.75213639   0.65512111   0.57061946   0.49701737
   0.43290895   0.37706963   0.32843281   0.28606948   0.24917044]0 1 312.2098259152708 0.007122039794921875 0.007122039794921875 0.0 1.0
0 1 271.93903789811014 0.007197856903076172 0.014319896697998047 0.0 1.0
0 1 236.8626295349813 0.007018089294433594 0.02133798599243164 0.33333333333333337 1.0
0 1 206.31059705097118 0.05043506622314453 0.07177305221557617 0.5714285714285715 1.0
0 1 179.69935797424765 0.038820743560791016 0.11059379577636719 0.5714285714285715 1.0
0 1 156.52060397255676 0.0322270393371582 0.1428208351135254 0.5714285714285715 1.0
0 1 136.33159152101595 0.03235006332397461 0.1751708984375 0.5714285714285715 1.0
0 1 118.74668494067365 0.038925886154174805 0.2140967845916748 0.7499999999999999 1.0
0 1 103.42999026917344 0.0322117805480957 0.2463085651397705 0.7499999999999999 1.0
0 1 90.08893926113359 0.03234720230102539 0.2786557674407959 0.7499999999999999 1.0
0 1 78.46870096453189 0.032228708267211914 0.3108844757080078 0.7499999999999999 1.0
0 1 68.34731412713553 0.032370805740356445 0.34325528144836426 0.7499999999999999 1.0
0 1 59.53144745577994 0.03875899314880371 0.38201427459716797 0.6666666666666665 1.0
0 1 51.85270674408604 0.0404207706451416 0.42243504524230957 0.7272727272727272 1.0
0 1 45.16441833008278 0.03819680213928223 0.4606318473815918 0.7272727272727272 1.0
0 1 39.33882744370648 0.0446319580078125 0.5052638053894043 0.6153846153846154 1.0
0 1 34.26465792907022 0.08157801628112793 0.5868418216705322 0.47058823529411764 1.0
0 1 29.84498672911064 0.08196711540222168 0.6688089370727539 0.3636363636363636 1.0
0 1 25.99539253258091 0.1076662540435791 0.776475191116333 0.3076923076923077 1.0
0 1 22.642343220204207 0.3092210292816162 1.0856962203979492 0.26666666666666666 1.0
0 1 19.721791308170232 0.3485550880432129 1.434251308441162 0.27586206896551724 1.0
0 1 17.177950560167822 0.6194040775299072 2.0536553859710693 0.26666666666666666 1.0
0 1 14.962230399696251 0.5119197368621826 2.565575122833252 0.24242424242424243 1.0
0 1 13.03230776858211 0.43991708755493164 3.0054922103881836 0.2222222222222222 1.0
0 1 11.351318703025308 0.41510796546936035 3.420600175857544 0.2222222222222222 1.0
0 1 9.887154185253786 0.38625311851501465 3.8068532943725586 0.21621621621621623 1.0
0 1 8.611846820663045 0.39968276023864746 4.206536054611206 0.20512820512820512 1.0
0 1 7.501036625197576 0.442612886428833 4.649148941040039 0.19999999999999998 1.0
0 1 6.53350571883761 0.36155200004577637 5.010700941085815 0.20512820512820512 1.0
0 1 5.69077303724795 0.4331932067871094 5.443894147872925 0.18604651162790697 1.0
0 1 4.956741320068812 0.3606438636779785 5.804538011550903 0.1777777777777778 1.0
0 1 4.317389632878279 0.40764498710632324 6.212182998657227 0.1702127659574468 1.0
0 1 3.7605055496069455 4.74550986289978 10.957692861557007 0.1702127659574468 1.0
0 1 3.2754518797500736 0.9285759925842285 11.886268854141235 0.1702127659574468 1.0
0 1 2.8529634845718124 0.21512889862060547 12.10139775276184 0.16666666666666666 1.0
0 1 2.4849703012340436 0.2888979911804199 12.39029574394226 0.163265306122449 1.0
0 1 2.1644431943866964 0.6489007472991943 13.039196491241455 0.163265306122449 1.0
0 1 1.8852596907900219 0.27544069290161133 13.314637184143066 0.163265306122449 1.0
0 1 1.6420870323301746 0.2645561695098877 13.579193353652954 0.163265306122449 1.0
0 1 1.4302803135927475 0.24481511116027832 13.824008464813232 0.163265306122449 1.0
0 1 1.2457937582930971 0.23607110977172852 14.060079574584961 0.163265306122449 1.0
0 1 1.0851034398309916 1.219149112701416 15.279228687286377 0.1568627450980392 1.0
0 1 0.945139969834425 1.0868549346923828 16.36608362197876 0.1568627450980392 1.0
0 1 0.823229868958621 2.559337854385376 18.925421476364136 0.1568627450980392 1.0
0 1 0.7170445000483404 0.746812105178833 19.67223358154297 0.1481481481481481 1.0
0 1 0.624555588222246 7.546741008758545 27.218974590301514 0.15384615384615383 1.0
0 1 0.5439964782567033 0.8189880847930908 28.037962675094604 0.1481481481481481 1.0
0 1 0.4738283892360109 5.976368188858032 34.01433086395264 0.1509433962264151 1.0
0 1 0.4127110218901976 1.5045928955078125 35.51892375946045 0.14545454545454545 1.0
0 1 0.3594769571833539 1.8710992336273193 37.39002299308777 0.1481481481481481 1.0
0 0.1 130.20161032759302 0.006296873092651367 37.39631986618042 0.0 1.0
0 0.1 113.40738729625762 0.006363868713378906 37.4026837348938 0.0 1.0
0 0.1 98.77938883400856 0.0062940120697021484 37.4089777469635 0.0 1.0
0 0.1 86.03820166433057 0.00631403923034668 37.41529178619385 0.0 1.0
0 0.1 74.9404529934022 0.006316184997558594 37.421607971191406 0.0 1.0
0 0.1 65.27416178184274 0.0063402652740478516 37.427948236465454 0.0 1.0
0 0.1 56.854689638682785 0.006400108337402344 37.434348344802856 0.0 1.0
0 0.1 49.52121399451067 0.03771615028381348 37.47206449508667 0.5714285714285715 1.0
0 0.1 43.13365618693992 0.031357765197753906 37.503422260284424 0.5714285714285715 1.0
0 0.1 37.570005780944214 0.025058746337890625 37.528481006622314 0.5714285714285715 1.0
0 0.1 32.7239900151928 0.0249941349029541 37.55347514152527 0.5714285714285715 1.0
0 0.1 28.503043857863506 0.025115966796875 37.578591108322144 0.5714285714285715 1.0
0 0.1 24.826541897430772 0.02500319480895996 37.6035943031311 0.5714285714285715 1.0
0 0.1 21.624258295306348 0.03761482238769531 37.6412091255188 0.7499999999999999 1.0
0 0.1 18.835025383479486 0.02507805824279785 37.6662871837616 0.7499999999999999 1.0
0 0.1 16.405565284674683 0.02501511573791504 37.69130229949951 0.7499999999999999 1.0
0 0.1 14.289472237493916 0.025174856185913086 37.716477155685425 0.7499999999999999 1.0
0 0.1 12.446326187665905 0.02501678466796875 37.741493940353394 0.7499999999999999 1.0
0 0.1 10.840920713874212 0.025143861770629883 37.76663780212402 0.7499999999999999 1.0
0 0.1 9.44259054057033 0.025033950805664062 37.79167175292969 0.7499999999999999 1.0
0 0.1 8.224625792416147 0.025079965591430664 37.81675171852112 0.7499999999999999 1.0
0 0.1 7.163761801874259 0.03757071495056152 37.85432243347168 0.888888888888889 1.0
0 0.1 6.239734724625884 0.04382491111755371 37.89814734458923 0.7272727272727272 1.0
0 0.1 5.43489447450858 0.031371116638183594 37.92951846122742 0.7272727272727272 1.0
0 0.1 4.733867584541418 0.03149104118347168 37.96100950241089 0.7272727272727272 1.0
0 0.1 4.123263554256632 0.0688321590423584 38.02984166145325 0.6153846153846154 1.0
0 0.1 3.591419074200402 0.06285500526428223 38.09269666671753 0.5333333333333333 1.0
0 0.1 3.128175241967003 0.16976714134216309 38.26246380805969 0.4210526315789473 1.0
0 0.1 2.7246835143108377 0.15103697776794434 38.41350078582764 0.38095238095238093 1.0
0 0.1 2.373236688776134 0.08191776275634766 38.495418548583984 0.38095238095238093 1.0
0 0.1 2.0671216863796724 0.3129231929779053 38.80834174156189 0.3333333333333333 1.0
0 0.1 1.8004913233094775 0.27743101119995117 39.08577275276184 0.3076923076923077 1.0
0 0.1 1.5682526223167341 0.22760987281799316 39.313382625579834 0.2857142857142857 1.0
0 0.1 1.3659695304072161 0.41951990127563477 39.73290252685547 0.2962962962962963 1.0
0 0.1 1.1897781846170337 0.2597489356994629 39.99265146255493 0.26666666666666666 1.0
0 0.1 1.036313107341863 0.15860295295715332 40.151254415512085 0.26666666666666666 1.0
0 0.1 0.9026429214570189 0.6365690231323242 40.78782343864441 0.24242424242424243 1.0
0 0.1 0.786214357305898 0.43207716941833496 41.219900608062744 0.2352941176470588 1.0
0 0.1 0.6848034820193963 0.26688671112060547 41.48678731918335 0.2222222222222222 1.0
0 0.1 0.5964732195846044 0.9739341735839844 42.460721492767334 0.21621621621621623 1.0
0 0.1 0.5195363502423698 2.2073450088500977 44.66806650161743 0.19999999999999998 1.0
0 0.1 0.4525232824553942 3.058197021484375 47.72626352310181 0.19512195121951217 1.0
0 0.1 0.3941539818506903 0.5621099472045898 48.2883734703064 0.19512195121951217 1.0
0 0.1 0.34331352094368267 0.5999009609222412 48.88827443122864 0.19047619047619047 1.0
0 0.1 0.2990307826127625 7.010706901550293 55.89898133277893 0.25 1.0
0 0.1 0.2604599105337001 0.4199948310852051 56.318976163864136 0.25 1.0
0 0.1 0.22686415225376097 0.18694114685058594 56.50591731071472 0.24390243902439027 1.0
0 0.1 0.19760178628779224 0.3507699966430664 56.85668730735779 0.24390243902439027 1.0
0 0.1 0.17211386442601356 0.24257683753967285 57.09926414489746 0.24390243902439027 1.0
0 0.1 0.14991353511608546 0.16941523551940918 57.26867938041687 0.24390243902439027 1.0
0 0.01 28.211963230963963 0.00631403923034668 57.27499341964722 0.33333333333333337 1.0
0 0.01 24.573006681497752 0.03158998489379883 57.306583404541016 0.5714285714285715 1.0
0 0.01 21.403425646968028 0.025349855422973633 57.33193325996399 0.5714285714285715 1.0
0 0.01 18.642677119777133 0.025479793548583984 57.35741305351257 0.5714285714285715 1.0
0 0.01 16.238027310431736 0.025332927703857422 57.38274598121643 0.5714285714285715 1.0
0 0.01 14.143544365449966 0.02531719207763672 57.40806317329407 0.5714285714285715 1.0
0 0.01 12.319221010851523 0.025205135345458984 57.433268308639526 0.5714285714285715 1.0
0 0.01 10.730210362611421 0.025265932083129883 57.458534240722656 0.5714285714285715 1.0
0 0.01 9.346160307090315 0.03948378562927246 57.49801802635193 0.7499999999999999 1.0
0 0.01 8.140633737265514 0.025395870208740234 57.52341389656067 0.7499999999999999 1.0
0 0.01 7.090603570541246 0.02525496482849121 57.54866886138916 0.7499999999999999 1.0
0 0.01 6.176012902339531 0.025780916213989258 57.57444977760315 0.7499999999999999 1.0
0 0.01 5.379391893848717 0.025862932205200195 57.60031270980835 0.7499999999999999 1.0
0 0.01 4.685524076001097 0.025907039642333984 57.626219749450684 0.7499999999999999 1.0
0 0.01 4.081155695663349 0.02585577964782715 57.65207552909851 0.7499999999999999 1.0
0 0.01 3.554742552184356 0.025435924530029297 57.67751145362854 0.7499999999999999 1.0
0 0.01 3.09622948855821 0.01896977424621582 57.696481227874756 0.7499999999999999 1.0
0 0.01 2.6968583252045994 0.038220882415771484 57.73470211029053 0.888888888888889 1.0
0 0.01 2.349000567658869 0.01904892921447754 57.753751039505005 0.888888888888889 1.0
0 0.01 2.046011692676912 0.04456019401550293 57.79831123352051 0.7272727272727272 1.0
0 0.01 1.7821042294352372 0.025336027145385742 57.823647260665894 0.7272727272727272 1.0
0 0.01 1.5522372115164986 0.05752396583557129 57.881171226501465 0.6666666666666666 1.0
0 0.01 1.3520198880735976 0.0636909008026123 57.94486212730408 0.5714285714285714 1.0
0 0.01 1.1776278549337647 0.08294415473937988 58.02780628204346 0.5000000000000001 1.0
0 0.01 1.0257300036406054 0.0891273021697998 58.11693358421326 0.47058823529411764 1.0
0 0.01 0.8934248930683893 0.08988094329833984 58.2068145275116 0.4444444444444444 1.0
0 0.01 0.7781853282259436 0.05793929100036621 58.26475381851196 0.4444444444444444 1.0
0 0.01 0.6778100876351608 0.1202700138092041 58.38502383232117 0.3478260869565218 1.0
0 0.01 0.590381877216004 0.0740358829498291 58.459059715270996 0.3478260869565218 1.0
0 0.01 0.5142307075440048 0.07193803787231445 58.53099775314331 0.3478260869565218 1.0
0 0.01 0.44790199493955546 0.15848875045776367 58.689486503601074 0.32000000000000006 1.0
0 0.01 0.39012877707943217 0.08903384208679199 58.778520345687866 0.32000000000000006 1.0
0 0.01 0.33980751241358653 0.08849263191223145 58.8670129776001 0.32000000000000006 1.0
0 0.01 0.2959770011254507 0.08301424980163574 58.95002722740173 0.32000000000000006 1.0
0 0.01 0.2578000249994245 0.12128615379333496 59.07131338119507 0.2962962962962963 1.0
0 0.01 0.22454735549379537 0.10869288444519043 59.18000626564026 0.2857142857142857 1.0
0 0.01 0.19558382455304058 0.07677602767944336 59.2567822933197 0.2857142857142857 1.0
0 0.01 0.1703561920944177 0.35184788703918457 59.60863018035889 0.24242424242424243 1.0
0 0.01 0.14838257842248037 0.15281200408935547 59.76144218444824 0.24242424242424243 1.0
0 0.01 0.12924325971726744 0.13425612449645996 59.8956983089447 0.24242424242424243 1.0
0 0.01 0.1125726507783501 0.12129712104797363 60.016995429992676 0.24242424242424243 1.0
0 0.01 0.09805232188500161 0.20480680465698242 60.22180223464966 0.2352941176470588 1.0
0 0.01 0.08540491638568569 0.0959329605102539 60.31773519515991 0.2352941176470588 1.0
0 0.01 0.07438885283512764 0.30103206634521484 60.61876726150513 0.2222222222222222 1.0
0 0.01 0.06479371048308594 0.29332876205444336 60.91209602355957 0.2105263157894737 1.0
0 0.01 0.056436209971818335 0.3072621822357178 61.21935820579529 0.20512820512820512 1.0
0 0.01 0.049156712468482675 0.14018464088439941 61.35954284667969 0.20512820512820512 1.0
0 0.01 0.0428161703614703 0.5615789890289307 61.92112183570862 0.19047619047619047 1.0
0 0.01 0.03729347127511503 0.21703314781188965 62.13815498352051 0.19047619047619047 1.0
0 0.01 0.032483124670098805 0.4900658130645752 62.62822079658508 0.18181818181818182 1.0
