[216.40736058 188.4937774  164.18066384 143.00360867 124.55810333
 108.49181534  94.49785828  82.30892987  71.69220614  62.44489425
  54.39035884  47.37474809  41.26405496  35.94155748  31.30558923
  27.26759733  23.75045104  20.68696841  18.01863304  15.69447636
  13.67010404  11.906848    10.37102782   9.03330739   7.86813455
   6.85325305   5.96927734   5.19932239   4.52868107   3.94454329
   3.43575127   2.99258645   2.60658382   2.27037024   1.9775236
   1.72245016   1.5002777    1.30676244   1.138208     0.99139477
   0.86351843   0.75213639   0.65512111   0.57061946   0.49701737
   0.43290895   0.37706963   0.32843281   0.28606948   0.24917044]0 1 312.2098259152708 0.006569862365722656 0.006569862365722656 0.0 1.0
0 1 271.93903789811014 0.006475925445556641 0.013045787811279297 0.0 1.0
0 1 236.8626295349813 0.006666898727416992 0.01971268653869629 0.33333333333333337 1.0
0 1 206.31059705097118 0.050782203674316406 0.0704948902130127 0.5714285714285715 1.0
0 1 179.69935797424765 0.044487714767456055 0.11498260498046875 0.5714285714285715 1.0
0 1 156.52060397255676 0.03848004341125488 0.15346264839172363 0.5714285714285715 1.0
0 1 136.33159152101595 0.039125919342041016 0.19258856773376465 0.5714285714285715 1.0
0 1 118.74668494067365 0.04456186294555664 0.2371504306793213 0.7499999999999999 1.0
0 1 103.42999026917344 0.044631004333496094 0.2817814350128174 0.7499999999999999 1.0
0 1 90.08893926113359 0.04451608657836914 0.3262975215911865 0.7499999999999999 1.0
0 1 78.46870096453189 0.038461923599243164 0.3647594451904297 0.7499999999999999 1.0
0 1 68.34731412713553 0.03846406936645508 0.40322351455688477 0.7499999999999999 1.0
0 1 59.53144745577994 0.04451894760131836 0.4477424621582031 0.6666666666666665 1.0
0 1 51.85270674408604 0.05086708068847656 0.4986095428466797 0.7272727272727272 1.0
0 1 45.16441833008278 0.0442349910736084 0.5428445339202881 0.7272727272727272 1.0
0 1 39.33882744370648 0.05646514892578125 0.5993096828460693 0.6153846153846154 1.0
0 1 34.26465792907022 0.10575628280639648 0.7050659656524658 0.47058823529411764 1.0
0 1 29.84498672911064 0.11332201957702637 0.8183879852294922 0.3636363636363636 1.0
0 1 25.99539253258091 0.14524579048156738 0.9636337757110596 0.3076923076923077 1.0
0 1 22.642343220204207 0.4459099769592285 1.409543752670288 0.26666666666666666 1.0
0 1 19.721791308170232 0.5232901573181152 1.9328339099884033 0.27586206896551724 1.0
0 1 17.177950560167822 0.8024718761444092 2.7353057861328125 0.26666666666666666 1.0
0 1 14.962230399696251 0.6765141487121582 3.4118199348449707 0.24242424242424243 1.0
0 1 13.03230776858211 0.5455007553100586 3.9573206901550293 0.2222222222222222 1.0
0 1 11.351318703025308 0.5863420963287354 4.543662786483765 0.2222222222222222 1.0
0 1 9.887154185253786 0.5259151458740234 5.069577932357788 0.21621621621621623 1.0
0 1 8.611846820663045 0.5245411396026611 5.594119071960449 0.20512820512820512 1.0
0 1 7.501036625197576 0.6343100070953369 6.228429079055786 0.19999999999999998 1.0
0 1 6.53350571883761 0.5239291191101074 6.7523581981658936 0.20512820512820512 1.0
0 1 5.69077303724795 0.6406228542327881 7.392981052398682 0.18604651162790697 1.0
0 1 4.956741320068812 0.5466737747192383 7.93965482711792 0.1777777777777778 1.0
0 1 4.317389632878279 0.6651220321655273 8.604776859283447 0.16666666666666666 1.0
0 1 3.7605055496069455 5.74866509437561 14.353441953659058 0.1702127659574468 1.0
0 1 3.2754518797500736 1.2053508758544922 15.55879282951355 0.1702127659574468 1.0
0 1 2.8529634845718124 0.5891401767730713 16.14793300628662 0.16666666666666666 1.0
0 1 2.4849703012340436 0.7040669918060303 16.85199999809265 0.163265306122449 1.0
0 1 2.1644431943866964 0.950552225112915 17.802552223205566 0.163265306122449 1.0
0 1 1.8852596907900219 0.4222729206085205 18.224825143814087 0.163265306122449 1.0
0 1 1.6420870323301746 0.4029362201690674 18.627761363983154 0.163265306122449 1.0
0 1 1.4302803135927475 0.3904287815093994 19.018190145492554 0.163265306122449 1.0
0 1 1.2457937582930971 0.3719632625579834 19.390153408050537 0.163265306122449 1.0
0 1 1.0851034398309916 2.122591257095337 21.512744665145874 0.1568627450980392 1.0
0 1 0.945139969834425 1.7990169525146484 23.311761617660522 0.1568627450980392 1.0
0 1 0.823229868958621 3.102821111679077 26.4145827293396 0.1568627450980392 1.0
0 1 0.7170445000483404 6.174955129623413 32.58953785896301 0.15384615384615383 1.0
0 1 0.624555588222246 5.078733921051025 37.66827178001404 0.1509433962264151 1.0
0 1 0.5439964782567033 3.346632957458496 41.014904737472534 0.1509433962264151 1.0
0 1 0.4738283892360109 2.89727783203125 43.912182569503784 0.1509433962264151 1.0
0 1 0.4127110218901976 2.948591709136963 46.86077427864075 0.1481481481481481 1.0
0 1 0.3594769571833539 2.859544038772583 49.72031831741333 0.1481481481481481 1.0
0 0.1 130.20161032759302 0.006316184997558594 49.72663450241089 0.0 1.0
0 0.1 113.40738729625762 0.006590843200683594 49.73322534561157 0.0 1.0
0 0.1 98.77938883400856 0.00655817985534668 49.73978352546692 0.0 1.0
0 0.1 86.03820166433057 0.006463289260864258 49.74624681472778 0.0 1.0
0 0.1 74.9404529934022 0.006779909133911133 49.753026723861694 0.0 1.0
0 0.1 65.27416178184274 0.006608009338378906 49.75963473320007 0.0 1.0
0 0.1 56.854689638682785 0.006669282913208008 49.76630401611328 0.0 1.0
0 0.1 49.52121399451067 0.04507589340209961 49.81137990951538 0.5714285714285715 1.0
0 0.1 43.13365618693992 0.03205990791320801 49.84343981742859 0.5714285714285715 1.0
0 0.1 37.570005780944214 0.032011985778808594 49.8754518032074 0.5714285714285715 1.0
0 0.1 32.7239900151928 0.032083988189697266 49.907535791397095 0.5714285714285715 1.0
0 0.1 28.503043857863506 0.03183627128601074 49.939372062683105 0.5714285714285715 1.0
0 0.1 24.826541897430772 0.03196406364440918 49.971336126327515 0.5714285714285715 1.0
0 0.1 21.624258295306348 0.04468178749084473 50.01601791381836 0.7499999999999999 1.0
0 0.1 18.835025383479486 0.038417816162109375 50.05443572998047 0.7499999999999999 1.0
0 0.1 16.405565284674683 0.03225898742675781 50.08669471740723 0.7499999999999999 1.0
0 0.1 14.289472237493916 0.032022714614868164 50.118717432022095 0.7499999999999999 1.0
0 0.1 12.446326187665905 0.032351016998291016 50.151068449020386 0.7499999999999999 1.0
0 0.1 10.840920713874212 0.03196096420288086 50.18302941322327 0.7499999999999999 1.0
0 0.1 9.44259054057033 0.03216075897216797 50.215190172195435 0.7499999999999999 1.0
0 0.1 8.224625792416147 0.03197216987609863 50.24716234207153 0.7499999999999999 1.0
0 0.1 7.163761801874259 0.044687747955322266 50.291850090026855 0.888888888888889 1.0
0 0.1 6.239734724625884 0.05734705924987793 50.34919714927673 0.7272727272727272 1.0
0 0.1 5.43489447450858 0.038281917572021484 50.387479066848755 0.7272727272727272 1.0
0 0.1 4.733867584541418 0.038437843322753906 50.42591691017151 0.7272727272727272 1.0
0 0.1 4.123263554256632 0.08231830596923828 50.50823521614075 0.6153846153846154 1.0
0 0.1 3.591419074200402 0.07687997817993164 50.58511519432068 0.5333333333333333 1.0
0 0.1 3.128175241967003 0.20397186279296875 50.78908705711365 0.4210526315789473 1.0
0 0.1 2.7246835143108377 0.17207026481628418 50.96115732192993 0.38095238095238093 1.0
0 0.1 2.373236688776134 0.1024169921875 51.06357431411743 0.38095238095238093 1.0
0 0.1 2.0671216863796724 0.37693023681640625 51.44050455093384 0.3333333333333333 1.0
0 0.1 1.8004913233094775 0.33717918395996094 51.7776837348938 0.3076923076923077 1.0
0 0.1 1.5682526223167341 0.30610108375549316 52.08378481864929 0.2857142857142857 1.0
0 0.1 1.3659695304072161 0.4464559555053711 52.53024077415466 0.2962962962962963 1.0
0 0.1 1.1897781846170337 0.31911206245422363 52.84935283660889 0.26666666666666666 1.0
0 0.1 1.036313107341863 0.21671009063720703 53.066062927246094 0.26666666666666666 1.0
0 0.1 0.9026429214570189 0.7399919033050537 53.80605483055115 0.24242424242424243 1.0
0 0.1 0.786214357305898 0.567612886428833 54.37366771697998 0.2352941176470588 1.0
0 0.1 0.6848034820193963 0.44918322563171387 54.822850942611694 0.2222222222222222 1.0
0 0.1 0.5964732195846044 1.1371440887451172 55.95999503135681 0.21621621621621623 1.0
0 0.1 0.5195363502423698 2.752476930618286 58.7124719619751 0.19999999999999998 1.0
0 0.1 0.4525232824553942 4.1911139488220215 62.90358591079712 0.19512195121951217 1.0
0 0.1 0.3941539818506903 1.0816800594329834 63.9852659702301 0.19512195121951217 1.0
0 0.1 0.34331352094368267 0.9923031330108643 64.97756910324097 0.19047619047619047 1.0
0 0.1 0.2990307826127625 7.4500861167907715 72.42765522003174 0.25 1.0
0 0.1 0.2604599105337001 0.658919095993042 73.08657431602478 0.25 1.0
0 0.1 0.22686415225376097 0.29556822776794434 73.38214254379272 0.24390243902439027 1.0
0 0.1 0.19760178628779224 0.6043131351470947 73.98645567893982 0.24390243902439027 1.0
0 0.1 0.17211386442601356 0.4652681350708008 74.45172381401062 0.24390243902439027 1.0
0 0.1 0.14991353511608546 0.3626580238342285 74.81438183784485 0.24390243902439027 1.0
0 0.01 28.211963230963963 0.006349086761474609 74.82073092460632 0.33333333333333337 1.0
0 0.01 24.573006681497752 0.03825569152832031 74.85898661613464 0.5714285714285715 1.0
0 0.01 21.403425646968028 0.03219294548034668 74.89117956161499 0.5714285714285715 1.0
0 0.01 18.642677119777133 0.03220725059509277 74.92338681221008 0.5714285714285715 1.0
0 0.01 16.238027310431736 0.032027244567871094 74.95541405677795 0.5714285714285715 1.0
0 0.01 14.143544365449966 0.03191375732421875 74.98732781410217 0.5714285714285715 1.0
0 0.01 12.319221010851523 0.0318760871887207 75.0192039012909 0.5714285714285715 1.0
0 0.01 10.730210362611421 0.032027244567871094 75.05123114585876 0.5714285714285715 1.0
0 0.01 9.346160307090315 0.044860124588012695 75.09609127044678 0.7499999999999999 1.0
0 0.01 8.140633737265514 0.03197026252746582 75.12806153297424 0.7499999999999999 1.0
0 0.01 7.090603570541246 0.03223395347595215 75.1602954864502 0.7499999999999999 1.0
0 0.01 6.176012902339531 0.03203606605529785 75.1923315525055 0.7499999999999999 1.0
0 0.01 5.379391893848717 0.0320277214050293 75.22435927391052 0.7499999999999999 1.0
0 0.01 4.685524076001097 0.03195905685424805 75.25631833076477 0.7499999999999999 1.0
0 0.01 4.081155695663349 0.032273054122924805 75.2885913848877 0.7499999999999999 1.0
0 0.01 3.554742552184356 0.03227686882019043 75.32086825370789 0.7499999999999999 1.0
0 0.01 3.09622948855821 0.032064199447631836 75.35293245315552 0.7499999999999999 1.0
0 0.01 2.6968583252045994 0.04524374008178711 75.3981761932373 0.888888888888889 1.0
0 0.01 2.349000567658869 0.026016950607299805 75.4241931438446 0.888888888888889 1.0
0 0.01 2.046011692676912 0.05109977722167969 75.47529292106628 0.7272727272727272 1.0
0 0.01 1.7821042294352372 0.03891301155090332 75.51420593261719 0.7272727272727272 1.0
0 0.01 1.5522372115164986 0.07690000534057617 75.59110593795776 0.6666666666666666 1.0
0 0.01 1.3520198880735976 0.07114815711975098 75.66225409507751 0.5714285714285714 1.0
0 0.01 1.1776278549337647 0.10295915603637695 75.76521325111389 0.5000000000000001 1.0
0 0.01 1.0257300036406054 0.12105107307434082 75.88626432418823 0.47058823529411764 1.0
0 0.01 0.8934248930683893 0.11092090606689453 75.99718523025513 0.4444444444444444 1.0
0 0.01 0.7781853282259436 0.07815694808959961 76.07534217834473 0.4444444444444444 1.0
0 0.01 0.6778100876351608 0.1410210132598877 76.21636319160461 0.3478260869565218 1.0
0 0.01 0.590381877216004 0.09644007682800293 76.31280326843262 0.3478260869565218 1.0
0 0.01 0.5142307075440048 0.09096312522888184 76.4037663936615 0.3478260869565218 1.0
0 0.01 0.44790199493955546 0.19225311279296875 76.59601950645447 0.32000000000000006 1.0
0 0.01 0.39012877707943217 0.12131595611572266 76.71733546257019 0.32000000000000006 1.0
0 0.01 0.33980751241358653 0.11514687538146973 76.83248233795166 0.32000000000000006 1.0
0 0.01 0.2959770011254507 0.11555981636047363 76.94804215431213 0.32000000000000006 1.0
0 0.01 0.2578000249994245 0.15409493446350098 77.10213708877563 0.2962962962962963 1.0
0 0.01 0.22454735549379537 0.14033198356628418 77.24246907234192 0.2857142857142857 1.0
0 0.01 0.19558382455304058 0.10937070846557617 77.3518397808075 0.2857142857142857 1.0
0 0.01 0.1703561920944177 0.4470551013946533 77.79889488220215 0.24242424242424243 1.0
0 0.01 0.14838257842248037 0.23662805557250977 78.03552293777466 0.24242424242424243 1.0
0 0.01 0.12924325971726744 0.21794509887695312 78.25346803665161 0.24242424242424243 1.0
0 0.01 0.1125726507783501 0.2005479335784912 78.4540159702301 0.24242424242424243 1.0
0 0.01 0.09805232188500161 0.2852311134338379 78.73924708366394 0.2352941176470588 1.0
0 0.01 0.08540491638568569 0.16763710975646973 78.90688419342041 0.2352941176470588 1.0
0 0.01 0.07438885283512764 0.39164209365844727 79.29852628707886 0.2222222222222222 1.0
0 0.01 0.06479371048308594 0.3907930850982666 79.68931937217712 0.2105263157894737 1.0
0 0.01 0.056436209971818335 0.4104950428009033 80.09981441497803 0.20512820512820512 1.0
0 0.01 0.049156712468482675 0.24145817756652832 80.34127259254456 0.20512820512820512 1.0
0 0.01 0.0428161703614703 0.7326691150665283 81.07394170761108 0.19047619047619047 1.0
0 0.01 0.03729347127511503 0.3751392364501953 81.44908094406128 0.19047619047619047 1.0
0 0.01 0.032483124670098805 0.6559789180755615 82.10505986213684 0.18181818181818182 1.0
