[216.40736058 188.4937774  164.18066384 143.00360867 124.55810333
 108.49181534  94.49785828  82.30892987  71.69220614  62.44489425
  54.39035884  47.37474809  41.26405496  35.94155748  31.30558923
  27.26759733  23.75045104  20.68696841  18.01863304  15.69447636
  13.67010404  11.906848    10.37102782   9.03330739   7.86813455
   6.85325305   5.96927734   5.19932239   4.52868107   3.94454329
   3.43575127   2.99258645   2.60658382   2.27037024   1.9775236
   1.72245016   1.5002777    1.30676244   1.138208     0.99139477
   0.86351843   0.75213639   0.65512111   0.57061946   0.49701737
   0.43290895   0.37706963   0.32843281   0.28606948   0.24917044]0 1 312.2098259152708 0.0066928863525390625 0.0066928863525390625 0.0 1.0
0 1 271.93903789811014 0.006633281707763672 0.013326168060302734 0.0 1.0
0 1 236.8626295349813 0.006443023681640625 0.01976919174194336 0.33333333333333337 1.0
0 1 206.31059705097118 0.05814385414123535 0.07791304588317871 0.5714285714285715 1.0
0 1 179.69935797424765 0.0509791374206543 0.128892183303833 0.5714285714285715 1.0
0 1 156.52060397255676 0.0447840690612793 0.1736762523651123 0.5714285714285715 1.0
0 1 136.33159152101595 0.04448294639587402 0.21815919876098633 0.5714285714285715 1.0
0 1 118.74668494067365 0.05736422538757324 0.27552342414855957 0.7499999999999999 1.0
0 1 103.42999026917344 0.05089092254638672 0.3264143466949463 0.7499999999999999 1.0
0 1 90.08893926113359 0.05096602439880371 0.37738037109375 0.7499999999999999 1.0
0 1 78.46870096453189 0.04458904266357422 0.4219694137573242 0.7499999999999999 1.0
0 1 68.34731412713553 0.044400930404663086 0.4663703441619873 0.7499999999999999 1.0
0 1 59.53144745577994 0.050581932067871094 0.5169522762298584 0.6666666666666665 1.0
0 1 51.85270674408604 0.057084083557128906 0.5740363597869873 0.7272727272727272 1.0
0 1 45.16441833008278 0.05049610137939453 0.6245324611663818 0.7272727272727272 1.0
0 1 39.33882744370648 0.06947088241577148 0.6940033435821533 0.6153846153846154 1.0
0 1 34.26465792907022 0.12477993965148926 0.8187832832336426 0.47058823529411764 1.0
0 1 29.84498672911064 0.13770484924316406 0.9564881324768066 0.3636363636363636 1.0
0 1 25.99539253258091 0.18853092193603516 1.1450190544128418 0.3076923076923077 1.0
0 1 22.642343220204207 0.5766940116882324 1.7217130661010742 0.26666666666666666 1.0
0 1 19.721791308170232 0.7058072090148926 2.427520275115967 0.27586206896551724 1.0
0 1 17.177950560167822 0.9786889553070068 3.4062092304229736 0.26666666666666666 1.0
0 1 14.962230399696251 0.8370769023895264 4.2432861328125 0.24242424242424243 1.0
0 1 13.03230776858211 0.648186206817627 4.891472339630127 0.2222222222222222 1.0
0 1 11.351318703025308 0.7752912044525146 5.666763544082642 0.2222222222222222 1.0
0 1 9.887154185253786 0.6698648929595947 6.336628437042236 0.21621621621621623 1.0
0 1 8.611846820663045 0.6670620441436768 7.003690481185913 0.20512820512820512 1.0
0 1 7.501036625197576 0.8337862491607666 7.83747673034668 0.19999999999999998 1.0
0 1 6.53350571883761 0.692274808883667 8.529751539230347 0.20512820512820512 1.0
0 1 5.69077303724795 0.8502159118652344 9.379967451095581 0.18604651162790697 1.0
0 1 4.956741320068812 0.7380890846252441 10.118056535720825 0.1777777777777778 1.0
0 1 4.317389632878279 0.9499912261962891 11.068047761917114 0.16666666666666666 1.0
0 1 3.7605055496069455 6.724234104156494 17.79228186607361 0.1702127659574468 1.0
0 1 3.2754518797500736 1.5125148296356201 19.30479669570923 0.1702127659574468 1.0
0 1 2.8529634845718124 0.9403588771820068 20.245155572891235 0.16666666666666666 1.0
0 1 2.4849703012340436 1.0661747455596924 21.311330318450928 0.163265306122449 1.0
0 1 2.1644431943866964 1.2467677593231201 22.558098077774048 0.163265306122449 1.0
0 1 1.8852596907900219 0.622138261795044 23.180236339569092 0.163265306122449 1.0
0 1 1.6420870323301746 0.5760519504547119 23.756288290023804 0.163265306122449 1.0
0 1 1.4302803135927475 0.5551149845123291 24.311403274536133 0.163265306122449 1.0
0 1 1.2457937582930971 0.5528199672698975 24.86422324180603 0.163265306122449 1.0
0 1 1.0851034398309916 3.0023210048675537 27.866544246673584 0.1568627450980392 1.0
0 1 0.945139969834425 2.633881092071533 30.500425338745117 0.1568627450980392 1.0
0 1 0.823229868958621 3.7445738315582275 34.244999170303345 0.1568627450980392 1.0
0 1 0.7170445000483404 7.668302774429321 41.913301944732666 0.15384615384615383 1.0
0 1 0.624555588222246 6.941524982452393 48.85482692718506 0.1509433962264151 1.0
0 1 0.5439964782567033 5.0565760135650635 53.91140294075012 0.1509433962264151 1.0
0 1 0.4738283892360109 4.507465124130249 58.41886806488037 0.1509433962264151 1.0
0 1 0.4127110218901976 4.745559930801392 63.16442799568176 0.1481481481481481 1.0
0 1 0.3594769571833539 4.488135099411011 67.65256309509277 0.1481481481481481 1.0
0 0.1 130.20161032759302 0.006418943405151367 67.65898203849792 0.0 1.0
0 0.1 113.40738729625762 0.0066509246826171875 67.66563296318054 0.0 1.0
0 0.1 98.77938883400856 0.006307125091552734 67.6719400882721 0.0 1.0
0 0.1 86.03820166433057 0.0064280033111572266 67.67836809158325 0.0 1.0
0 0.1 74.9404529934022 0.006442070007324219 67.68481016159058 0.0 1.0
0 0.1 65.27416178184274 0.006710052490234375 67.69152021408081 0.0 1.0
0 0.1 56.854689638682785 0.00651097297668457 67.6980311870575 0.0 1.0
0 0.1 49.52121399451067 0.05134987831115723 67.74938106536865 0.5714285714285715 1.0
0 0.1 43.13365618693992 0.03821301460266113 67.78759407997131 0.5714285714285715 1.0
0 0.1 37.570005780944214 0.03826093673706055 67.82585501670837 0.5714285714285715 1.0
0 0.1 32.7239900151928 0.03817892074584961 67.86403393745422 0.5714285714285715 1.0
0 0.1 28.503043857863506 0.037915945053100586 67.90194988250732 0.5714285714285715 1.0
0 0.1 24.826541897430772 0.0381166934967041 67.94006657600403 0.5714285714285715 1.0
0 0.1 21.624258295306348 0.050779104232788086 67.99084568023682 0.7499999999999999 1.0
0 0.1 18.835025383479486 0.04426383972167969 68.0351095199585 0.7499999999999999 1.0
0 0.1 16.405565284674683 0.04439902305603027 68.07950854301453 0.7499999999999999 1.0
0 0.1 14.289472237493916 0.03804206848144531 68.11755061149597 0.7499999999999999 1.0
0 0.1 12.446326187665905 0.038254737854003906 68.15580534934998 0.7499999999999999 1.0
0 0.1 10.840920713874212 0.038079023361206055 68.19388437271118 0.7499999999999999 1.0
0 0.1 9.44259054057033 0.03816413879394531 68.23204851150513 0.7499999999999999 1.0
0 0.1 8.224625792416147 0.0380711555480957 68.27011966705322 0.7499999999999999 1.0
0 0.1 7.163761801874259 0.051885128021240234 68.32200479507446 0.888888888888889 1.0
0 0.1 6.239734724625884 0.06338095664978027 68.38538575172424 0.7272727272727272 1.0
0 0.1 5.43489447450858 0.0506749153137207 68.43606066703796 0.7272727272727272 1.0
0 0.1 4.733867584541418 0.05095815658569336 68.48701882362366 0.7272727272727272 1.0
0 0.1 4.123263554256632 0.14310693740844727 68.6301257610321 0.6153846153846154 1.0
0 0.1 3.591419074200402 0.08282303810119629 68.7129487991333 0.5333333333333333 1.0
0 0.1 3.128175241967003 0.23656201362609863 68.9495108127594 0.4210526315789473 1.0
0 0.1 2.7246835143108377 0.19682812690734863 69.14633893966675 0.38095238095238093 1.0
0 0.1 2.373236688776134 0.1719989776611328 69.31833791732788 0.38095238095238093 1.0
0 0.1 2.0671216863796724 0.439953088760376 69.75829100608826 0.3333333333333333 1.0
0 0.1 1.8004913233094775 0.4018540382385254 70.16014504432678 0.3076923076923077 1.0
0 0.1 1.5682526223167341 0.39035892486572266 70.5505039691925 0.2857142857142857 1.0
0 0.1 1.3659695304072161 0.48384690284729004 71.0343508720398 0.2962962962962963 1.0
0 0.1 1.1897781846170337 0.41399288177490234 71.4483437538147 0.26666666666666666 1.0
0 0.1 1.036313107341863 0.28240418434143066 71.73074793815613 0.26666666666666666 1.0
0 0.1 0.9026429214570189 0.8446600437164307 72.57540798187256 0.24242424242424243 1.0
0 0.1 0.786214357305898 0.710763692855835 73.2861716747284 0.2352941176470588 1.0
0 0.1 0.6848034820193963 0.498258113861084 73.78442978858948 0.2222222222222222 1.0
0 0.1 0.5964732195846044 1.2796311378479004 75.06406092643738 0.21621621621621623 1.0
0 0.1 0.5195363502423698 3.326517105102539 78.39057803153992 0.19999999999999998 1.0
0 0.1 0.4525232824553942 5.3728601932525635 83.76343822479248 0.19512195121951217 1.0
0 0.1 0.3941539818506903 1.565429925918579 85.32886815071106 0.19512195121951217 1.0
0 0.1 0.34331352094368267 1.3840179443359375 86.712886095047 0.19047619047619047 1.0
0 0.1 0.2990307826127625 7.940295934677124 94.65318202972412 0.25 1.0
0 0.1 0.2604599105337001 0.8867321014404297 95.53991413116455 0.25 1.0
0 0.1 0.22686415225376097 0.7030909061431885 96.24300503730774 0.24390243902439027 1.0
0 0.1 0.19760178628779224 0.8362147808074951 97.07921981811523 0.24390243902439027 1.0
0 0.1 0.17211386442601356 0.6739470958709717 97.7531669139862 0.24390243902439027 1.0
0 0.1 0.14991353511608546 0.5549917221069336 98.30815863609314 0.24390243902439027 1.0
0 0.01 28.211963230963963 0.006306886672973633 98.31446552276611 0.33333333333333337 1.0
0 0.01 24.573006681497752 0.04495811462402344 98.35942363739014 0.5714285714285715 1.0
0 0.01 21.403425646968028 0.03807830810546875 98.3975019454956 0.5714285714285715 1.0
0 0.01 18.642677119777133 0.03807520866394043 98.43557715415955 0.5714285714285715 1.0
0 0.01 16.238027310431736 0.03828692436218262 98.47386407852173 0.5714285714285715 1.0
0 0.01 14.143544365449966 0.038211822509765625 98.5120759010315 0.5714285714285715 1.0
0 0.01 12.319221010851523 0.038121938705444336 98.55019783973694 0.5714285714285715 1.0
0 0.01 10.730210362611421 0.031976938247680664 98.58217477798462 0.5714285714285715 1.0
0 0.01 9.346160307090315 0.05071401596069336 98.63288879394531 0.7499999999999999 1.0
0 0.01 8.140633737265514 0.03813576698303223 98.67102456092834 0.7499999999999999 1.0
0 0.01 7.090603570541246 0.03815293312072754 98.70917749404907 0.7499999999999999 1.0
0 0.01 6.176012902339531 0.03799319267272949 98.7471706867218 0.7499999999999999 1.0
0 0.01 5.379391893848717 0.03823423385620117 98.785404920578 0.7499999999999999 1.0
0 0.01 4.685524076001097 0.03815007209777832 98.82355499267578 0.7499999999999999 1.0
0 0.01 4.081155695663349 0.03797507286071777 98.8615300655365 0.7499999999999999 1.0
0 0.01 3.554742552184356 0.03846597671508789 98.89999604225159 0.7499999999999999 1.0
0 0.01 3.09622948855821 0.038435935974121094 98.93843197822571 0.7499999999999999 1.0
0 0.01 2.6968583252045994 0.05152010917663574 98.98995208740234 0.888888888888889 1.0
0 0.01 2.349000567658869 0.03225588798522949 99.02220797538757 0.888888888888889 1.0
0 0.01 2.046011692676912 0.05826115608215332 99.08046913146973 0.7272727272727272 1.0
0 0.01 1.7821042294352372 0.045300960540771484 99.1257700920105 0.7272727272727272 1.0
0 0.01 1.5522372115164986 0.0911109447479248 99.21688103675842 0.6666666666666666 1.0
0 0.01 1.3520198880735976 0.08407187461853027 99.30095291137695 0.5714285714285714 1.0
0 0.01 1.1776278549337647 0.11633110046386719 99.41728401184082 0.5000000000000001 1.0
0 0.01 1.0257300036406054 0.1280839443206787 99.5453679561615 0.47058823529411764 1.0
0 0.01 0.8934248930683893 0.12924504280090332 99.6746129989624 0.4444444444444444 1.0
0 0.01 0.7781853282259436 0.10394763946533203 99.77856063842773 0.4444444444444444 1.0
0 0.01 0.6778100876351608 0.16640996932983398 99.94497060775757 0.3478260869565218 1.0
0 0.01 0.590381877216004 0.12176084518432617 100.0667314529419 0.3478260869565218 1.0
0 0.01 0.5142307075440048 0.1174311637878418 100.18416261672974 0.3478260869565218 1.0
0 0.01 0.44790199493955546 0.2305901050567627 100.4147527217865 0.32000000000000006 1.0
0 0.01 0.39012877707943217 0.1551680564880371 100.56992077827454 0.32000000000000006 1.0
0 0.01 0.33980751241358653 0.14871811866760254 100.71863889694214 0.32000000000000006 1.0
0 0.01 0.2959770011254507 0.14839816093444824 100.86703705787659 0.32000000000000006 1.0
0 0.01 0.2578000249994245 0.18600201606750488 101.05303907394409 0.2962962962962963 1.0
0 0.01 0.22454735549379537 0.17461681365966797 101.22765588760376 0.2857142857142857 1.0
0 0.01 0.19558382455304058 0.14177703857421875 101.36943292617798 0.2857142857142857 1.0
0 0.01 0.1703561920944177 0.5441699028015137 101.91360282897949 0.24242424242424243 1.0
0 0.01 0.14838257842248037 0.33060407638549805 102.24420690536499 0.24242424242424243 1.0
0 0.01 0.12924325971726744 0.29961180686950684 102.5438187122345 0.24242424242424243 1.0
0 0.01 0.1125726507783501 0.28351521492004395 102.82733392715454 0.24242424242424243 1.0
0 0.01 0.09805232188500161 0.36509013175964355 103.19242405891418 0.2352941176470588 1.0
0 0.01 0.08540491638568569 0.24416637420654297 103.43659043312073 0.2352941176470588 1.0
0 0.01 0.07438885283512764 0.4744429588317871 103.91103339195251 0.2222222222222222 1.0
0 0.01 0.06479371048308594 0.4890451431274414 104.40007853507996 0.2105263157894737 1.0
0 0.01 0.056436209971818335 0.5189492702484131 104.91902780532837 0.20512820512820512 1.0
0 0.01 0.049156712468482675 0.33994412422180176 105.25897192955017 0.20512820512820512 1.0
0 0.01 0.0428161703614703 0.9023213386535645 106.16129326820374 0.19047619047619047 1.0
0 0.01 0.03729347127511503 0.5262258052825928 106.68751907348633 0.19047619047619047 1.0
0 0.01 0.032483124670098805 0.8209078311920166 107.50842690467834 0.18181818181818182 1.0
