[216.40736058 188.4937774  164.18066384 143.00360867 124.55810333
 108.49181534  94.49785828  82.30892987  71.69220614  62.44489425
  54.39035884  47.37474809  41.26405496  35.94155748  31.30558923
  27.26759733  23.75045104  20.68696841  18.01863304  15.69447636
  13.67010404  11.906848    10.37102782   9.03330739   7.86813455
   6.85325305   5.96927734   5.19932239   4.52868107   3.94454329
   3.43575127   2.99258645   2.60658382   2.27037024   1.9775236
   1.72245016   1.5002777    1.30676244   1.138208     0.99139477
   0.86351843   0.75213639   0.65512111   0.57061946   0.49701737
   0.43290895   0.37706963   0.32843281   0.28606948   0.24917044]0 1 312.2098259152708 0.0005209445953369141 0.0005209445953369141 0.0 1.0
0 1 271.93903789811014 0.0005388259887695312 0.0010597705841064453 0.0 1.0
0 1 236.8626295349813 0.005372047424316406 0.0064318180084228516 0.33333333333333337 1.0
0 1 206.31059705097118 0.025469064712524414 0.031900882720947266 0.5714285714285715 1.0
0 1 179.69935797424765 0.016849756240844727 0.04875063896179199 0.5714285714285715 1.0
0 1 156.52060397255676 0.013494014739990234 0.06224465370178223 0.5714285714285715 1.0
0 1 136.33159152101595 0.011813879013061523 0.07405853271484375 0.5714285714285715 1.0
0 1 118.74668494067365 0.011893987655639648 0.0859525203704834 0.7499999999999999 1.0
0 1 103.42999026917344 0.01116323471069336 0.09711575508117676 0.7499999999999999 1.0
0 1 90.08893926113359 0.010681867599487305 0.10779762268066406 0.7499999999999999 1.0
0 1 78.46870096453189 0.01034402847290039 0.11814165115356445 0.7499999999999999 1.0
0 1 68.34731412713553 0.009604930877685547 0.12774658203125 0.7499999999999999 1.0
0 1 59.53144745577994 0.014496088027954102 0.1422426700592041 0.6666666666666665 1.0
0 1 51.85270674408604 0.010528087615966797 0.1527707576751709 0.7272727272727272 1.0
0 1 45.16441833008278 0.011008977890014648 0.16377973556518555 0.7272727272727272 1.0
0 1 39.33882744370648 0.013938188552856445 0.177717924118042 0.6153846153846154 1.0
0 1 34.26465792907022 0.021416187286376953 0.19913411140441895 0.47058823529411764 1.0
0 1 29.84498672911064 0.03394889831542969 0.23308300971984863 0.3636363636363636 1.0
0 1 25.99539253258091 0.04092073440551758 0.2740037441253662 0.3076923076923077 1.0
0 1 22.642343220204207 0.11333823204040527 0.3873419761657715 0.26666666666666666 1.0
0 1 19.721791308170232 0.1394040584564209 0.5267460346221924 0.27586206896551724 1.0
0 1 17.177950560167822 0.20360088348388672 0.7303469181060791 0.26666666666666666 1.0
0 1 14.962230399696251 0.1790769100189209 0.909423828125 0.24242424242424243 1.0
0 1 13.03230776858211 0.15693998336791992 1.06636381149292 0.2222222222222222 1.0
0 1 11.351318703025308 0.1874701976776123 1.2538340091705322 0.2222222222222222 1.0
0 1 9.887154185253786 0.15575003623962402 1.4095840454101562 0.21621621621621623 1.0
0 1 8.611846820663045 0.15261602401733398 1.5622000694274902 0.20512820512820512 1.0
0 1 7.501036625197576 0.17268109321594238 1.7348811626434326 0.19999999999999998 1.0
0 1 6.53350571883761 0.1442420482635498 1.8791232109069824 0.20512820512820512 1.0
0 1 5.69077303724795 0.19604897499084473 2.075172185897827 0.18604651162790697 1.0
0 1 4.956741320068812 0.16721701622009277 2.24238920211792 0.1777777777777778 1.0
0 1 4.317389632878279 0.20560789108276367 2.4479970932006836 0.16666666666666666 1.0
0 1 3.7605055496069455 1.8753600120544434 4.323357105255127 0.1702127659574468 1.0
0 1 3.2754518797500736 0.4319040775299072 4.755261182785034 0.1702127659574468 1.0
0 1 2.8529634845718124 0.24194836616516113 4.997209548950195 0.16666666666666666 1.0
0 1 2.4849703012340436 0.18350601196289062 5.180715560913086 0.163265306122449 1.0
0 1 2.1644431943866964 0.34273314476013184 5.523448705673218 0.163265306122449 1.0
0 1 1.8852596907900219 0.201308012008667 5.724756717681885 0.163265306122449 1.0
0 1 1.6420870323301746 0.17991304397583008 5.904669761657715 0.163265306122449 1.0
0 1 1.4302803135927475 0.16564583778381348 6.070315599441528 0.163265306122449 1.0
0 1 1.2457937582930971 0.15394830703735352 6.224263906478882 0.163265306122449 1.0
0 1 1.0851034398309916 0.7014689445495605 6.925732851028442 0.1568627450980392 1.0
0 1 0.945139969834425 0.6815469264984131 7.6072797775268555 0.1568627450980392 1.0
0 1 0.823229868958621 0.8937656879425049 8.50104546546936 0.1568627450980392 1.0
0 1 0.7170445000483404 1.5027918815612793 10.00383734703064 0.15384615384615383 1.0
0 1 0.624555588222246 1.6761949062347412 11.68003225326538 0.1509433962264151 1.0
0 1 0.5439964782567033 1.1563358306884766 12.836368083953857 0.1509433962264151 1.0
0 1 0.4738283892360109 0.9991087913513184 13.835476875305176 0.1509433962264151 1.0
0 1 0.4127110218901976 1.0290062427520752 14.864483118057251 0.1481481481481481 1.0
0 1 0.3594769571833539 0.9957098960876465 15.860193014144897 0.1481481481481481 1.0
0 0.1 130.20161032759302 0.0004961490631103516 15.860689163208008 0.0 1.0
0 0.1 113.40738729625762 0.0004799365997314453 15.86116909980774 0.0 1.0
0 0.1 98.77938883400856 0.0005121231079101562 15.86168122291565 0.0 1.0
0 0.1 86.03820166433057 0.0005130767822265625 15.862194299697876 0.0 1.0
0 0.1 74.9404529934022 0.0005652904510498047 15.862759590148926 0.0 1.0
0 0.1 65.27416178184274 0.0005660057067871094 15.863325595855713 0.0 1.0
0 0.1 56.854689638682785 0.0006031990051269531 15.86392879486084 0.0 1.0
0 0.1 49.52121399451067 0.014356851577758789 15.878285646438599 0.5714285714285715 1.0
0 0.1 43.13365618693992 0.010643959045410156 15.888929605484009 0.5714285714285715 1.0
0 0.1 37.570005780944214 0.01000666618347168 15.89893627166748 0.5714285714285715 1.0
0 0.1 32.7239900151928 0.009037017822265625 15.907973289489746 0.5714285714285715 1.0
0 0.1 28.503043857863506 0.008909940719604492 15.91688323020935 0.5714285714285715 1.0
0 0.1 24.826541897430772 0.007963895797729492 15.92484712600708 0.5714285714285715 1.0
0 0.1 21.624258295306348 0.007338047027587891 15.932185173034668 0.5714285714285715 1.0
0 0.1 18.835025383479486 0.010324954986572266 15.94251012802124 0.7499999999999999 1.0
0 0.1 16.405565284674683 0.008331775665283203 15.950841903686523 0.7499999999999999 1.0
0 0.1 14.289472237493916 0.008573055267333984 15.959414958953857 0.7499999999999999 1.0
0 0.1 12.446326187665905 0.007910013198852539 15.96732497215271 0.7499999999999999 1.0
0 0.1 10.840920713874212 0.007882833480834961 15.975207805633545 0.7499999999999999 1.0
0 0.1 9.44259054057033 0.0077381134033203125 15.982945919036865 0.7499999999999999 1.0
0 0.1 8.224625792416147 0.006330966949462891 15.989276885986328 0.7499999999999999 1.0
0 0.1 7.163761801874259 0.009025096893310547 15.998301982879639 0.7499999999999999 1.0
0 0.1 6.239734724625884 0.01202702522277832 16.010329008102417 0.7272727272727272 1.0
0 0.1 5.43489447450858 0.009286165237426758 16.019615173339844 0.7272727272727272 1.0
0 0.1 4.733867584541418 0.008057832717895508 16.02767300605774 0.7272727272727272 1.0
0 0.1 4.123263554256632 0.024771928787231445 16.05244493484497 0.6153846153846154 1.0
0 0.1 3.591419074200402 0.02134084701538086 16.07378578186035 0.5714285714285714 1.0
0 0.1 3.128175241967003 0.04523015022277832 16.11901593208313 0.4210526315789473 1.0
0 0.1 2.7246835143108377 0.022788047790527344 16.141803979873657 0.4210526315789473 1.0
0 0.1 2.373236688776134 0.03732013702392578 16.179124116897583 0.38095238095238093 1.0
0 0.1 2.0671216863796724 0.06383109092712402 16.242955207824707 0.3478260869565218 1.0
0 0.1 1.8004913233094775 0.14777398109436035 16.390729188919067 0.32000000000000006 1.0
0 0.1 1.5682526223167341 0.17437982559204102 16.56510901451111 0.2857142857142857 1.0
0 0.1 1.3659695304072161 0.12565398216247559 16.690762996673584 0.27586206896551724 1.0
0 0.1 1.1897781846170337 0.1536540985107422 16.844417095184326 0.25806451612903225 1.0
0 0.1 1.036313107341863 0.0814518928527832 16.92586898803711 0.25806451612903225 1.0
0 0.1 0.9026429214570189 0.11233997344970703 17.038208961486816 0.24242424242424243 1.0
0 0.1 0.786214357305898 0.13252496719360352 17.17073392868042 0.2352941176470588 1.0
0 0.1 0.6848034820193963 0.07963895797729492 17.250372886657715 0.2352941176470588 1.0
0 0.1 0.5964732195846044 0.3617689609527588 17.612141847610474 0.2285714285714286 1.0
0 0.1 0.5195363502423698 0.4670681953430176 18.07921004295349 0.2222222222222222 1.0
0 0.1 0.4525232824553942 0.6079988479614258 18.687208890914917 0.20512820512820512 1.0
0 0.1 0.3941539818506903 0.8701481819152832 19.5573570728302 0.19999999999999998 1.0
0 0.1 0.34331352094368267 0.4217650890350342 19.979122161865234 0.19512195121951217 1.0
0 0.1 0.2990307826127625 0.36249804496765137 20.341620206832886 0.19047619047619047 1.0
0 0.1 0.2604599105337001 0.6378588676452637 20.97947907447815 0.18181818181818182 1.0
0 0.1 0.22686415225376097 0.37340402603149414 21.352883100509644 0.18181818181818182 1.0
0 0.1 0.19760178628779224 0.16667413711547852 21.519557237625122 0.18181818181818182 1.0
0 0.1 0.17211386442601356 0.11319613456726074 21.632753372192383 0.18181818181818182 1.0
0 0.1 0.14991353511608546 1.919806957244873 23.552560329437256 0.1739130434782609 1.0
0 0.01 28.211963230963963 0.0005929470062255859 23.55315327644348 0.0 1.0
0 0.01 24.573006681497752 0.011976003646850586 23.565129280090332 0.5714285714285715 1.0
0 0.01 21.403425646968028 0.008296966552734375 23.573426246643066 0.5714285714285715 1.0
0 0.01 18.642677119777133 0.008389949798583984 23.58181619644165 0.5714285714285715 1.0
0 0.01 16.238027310431736 0.00801992416381836 23.58983612060547 0.5714285714285715 1.0
0 0.01 14.143544365449966 0.008049964904785156 23.597886085510254 0.5714285714285715 1.0
0 0.01 12.319221010851523 0.0072879791259765625 23.60517406463623 0.5714285714285715 1.0
0 0.01 10.730210362611421 0.006910085678100586 23.61208415031433 0.5714285714285715 1.0
0 0.01 9.346160307090315 0.01010894775390625 23.622193098068237 0.7499999999999999 1.0
0 0.01 8.140633737265514 0.007963895797729492 23.630156993865967 0.7499999999999999 1.0
0 0.01 7.090603570541246 0.007396697998046875 23.637553691864014 0.7499999999999999 1.0
0 0.01 6.176012902339531 0.007447957992553711 23.645001649856567 0.7499999999999999 1.0
0 0.01 5.379391893848717 0.007411003112792969 23.65241265296936 0.7499999999999999 1.0
0 0.01 4.685524076001097 0.0074651241302490234 23.65987777709961 0.7499999999999999 1.0
0 0.01 4.081155695663349 0.006955862045288086 23.666833639144897 0.7499999999999999 1.0
0 0.01 3.554742552184356 0.0068471431732177734 23.673680782318115 0.7499999999999999 1.0
0 0.01 3.09622948855821 0.00539708137512207 23.679077863693237 0.7499999999999999 1.0
0 0.01 2.6968583252045994 0.005198955535888672 23.684276819229126 0.7499999999999999 1.0
0 0.01 2.349000567658869 0.007503032684326172 23.691779851913452 0.7499999999999999 1.0
0 0.01 2.046011692676912 0.012043952941894531 23.703823804855347 0.7272727272727272 1.0
0 0.01 1.7821042294352372 0.007588863372802734 23.71141266822815 0.7272727272727272 1.0
0 0.01 1.5522372115164986 0.007617950439453125 23.719030618667603 0.7272727272727272 1.0
0 0.01 1.3520198880735976 0.02060985565185547 23.739640474319458 0.6153846153846154 1.0
0 0.01 1.1776278549337647 0.014519929885864258 23.754160404205322 0.6153846153846154 1.0
0 0.01 1.0257300036406054 0.028409957885742188 23.782570362091064 0.4210526315789473 1.0
0 0.01 0.8934248930683893 0.01618790626525879 23.798758268356323 0.4210526315789473 1.0
0 0.01 0.7781853282259436 0.015444278717041016 23.814202547073364 0.4210526315789473 1.0
0 0.01 0.6778100876351608 0.015744924545288086 23.829947471618652 0.4210526315789473 1.0
0 0.01 0.590381877216004 0.035431861877441406 23.865379333496094 0.3636363636363636 1.0
0 0.01 0.5142307075440048 0.028779983520507812 23.8941593170166 0.3636363636363636 1.0
0 0.01 0.44790199493955546 0.05615592002868652 23.950315237045288 0.3076923076923077 1.0
0 0.01 0.39012877707943217 0.051641225814819336 24.001956462860107 0.2962962962962963 1.0
0 0.01 0.33980751241358653 0.05125713348388672 24.053213596343994 0.2857142857142857 1.0
0 0.01 0.2959770011254507 0.0331273078918457 24.08634090423584 0.2857142857142857 1.0
0 0.01 0.2578000249994245 0.03271198272705078 24.11905288696289 0.2857142857142857 1.0
0 0.01 0.22454735549379537 0.06166386604309082 24.18071675300598 0.25806451612903225 1.0
0 0.01 0.19558382455304058 0.04489016532897949 24.22560691833496 0.25806451612903225 1.0
0 0.01 0.1703561920944177 0.043434858322143555 24.269041776657104 0.25806451612903225 1.0
0 0.01 0.14838257842248037 0.0425410270690918 24.311582803726196 0.25806451612903225 1.0
0 0.01 0.12924325971726744 0.04183316230773926 24.353415966033936 0.25806451612903225 1.0
0 0.01 0.1125726507783501 0.04006075859069824 24.393476724624634 0.25806451612903225 1.0
0 0.01 0.09805232188500161 0.0337071418762207 24.427183866500854 0.25806451612903225 1.0
0 0.01 0.08540491638568569 0.21001791954040527 24.63720178604126 0.2105263157894737 1.0
0 0.01 0.07438885283512764 0.24486398696899414 24.882065773010254 0.21621621621621623 1.0
0 0.01 0.06479371048308594 0.0953681468963623 24.977433919906616 0.21621621621621623 1.0
0 0.01 0.056436209971818335 0.08565926551818848 25.063093185424805 0.21621621621621623 1.0
0 0.01 0.049156712468482675 0.13882899284362793 25.201922178268433 0.2105263157894737 1.0
0 0.01 0.0428161703614703 0.07534909248352051 25.277271270751953 0.2105263157894737 1.0
0 0.01 0.03729347127511503 0.14754915237426758 25.42482042312622 0.20512820512820512 1.0
0 0.01 0.032483124670098805 0.15575718879699707 25.580577611923218 0.19999999999999998 1.0
