[216.40736058 188.4937774  164.18066384 143.00360867 124.55810333
 108.49181534  94.49785828  82.30892987  71.69220614  62.44489425
  54.39035884  47.37474809  41.26405496  35.94155748  31.30558923
  27.26759733  23.75045104  20.68696841  18.01863304  15.69447636
  13.67010404  11.906848    10.37102782   9.03330739   7.86813455
   6.85325305   5.96927734   5.19932239   4.52868107   3.94454329
   3.43575127   2.99258645   2.60658382   2.27037024   1.9775236
   1.72245016   1.5002777    1.30676244   1.138208     0.99139477
   0.86351843   0.75213639   0.65512111   0.57061946   0.49701737
   0.43290895   0.37706963   0.32843281   0.28606948   0.24917044]0 1 312.2098259152708 0.0005028247833251953 0.0005028247833251953 0.0 1.0
0 1 271.93903789811014 0.0005257129669189453 0.0010285377502441406 0.0 1.0
0 1 236.8626295349813 0.006297111511230469 0.007325649261474609 0.33333333333333337 1.0
0 1 206.31059705097118 0.02946925163269043 0.03679490089416504 0.5714285714285715 1.0
0 1 179.69935797424765 0.018834829330444336 0.055629730224609375 0.5714285714285715 1.0
0 1 156.52060397255676 0.01612710952758789 0.07175683975219727 0.5714285714285715 1.0
0 1 136.33159152101595 0.014405965805053711 0.08616280555725098 0.5714285714285715 1.0
0 1 118.74668494067365 0.013692140579223633 0.09985494613647461 0.7499999999999999 1.0
0 1 103.42999026917344 0.012650012969970703 0.11250495910644531 0.7499999999999999 1.0
0 1 90.08893926113359 0.01235818862915039 0.1248631477355957 0.7499999999999999 1.0
0 1 78.46870096453189 0.012189865112304688 0.1370530128479004 0.7499999999999999 1.0
0 1 68.34731412713553 0.011805057525634766 0.14885807037353516 0.7499999999999999 1.0
0 1 59.53144745577994 0.018152952194213867 0.16701102256774902 0.6666666666666665 1.0
0 1 51.85270674408604 0.012736082077026367 0.1797471046447754 0.7272727272727272 1.0
0 1 45.16441833008278 0.01304483413696289 0.19279193878173828 0.7272727272727272 1.0
0 1 39.33882744370648 0.01765298843383789 0.21044492721557617 0.6153846153846154 1.0
0 1 34.26465792907022 0.02665400505065918 0.23709893226623535 0.47058823529411764 1.0
0 1 29.84498672911064 0.04021000862121582 0.27730894088745117 0.3636363636363636 1.0
0 1 25.99539253258091 0.05298304557800293 0.3302919864654541 0.3076923076923077 1.0
0 1 22.642343220204207 0.14713501930236816 0.47742700576782227 0.26666666666666666 1.0
0 1 19.721791308170232 0.1899268627166748 0.6673538684844971 0.27586206896551724 1.0
0 1 17.177950560167822 0.24817395210266113 0.9155278205871582 0.26666666666666666 1.0
0 1 14.962230399696251 0.22549200057983398 1.1410198211669922 0.24242424242424243 1.0
0 1 13.03230776858211 0.19179582595825195 1.3328156471252441 0.2222222222222222 1.0
0 1 11.351318703025308 0.23569202423095703 1.5685076713562012 0.2222222222222222 1.0
0 1 9.887154185253786 0.1941990852355957 1.7627067565917969 0.21621621621621623 1.0
0 1 8.611846820663045 0.19684290885925293 1.9595496654510498 0.20512820512820512 1.0
0 1 7.501036625197576 0.22794890403747559 2.1874985694885254 0.19999999999999998 1.0
0 1 6.53350571883761 0.19012713432312012 2.3776257038116455 0.20512820512820512 1.0
0 1 5.69077303724795 0.2593357563018799 2.6369614601135254 0.18604651162790697 1.0
0 1 4.956741320068812 0.23137974739074707 2.8683412075042725 0.1777777777777778 1.0
0 1 4.317389632878279 0.295900821685791 3.1642420291900635 0.16666666666666666 1.0
0 1 3.7605055496069455 2.212859869003296 5.377101898193359 0.1702127659574468 1.0
0 1 3.2754518797500736 0.5310559272766113 5.908157825469971 0.1702127659574468 1.0
0 1 2.8529634845718124 0.36336374282836914 6.27152156829834 0.16666666666666666 1.0
0 1 2.4849703012340436 0.3004150390625 6.57193660736084 0.163265306122449 1.0
0 1 2.1644431943866964 0.440967321395874 7.012903928756714 0.163265306122449 1.0
0 1 1.8852596907900219 0.29167699813842773 7.304580926895142 0.163265306122449 1.0
0 1 1.6420870323301746 0.2737710475921631 7.578351974487305 0.163265306122449 1.0
0 1 1.4302803135927475 0.25257086753845215 7.830922842025757 0.163265306122449 1.0
0 1 1.2457937582930971 0.2399749755859375 8.070897817611694 0.163265306122449 1.0
0 1 1.0851034398309916 1.008310079574585 9.07920789718628 0.1568627450980392 1.0
0 1 0.945139969834425 0.9855070114135742 10.064714908599854 0.1568627450980392 1.0
0 1 0.823229868958621 1.135970115661621 11.200685024261475 0.1568627450980392 1.0
0 1 0.7170445000483404 2.015000104904175 13.21568512916565 0.15384615384615383 1.0
0 1 0.624555588222246 2.376394033432007 15.592079162597656 0.1509433962264151 1.0
0 1 0.5439964782567033 1.7801270484924316 17.372206211090088 0.1509433962264151 1.0
0 1 0.4738283892360109 1.596433162689209 18.968639373779297 0.1509433962264151 1.0
0 1 0.4127110218901976 1.6505348682403564 20.619174242019653 0.1481481481481481 1.0
0 1 0.3594769571833539 1.588057041168213 22.207231283187866 0.1481481481481481 1.0
0 0.1 130.20161032759302 0.00048089027404785156 22.207712173461914 0.0 1.0
0 0.1 113.40738729625762 0.00047779083251953125 22.208189964294434 0.0 1.0
0 0.1 98.77938883400856 0.0005071163177490234 22.208697080612183 0.0 1.0
0 0.1 86.03820166433057 0.0005109310150146484 22.209208011627197 0.0 1.0
0 0.1 74.9404529934022 0.0005459785461425781 22.20975399017334 0.0 1.0
0 0.1 65.27416178184274 0.000576019287109375 22.21033000946045 0.0 1.0
0 0.1 56.854689638682785 0.0006170272827148438 22.210947036743164 0.0 1.0
0 0.1 49.52121399451067 0.01588296890258789 22.226830005645752 0.5714285714285715 1.0
0 0.1 43.13365618693992 0.01189112663269043 22.238721132278442 0.5714285714285715 1.0
0 0.1 37.570005780944214 0.011446237564086914 22.25016736984253 0.5714285714285715 1.0
0 0.1 32.7239900151928 0.011021614074707031 22.261188983917236 0.5714285714285715 1.0
0 0.1 28.503043857863506 0.010402917861938477 22.271591901779175 0.5714285714285715 1.0
0 0.1 24.826541897430772 0.009447097778320312 22.281038999557495 0.5714285714285715 1.0
0 0.1 21.624258295306348 0.009508132934570312 22.290547132492065 0.5714285714285715 1.0
0 0.1 18.835025383479486 0.01252293586730957 22.303070068359375 0.7499999999999999 1.0
0 0.1 16.405565284674683 0.009878158569335938 22.31294822692871 0.7499999999999999 1.0
0 0.1 14.289472237493916 0.009704113006591797 22.322652339935303 0.7499999999999999 1.0
0 0.1 12.446326187665905 0.01010894775390625 22.33276128768921 0.7499999999999999 1.0
0 0.1 10.840920713874212 0.009534120559692383 22.3422954082489 0.7499999999999999 1.0
0 0.1 9.44259054057033 0.009350299835205078 22.351645708084106 0.7499999999999999 1.0
0 0.1 8.224625792416147 0.007936954498291016 22.359582662582397 0.7499999999999999 1.0
0 0.1 7.163761801874259 0.011338949203491211 22.37092161178589 0.7499999999999999 1.0
0 0.1 6.239734724625884 0.014641046524047852 22.385562658309937 0.7272727272727272 1.0
0 0.1 5.43489447450858 0.011282920837402344 22.39684557914734 0.7272727272727272 1.0
0 0.1 4.733867584541418 0.009673357009887695 22.406518936157227 0.7272727272727272 1.0
0 0.1 4.123263554256632 0.029278993606567383 22.435797929763794 0.6153846153846154 1.0
0 0.1 3.591419074200402 0.02599310874938965 22.461791038513184 0.5714285714285714 1.0
0 0.1 3.128175241967003 0.0522921085357666 22.51408314704895 0.4210526315789473 1.0
0 0.1 2.7246835143108377 0.02906513214111328 22.543148279190063 0.4210526315789473 1.0
0 0.1 2.373236688776134 0.04368782043457031 22.586836099624634 0.38095238095238093 1.0
0 0.1 2.0671216863796724 0.07900691032409668 22.66584300994873 0.3478260869565218 1.0
0 0.1 1.8004913233094775 0.16845011711120605 22.834293127059937 0.32000000000000006 1.0
0 0.1 1.5682526223167341 0.18412208557128906 23.018415212631226 0.2857142857142857 1.0
0 0.1 1.3659695304072161 0.15691709518432617 23.17533230781555 0.27586206896551724 1.0
0 0.1 1.1897781846170337 0.20376992225646973 23.37910223007202 0.25806451612903225 1.0
0 0.1 1.036313107341863 0.10280108451843262 23.481903314590454 0.25806451612903225 1.0
0 0.1 0.9026429214570189 0.14823412895202637 23.63013744354248 0.24242424242424243 1.0
0 0.1 0.786214357305898 0.16266107559204102 23.79279851913452 0.2352941176470588 1.0
0 0.1 0.6848034820193963 0.10483407974243164 23.897632598876953 0.2352941176470588 1.0
0 0.1 0.5964732195846044 0.4427940845489502 24.340426683425903 0.2285714285714286 1.0
0 0.1 0.5195363502423698 0.5885980129241943 24.929024696350098 0.2222222222222222 1.0
0 0.1 0.4525232824553942 0.672569990158081 25.60159468650818 0.20512820512820512 1.0
0 0.1 0.3941539818506903 0.9720449447631836 26.573639631271362 0.19999999999999998 1.0
0 0.1 0.34331352094368267 0.5419282913208008 27.115567922592163 0.19512195121951217 1.0
0 0.1 0.2990307826127625 0.4227619171142578 27.53832983970642 0.19047619047619047 1.0
0 0.1 0.2604599105337001 1.3129818439483643 28.851311683654785 0.18181818181818182 1.0
0 0.1 0.22686415225376097 0.6061272621154785 29.457438945770264 0.18181818181818182 1.0
0 0.1 0.19760178628779224 0.3608672618865967 29.81830620765686 0.18181818181818182 1.0
0 0.1 0.17211386442601356 0.20509815216064453 30.023404359817505 0.18181818181818182 1.0
0 0.1 0.14991353511608546 2.8225319385528564 32.84593629837036 0.1739130434782609 1.0
0 0.01 28.211963230963963 0.0006110668182373047 32.8465473651886 0.0 1.0
0 0.01 24.573006681497752 0.013667821884155273 32.860215187072754 0.5714285714285715 1.0
0 0.01 21.403425646968028 0.010200977325439453 32.87041616439819 0.5714285714285715 1.0
0 0.01 18.642677119777133 0.009968996047973633 32.88038516044617 0.5714285714285715 1.0
0 0.01 16.238027310431736 0.009322643280029297 32.889707803726196 0.5714285714285715 1.0
0 0.01 14.143544365449966 0.009634017944335938 32.89934182167053 0.5714285714285715 1.0
0 0.01 12.319221010851523 0.00960993766784668 32.90895175933838 0.5714285714285715 1.0
0 0.01 10.730210362611421 0.008453130722045898 32.917404890060425 0.5714285714285715 1.0
0 0.01 9.346160307090315 0.011487960815429688 32.928892850875854 0.7499999999999999 1.0
0 0.01 8.140633737265514 0.009496927261352539 32.93838977813721 0.7499999999999999 1.0
0 0.01 7.090603570541246 0.009572982788085938 32.94796276092529 0.7499999999999999 1.0
0 0.01 6.176012902339531 0.0087432861328125 32.956706047058105 0.7499999999999999 1.0
0 0.01 5.379391893848717 0.008727073669433594 32.96543312072754 0.7499999999999999 1.0
0 0.01 4.685524076001097 0.008923768997192383 32.97435688972473 0.7499999999999999 1.0
0 0.01 4.081155695663349 0.008813619613647461 32.98317050933838 0.7499999999999999 1.0
0 0.01 3.554742552184356 0.008275985717773438 32.99144649505615 0.7499999999999999 1.0
0 0.01 3.09622948855821 0.007308244705200195 32.99875473976135 0.7499999999999999 1.0
0 0.01 2.6968583252045994 0.006757974624633789 33.005512714385986 0.7499999999999999 1.0
0 0.01 2.349000567658869 0.00957179069519043 33.01508450508118 0.7499999999999999 1.0
0 0.01 2.046011692676912 0.013195991516113281 33.02828049659729 0.7272727272727272 1.0
0 0.01 1.7821042294352372 0.00978398323059082 33.03806447982788 0.7272727272727272 1.0
0 0.01 1.5522372115164986 0.009814023971557617 33.04787850379944 0.7272727272727272 1.0
0 0.01 1.3520198880735976 0.024581193923950195 33.07245969772339 0.6153846153846154 1.0
0 0.01 1.1776278549337647 0.017890214920043945 33.09034991264343 0.6153846153846154 1.0
0 0.01 1.0257300036406054 0.03393197059631348 33.124281883239746 0.4210526315789473 1.0
0 0.01 0.8934248930683893 0.02162790298461914 33.145909786224365 0.4210526315789473 1.0
0 0.01 0.7781853282259436 0.02037191390991211 33.16628170013428 0.4210526315789473 1.0
0 0.01 0.6778100876351608 0.02164936065673828 33.187931060791016 0.4210526315789473 1.0
0 0.01 0.590381877216004 0.046057939529418945 33.233989000320435 0.3636363636363636 1.0
0 0.01 0.5142307075440048 0.04121994972229004 33.275208950042725 0.3636363636363636 1.0
0 0.01 0.44790199493955546 0.07021212577819824 33.34542107582092 0.3076923076923077 1.0
0 0.01 0.39012877707943217 0.06256389617919922 33.40798497200012 0.2962962962962963 1.0
0 0.01 0.33980751241358653 0.0610659122467041 33.469050884246826 0.2857142857142857 1.0
0 0.01 0.2959770011254507 0.04391908645629883 33.512969970703125 0.2857142857142857 1.0
0 0.01 0.2578000249994245 0.04269099235534668 33.55566096305847 0.2857142857142857 1.0
0 0.01 0.22454735549379537 0.07478475570678711 33.63044571876526 0.25806451612903225 1.0
0 0.01 0.19558382455304058 0.05877399444580078 33.68921971321106 0.25806451612903225 1.0
0 0.01 0.1703561920944177 0.0567479133605957 33.745967626571655 0.25806451612903225 1.0
0 0.01 0.14838257842248037 0.05554819107055664 33.80151581764221 0.25806451612903225 1.0
0 0.01 0.12924325971726744 0.054437875747680664 33.85595369338989 0.25806451612903225 1.0
0 0.01 0.1125726507783501 0.05329394340515137 33.909247636795044 0.25806451612903225 1.0
0 0.01 0.09805232188500161 0.045822858810424805 33.95507049560547 0.25806451612903225 1.0
0 0.01 0.08540491638568569 0.25032520294189453 34.20539569854736 0.2105263157894737 1.0
0 0.01 0.07438885283512764 0.2882659435272217 34.493661642074585 0.21621621621621623 1.0
0 0.01 0.06479371048308594 0.12962985038757324 34.62329149246216 0.21621621621621623 1.0
0 0.01 0.056436209971818335 0.1284170150756836 34.75170850753784 0.21621621621621623 1.0
0 0.01 0.049156712468482675 0.18028712272644043 34.93199563026428 0.2105263157894737 1.0
0 0.01 0.0428161703614703 0.10972476005554199 35.041720390319824 0.2105263157894737 1.0
0 0.01 0.03729347127511503 0.19516420364379883 35.23688459396362 0.20512820512820512 1.0
0 0.01 0.032483124670098805 0.2038593292236328 35.440743923187256 0.19999999999999998 1.0
