[216.40736058 188.4937774  164.18066384 143.00360867 124.55810333
 108.49181534  94.49785828  82.30892987  71.69220614  62.44489425
  54.39035884  47.37474809  41.26405496  35.94155748  31.30558923
  27.26759733  23.75045104  20.68696841  18.01863304  15.69447636
  13.67010404  11.906848    10.37102782   9.03330739   7.86813455
   6.85325305   5.96927734   5.19932239   4.52868107   3.94454329
   3.43575127   2.99258645   2.60658382   2.27037024   1.9775236
   1.72245016   1.5002777    1.30676244   1.138208     0.99139477
   0.86351843   0.75213639   0.65512111   0.57061946   0.49701737
   0.43290895   0.37706963   0.32843281   0.28606948   0.24917044]0 1 312.2098259152708 0.0005118846893310547 0.0005118846893310547 0.0 1.0
0 1 271.93903789811014 0.0005209445953369141 0.0010328292846679688 0.0 1.0
0 1 236.8626295349813 0.004533052444458008 0.0055658817291259766 0.33333333333333337 1.0
0 1 206.31059705097118 0.020980119705200195 0.026546001434326172 0.5714285714285715 1.0
0 1 179.69935797424765 0.013023138046264648 0.03956913948059082 0.5714285714285715 1.0
0 1 156.52060397255676 0.010909080505371094 0.050478219985961914 0.5714285714285715 1.0
0 1 136.33159152101595 0.009315252304077148 0.05979347229003906 0.5714285714285715 1.0
0 1 118.74668494067365 0.009432077407836914 0.06922554969787598 0.7499999999999999 1.0
0 1 103.42999026917344 0.008883953094482422 0.0781095027923584 0.7499999999999999 1.0
0 1 90.08893926113359 0.008271932601928711 0.08638143539428711 0.7499999999999999 1.0
0 1 78.46870096453189 0.007797956466674805 0.09417939186096191 0.7499999999999999 1.0
0 1 68.34731412713553 0.0077512264251708984 0.10193061828613281 0.7499999999999999 1.0
0 1 59.53144745577994 0.011052846908569336 0.11298346519470215 0.6666666666666665 1.0
0 1 51.85270674408604 0.0080718994140625 0.12105536460876465 0.7272727272727272 1.0
0 1 45.16441833008278 0.008607864379882812 0.12966322898864746 0.7272727272727272 1.0
0 1 39.33882744370648 0.011842012405395508 0.14150524139404297 0.6153846153846154 1.0
0 1 34.26465792907022 0.01654982566833496 0.15805506706237793 0.47058823529411764 1.0
0 1 29.84498672911064 0.02604389190673828 0.1840989589691162 0.3636363636363636 1.0
0 1 25.99539253258091 0.028301715850830078 0.2124006748199463 0.3076923076923077 1.0
0 1 22.642343220204207 0.07702803611755371 0.2894287109375 0.26666666666666666 1.0
0 1 19.721791308170232 0.0964508056640625 0.3858795166015625 0.27586206896551724 1.0
0 1 17.177950560167822 0.15739703178405762 0.5432765483856201 0.26666666666666666 1.0
0 1 14.962230399696251 0.13515901565551758 0.6784355640411377 0.24242424242424243 1.0
0 1 13.03230776858211 0.12103104591369629 0.799466609954834 0.2222222222222222 1.0
0 1 11.351318703025308 0.1344602108001709 0.9339268207550049 0.2222222222222222 1.0
0 1 9.887154185253786 0.1131291389465332 1.047055959701538 0.21621621621621623 1.0
0 1 8.611846820663045 0.11765766143798828 1.1647136211395264 0.20512820512820512 1.0
0 1 7.501036625197576 0.12111997604370117 1.2858335971832275 0.19999999999999998 1.0
0 1 6.53350571883761 0.09996390342712402 1.3857975006103516 0.20512820512820512 1.0
0 1 5.69077303724795 0.1306898593902588 1.5164873600006104 0.18604651162790697 1.0
0 1 4.956741320068812 0.11018586158752441 1.6266732215881348 0.1777777777777778 1.0
0 1 4.317389632878279 0.1336069107055664 1.7602801322937012 0.1702127659574468 1.0
0 1 3.7605055496069455 1.555192232131958 3.315472364425659 0.1702127659574468 1.0
0 1 3.2754518797500736 0.33879995346069336 3.6542723178863525 0.1702127659574468 1.0
0 1 2.8529634845718124 0.1257481575012207 3.7800204753875732 0.16666666666666666 1.0
0 1 2.4849703012340436 0.08585596084594727 3.8658764362335205 0.163265306122449 1.0
0 1 2.1644431943866964 0.2445061206817627 4.110382556915283 0.163265306122449 1.0
0 1 1.8852596907900219 0.10685205459594727 4.2172346115112305 0.163265306122449 1.0
0 1 1.6420870323301746 0.09407305717468262 4.311307668685913 0.163265306122449 1.0
0 1 1.4302803135927475 0.0811767578125 4.392484426498413 0.163265306122449 1.0
0 1 1.2457937582930971 0.07836699485778809 4.470851421356201 0.163265306122449 1.0
0 1 1.0851034398309916 0.38962674140930176 4.860478162765503 0.1568627450980392 1.0
0 1 0.945139969834425 0.39365601539611816 5.254134178161621 0.1568627450980392 1.0
0 1 0.823229868958621 0.7105751037597656 5.964709281921387 0.1568627450980392 1.0
0 1 0.7170445000483404 1.0218112468719482 6.986520528793335 0.1509433962264151 1.0
0 1 0.624555588222246 1.098546028137207 8.085066556930542 0.1509433962264151 1.0
0 1 0.5439964782567033 0.6004071235656738 8.685473680496216 0.1509433962264151 1.0
0 1 0.4738283892360109 0.47391510009765625 9.159388780593872 0.1509433962264151 1.0
0 1 0.4127110218901976 0.44607996940612793 9.60546875 0.1481481481481481 1.0
0 1 0.3594769571833539 0.4509751796722412 10.056443929672241 0.1481481481481481 1.0
0 0.1 130.20161032759302 0.0005340576171875 10.056977987289429 0.0 1.0
0 0.1 113.40738729625762 0.0004851818084716797 10.0574631690979 0.0 1.0
0 0.1 98.77938883400856 0.0005221366882324219 10.057985305786133 0.0 1.0
0 0.1 86.03820166433057 0.0005078315734863281 10.05849313735962 0.0 1.0
0 0.1 74.9404529934022 0.0005462169647216797 10.05903935432434 0.0 1.0
0 0.1 65.27416178184274 0.0005521774291992188 10.05959153175354 0.0 1.0
0 0.1 56.854689638682785 0.0005910396575927734 10.060182571411133 0.0 1.0
0 0.1 49.52121399451067 0.011615991592407227 10.07179856300354 0.5714285714285715 1.0
0 0.1 43.13365618693992 0.008226871490478516 10.080025434494019 0.5714285714285715 1.0
0 0.1 37.570005780944214 0.00773310661315918 10.087758541107178 0.5714285714285715 1.0
0 0.1 32.7239900151928 0.007277250289916992 10.095035791397095 0.5714285714285715 1.0
0 0.1 28.503043857863506 0.0068089962005615234 10.101844787597656 0.5714285714285715 1.0
0 0.1 24.826541897430772 0.005754709243774414 10.10759949684143 0.5714285714285715 1.0
0 0.1 21.624258295306348 0.005738019943237305 10.113337516784668 0.5714285714285715 1.0
0 0.1 18.835025383479486 0.008604049682617188 10.121941566467285 0.7499999999999999 1.0
0 0.1 16.405565284674683 0.00687408447265625 10.128815650939941 0.7499999999999999 1.0
0 0.1 14.289472237493916 0.006379127502441406 10.135194778442383 0.7499999999999999 1.0
0 0.1 12.446326187665905 0.006143331527709961 10.141338109970093 0.7499999999999999 1.0
0 0.1 10.840920713874212 0.006104946136474609 10.147443056106567 0.7499999999999999 1.0
0 0.1 9.44259054057033 0.006091117858886719 10.153534173965454 0.7499999999999999 1.0
0 0.1 8.224625792416147 0.004739046096801758 10.158273220062256 0.7499999999999999 1.0
0 0.1 7.163761801874259 0.006066083908081055 10.164339303970337 0.7499999999999999 1.0
0 0.1 6.239734724625884 0.009070873260498047 10.173410177230835 0.7272727272727272 1.0
0 0.1 5.43489447450858 0.0068972110748291016 10.180307388305664 0.7272727272727272 1.0
0 0.1 4.733867584541418 0.005790233612060547 10.186097621917725 0.7272727272727272 1.0
0 0.1 4.123263554256632 0.018458843231201172 10.204556465148926 0.6153846153846154 1.0
0 0.1 3.591419074200402 0.01634502410888672 10.220901489257812 0.5714285714285714 1.0
0 0.1 3.128175241967003 0.03719019889831543 10.258091688156128 0.4210526315789473 1.0
0 0.1 2.7246835143108377 0.014902830123901367 10.27299451828003 0.4210526315789473 1.0
0 0.1 2.373236688776134 0.030191898345947266 10.303186416625977 0.38095238095238093 1.0
0 0.1 2.0671216863796724 0.04948091506958008 10.352667331695557 0.3478260869565218 1.0
0 0.1 1.8004913233094775 0.12098002433776855 10.473647356033325 0.32000000000000006 1.0
0 0.1 1.5682526223167341 0.17586612701416016 10.649513483047485 0.2857142857142857 1.0
0 0.1 1.3659695304072161 0.09638094902038574 10.745894432067871 0.27586206896551724 1.0
0 0.1 1.1897781846170337 0.10281896591186523 10.848713397979736 0.25806451612903225 1.0
0 0.1 1.036313107341863 0.0570988655090332 10.90581226348877 0.25806451612903225 1.0
0 0.1 0.9026429214570189 0.07468891143798828 10.980501174926758 0.24242424242424243 1.0
0 0.1 0.786214357305898 0.09965705871582031 11.080158233642578 0.2352941176470588 1.0
0 0.1 0.6848034820193963 0.05379891395568848 11.133957147598267 0.2352941176470588 1.0
0 0.1 0.5964732195846044 0.28632616996765137 11.420283317565918 0.2285714285714286 1.0
0 0.1 0.5195363502423698 0.3444230556488037 11.764706373214722 0.2222222222222222 1.0
0 0.1 0.4525232824553942 0.5361709594726562 12.300877332687378 0.20512820512820512 1.0
0 0.1 0.3941539818506903 0.7866082191467285 13.087485551834106 0.19999999999999998 1.0
0 0.1 0.34331352094368267 0.2637979984283447 13.351283550262451 0.19512195121951217 1.0
0 0.1 0.2990307826127625 0.31055498123168945 13.66183853149414 0.19047619047619047 1.0
0 0.1 0.2604599105337001 0.35718703269958496 14.019025564193726 0.18604651162790697 1.0
0 0.1 0.22686415225376097 0.15425896644592285 14.173284530639648 0.18181818181818182 1.0
0 0.1 0.19760178628779224 0.07752513885498047 14.250809669494629 0.18181818181818182 1.0
0 0.1 0.17211386442601356 0.0533909797668457 14.304200649261475 0.18181818181818182 1.0
0 0.1 0.14991353511608546 1.0501298904418945 15.35433053970337 0.1739130434782609 1.0
0 0.01 28.211963230963963 0.0005769729614257812 15.354907512664795 0.0 1.0
0 0.01 24.573006681497752 0.009685993194580078 15.364593505859375 0.5714285714285715 1.0
0 0.01 21.403425646968028 0.006613016128540039 15.371206521987915 0.5714285714285715 1.0
0 0.01 18.642677119777133 0.00613093376159668 15.377337455749512 0.5714285714285715 1.0
0 0.01 16.238027310431736 0.0061109066009521484 15.383448362350464 0.5714285714285715 1.0
0 0.01 14.143544365449966 0.006154060363769531 15.389602422714233 0.5714285714285715 1.0
0 0.01 12.319221010851523 0.005725860595703125 15.395328283309937 0.5714285714285715 1.0
0 0.01 10.730210362611421 0.005174875259399414 15.400503158569336 0.5714285714285715 1.0
0 0.01 9.346160307090315 0.007616758346557617 15.408119916915894 0.7499999999999999 1.0
0 0.01 8.140633737265514 0.005610227584838867 15.413730144500732 0.7499999999999999 1.0
0 0.01 7.090603570541246 0.005563020706176758 15.41929316520691 0.7499999999999999 1.0
0 0.01 6.176012902339531 0.005606174468994141 15.424899339675903 0.7499999999999999 1.0
0 0.01 5.379391893848717 0.005604743957519531 15.430504083633423 0.7499999999999999 1.0
0 0.01 4.685524076001097 0.005073070526123047 15.435577154159546 0.7499999999999999 1.0
0 0.01 4.081155695663349 0.005090951919555664 15.440668106079102 0.7499999999999999 1.0
0 0.01 3.554742552184356 0.005112171173095703 15.445780277252197 0.7499999999999999 1.0
0 0.01 3.09622948855821 0.003618955612182617 15.44939923286438 0.7499999999999999 1.0
0 0.01 2.6968583252045994 0.0036590099334716797 15.453058242797852 0.7499999999999999 1.0
0 0.01 2.349000567658869 0.004926919937133789 15.457985162734985 0.7499999999999999 1.0
0 0.01 2.046011692676912 0.008993148803710938 15.466978311538696 0.7272727272727272 1.0
0 0.01 1.7821042294352372 0.005254983901977539 15.472233295440674 0.7272727272727272 1.0
0 0.01 1.5522372115164986 0.005271196365356445 15.47750449180603 0.7272727272727272 1.0
0 0.01 1.3520198880735976 0.016253948211669922 15.4937584400177 0.6153846153846154 1.0
0 0.01 1.1776278549337647 0.010393857955932617 15.504152297973633 0.6153846153846154 1.0
0 0.01 1.0257300036406054 0.02436375617980957 15.528516054153442 0.4210526315789473 1.0
0 0.01 0.8934248930683893 0.011774301528930664 15.540290355682373 0.4210526315789473 1.0
0 0.01 0.7781853282259436 0.010286808013916016 15.550577163696289 0.4210526315789473 1.0
0 0.01 0.6778100876351608 0.01094508171081543 15.561522245407104 0.4210526315789473 1.0
0 0.01 0.590381877216004 0.0268402099609375 15.588362455368042 0.3636363636363636 1.0
0 0.01 0.5142307075440048 0.019152164459228516 15.60751461982727 0.3636363636363636 1.0
0 0.01 0.44790199493955546 0.041829824447631836 15.649344444274902 0.3076923076923077 1.0
0 0.01 0.39012877707943217 0.03917837142944336 15.688522815704346 0.2962962962962963 1.0
0 0.01 0.33980751241358653 0.042671918869018555 15.731194734573364 0.2857142857142857 1.0
0 0.01 0.2959770011254507 0.022901058197021484 15.754095792770386 0.2857142857142857 1.0
0 0.01 0.2578000249994245 0.022392988204956055 15.776488780975342 0.2857142857142857 1.0
0 0.01 0.22454735549379537 0.0467679500579834 15.823256731033325 0.25806451612903225 1.0
0 0.01 0.19558382455304058 0.031011104583740234 15.854267835617065 0.25806451612903225 1.0
0 0.01 0.1703561920944177 0.029932022094726562 15.884199857711792 0.25806451612903225 1.0
0 0.01 0.14838257842248037 0.028779983520507812 15.9129798412323 0.25806451612903225 1.0
0 0.01 0.12924325971726744 0.027666091918945312 15.940645933151245 0.25806451612903225 1.0
0 0.01 0.1125726507783501 0.026574134826660156 15.967220067977905 0.25806451612903225 1.0
0 0.01 0.09805232188500161 0.021333932876586914 15.988554000854492 0.25806451612903225 1.0
0 0.01 0.08540491638568569 0.17627191543579102 16.164825916290283 0.2105263157894737 1.0
0 0.01 0.07438885283512764 0.20125317573547363 16.366079092025757 0.21621621621621623 1.0
0 0.01 0.06479371048308594 0.052503108978271484 16.41858220100403 0.21621621621621623 1.0
0 0.01 0.056436209971818335 0.05032968521118164 16.46891188621521 0.21621621621621623 1.0
0 0.01 0.049156712468482675 0.1020820140838623 16.570993900299072 0.2105263157894737 1.0
0 0.01 0.0428161703614703 0.03243589401245117 16.603429794311523 0.2105263157894737 1.0
0 0.01 0.03729347127511503 0.1012868881225586 16.704716682434082 0.20512820512820512 1.0
0 0.01 0.032483124670098805 0.10816621780395508 16.812882900238037 0.19999999999999998 1.0
