[216.40736058 188.4937774  164.18066384 143.00360867 124.55810333
 108.49181534  94.49785828  82.30892987  71.69220614  62.44489425
  54.39035884  47.37474809  41.26405496  35.94155748  31.30558923
  27.26759733  23.75045104  20.68696841  18.01863304  15.69447636
  13.67010404  11.906848    10.37102782   9.03330739   7.86813455
   6.85325305   5.96927734   5.19932239   4.52868107   3.94454329
   3.43575127   2.99258645   2.60658382   2.27037024   1.9775236
   1.72245016   1.5002777    1.30676244   1.138208     0.99139477
   0.86351843   0.75213639   0.65512111   0.57061946   0.49701737
   0.43290895   0.37706963   0.32843281   0.28606948   0.24917044]0 1 312.2098259152708 0.0006411075592041016 0.0006411075592041016 0.0 1.0
0 1 271.93903789811014 0.0006401538848876953 0.0012812614440917969 0.0 1.0
0 1 236.8626295349813 0.006325960159301758 0.007607221603393555 0.33333333333333337 1.0
0 1 206.31059705097118 0.007647037506103516 0.01525425910949707 0.5714285714285715 1.0
0 1 179.69935797424765 0.0038368701934814453 0.019091129302978516 0.5714285714285715 1.0
0 1 156.52060397255676 0.0030159950256347656 0.02210712432861328 0.5714285714285715 1.0
0 1 136.33159152101595 0.0030803680419921875 0.02518749237060547 0.5714285714285715 1.0
0 1 118.74668494067365 0.008522987365722656 0.033710479736328125 0.7499999999999999 1.0
0 1 103.42999026917344 0.0055408477783203125 0.03925132751464844 0.7499999999999999 1.0
0 1 90.08893926113359 0.004546165466308594 0.04379749298095703 0.7499999999999999 1.0
0 1 78.46870096453189 0.0044291019439697266 0.04822659492492676 0.7499999999999999 1.0
0 1 68.34731412713553 0.0047321319580078125 0.05295872688293457 0.7499999999999999 1.0
0 1 59.53144745577994 0.004918098449707031 0.0578768253326416 0.6666666666666665 1.0
0 1 51.85270674408604 0.00922703742980957 0.06710386276245117 0.7272727272727272 1.0
0 1 45.16441833008278 0.010116100311279297 0.07721996307373047 0.7272727272727272 1.0
0 1 39.33882744370648 0.01099705696105957 0.08821702003479004 0.6153846153846154 1.0
0 1 34.26465792907022 0.01685786247253418 0.10507488250732422 0.47058823529411764 1.0
0 1 29.84498672911064 0.02405095100402832 0.12912583351135254 0.3636363636363636 1.0
0 1 25.99539253258091 0.030740976333618164 0.1598668098449707 0.3076923076923077 1.0
0 1 22.642343220204207 0.08910012245178223 0.24896693229675293 0.26666666666666666 1.0
0 1 19.721791308170232 0.10294198989868164 0.35190892219543457 0.27586206896551724 1.0
0 1 17.177950560167822 0.23913908004760742 0.591048002243042 0.26666666666666666 1.0
0 1 14.962230399696251 0.1678311824798584 0.7588791847229004 0.24242424242424243 1.0
0 1 13.03230776858211 0.174346923828125 0.9332261085510254 0.2222222222222222 1.0
0 1 11.351318703025308 0.15167593955993652 1.084902048110962 0.2222222222222222 1.0
0 1 9.887154185253786 0.12455081939697266 1.2094528675079346 0.21621621621621623 1.0
0 1 8.611846820663045 0.1246950626373291 1.3341479301452637 0.20512820512820512 1.0
0 1 7.501036625197576 0.14168906211853027 1.475836992263794 0.19999999999999998 1.0
0 1 6.53350571883761 0.12338781356811523 1.5992248058319092 0.20512820512820512 1.0
0 1 5.69077303724795 0.1642301082611084 1.7634549140930176 0.18604651162790697 1.0
0 1 4.956741320068812 0.12214112281799316 1.8855960369110107 0.1777777777777778 1.0
0 1 4.317389632878279 0.16636013984680176 2.0519561767578125 0.1702127659574468 1.0
0 1 3.7605055496069455 1.6473958492279053 3.6993520259857178 0.1702127659574468 1.0
0 1 3.2754518797500736 0.3389151096343994 4.038267135620117 0.1702127659574468 1.0
0 1 2.8529634845718124 0.12999582290649414 4.168262958526611 0.16666666666666666 1.0
0 1 2.4849703012340436 0.13135313987731934 4.299616098403931 0.163265306122449 1.0
0 1 2.1644431943866964 0.22835993766784668 4.527976036071777 0.163265306122449 1.0
0 1 1.8852596907900219 0.09572410583496094 4.623700141906738 0.163265306122449 1.0
0 1 1.6420870323301746 0.09357285499572754 4.717272996902466 0.163265306122449 1.0
0 1 1.4302803135927475 0.09354972839355469 4.8108227252960205 0.163265306122449 1.0
0 1 1.2457937582930971 0.09260296821594238 4.903425693511963 0.163265306122449 1.0
0 1 1.0851034398309916 0.22365713119506836 5.127082824707031 0.1568627450980392 1.0
0 1 0.945139969834425 0.2228548526763916 5.349937677383423 0.1568627450980392 1.0
0 1 0.823229868958621 0.37262487411499023 5.722562551498413 0.1568627450980392 1.0
0 1 0.7170445000483404 0.6714107990264893 6.393973350524902 0.15384615384615383 1.0
0 1 0.624555588222246 0.4524407386779785 6.846414089202881 0.1509433962264151 1.0
0 1 0.5439964782567033 0.29930782318115234 7.145721912384033 0.1509433962264151 1.0
0 1 0.4738283892360109 0.2249140739440918 7.370635986328125 0.1509433962264151 1.0
0 1 0.4127110218901976 0.22409510612487793 7.594731092453003 0.1481481481481481 1.0
0 1 0.3594769571833539 0.22461414337158203 7.819345235824585 0.1481481481481481 1.0
0 0.1 130.20161032759302 0.0006299018859863281 7.819975137710571 0.0 1.0
0 0.1 113.40738729625762 0.0006330013275146484 7.820608139038086 0.0 1.0
0 0.1 98.77938883400856 0.0006258487701416016 7.8212339878082275 0.0 1.0
0 0.1 86.03820166433057 0.0006289482116699219 7.8218629360198975 0.0 1.0
0 0.1 74.9404529934022 0.0006542205810546875 7.822517156600952 0.0 1.0
0 0.1 65.27416178184274 0.0007472038269042969 7.8232643604278564 0.0 1.0
0 0.1 56.854689638682785 0.0006418228149414062 7.823906183242798 0.0 1.0
0 0.1 49.52121399451067 0.0006301403045654297 7.824536323547363 0.0 1.0
0 0.1 43.13365618693992 0.0006363391876220703 7.825172662734985 0.0 1.0
0 0.1 37.570005780944214 0.0006241798400878906 7.825796842575073 0.0 1.0
0 0.1 32.7239900151928 0.00061798095703125 7.8264148235321045 0.0 1.0
0 0.1 28.503043857863506 0.000621795654296875 7.827036619186401 0.0 1.0
0 0.1 24.826541897430772 0.009414911270141602 7.836451530456543 0.5714285714285715 1.0
0 0.1 21.624258295306348 0.0015249252319335938 7.837976455688477 0.5714285714285715 1.0
0 0.1 18.835025383479486 0.0015256404876708984 7.8395020961761475 0.5714285714285715 1.0
0 0.1 16.405565284674683 0.0015609264373779297 7.841063022613525 0.5714285714285715 1.0
0 0.1 14.289472237493916 0.0016391277313232422 7.842702150344849 0.5714285714285715 1.0
0 0.1 12.446326187665905 0.001680135726928711 7.844382286071777 0.5714285714285715 1.0
0 0.1 10.840920713874212 0.0076122283935546875 7.851994514465332 0.7499999999999999 1.0
0 0.1 9.44259054057033 0.0021839141845703125 7.854178428649902 0.7499999999999999 1.0
0 0.1 8.224625792416147 0.0022971630096435547 7.856475591659546 0.7499999999999999 1.0
0 0.1 7.163761801874259 0.002604961395263672 7.85908055305481 0.7499999999999999 1.0
0 0.1 6.239734724625884 0.0025501251220703125 7.86163067817688 0.7499999999999999 1.0
0 0.1 5.43489447450858 0.026215076446533203 7.887845754623413 0.7272727272727272 1.0
0 0.1 4.733867584541418 0.006112098693847656 7.893957853317261 0.7272727272727272 1.0
0 0.1 4.123263554256632 0.007174015045166016 7.901131868362427 0.7272727272727272 1.0
0 0.1 3.591419074200402 0.05598711967468262 7.957118988037109 0.5714285714285714 1.0
0 0.1 3.128175241967003 0.1433699131011963 8.100488901138306 0.4444444444444444 1.0
0 0.1 2.7246835143108377 0.048048973083496094 8.148537874221802 0.4210526315789473 1.0
0 0.1 2.373236688776134 0.08400893211364746 8.23254680633545 0.38095238095238093 1.0
0 0.1 2.0671216863796724 0.22912883758544922 8.461675643920898 0.3333333333333333 1.0
0 0.1 1.8004913233094775 0.4648280143737793 8.926503658294678 0.32000000000000006 1.0
0 0.1 1.5682526223167341 0.5360169410705566 9.462520599365234 0.2857142857142857 1.0
0 0.1 1.3659695304072161 0.423353910446167 9.885874509811401 0.27586206896551724 1.0
0 0.1 1.1897781846170337 0.25589704513549805 10.1417715549469 0.25806451612903225 1.0
0 0.1 1.036313107341863 0.07556319236755371 10.217334747314453 0.25806451612903225 1.0
0 0.1 0.9026429214570189 0.16405606269836426 10.381390810012817 0.24242424242424243 1.0
0 0.1 0.786214357305898 0.19231104850769043 10.573701858520508 0.2352941176470588 1.0
0 0.1 0.6848034820193963 0.05944705009460449 10.633148908615112 0.2352941176470588 1.0
0 0.1 0.5964732195846044 0.6362349987030029 11.269383907318115 0.2285714285714286 1.0
0 0.1 0.5195363502423698 0.6481168270111084 11.917500734329224 0.2222222222222222 1.0
0 0.1 0.4525232824553942 2.349384069442749 14.266884803771973 0.19999999999999998 1.0
0 0.1 0.3941539818506903 0.2874338626861572 14.55431866645813 0.19999999999999998 1.0
0 0.1 0.34331352094368267 0.5096712112426758 15.063989877700806 0.19512195121951217 1.0
0 0.1 0.2990307826127625 0.7684948444366455 15.832484722137451 0.19047619047619047 1.0
0 0.1 0.2604599105337001 0.8094558715820312 16.641940593719482 0.18604651162790697 1.0
0 0.1 0.22686415225376097 0.24061322212219238 16.882553815841675 0.18181818181818182 1.0
0 0.1 0.19760178628779224 0.12912511825561523 17.01167893409729 0.18181818181818182 1.0
0 0.1 0.17211386442601356 0.11236190795898438 17.124040842056274 0.18181818181818182 1.0
0 0.1 0.14991353511608546 1.6612448692321777 18.785285711288452 0.1739130434782609 1.0
0 0.01 28.211963230963963 0.0006630420684814453 18.785948753356934 0.0 1.0
0 0.01 24.573006681497752 0.0006437301635742188 18.786592483520508 0.0 1.0
0 0.01 21.403425646968028 0.0006220340728759766 18.787214517593384 0.0 1.0
0 0.01 18.642677119777133 0.0006310939788818359 18.787845611572266 0.0 1.0
0 0.01 16.238027310431736 0.0006449222564697266 18.788490533828735 0.0 1.0
0 0.01 14.143544365449966 0.0006680488586425781 18.789158582687378 0.0 1.0
0 0.01 12.319221010851523 0.0006802082061767578 18.789838790893555 0.0 1.0
0 0.01 10.730210362611421 0.0006468296051025391 18.790485620498657 0.0 1.0
0 0.01 9.346160307090315 0.0006239414215087891 18.791109561920166 0.0 1.0
0 0.01 8.140633737265514 0.0006301403045654297 18.79173970222473 0.0 1.0
0 0.01 7.090603570541246 0.0006389617919921875 18.792378664016724 0.0 1.0
0 0.01 6.176012902339531 0.0006852149963378906 18.79306387901306 0.0 1.0
0 0.01 5.379391893848717 0.0006508827209472656 18.79371476173401 0.0 1.0
0 0.01 4.685524076001097 0.000637054443359375 18.794351816177368 0.0 1.0
0 0.01 4.081155695663349 0.0006229877471923828 18.79497480392456 0.0 1.0
0 0.01 3.554742552184356 0.0006308555603027344 18.795605659484863 0.0 1.0
0 0.01 3.09622948855821 0.0006339550018310547 18.796239614486694 0.0 1.0
0 0.01 2.6968583252045994 0.0006592273712158203 18.79689884185791 0.0 1.0
0 0.01 2.349000567658869 0.015531063079833984 18.812429904937744 0.5714285714285715 1.0
0 0.01 2.046011692676912 0.001129150390625 18.81355905532837 0.5714285714285715 1.0
0 0.01 1.7821042294352372 0.0010612010955810547 18.81462025642395 0.5714285714285715 1.0
0 0.01 1.5522372115164986 0.0008308887481689453 18.81545114517212 0.5714285714285715 1.0
0 0.01 1.3520198880735976 0.0009219646453857422 18.816373109817505 0.5714285714285715 1.0
0 0.01 1.1776278549337647 0.0008587837219238281 18.81723189353943 0.5714285714285715 1.0
0 0.01 1.0257300036406054 0.005177736282348633 18.822409629821777 0.7499999999999999 1.0
0 0.01 0.8934248930683893 0.0010912418365478516 18.823500871658325 0.7499999999999999 1.0
0 0.01 0.7781853282259436 0.001096963882446289 18.82459783554077 0.7499999999999999 1.0
0 0.01 0.6778100876351608 0.000911712646484375 18.825509548187256 0.7499999999999999 1.0
0 0.01 0.590381877216004 0.0009980201721191406 18.826507568359375 0.7499999999999999 1.0
0 0.01 0.5142307075440048 0.012157917022705078 18.83866548538208 0.7272727272727272 1.0
0 0.01 0.44790199493955546 0.0019350051879882812 18.84060049057007 0.7272727272727272 1.0
0 0.01 0.39012877707943217 0.04363608360290527 18.884236574172974 0.5000000000000001 1.0
0 0.01 0.33980751241358653 0.04686307907104492 18.93109965324402 0.4 1.0
0 0.01 0.2959770011254507 0.008213043212890625 18.93931269645691 0.4 1.0
0 0.01 0.2578000249994245 0.00793600082397461 18.947248697280884 0.4 1.0
0 0.01 0.22454735549379537 0.0667879581451416 19.014036655426025 0.3076923076923077 1.0
0 0.01 0.19558382455304058 0.011609077453613281 19.02564573287964 0.3076923076923077 1.0
0 0.01 0.1703561920944177 0.18343186378479004 19.20907759666443 0.26666666666666666 1.0
0 0.01 0.14838257842248037 0.06078696250915527 19.269864559173584 0.25806451612903225 1.0
0 0.01 0.12924325971726744 0.017196178436279297 19.287060737609863 0.25806451612903225 1.0
0 0.01 0.1125726507783501 0.06242203712463379 19.349482774734497 0.25 1.0
0 0.01 0.09805232188500161 0.06326603889465332 19.41274881362915 0.24242424242424243 1.0
0 0.01 0.08540491638568569 0.0843350887298584 19.49708390235901 0.2352941176470588 1.0
0 0.01 0.07438885283512764 0.017364978790283203 19.514448881149292 0.2352941176470588 1.0
0 0.01 0.06479371048308594 0.08118486404418945 19.59563374519348 0.2285714285714286 1.0
0 0.01 0.056436209971818335 0.22262096405029297 19.818254709243774 0.21621621621621623 1.0
0 0.01 0.049156712468482675 0.03116607666015625 19.84942078590393 0.21621621621621623 1.0
0 0.01 0.0428161703614703 0.18872904777526855 20.0381498336792 0.20512820512820512 1.0
0 0.01 0.03729347127511503 0.028404951095581055 20.06655478477478 0.20512820512820512 1.0
0 0.01 0.032483124670098805 0.027752161026000977 20.09430694580078 0.20512820512820512 1.0
