[216.40736058 188.4937774  164.18066384 143.00360867 124.55810333
 108.49181534  94.49785828  82.30892987  71.69220614  62.44489425
  54.39035884  47.37474809  41.26405496  35.94155748  31.30558923
  27.26759733  23.75045104  20.68696841  18.01863304  15.69447636
  13.67010404  11.906848    10.37102782   9.03330739   7.86813455
   6.85325305   5.96927734   5.19932239   4.52868107   3.94454329
   3.43575127   2.99258645   2.60658382   2.27037024   1.9775236
   1.72245016   1.5002777    1.30676244   1.138208     0.99139477
   0.86351843   0.75213639   0.65512111   0.57061946   0.49701737
   0.43290895   0.37706963   0.32843281   0.28606948   0.24917044]0 1 312.2098259152708 0.0008018016815185547 0.0008018016815185547 0.0 1.0
0 1 271.93903789811014 0.0006809234619140625 0.0014827251434326172 0.0 1.0
0 1 236.8626295349813 0.009248018264770508 0.010730743408203125 0.33333333333333337 1.0
0 1 206.31059705097118 0.009644031524658203 0.020374774932861328 0.5714285714285715 1.0
0 1 179.69935797424765 0.00559687614440918 0.025971651077270508 0.5714285714285715 1.0
0 1 156.52060397255676 0.004534006118774414 0.030505657196044922 0.5714285714285715 1.0
0 1 136.33159152101595 0.004025936126708984 0.034531593322753906 0.5714285714285715 1.0
0 1 118.74668494067365 0.01141810417175293 0.045949697494506836 0.7499999999999999 1.0
0 1 103.42999026917344 0.007008075714111328 0.052957773208618164 0.7499999999999999 1.0
0 1 90.08893926113359 0.006067991256713867 0.05902576446533203 0.7499999999999999 1.0
0 1 78.46870096453189 0.006026029586791992 0.06505179405212402 0.7499999999999999 1.0
0 1 68.34731412713553 0.005482912063598633 0.07053470611572266 0.7499999999999999 1.0
0 1 59.53144745577994 0.0059833526611328125 0.07651805877685547 0.6666666666666665 1.0
0 1 51.85270674408604 0.011319160461425781 0.08783721923828125 0.7272727272727272 1.0
0 1 45.16441833008278 0.01202702522277832 0.09986424446105957 0.7272727272727272 1.0
0 1 39.33882744370648 0.014749765396118164 0.11461400985717773 0.6153846153846154 1.0
0 1 34.26465792907022 0.021960735321044922 0.13657474517822266 0.47058823529411764 1.0
0 1 29.84498672911064 0.03042316436767578 0.16699790954589844 0.3636363636363636 1.0
0 1 25.99539253258091 0.04133105278015137 0.2083289623260498 0.3076923076923077 1.0
0 1 22.642343220204207 0.11645102500915527 0.3247799873352051 0.26666666666666666 1.0
0 1 19.721791308170232 0.13932108879089355 0.46410107612609863 0.27586206896551724 1.0
0 1 17.177950560167822 0.2775387763977051 0.7416398525238037 0.26666666666666666 1.0
0 1 14.962230399696251 0.20733308792114258 0.9489729404449463 0.24242424242424243 1.0
0 1 13.03230776858211 0.1966099739074707 1.145582914352417 0.2222222222222222 1.0
0 1 11.351318703025308 0.19877982139587402 1.344362735748291 0.2222222222222222 1.0
0 1 9.887154185253786 0.15566468238830566 1.5000274181365967 0.21621621621621623 1.0
0 1 8.611846820663045 0.15662789344787598 1.6566553115844727 0.20512820512820512 1.0
0 1 7.501036625197576 0.1844921112060547 1.8411474227905273 0.19999999999999998 1.0
0 1 6.53350571883761 0.15673303604125977 1.997880458831787 0.20512820512820512 1.0
0 1 5.69077303724795 0.21212482452392578 2.210005283355713 0.18604651162790697 1.0
0 1 4.956741320068812 0.166914701461792 2.376919984817505 0.1777777777777778 1.0
0 1 4.317389632878279 0.22115015983581543 2.5980701446533203 0.16666666666666666 1.0
0 1 3.7605055496069455 1.9799981117248535 4.578068256378174 0.1702127659574468 1.0
0 1 3.2754518797500736 0.4069678783416748 4.985036134719849 0.1702127659574468 1.0
0 1 2.8529634845718124 0.21981000900268555 5.204846143722534 0.16666666666666666 1.0
0 1 2.4849703012340436 0.18201398849487305 5.386860132217407 0.163265306122449 1.0
0 1 2.1644431943866964 0.2873830795288086 5.674243211746216 0.163265306122449 1.0
0 1 1.8852596907900219 0.16481781005859375 5.83906102180481 0.163265306122449 1.0
0 1 1.6420870323301746 0.15179991722106934 5.990860939025879 0.163265306122449 1.0
0 1 1.4302803135927475 0.14330601692199707 6.134166955947876 0.163265306122449 1.0
0 1 1.2457937582930971 0.1322498321533203 6.266416788101196 0.163265306122449 1.0
0 1 1.0851034398309916 0.4911041259765625 6.757520914077759 0.1568627450980392 1.0
0 1 0.945139969834425 0.4259960651397705 7.183516979217529 0.1568627450980392 1.0
0 1 0.823229868958621 0.5531108379364014 7.736627817153931 0.1568627450980392 1.0
0 1 0.7170445000483404 0.9692773818969727 8.705905199050903 0.15384615384615383 1.0
0 1 0.624555588222246 0.976330041885376 9.68223524093628 0.1509433962264151 1.0
0 1 0.5439964782567033 0.7071809768676758 10.389416217803955 0.1509433962264151 1.0
0 1 0.4738283892360109 0.629608154296875 11.01902437210083 0.1509433962264151 1.0
0 1 0.4127110218901976 0.6638140678405762 11.682838439941406 0.1481481481481481 1.0
0 1 0.3594769571833539 0.6222238540649414 12.305062294006348 0.1481481481481481 1.0
0 0.1 130.20161032759302 0.0006439685821533203 12.305706262588501 0.0 1.0
0 0.1 113.40738729625762 0.0006542205810546875 12.306360483169556 0.0 1.0
0 0.1 98.77938883400856 0.0006463527679443359 12.3070068359375 0.0 1.0
0 0.1 86.03820166433057 0.0006589889526367188 12.307665824890137 0.0 1.0
0 0.1 74.9404529934022 0.00067901611328125 12.308344841003418 0.0 1.0
0 0.1 65.27416178184274 0.0006771087646484375 12.309021949768066 0.0 1.0
0 0.1 56.854689638682785 0.0006728172302246094 12.309694766998291 0.0 1.0
0 0.1 49.52121399451067 0.0006511211395263672 12.310345888137817 0.0 1.0
0 0.1 43.13365618693992 0.0006682872772216797 12.311014175415039 0.0 1.0
0 0.1 37.570005780944214 0.0006499290466308594 12.31166410446167 0.0 1.0
0 0.1 32.7239900151928 0.0006372928619384766 12.312301397323608 0.0 1.0
0 0.1 28.503043857863506 0.0006432533264160156 12.312944650650024 0.0 1.0
0 0.1 24.826541897430772 0.01048898696899414 12.323433637619019 0.5714285714285715 1.0
0 0.1 21.624258295306348 0.0023810863494873047 12.325814723968506 0.5714285714285715 1.0
0 0.1 18.835025383479486 0.002106189727783203 12.327920913696289 0.5714285714285715 1.0
0 0.1 16.405565284674683 0.0020689964294433594 12.329989910125732 0.5714285714285715 1.0
0 0.1 14.289472237493916 0.002073049545288086 12.33206295967102 0.5714285714285715 1.0
0 0.1 12.446326187665905 0.0022809505462646484 12.334343910217285 0.5714285714285715 1.0
0 0.1 10.840920713874212 0.008040904998779297 12.342384815216064 0.7499999999999999 1.0
0 0.1 9.44259054057033 0.0028028488159179688 12.345187664031982 0.7499999999999999 1.0
0 0.1 8.224625792416147 0.002809286117553711 12.347996950149536 0.7499999999999999 1.0
0 0.1 7.163761801874259 0.003155946731567383 12.351152896881104 0.7499999999999999 1.0
0 0.1 6.239734724625884 0.003261089324951172 12.354413986206055 0.7499999999999999 1.0
0 0.1 5.43489447450858 0.028279781341552734 12.382693767547607 0.7272727272727272 1.0
0 0.1 4.733867584541418 0.00791311264038086 12.390606880187988 0.7272727272727272 1.0
0 0.1 4.123263554256632 0.008997201919555664 12.399604082107544 0.7272727272727272 1.0
0 0.1 3.591419074200402 0.05866384506225586 12.4582679271698 0.5714285714285714 1.0
0 0.1 3.128175241967003 0.14885997772216797 12.607127904891968 0.4444444444444444 1.0
0 0.1 2.7246835143108377 0.053817033767700195 12.660944938659668 0.4210526315789473 1.0
0 0.1 2.373236688776134 0.09053206443786621 12.751477003097534 0.38095238095238093 1.0
0 0.1 2.0671216863796724 0.3838694095611572 13.135346412658691 0.3333333333333333 1.0
0 0.1 1.8004913233094775 0.5186378955841064 13.653984308242798 0.32000000000000006 1.0
0 0.1 1.5682526223167341 0.5983669757843018 14.2523512840271 0.2857142857142857 1.0
0 0.1 1.3659695304072161 0.4573509693145752 14.709702253341675 0.27586206896551724 1.0
0 0.1 1.1897781846170337 0.3021059036254883 15.011808156967163 0.25806451612903225 1.0
0 0.1 1.036313107341863 0.09215116500854492 15.103959321975708 0.25806451612903225 1.0
0 0.1 0.9026429214570189 0.20855093002319336 15.312510251998901 0.24242424242424243 1.0
0 0.1 0.786214357305898 0.2129368782043457 15.525447130203247 0.2352941176470588 1.0
0 0.1 0.6848034820193963 0.07253599166870117 15.597983121871948 0.2352941176470588 1.0
0 0.1 0.5964732195846044 0.6979808807373047 16.295964002609253 0.2285714285714286 1.0
0 0.1 0.5195363502423698 0.7296099662780762 17.02557396888733 0.2222222222222222 1.0
0 0.1 0.4525232824553942 2.683635950088501 19.70920991897583 0.19999999999999998 1.0
0 0.1 0.3941539818506903 0.37183713912963867 20.08104705810547 0.19999999999999998 1.0
0 0.1 0.34331352094368267 0.596627950668335 20.677675008773804 0.19512195121951217 1.0
0 0.1 0.2990307826127625 0.788097620010376 21.46577262878418 0.19047619047619047 1.0
0 0.1 0.2604599105337001 1.2107741832733154 22.676546812057495 0.18181818181818182 1.0
0 0.1 0.22686415225376097 0.4286489486694336 23.10519576072693 0.18181818181818182 1.0
0 0.1 0.19760178628779224 0.20120668411254883 23.306402444839478 0.18181818181818182 1.0
0 0.1 0.17211386442601356 0.1326439380645752 23.439046382904053 0.18181818181818182 1.0
0 0.1 0.14991353511608546 2.494234085083008 25.93328046798706 0.1739130434782609 1.0
0 0.01 28.211963230963963 0.0006589889526367188 25.933939456939697 0.0 1.0
0 0.01 24.573006681497752 0.0006401538848876953 25.934579610824585 0.0 1.0
0 0.01 21.403425646968028 0.0006251335144042969 25.93520474433899 0.0 1.0
0 0.01 18.642677119777133 0.0006289482116699219 25.93583369255066 0.0 1.0
0 0.01 16.238027310431736 0.0006499290466308594 25.93648362159729 0.0 1.0
0 0.01 14.143544365449966 0.0006458759307861328 25.937129497528076 0.0 1.0
0 0.01 12.319221010851523 0.0006589889526367188 25.937788486480713 0.0 1.0
0 0.01 10.730210362611421 0.0006527900695800781 25.938441276550293 0.0 1.0
0 0.01 9.346160307090315 0.0006310939788818359 25.939072370529175 0.0 1.0
0 0.01 8.140633737265514 0.0006401538848876953 25.939712524414062 0.0 1.0
0 0.01 7.090603570541246 0.0006258487701416016 25.940338373184204 0.0 1.0
0 0.01 6.176012902339531 0.0006251335144042969 25.94096350669861 0.0 1.0
0 0.01 5.379391893848717 0.0006279945373535156 25.941591501235962 0.0 1.0
0 0.01 4.685524076001097 0.0006260871887207031 25.942217588424683 0.0 1.0
0 0.01 4.081155695663349 0.0007128715515136719 25.942930459976196 0.0 1.0
0 0.01 3.554742552184356 0.0006468296051025391 25.9435772895813 0.0 1.0
0 0.01 3.09622948855821 0.0006508827209472656 25.944228172302246 0.0 1.0
0 0.01 2.6968583252045994 0.0006718635559082031 25.944900035858154 0.0 1.0
0 0.01 2.349000567658869 0.015907764434814453 25.96080780029297 0.5714285714285715 1.0
0 0.01 2.046011692676912 0.0013859272003173828 25.962193727493286 0.5714285714285715 1.0
0 0.01 1.7821042294352372 0.0013439655303955078 25.96353769302368 0.5714285714285715 1.0
0 0.01 1.5522372115164986 0.0013949871063232422 25.964932680130005 0.5714285714285715 1.0
0 0.01 1.3520198880735976 0.0013468265533447266 25.96627950668335 0.5714285714285715 1.0
0 0.01 1.1776278549337647 0.0016438961029052734 25.967923402786255 0.5714285714285715 1.0
0 0.01 1.0257300036406054 0.005571842193603516 25.97349524497986 0.7499999999999999 1.0
0 0.01 0.8934248930683893 0.0017960071563720703 25.97529125213623 0.7499999999999999 1.0
0 0.01 0.7781853282259436 0.0011630058288574219 25.976454257965088 0.7499999999999999 1.0
0 0.01 0.6778100876351608 0.0011610984802246094 25.977615356445312 0.7499999999999999 1.0
0 0.01 0.590381877216004 0.0012500286102294922 25.978865385055542 0.7499999999999999 1.0
0 0.01 0.5142307075440048 0.01327204704284668 25.99213743209839 0.7272727272727272 1.0
0 0.01 0.44790199493955546 0.003147125244140625 25.99528455734253 0.7272727272727272 1.0
0 0.01 0.39012877707943217 0.07621097564697266 26.071495532989502 0.5000000000000001 1.0
0 0.01 0.33980751241358653 0.04762005805969238 26.119115591049194 0.4 1.0
0 0.01 0.2959770011254507 0.009519100189208984 26.128634691238403 0.4 1.0
0 0.01 0.2578000249994245 0.0103759765625 26.139010667800903 0.4 1.0
0 0.01 0.22454735549379537 0.06846284866333008 26.207473516464233 0.3076923076923077 1.0
0 0.01 0.19558382455304058 0.013350248336791992 26.220823764801025 0.3076923076923077 1.0
0 0.01 0.1703561920944177 0.18727707862854004 26.408100843429565 0.26666666666666666 1.0
0 0.01 0.14838257842248037 0.0637671947479248 26.47186803817749 0.25806451612903225 1.0
0 0.01 0.12924325971726744 0.019459009170532227 26.491327047348022 0.25806451612903225 1.0
0 0.01 0.1125726507783501 0.0649571418762207 26.556284189224243 0.25 1.0
0 0.01 0.09805232188500161 0.06584906578063965 26.622133255004883 0.24242424242424243 1.0
0 0.01 0.08540491638568569 0.1194758415222168 26.7416090965271 0.2352941176470588 1.0
0 0.01 0.07438885283512764 0.020348787307739258 26.76195788383484 0.2352941176470588 1.0
0 0.01 0.06479371048308594 0.08739900588989258 26.84935688972473 0.2285714285714286 1.0
0 0.01 0.056436209971818335 0.23746323585510254 27.086820125579834 0.21621621621621623 1.0
0 0.01 0.049156712468482675 0.039582014083862305 27.126402139663696 0.21621621621621623 1.0
0 0.01 0.0428161703614703 0.20650792121887207 27.33291006088257 0.20512820512820512 1.0
0 0.01 0.03729347127511503 0.03502511978149414 27.367935180664062 0.20512820512820512 1.0
0 0.01 0.032483124670098805 0.031625986099243164 27.399561166763306 0.20512820512820512 1.0
