[216.40736058 188.4937774  164.18066384 143.00360867 124.55810333
 108.49181534  94.49785828  82.30892987  71.69220614  62.44489425
  54.39035884  47.37474809  41.26405496  35.94155748  31.30558923
  27.26759733  23.75045104  20.68696841  18.01863304  15.69447636
  13.67010404  11.906848    10.37102782   9.03330739   7.86813455
   6.85325305   5.96927734   5.19932239   4.52868107   3.94454329
   3.43575127   2.99258645   2.60658382   2.27037024   1.9775236
   1.72245016   1.5002777    1.30676244   1.138208     0.99139477
   0.86351843   0.75213639   0.65512111   0.57061946   0.49701737
   0.43290895   0.37706963   0.32843281   0.28606948   0.24917044]0 1 312.2098259152708 0.001191854476928711 0.001191854476928711 0.0 1.0
0 1 271.93903789811014 0.0011730194091796875 0.0023648738861083984 0.0 1.0
0 1 236.8626295349813 0.027103900909423828 0.029468774795532227 0.33333333333333337 1.0
0 1 206.31059705097118 0.020737171173095703 0.05020594596862793 0.5714285714285715 1.0
0 1 179.69935797424765 0.011610031127929688 0.06181597709655762 0.5714285714285715 1.0
0 1 156.52060397255676 0.008940935134887695 0.07075691223144531 0.5714285714285715 1.0
0 1 136.33159152101595 0.007784843444824219 0.07854175567626953 0.5714285714285715 1.0
0 1 118.74668494067365 0.02337193489074707 0.1019136905670166 0.7499999999999999 1.0
0 1 103.42999026917344 0.015375137329101562 0.11728882789611816 0.7499999999999999 1.0
0 1 90.08893926113359 0.011000871658325195 0.12828969955444336 0.7499999999999999 1.0
0 1 78.46870096453189 0.009855985641479492 0.13814568519592285 0.7499999999999999 1.0
0 1 68.34731412713553 0.008599042892456055 0.1467447280883789 0.7499999999999999 1.0
0 1 59.53144745577994 0.00899505615234375 0.15573978424072266 0.6666666666666665 1.0
0 1 51.85270674408604 0.012929916381835938 0.1686697006225586 0.7272727272727272 1.0
0 1 45.16441833008278 0.012669086456298828 0.18133878707885742 0.7272727272727272 1.0
0 1 39.33882744370648 0.012375116348266602 0.19371390342712402 0.6153846153846154 1.0
0 1 34.26465792907022 0.019301176071166992 0.21301507949829102 0.47058823529411764 1.0
0 1 29.84498672911064 0.025819778442382812 0.23883485794067383 0.3636363636363636 1.0
0 1 25.99539253258091 0.03320503234863281 0.27203989028930664 0.3076923076923077 1.0
0 1 22.642343220204207 0.0936582088470459 0.36569809913635254 0.26666666666666666 1.0
0 1 19.721791308170232 0.10581517219543457 0.4715132713317871 0.27586206896551724 1.0
0 1 17.177950560167822 0.2424459457397461 0.7139592170715332 0.26666666666666666 1.0
0 1 14.962230399696251 0.17208075523376465 0.8860399723052979 0.24242424242424243 1.0
0 1 13.03230776858211 0.17506003379821777 1.0611000061035156 0.2222222222222222 1.0
0 1 11.351318703025308 0.15454602241516113 1.2156460285186768 0.2222222222222222 1.0
0 1 9.887154185253786 0.12307190895080566 1.3387179374694824 0.21621621621621623 1.0
0 1 8.611846820663045 0.12607312202453613 1.4647910594940186 0.20512820512820512 1.0
0 1 7.501036625197576 0.14024591445922852 1.605036973953247 0.19999999999999998 1.0
0 1 6.53350571883761 0.12187600135803223 1.7269129753112793 0.20512820512820512 1.0
0 1 5.69077303724795 0.16324687004089355 1.8901598453521729 0.18604651162790697 1.0
0 1 4.956741320068812 0.12107515335083008 2.011234998703003 0.1777777777777778 1.0
0 1 4.317389632878279 0.16951227188110352 2.1807472705841064 0.1702127659574468 1.0
0 1 3.7605055496069455 1.6674909591674805 3.848238229751587 0.1702127659574468 1.0
0 1 3.2754518797500736 0.3359358310699463 4.184174060821533 0.1702127659574468 1.0
0 1 2.8529634845718124 0.13095498085021973 4.315129041671753 0.16666666666666666 1.0
0 1 2.4849703012340436 0.13112306594848633 4.446252107620239 0.163265306122449 1.0
0 1 2.1644431943866964 0.2274031639099121 4.673655271530151 0.163265306122449 1.0
0 1 1.8852596907900219 0.09501886367797852 4.76867413520813 0.163265306122449 1.0
0 1 1.6420870323301746 0.0940861701965332 4.862760305404663 0.163265306122449 1.0
0 1 1.4302803135927475 0.09334087371826172 4.956101179122925 0.163265306122449 1.0
0 1 1.2457937582930971 0.09219503402709961 5.048296213150024 0.163265306122449 1.0
0 1 1.0851034398309916 0.22195196151733398 5.270248174667358 0.1568627450980392 1.0
0 1 0.945139969834425 0.22422027587890625 5.494468450546265 0.1568627450980392 1.0
0 1 0.823229868958621 0.37420010566711426 5.868668556213379 0.1568627450980392 1.0
0 1 0.7170445000483404 0.6752409934997559 6.543909549713135 0.15384615384615383 1.0
0 1 0.624555588222246 0.4486258029937744 6.992535352706909 0.1509433962264151 1.0
0 1 0.5439964782567033 0.2985658645629883 7.2911012172698975 0.1509433962264151 1.0
0 1 0.4738283892360109 0.2265310287475586 7.517632246017456 0.1509433962264151 1.0
0 1 0.4127110218901976 0.22417998313903809 7.741812229156494 0.1481481481481481 1.0
0 1 0.3594769571833539 0.22540974617004395 7.967221975326538 0.1481481481481481 1.0
0 0.1 130.20161032759302 0.0011761188507080078 7.968398094177246 0.0 1.0
0 0.1 113.40738729625762 0.0011777877807617188 7.969575881958008 0.0 1.0
0 0.1 98.77938883400856 0.0011680126190185547 7.970743894577026 0.0 1.0
0 0.1 86.03820166433057 0.0012547969818115234 7.971998691558838 0.0 1.0
0 0.1 74.9404529934022 0.0012760162353515625 7.9732747077941895 0.0 1.0
0 0.1 65.27416178184274 0.0011739730834960938 7.9744486808776855 0.0 1.0
0 0.1 56.854689638682785 0.0011739730834960938 7.975622653961182 0.0 1.0
0 0.1 49.52121399451067 0.0011627674102783203 7.97678542137146 0.0 1.0
0 0.1 43.13365618693992 0.0011658668518066406 7.977951288223267 0.0 1.0
0 0.1 37.570005780944214 0.0012278556823730469 7.97917914390564 0.0 1.0
0 0.1 32.7239900151928 0.0011858940124511719 7.980365037918091 0.0 1.0
0 0.1 28.503043857863506 0.0012059211730957031 7.9815709590911865 0.0 1.0
0 0.1 24.826541897430772 0.014036178588867188 7.995607137680054 0.5714285714285715 1.0
0 0.1 21.624258295306348 0.0038721561431884766 7.999479293823242 0.5714285714285715 1.0
0 0.1 18.835025383479486 0.004179954528808594 8.00365924835205 0.5714285714285715 1.0
0 0.1 16.405565284674683 0.003906965255737305 8.007566213607788 0.5714285714285715 1.0
0 0.1 14.289472237493916 0.00400090217590332 8.011567115783691 0.5714285714285715 1.0
0 0.1 12.446326187665905 0.004083871841430664 8.015650987625122 0.5714285714285715 1.0
0 0.1 10.840920713874212 0.011424064636230469 8.027075052261353 0.7499999999999999 1.0
0 0.1 9.44259054057033 0.005398988723754883 8.032474040985107 0.7499999999999999 1.0
0 0.1 8.224625792416147 0.003981828689575195 8.036455869674683 0.7499999999999999 1.0
0 0.1 7.163761801874259 0.0041158199310302734 8.040571689605713 0.7499999999999999 1.0
0 0.1 6.239734724625884 0.003979206085205078 8.044550895690918 0.7499999999999999 1.0
0 0.1 5.43489447450858 0.031610965728759766 8.076161861419678 0.7272727272727272 1.0
0 0.1 4.733867584541418 0.009846687316894531 8.086008548736572 0.7272727272727272 1.0
0 0.1 4.123263554256632 0.00915384292602539 8.095162391662598 0.7272727272727272 1.0
0 0.1 3.591419074200402 0.061768293380737305 8.156930685043335 0.5714285714285714 1.0
0 0.1 3.128175241967003 0.14593791961669922 8.302868604660034 0.4444444444444444 1.0
0 0.1 2.7246835143108377 0.054399967193603516 8.357268571853638 0.4210526315789473 1.0
0 0.1 2.373236688776134 0.08834409713745117 8.445612668991089 0.38095238095238093 1.0
0 0.1 2.0671216863796724 0.28658390045166016 8.732196569442749 0.3333333333333333 1.0
0 0.1 1.8004913233094775 0.5196871757507324 9.251883745193481 0.32000000000000006 1.0
0 0.1 1.5682526223167341 0.5602188110351562 9.812102556228638 0.2857142857142857 1.0
0 0.1 1.3659695304072161 0.4332568645477295 10.245359420776367 0.27586206896551724 1.0
0 0.1 1.1897781846170337 0.2762889862060547 10.521648406982422 0.25806451612903225 1.0
0 0.1 1.036313107341863 0.08306384086608887 10.60471224784851 0.25806451612903225 1.0
0 0.1 0.9026429214570189 0.17772698402404785 10.782439231872559 0.24242424242424243 1.0
0 0.1 0.786214357305898 0.20197820663452148 10.98441743850708 0.2352941176470588 1.0
0 0.1 0.6848034820193963 0.06466794013977051 11.04908537864685 0.2352941176470588 1.0
0 0.1 0.5964732195846044 0.6422860622406006 11.691371440887451 0.2285714285714286 1.0
0 0.1 0.5195363502423698 0.6525371074676514 12.343908548355103 0.2222222222222222 1.0
0 0.1 0.4525232824553942 2.365952968597412 14.709861516952515 0.19999999999999998 1.0
0 0.1 0.3941539818506903 0.3011460304260254 15.01100754737854 0.19999999999999998 1.0
0 0.1 0.34331352094368267 0.4797639846801758 15.490771532058716 0.19512195121951217 1.0
0 0.1 0.2990307826127625 0.7898111343383789 16.280582666397095 0.19047619047619047 1.0
0 0.1 0.2604599105337001 0.826728105545044 17.10731077194214 0.18604651162790697 1.0
0 0.1 0.22686415225376097 0.2522847652435303 17.35959553718567 0.18181818181818182 1.0
0 0.1 0.19760178628779224 0.13510394096374512 17.494699478149414 0.18181818181818182 1.0
0 0.1 0.17211386442601356 0.11555123329162598 17.61025071144104 0.18181818181818182 1.0
0 0.1 0.14991353511608546 1.6722769737243652 19.282527685165405 0.1739130434782609 1.0
0 0.01 28.211963230963963 0.0011761188507080078 19.283703804016113 0.0 1.0
0 0.01 24.573006681497752 0.0011818408966064453 19.28488564491272 0.0 1.0
0 0.01 21.403425646968028 0.0011661052703857422 19.286051750183105 0.0 1.0
0 0.01 18.642677119777133 0.0012328624725341797 19.28728461265564 0.0 1.0
0 0.01 16.238027310431736 0.001203775405883789 19.288488388061523 0.0 1.0
0 0.01 14.143544365449966 0.0011630058288574219 19.28965139389038 0.0 1.0
0 0.01 12.319221010851523 0.001155853271484375 19.290807247161865 0.0 1.0
0 0.01 10.730210362611421 0.0011930465698242188 19.29200029373169 0.0 1.0
0 0.01 9.346160307090315 0.0012378692626953125 19.293238162994385 0.0 1.0
0 0.01 8.140633737265514 0.0011820793151855469 19.29442024230957 0.0 1.0
0 0.01 7.090603570541246 0.0011637210845947266 19.295583963394165 0.0 1.0
0 0.01 6.176012902339531 0.0011513233184814453 19.296735286712646 0.0 1.0
0 0.01 5.379391893848717 0.0012149810791015625 19.297950267791748 0.0 1.0
0 0.01 4.685524076001097 0.0012149810791015625 19.29916524887085 0.0 1.0
0 0.01 4.081155695663349 0.0011630058288574219 19.300328254699707 0.0 1.0
0 0.01 3.554742552184356 0.0011739730834960938 19.301502227783203 0.0 1.0
0 0.01 3.09622948855821 0.0011518001556396484 19.302654027938843 0.0 1.0
0 0.01 2.6968583252045994 0.0012519359588623047 19.303905963897705 0.0 1.0
0 0.01 2.349000567658869 0.009673118591308594 19.313579082489014 0.5714285714285715 1.0
0 0.01 2.046011692676912 0.002638101577758789 19.316217184066772 0.5714285714285715 1.0
0 0.01 1.7821042294352372 0.002780914306640625 19.318998098373413 0.5714285714285715 1.0
0 0.01 1.5522372115164986 0.0013248920440673828 19.32032299041748 0.5714285714285715 1.0
0 0.01 1.3520198880735976 0.0013549327850341797 19.321677923202515 0.5714285714285715 1.0
0 0.01 1.1776278549337647 0.0013840198516845703 19.3230619430542 0.5714285714285715 1.0
0 0.01 1.0257300036406054 0.011030912399291992 19.33409285545349 0.7499999999999999 1.0
0 0.01 0.8934248930683893 0.0024938583374023438 19.336586713790894 0.7499999999999999 1.0
0 0.01 0.7781853282259436 0.0026590824127197266 19.339245796203613 0.7499999999999999 1.0
0 0.01 0.6778100876351608 0.0013430118560791016 19.340588808059692 0.7499999999999999 1.0
0 0.01 0.590381877216004 0.0014431476593017578 19.342031955718994 0.7499999999999999 1.0
0 0.01 0.5142307075440048 0.019117116928100586 19.361149072647095 0.7272727272727272 1.0
0 0.01 0.44790199493955546 0.0029900074005126953 19.364139080047607 0.7272727272727272 1.0
0 0.01 0.39012877707943217 0.04510688781738281 19.40924596786499 0.5000000000000001 1.0
0 0.01 0.33980751241358653 0.05197286605834961 19.46121883392334 0.4 1.0
0 0.01 0.2959770011254507 0.011846065521240234 19.47306489944458 0.4 1.0
0 0.01 0.2578000249994245 0.011429786682128906 19.48449468612671 0.4 1.0
0 0.01 0.22454735549379537 0.07454609870910645 19.559040784835815 0.3076923076923077 1.0
0 0.01 0.19558382455304058 0.015034198760986328 19.5740749835968 0.3076923076923077 1.0
0 0.01 0.1703561920944177 0.18797993659973145 19.762054920196533 0.26666666666666666 1.0
0 0.01 0.14838257842248037 0.07129478454589844 19.83334970474243 0.25806451612903225 1.0
0 0.01 0.12924325971726744 0.021728992462158203 19.85507869720459 0.25806451612903225 1.0
0 0.01 0.1125726507783501 0.07023906707763672 19.925317764282227 0.25 1.0
0 0.01 0.09805232188500161 0.07267618179321289 19.99799394607544 0.24242424242424243 1.0
0 0.01 0.08540491638568569 0.09293174743652344 20.090925693511963 0.2352941176470588 1.0
0 0.01 0.07438885283512764 0.022196054458618164 20.11312174797058 0.2352941176470588 1.0
0 0.01 0.06479371048308594 0.0887448787689209 20.201866626739502 0.2285714285714286 1.0
0 0.01 0.056436209971818335 0.24191999435424805 20.44378662109375 0.21621621621621623 1.0
0 0.01 0.049156712468482675 0.03952598571777344 20.483312606811523 0.21621621621621623 1.0
0 0.01 0.0428161703614703 0.20633292198181152 20.689645528793335 0.20512820512820512 1.0
0 0.01 0.03729347127511503 0.03986191749572754 20.729507446289062 0.20512820512820512 1.0
0 0.01 0.032483124670098805 0.03866171836853027 20.768169164657593 0.20512820512820512 1.0
