[216.40736058 188.4937774  164.18066384 143.00360867 124.55810333
 108.49181534  94.49785828  82.30892987  71.69220614  62.44489425
  54.39035884  47.37474809  41.26405496  35.94155748  31.30558923
  27.26759733  23.75045104  20.68696841  18.01863304  15.69447636
  13.67010404  11.906848    10.37102782   9.03330739   7.86813455
   6.85325305   5.96927734   5.19932239   4.52868107   3.94454329
   3.43575127   2.99258645   2.60658382   2.27037024   1.9775236
   1.72245016   1.5002777    1.30676244   1.138208     0.99139477
   0.86351843   0.75213639   0.65512111   0.57061946   0.49701737
   0.43290895   0.37706963   0.32843281   0.28606948   0.24917044]0 1 312.2098259152708 0.0006432533264160156 0.0006432533264160156 0.0 1.0
0 1 271.93903789811014 0.0006611347198486328 0.0013043880462646484 0.0 1.0
0 1 236.8626295349813 0.007798194885253906 0.009102582931518555 0.33333333333333337 1.0
0 1 206.31059705097118 0.008571147918701172 0.017673730850219727 0.5714285714285715 1.0
0 1 179.69935797424765 0.004845142364501953 0.02251887321472168 0.5714285714285715 1.0
0 1 156.52060397255676 0.0038750171661376953 0.026393890380859375 0.5714285714285715 1.0
0 1 136.33159152101595 0.003534078598022461 0.029927968978881836 0.5714285714285715 1.0
0 1 118.74668494067365 0.01019597053527832 0.040123939514160156 0.7499999999999999 1.0
0 1 103.42999026917344 0.0062770843505859375 0.046401023864746094 0.7499999999999999 1.0
0 1 90.08893926113359 0.004830837249755859 0.05123186111450195 0.7499999999999999 1.0
0 1 78.46870096453189 0.0050089359283447266 0.05624079704284668 0.7499999999999999 1.0
0 1 68.34731412713553 0.005048036575317383 0.06128883361816406 0.7499999999999999 1.0
0 1 59.53144745577994 0.005331993103027344 0.0666208267211914 0.6666666666666665 1.0
0 1 51.85270674408604 0.010145902633666992 0.0767667293548584 0.7272727272727272 1.0
0 1 45.16441833008278 0.010576963424682617 0.08734369277954102 0.7272727272727272 1.0
0 1 39.33882744370648 0.012624979019165039 0.09996867179870605 0.6153846153846154 1.0
0 1 34.26465792907022 0.019845008850097656 0.11981368064880371 0.47058823529411764 1.0
0 1 29.84498672911064 0.027157068252563477 0.1469707489013672 0.3636363636363636 1.0
0 1 25.99539253258091 0.03789806365966797 0.18486881256103516 0.3076923076923077 1.0
0 1 22.642343220204207 0.10386514663696289 0.28873395919799805 0.26666666666666666 1.0
0 1 19.721791308170232 0.12374615669250488 0.41248011589050293 0.27586206896551724 1.0
0 1 17.177950560167822 0.2625761032104492 0.6750562191009521 0.26666666666666666 1.0
0 1 14.962230399696251 0.19024014472961426 0.8652963638305664 0.24242424242424243 1.0
0 1 13.03230776858211 0.18458890914916992 1.0498852729797363 0.2222222222222222 1.0
0 1 11.351318703025308 0.1828000545501709 1.2326853275299072 0.2222222222222222 1.0
0 1 9.887154185253786 0.14006924629211426 1.3727545738220215 0.21621621621621623 1.0
0 1 8.611846820663045 0.14188194274902344 1.514636516571045 0.20512820512820512 1.0
0 1 7.501036625197576 0.17316412925720215 1.687800645828247 0.19999999999999998 1.0
0 1 6.53350571883761 0.14040613174438477 1.8282067775726318 0.20512820512820512 1.0
0 1 5.69077303724795 0.18511104583740234 2.013317823410034 0.18604651162790697 1.0
0 1 4.956741320068812 0.15364599227905273 2.166963815689087 0.1777777777777778 1.0
0 1 4.317389632878279 0.19489407539367676 2.3618578910827637 0.1702127659574468 1.0
0 1 3.7605055496069455 1.868004322052002 4.229862213134766 0.1702127659574468 1.0
0 1 3.2754518797500736 0.373729944229126 4.603592157363892 0.1702127659574468 1.0
0 1 2.8529634845718124 0.18107128143310547 4.784663438796997 0.16666666666666666 1.0
0 1 2.4849703012340436 0.14855217933654785 4.933215618133545 0.163265306122449 1.0
0 1 2.1644431943866964 0.2507016658782959 5.183917284011841 0.163265306122449 1.0
0 1 1.8852596907900219 0.1420459747314453 5.325963258743286 0.163265306122449 1.0
0 1 1.6420870323301746 0.12233901023864746 5.448302268981934 0.163265306122449 1.0
0 1 1.4302803135927475 0.11649322509765625 5.56479549407959 0.163265306122449 1.0
0 1 1.2457937582930971 0.1124119758605957 5.6772074699401855 0.163265306122449 1.0
0 1 1.0851034398309916 0.39406704902648926 6.071274518966675 0.1568627450980392 1.0
0 1 0.945139969834425 0.3435509204864502 6.414825439453125 0.1568627450980392 1.0
0 1 0.823229868958621 0.4850287437438965 6.8998541831970215 0.1568627450980392 1.0
0 1 0.7170445000483404 0.8036651611328125 7.703519344329834 0.15384615384615383 1.0
0 1 0.624555588222246 0.739476203918457 8.442995548248291 0.1509433962264151 1.0
0 1 0.5439964782567033 0.5195491313934326 8.962544679641724 0.1509433962264151 1.0
0 1 0.4738283892360109 0.4458928108215332 9.408437490463257 0.1509433962264151 1.0
0 1 0.4127110218901976 0.44632887840270996 9.854766368865967 0.1481481481481481 1.0
0 1 0.3594769571833539 0.4452798366546631 10.30004620552063 0.1481481481481481 1.0
0 0.1 130.20161032759302 0.0006542205810546875 10.300700426101685 0.0 1.0
0 0.1 113.40738729625762 0.0006399154663085938 10.301340341567993 0.0 1.0
0 0.1 98.77938883400856 0.0006232261657714844 10.301963567733765 0.0 1.0
0 0.1 86.03820166433057 0.0006291866302490234 10.302592754364014 0.0 1.0
0 0.1 74.9404529934022 0.0006499290466308594 10.303242683410645 0.0 1.0
0 0.1 65.27416178184274 0.0007100105285644531 10.303952693939209 0.0 1.0
0 0.1 56.854689638682785 0.0006229877471923828 10.304575681686401 0.0 1.0
0 0.1 49.52121399451067 0.0006299018859863281 10.305205583572388 0.0 1.0
0 0.1 43.13365618693992 0.0006709098815917969 10.30587649345398 0.0 1.0
0 0.1 37.570005780944214 0.0006618499755859375 10.306538343429565 0.0 1.0
0 0.1 32.7239900151928 0.0006279945373535156 10.307166337966919 0.0 1.0
0 0.1 28.503043857863506 0.0006527900695800781 10.307819128036499 0.0 1.0
0 0.1 24.826541897430772 0.009768962860107422 10.317588090896606 0.5714285714285715 1.0
0 0.1 21.624258295306348 0.0018420219421386719 10.319430112838745 0.5714285714285715 1.0
0 0.1 18.835025383479486 0.0018322467803955078 10.32126235961914 0.5714285714285715 1.0
0 0.1 16.405565284674683 0.0017600059509277344 10.323022365570068 0.5714285714285715 1.0
0 0.1 14.289472237493916 0.0017809867858886719 10.324803352355957 0.5714285714285715 1.0
0 0.1 12.446326187665905 0.0017018318176269531 10.326505184173584 0.5714285714285715 1.0
0 0.1 10.840920713874212 0.007810115814208984 10.334315299987793 0.7499999999999999 1.0
0 0.1 9.44259054057033 0.0026311874389648438 10.336946487426758 0.7499999999999999 1.0
0 0.1 8.224625792416147 0.0026357173919677734 10.339582204818726 0.7499999999999999 1.0
0 0.1 7.163761801874259 0.0029387474060058594 10.342520952224731 0.7499999999999999 1.0
0 0.1 6.239734724625884 0.0028641223907470703 10.345385074615479 0.7499999999999999 1.0
0 0.1 5.43489447450858 0.02777695655822754 10.373162031173706 0.7272727272727272 1.0
0 0.1 4.733867584541418 0.006952047348022461 10.380114078521729 0.7272727272727272 1.0
0 0.1 4.123263554256632 0.0076558589935302734 10.387769937515259 0.7272727272727272 1.0
0 0.1 3.591419074200402 0.05545377731323242 10.443223714828491 0.5714285714285714 1.0
0 0.1 3.128175241967003 0.14257097244262695 10.585794687271118 0.4444444444444444 1.0
0 0.1 2.7246835143108377 0.050206899642944336 10.636001586914062 0.4210526315789473 1.0
0 0.1 2.373236688776134 0.08588790893554688 10.72188949584961 0.38095238095238093 1.0
0 0.1 2.0671216863796724 0.3191521167755127 11.041041612625122 0.3333333333333333 1.0
0 0.1 1.8004913233094775 0.4863779544830322 11.527419567108154 0.32000000000000006 1.0
0 0.1 1.5682526223167341 0.5630087852478027 12.090428352355957 0.2857142857142857 1.0
0 0.1 1.3659695304072161 0.432981014251709 12.523409366607666 0.27586206896551724 1.0
0 0.1 1.1897781846170337 0.282027006149292 12.805436372756958 0.25806451612903225 1.0
0 0.1 1.036313107341863 0.08583378791809082 12.891270160675049 0.25806451612903225 1.0
0 0.1 0.9026429214570189 0.19516491889953613 13.086435079574585 0.24242424242424243 1.0
0 0.1 0.786214357305898 0.20737910270690918 13.293814182281494 0.2352941176470588 1.0
0 0.1 0.6848034820193963 0.0662069320678711 13.360021114349365 0.2352941176470588 1.0
0 0.1 0.5964732195846044 0.6694920063018799 14.029513120651245 0.2285714285714286 1.0
0 0.1 0.5195363502423698 0.6975741386413574 14.727087259292603 0.2222222222222222 1.0
0 0.1 0.4525232824553942 2.570523262023926 17.29761052131653 0.19999999999999998 1.0
0 0.1 0.3941539818506903 0.35318899154663086 17.65079951286316 0.19999999999999998 1.0
0 0.1 0.34331352094368267 0.5564420223236084 18.207241535186768 0.19512195121951217 1.0
0 0.1 0.2990307826127625 0.7787678241729736 18.98600935935974 0.19047619047619047 1.0
0 0.1 0.2604599105337001 0.9581313133239746 19.944140672683716 0.18181818181818182 1.0
0 0.1 0.22686415225376097 0.3767266273498535 20.32086730003357 0.18181818181818182 1.0
0 0.1 0.19760178628779224 0.16003799438476562 20.480905294418335 0.18181818181818182 1.0
0 0.1 0.17211386442601356 0.12059187889099121 20.601497173309326 0.18181818181818182 1.0
0 0.1 0.14991353511608546 2.1493568420410156 22.750854015350342 0.1739130434782609 1.0
0 0.01 28.211963230963963 0.000637054443359375 22.7514910697937 0.0 1.0
0 0.01 24.573006681497752 0.0006380081176757812 22.752129077911377 0.0 1.0
0 0.01 21.403425646968028 0.000621795654296875 22.752750873565674 0.0 1.0
0 0.01 18.642677119777133 0.0006289482116699219 22.753379821777344 0.0 1.0
0 0.01 16.238027310431736 0.0006678104400634766 22.754047632217407 0.0 1.0
0 0.01 14.143544365449966 0.0006618499755859375 22.754709482192993 0.0 1.0
0 0.01 12.319221010851523 0.0006468296051025391 22.755356311798096 0.0 1.0
0 0.01 10.730210362611421 0.0006308555603027344 22.7559871673584 0.0 1.0
0 0.01 9.346160307090315 0.0006196498870849609 22.756606817245483 0.0 1.0
0 0.01 8.140633737265514 0.0006399154663085938 22.757246732711792 0.0 1.0
0 0.01 7.090603570541246 0.0006198883056640625 22.757866621017456 0.0 1.0
0 0.01 6.176012902339531 0.0006318092346191406 22.758498430252075 0.0 1.0
0 0.01 5.379391893848717 0.0006170272827148438 22.75911545753479 0.0 1.0
0 0.01 4.685524076001097 0.0007398128509521484 22.759855270385742 0.0 1.0
0 0.01 4.081155695663349 0.0006289482116699219 22.760484218597412 0.0 1.0
0 0.01 3.554742552184356 0.0006351470947265625 22.76111936569214 0.0 1.0
0 0.01 3.09622948855821 0.0006229877471923828 22.76174235343933 0.0 1.0
0 0.01 2.6968583252045994 0.0006630420684814453 22.762405395507812 0.0 1.0
0 0.01 2.349000567658869 0.015713930130004883 22.778119325637817 0.5714285714285715 1.0
0 0.01 2.046011692676912 0.0011110305786132812 22.77923035621643 0.5714285714285715 1.0
0 0.01 1.7821042294352372 0.0011148452758789062 22.78034520149231 0.5714285714285715 1.0
0 0.01 1.5522372115164986 0.0010590553283691406 22.78140425682068 0.5714285714285715 1.0
0 0.01 1.3520198880735976 0.001094818115234375 22.782499074935913 0.5714285714285715 1.0
0 0.01 1.1776278549337647 0.0010912418365478516 22.78359031677246 0.5714285714285715 1.0
0 0.01 1.0257300036406054 0.005246877670288086 22.78883719444275 0.7499999999999999 1.0
0 0.01 0.8934248930683893 0.0010590553283691406 22.789896249771118 0.7499999999999999 1.0
0 0.01 0.7781853282259436 0.001058816909790039 22.790955066680908 0.7499999999999999 1.0
0 0.01 0.6778100876351608 0.0011589527130126953 22.79211401939392 0.7499999999999999 1.0
0 0.01 0.590381877216004 0.0014138221740722656 22.793527841567993 0.7499999999999999 1.0
0 0.01 0.5142307075440048 0.01304006576538086 22.806567907333374 0.7272727272727272 1.0
0 0.01 0.44790199493955546 0.003165006637573242 22.809732913970947 0.7272727272727272 1.0
0 0.01 0.39012877707943217 0.040719032287597656 22.850451946258545 0.5000000000000001 1.0
0 0.01 0.33980751241358653 0.04660391807556152 22.897055864334106 0.4 1.0
0 0.01 0.2959770011254507 0.008510828018188477 22.905566692352295 0.4 1.0
0 0.01 0.2578000249994245 0.009128808975219727 22.914695501327515 0.4 1.0
0 0.01 0.22454735549379537 0.06714296340942383 22.98183846473694 0.3076923076923077 1.0
0 0.01 0.19558382455304058 0.012738943099975586 22.994577407836914 0.3076923076923077 1.0
0 0.01 0.1703561920944177 0.18639707565307617 23.18097448348999 0.26666666666666666 1.0
0 0.01 0.14838257842248037 0.06253194808959961 23.24350643157959 0.25806451612903225 1.0
0 0.01 0.12924325971726744 0.019500732421875 23.263007164001465 0.25806451612903225 1.0
0 0.01 0.1125726507783501 0.0644078254699707 23.327414989471436 0.25 1.0
0 0.01 0.09805232188500161 0.06541109085083008 23.392826080322266 0.24242424242424243 1.0
0 0.01 0.08540491638568569 0.08711409568786621 23.479940176010132 0.2352941176470588 1.0
0 0.01 0.07438885283512764 0.018851757049560547 23.498791933059692 0.2352941176470588 1.0
0 0.01 0.06479371048308594 0.08313107490539551 23.581923007965088 0.2285714285714286 1.0
0 0.01 0.056436209971818335 0.2280888557434082 23.810011863708496 0.21621621621621623 1.0
0 0.01 0.049156712468482675 0.03551673889160156 23.845528602600098 0.21621621621621623 1.0
0 0.01 0.0428161703614703 0.2019820213317871 24.047510623931885 0.20512820512820512 1.0
0 0.01 0.03729347127511503 0.03205132484436035 24.079561948776245 0.20512820512820512 1.0
0 0.01 0.032483124670098805 0.030279874801635742 24.10984182357788 0.20512820512820512 1.0
