[216.40736058 188.4937774  164.18066384 143.00360867 124.55810333
 108.49181534  94.49785828  82.30892987  71.69220614  62.44489425
  54.39035884  47.37474809  41.26405496  35.94155748  31.30558923
  27.26759733  23.75045104  20.68696841  18.01863304  15.69447636
  13.67010404  11.906848    10.37102782   9.03330739   7.86813455
   6.85325305   5.96927734   5.19932239   4.52868107   3.94454329
   3.43575127   2.99258645   2.60658382   2.27037024   1.9775236
   1.72245016   1.5002777    1.30676244   1.138208     0.99139477
   0.86351843   0.75213639   0.65512111   0.57061946   0.49701737
   0.43290895   0.37706963   0.32843281   0.28606948   0.24917044]0 1 312.2098259152708 0.001177072525024414 0.001177072525024414 0.0 1.0
0 1 271.93903789811014 0.0011758804321289062 0.0023529529571533203 0.0 1.0
0 1 236.8626295349813 0.03472113609313965 0.03707408905029297 0.33333333333333337 1.0
0 1 206.31059705097118 0.024672746658325195 0.061746835708618164 0.5714285714285715 1.0
0 1 179.69935797424765 0.015455961227416992 0.07720279693603516 0.5714285714285715 1.0
0 1 156.52060397255676 0.012806892395019531 0.09000968933105469 0.5714285714285715 1.0
0 1 136.33159152101595 0.010228872299194336 0.10023856163024902 0.5714285714285715 1.0
0 1 118.74668494067365 0.02960801124572754 0.12984657287597656 0.7499999999999999 1.0
0 1 103.42999026917344 0.018082141876220703 0.14792871475219727 0.7499999999999999 1.0
0 1 90.08893926113359 0.013414144515991211 0.16134285926818848 0.7499999999999999 1.0
0 1 78.46870096453189 0.012042999267578125 0.1733858585357666 0.7499999999999999 1.0
0 1 68.34731412713553 0.009626150131225586 0.1830120086669922 0.7499999999999999 1.0
0 1 59.53144745577994 0.00995016098022461 0.1929621696472168 0.6666666666666665 1.0
0 1 51.85270674408604 0.015230178833007812 0.2081923484802246 0.7272727272727272 1.0
0 1 45.16441833008278 0.013831853866577148 0.22202420234680176 0.7272727272727272 1.0
0 1 39.33882744370648 0.015070915222167969 0.23709511756896973 0.6153846153846154 1.0
0 1 34.26465792907022 0.024064064025878906 0.26115918159484863 0.47058823529411764 1.0
0 1 29.84498672911064 0.029089689254760742 0.2902488708496094 0.3636363636363636 1.0
0 1 25.99539253258091 0.04057717323303223 0.3308260440826416 0.3076923076923077 1.0
0 1 22.642343220204207 0.11169099807739258 0.4425170421600342 0.26666666666666666 1.0
0 1 19.721791308170232 0.12858128547668457 0.5710983276367188 0.27586206896551724 1.0
0 1 17.177950560167822 0.2685270309448242 0.839625358581543 0.26666666666666666 1.0
0 1 14.962230399696251 0.1945500373840332 1.0341753959655762 0.24242424242424243 1.0
0 1 13.03230776858211 0.18933701515197754 1.2235124111175537 0.2222222222222222 1.0
0 1 11.351318703025308 0.18207502365112305 1.4055874347686768 0.2222222222222222 1.0
0 1 9.887154185253786 0.1402120590209961 1.5457994937896729 0.21621621621621623 1.0
0 1 8.611846820663045 0.14321374893188477 1.6890132427215576 0.20512820512820512 1.0
0 1 7.501036625197576 0.16393089294433594 1.8529441356658936 0.19999999999999998 1.0
0 1 6.53350571883761 0.13973402976989746 1.992678165435791 0.20512820512820512 1.0
0 1 5.69077303724795 0.1832118034362793 2.1758899688720703 0.18604651162790697 1.0
0 1 4.956741320068812 0.15482878684997559 2.330718755722046 0.1777777777777778 1.0
0 1 4.317389632878279 0.19495773315429688 2.5256764888763428 0.1702127659574468 1.0
0 1 3.7605055496069455 1.8975930213928223 4.423269510269165 0.1702127659574468 1.0
0 1 3.2754518797500736 0.3729698657989502 4.796239376068115 0.1702127659574468 1.0
0 1 2.8529634845718124 0.1806180477142334 4.976857423782349 0.16666666666666666 1.0
0 1 2.4849703012340436 0.146683931350708 5.123541355133057 0.163265306122449 1.0
0 1 2.1644431943866964 0.24936389923095703 5.372905254364014 0.163265306122449 1.0
0 1 1.8852596907900219 0.14047503471374512 5.513380289077759 0.163265306122449 1.0
0 1 1.6420870323301746 0.12134623527526855 5.634726524353027 0.163265306122449 1.0
0 1 1.4302803135927475 0.11643290519714355 5.751159429550171 0.163265306122449 1.0
0 1 1.2457937582930971 0.11306905746459961 5.8642284870147705 0.163265306122449 1.0
0 1 1.0851034398309916 0.3920478820800781 6.256276369094849 0.1568627450980392 1.0
0 1 0.945139969834425 0.34355998039245605 6.599836349487305 0.1568627450980392 1.0
0 1 0.823229868958621 0.5155551433563232 7.115391492843628 0.1568627450980392 1.0
0 1 0.7170445000483404 0.8072600364685059 7.922651529312134 0.15384615384615383 1.0
0 1 0.624555588222246 0.7402780055999756 8.66292953491211 0.1509433962264151 1.0
0 1 0.5439964782567033 0.5193541049957275 9.182283639907837 0.1509433962264151 1.0
0 1 0.4738283892360109 0.4462769031524658 9.628560543060303 0.1509433962264151 1.0
0 1 0.4127110218901976 0.4552597999572754 10.083820343017578 0.1481481481481481 1.0
0 1 0.3594769571833539 0.4646170139312744 10.548437356948853 0.1481481481481481 1.0
0 0.1 130.20161032759302 0.0011839866638183594 10.549621343612671 0.0 1.0
0 0.1 113.40738729625762 0.0011858940124511719 10.550807237625122 0.0 1.0
0 0.1 98.77938883400856 0.0011699199676513672 10.551977157592773 0.0 1.0
0 0.1 86.03820166433057 0.0012309551239013672 10.553208112716675 0.0 1.0
0 0.1 74.9404529934022 0.001210927963256836 10.554419040679932 0.0 1.0
0 0.1 65.27416178184274 0.0012021064758300781 10.555621147155762 0.0 1.0
0 0.1 56.854689638682785 0.0011909008026123047 10.556812047958374 0.0 1.0
0 0.1 49.52121399451067 0.0011670589447021484 10.557979106903076 0.0 1.0
0 0.1 43.13365618693992 0.001239776611328125 10.559218883514404 0.0 1.0
0 0.1 37.570005780944214 0.0011851787567138672 10.560404062271118 0.0 1.0
0 0.1 32.7239900151928 0.0011868476867675781 10.561590909957886 0.0 1.0
0 0.1 28.503043857863506 0.0012090206146240234 10.56279993057251 0.0 1.0
0 0.1 24.826541897430772 0.015729188919067383 10.578529119491577 0.5714285714285715 1.0
0 0.1 21.624258295306348 0.00526881217956543 10.583797931671143 0.5714285714285715 1.0
0 0.1 18.835025383479486 0.005485057830810547 10.589282989501953 0.5714285714285715 1.0
0 0.1 16.405565284674683 0.005017280578613281 10.594300270080566 0.5714285714285715 1.0
0 0.1 14.289472237493916 0.005280017852783203 10.59958028793335 0.5714285714285715 1.0
0 0.1 12.446326187665905 0.0042760372161865234 10.603856325149536 0.5714285714285715 1.0
0 0.1 10.840920713874212 0.012657880783081055 10.616514205932617 0.7499999999999999 1.0
0 0.1 9.44259054057033 0.006384134292602539 10.62289834022522 0.7499999999999999 1.0
0 0.1 8.224625792416147 0.0053539276123046875 10.628252267837524 0.7499999999999999 1.0
0 0.1 7.163761801874259 0.005346059799194336 10.633598327636719 0.7499999999999999 1.0
0 0.1 6.239734724625884 0.00500178337097168 10.63860011100769 0.7499999999999999 1.0
0 0.1 5.43489447450858 0.033596038818359375 10.67219614982605 0.7272727272727272 1.0
0 0.1 4.733867584541418 0.01201319694519043 10.68420934677124 0.7272727272727272 1.0
0 0.1 4.123263554256632 0.01172494888305664 10.695934295654297 0.7272727272727272 1.0
0 0.1 3.591419074200402 0.06372570991516113 10.759660005569458 0.5714285714285714 1.0
0 0.1 3.128175241967003 0.1495809555053711 10.909240961074829 0.4444444444444444 1.0
0 0.1 2.7246835143108377 0.05878400802612305 10.968024969100952 0.4210526315789473 1.0
0 0.1 2.373236688776134 0.09098505973815918 11.059010028839111 0.38095238095238093 1.0
0 0.1 2.0671216863796724 0.4380819797515869 11.497092008590698 0.3333333333333333 1.0
0 0.1 1.8004913233094775 0.5543570518493652 12.051449060440063 0.32000000000000006 1.0
0 0.1 1.5682526223167341 0.5987949371337891 12.650243997573853 0.2857142857142857 1.0
0 0.1 1.3659695304072161 0.4496169090270996 13.099860906600952 0.27586206896551724 1.0
0 0.1 1.1897781846170337 0.310133695602417 13.40999460220337 0.25806451612903225 1.0
0 0.1 1.036313107341863 0.09514117240905762 13.505135774612427 0.25806451612903225 1.0
0 0.1 0.9026429214570189 0.2164618968963623 13.721597671508789 0.24242424242424243 1.0
0 0.1 0.786214357305898 0.2170698642730713 13.93866753578186 0.2352941176470588 1.0
0 0.1 0.6848034820193963 0.07166385650634766 14.010331392288208 0.2352941176470588 1.0
0 0.1 0.5964732195846044 0.6771512031555176 14.687482595443726 0.2285714285714286 1.0
0 0.1 0.5195363502423698 0.718559980392456 15.406042575836182 0.2222222222222222 1.0
0 0.1 0.4525232824553942 2.590263843536377 17.99630641937256 0.19999999999999998 1.0
0 0.1 0.3941539818506903 0.37026286125183105 18.36656928062439 0.19999999999999998 1.0
0 0.1 0.34331352094368267 0.574033260345459 18.94060254096985 0.19512195121951217 1.0
0 0.1 0.2990307826127625 0.7946879863739014 19.73529052734375 0.19047619047619047 1.0
0 0.1 0.2604599105337001 0.9866390228271484 20.7219295501709 0.18181818181818182 1.0
0 0.1 0.22686415225376097 0.3927760124206543 21.114705562591553 0.18181818181818182 1.0
0 0.1 0.19760178628779224 0.16776394844055176 21.282469511032104 0.18181818181818182 1.0
0 0.1 0.17211386442601356 0.13088202476501465 21.41335153579712 0.18181818181818182 1.0
0 0.1 0.14991353511608546 2.1783721446990967 23.591723680496216 0.1739130434782609 1.0
0 0.01 28.211963230963963 0.001196146011352539 23.59291982650757 0.0 1.0
0 0.01 24.573006681497752 0.0011909008026123047 23.59411072731018 0.0 1.0
0 0.01 21.403425646968028 0.0011937618255615234 23.595304489135742 0.0 1.0
0 0.01 18.642677119777133 0.001230001449584961 23.596534490585327 0.0 1.0
0 0.01 16.238027310431736 0.0011699199676513672 23.59770441055298 0.0 1.0
0 0.01 14.143544365449966 0.0011510848999023438 23.59885549545288 0.0 1.0
0 0.01 12.319221010851523 0.0011436939239501953 23.59999918937683 0.0 1.0
0 0.01 10.730210362611421 0.0011491775512695312 23.6011483669281 0.0 1.0
0 0.01 9.346160307090315 0.0011429786682128906 23.602291345596313 0.0 1.0
0 0.01 8.140633737265514 0.001196146011352539 23.603487491607666 0.0 1.0
0 0.01 7.090603570541246 0.0012450218200683594 23.604732513427734 0.0 1.0
0 0.01 6.176012902339531 0.001146078109741211 23.605878591537476 0.0 1.0
0 0.01 5.379391893848717 0.001148223876953125 23.60702681541443 0.0 1.0
0 0.01 4.685524076001097 0.001138925552368164 23.608165740966797 0.0 1.0
0 0.01 4.081155695663349 0.0013201236724853516 23.609485864639282 0.0 1.0
0 0.01 3.554742552184356 0.0011861324310302734 23.610671997070312 0.0 1.0
0 0.01 3.09622948855821 0.0011692047119140625 23.611841201782227 0.0 1.0
0 0.01 2.6968583252045994 0.0011391639709472656 23.612980365753174 0.0 1.0
0 0.01 2.349000567658869 0.011122941970825195 23.624103307724 0.5714285714285715 1.0
0 0.01 2.046011692676912 0.002696990966796875 23.626800298690796 0.5714285714285715 1.0
0 0.01 1.7821042294352372 0.0025463104248046875 23.6293466091156 0.5714285714285715 1.0
0 0.01 1.5522372115164986 0.0026030540466308594 23.63194966316223 0.5714285714285715 1.0
0 0.01 1.3520198880735976 0.0025691986083984375 23.63451886177063 0.5714285714285715 1.0
0 0.01 1.1776278549337647 0.0027608871459960938 23.637279748916626 0.5714285714285715 1.0
0 0.01 1.0257300036406054 0.011076927185058594 23.648356676101685 0.7499999999999999 1.0
0 0.01 0.8934248930683893 0.002541780471801758 23.650898456573486 0.7499999999999999 1.0
0 0.01 0.7781853282259436 0.002596139907836914 23.653494596481323 0.7499999999999999 1.0
0 0.01 0.6778100876351608 0.002469778060913086 23.655964374542236 0.7499999999999999 1.0
0 0.01 0.590381877216004 0.002708911895751953 23.65867328643799 0.7499999999999999 1.0
0 0.01 0.5142307075440048 0.02003312110900879 23.678706407546997 0.7272727272727272 1.0
0 0.01 0.44790199493955546 0.00432896614074707 23.683035373687744 0.7272727272727272 1.0
0 0.01 0.39012877707943217 0.04656100273132324 23.729596376419067 0.5000000000000001 1.0
0 0.01 0.33980751241358653 0.05299091339111328 23.78258728981018 0.4 1.0
0 0.01 0.2959770011254507 0.012627840042114258 23.795215129852295 0.4 1.0
0 0.01 0.2578000249994245 0.012336969375610352 23.807552099227905 0.4 1.0
0 0.01 0.22454735549379537 0.07515597343444824 23.882708072662354 0.3076923076923077 1.0
0 0.01 0.19558382455304058 0.016537189483642578 23.899245262145996 0.3076923076923077 1.0
0 0.01 0.1703561920944177 0.1892719268798828 24.08851718902588 0.26666666666666666 1.0
0 0.01 0.14838257842248037 0.07321476936340332 24.161731958389282 0.25806451612903225 1.0
0 0.01 0.12924325971726744 0.024082183837890625 24.185814142227173 0.25806451612903225 1.0
0 0.01 0.1125726507783501 0.07192015647888184 24.257734298706055 0.25 1.0
0 0.01 0.09805232188500161 0.07497596740722656 24.33271026611328 0.24242424242424243 1.0
0 0.01 0.08540491638568569 0.09740686416625977 24.43011713027954 0.2352941176470588 1.0
0 0.01 0.07438885283512764 0.02395176887512207 24.454068899154663 0.2352941176470588 1.0
0 0.01 0.06479371048308594 0.09024524688720703 24.54431414604187 0.2285714285714286 1.0
0 0.01 0.056436209971818335 0.24601984024047852 24.79033398628235 0.21621621621621623 1.0
0 0.01 0.049156712468482675 0.0445249080657959 24.834858894348145 0.21621621621621623 1.0
0 0.01 0.0428161703614703 0.21761274337768555 25.05247163772583 0.20512820512820512 1.0
0 0.01 0.03729347127511503 0.04395294189453125 25.09642457962036 0.20512820512820512 1.0
0 0.01 0.032483124670098805 0.04212188720703125 25.138546466827393 0.20512820512820512 1.0
