[216.40736058 188.4937774  164.18066384 143.00360867 124.55810333
 108.49181534  94.49785828  82.30892987  71.69220614  62.44489425
  54.39035884  47.37474809  41.26405496  35.94155748  31.30558923
  27.26759733  23.75045104  20.68696841  18.01863304  15.69447636
  13.67010404  11.906848    10.37102782   9.03330739   7.86813455
   6.85325305   5.96927734   5.19932239   4.52868107   3.94454329
   3.43575127   2.99258645   2.60658382   2.27037024   1.9775236
   1.72245016   1.5002777    1.30676244   1.138208     0.99139477
   0.86351843   0.75213639   0.65512111   0.57061946   0.49701737
   0.43290895   0.37706963   0.32843281   0.28606948   0.24917044]0 1 312.2098259152708 0.0012087821960449219 0.0012087821960449219 0.0 1.0
0 1 271.93903789811014 0.0011820793151855469 0.0023908615112304688 0.0 1.0
0 1 236.8626295349813 0.040132999420166016 0.042523860931396484 0.33333333333333337 1.0
0 1 206.31059705097118 0.02913498878479004 0.07165884971618652 0.5714285714285715 1.0
0 1 179.69935797424765 0.01888418197631836 0.09054303169250488 0.5714285714285715 1.0
0 1 156.52060397255676 0.015056848526000977 0.10559988021850586 0.5714285714285715 1.0
0 1 136.33159152101595 0.012611865997314453 0.11821174621582031 0.5714285714285715 1.0
0 1 118.74668494067365 0.034500837326049805 0.15271258354187012 0.7499999999999999 1.0
0 1 103.42999026917344 0.021823883056640625 0.17453646659851074 0.7499999999999999 1.0
0 1 90.08893926113359 0.01654791831970215 0.1910843849182129 0.7499999999999999 1.0
0 1 78.46870096453189 0.014295816421508789 0.20538020133972168 0.7499999999999999 1.0
0 1 68.34731412713553 0.01217508316040039 0.21755528450012207 0.7499999999999999 1.0
0 1 59.53144745577994 0.012457847595214844 0.23001313209533691 0.6666666666666665 1.0
0 1 51.85270674408604 0.018665075302124023 0.24867820739746094 0.7272727272727272 1.0
0 1 45.16441833008278 0.01631903648376465 0.2649972438812256 0.7272727272727272 1.0
0 1 39.33882744370648 0.01905512809753418 0.28405237197875977 0.6153846153846154 1.0
0 1 34.26465792907022 0.030337095260620117 0.3143894672393799 0.47058823529411764 1.0
0 1 29.84498672911064 0.03677201271057129 0.35116147994995117 0.3636363636363636 1.0
0 1 25.99539253258091 0.05032014846801758 0.40148162841796875 0.3076923076923077 1.0
0 1 22.642343220204207 0.1392970085144043 0.540778636932373 0.26666666666666666 1.0
0 1 19.721791308170232 0.15936589241027832 0.7001445293426514 0.27586206896551724 1.0
0 1 17.177950560167822 0.301314115524292 1.0014586448669434 0.26666666666666666 1.0
0 1 14.962230399696251 0.22535181045532227 1.2268104553222656 0.24242424242424243 1.0
0 1 13.03230776858211 0.2179419994354248 1.4447524547576904 0.2222222222222222 1.0
0 1 11.351318703025308 0.20782065391540527 1.6525731086730957 0.2222222222222222 1.0
0 1 9.887154185253786 0.16722512245178223 1.819798231124878 0.21621621621621623 1.0
0 1 8.611846820663045 0.16618800163269043 1.9859862327575684 0.20512820512820512 1.0
0 1 7.501036625197576 0.19421792030334473 2.180204153060913 0.19999999999999998 1.0
0 1 6.53350571883761 0.15819692611694336 2.3384010791778564 0.20512820512820512 1.0
0 1 5.69077303724795 0.21563434600830078 2.5540354251861572 0.18604651162790697 1.0
0 1 4.956741320068812 0.1751561164855957 2.729191541671753 0.1777777777777778 1.0
0 1 4.317389632878279 0.22711396217346191 2.956305503845215 0.16666666666666666 1.0
0 1 3.7605055496069455 2.010064125061035 4.96636962890625 0.1702127659574468 1.0
0 1 3.2754518797500736 0.4157869815826416 5.382156610488892 0.1702127659574468 1.0
0 1 2.8529634845718124 0.22333097457885742 5.605487585067749 0.16666666666666666 1.0
0 1 2.4849703012340436 0.1799449920654297 5.785432577133179 0.163265306122449 1.0
0 1 2.1644431943866964 0.294968843460083 6.080401420593262 0.163265306122449 1.0
0 1 1.8852596907900219 0.16899514198303223 6.249396562576294 0.163265306122449 1.0
0 1 1.6420870323301746 0.15676331520080566 6.4061598777771 0.163265306122449 1.0
0 1 1.4302803135927475 0.1462841033935547 6.552443981170654 0.163265306122449 1.0
0 1 1.2457937582930971 0.13602924346923828 6.688473224639893 0.163265306122449 1.0
0 1 1.0851034398309916 0.5143759250640869 7.2028491497039795 0.1568627450980392 1.0
0 1 0.945139969834425 0.4319169521331787 7.634766101837158 0.1568627450980392 1.0
0 1 0.823229868958621 0.5651640892028809 8.199930191040039 0.1568627450980392 1.0
0 1 0.7170445000483404 0.9899609088897705 9.18989109992981 0.15384615384615383 1.0
0 1 0.624555588222246 0.9870719909667969 10.176963090896606 0.1509433962264151 1.0
0 1 0.5439964782567033 0.7156920433044434 10.89265513420105 0.1509433962264151 1.0
0 1 0.4738283892360109 0.6375658512115479 11.530220985412598 0.1509433962264151 1.0
0 1 0.4127110218901976 0.6429009437561035 12.173121929168701 0.1481481481481481 1.0
0 1 0.3594769571833539 0.6138169765472412 12.786938905715942 0.1481481481481481 1.0
0 0.1 130.20161032759302 0.0011529922485351562 12.788091897964478 0.0 1.0
0 0.1 113.40738729625762 0.0011610984802246094 12.789252996444702 0.0 1.0
0 0.1 98.77938883400856 0.0011570453643798828 12.790410041809082 0.0 1.0
0 0.1 86.03820166433057 0.0012431144714355469 12.791653156280518 0.0 1.0
0 0.1 74.9404529934022 0.0012328624725341797 12.792886018753052 0.0 1.0
0 0.1 65.27416178184274 0.0011630058288574219 12.79404902458191 0.0 1.0
0 0.1 56.854689638682785 0.0011909008026123047 12.795239925384521 0.0 1.0
0 0.1 49.52121399451067 0.0012202262878417969 12.796460151672363 0.0 1.0
0 0.1 43.13365618693992 0.0011761188507080078 12.797636270523071 0.0 1.0
0 0.1 37.570005780944214 0.0011970996856689453 12.79883337020874 0.0 1.0
0 0.1 32.7239900151928 0.0012021064758300781 12.80003547668457 0.0 1.0
0 0.1 28.503043857863506 0.0011928081512451172 12.801228284835815 0.0 1.0
0 0.1 24.826541897430772 0.01767587661743164 12.818904161453247 0.5714285714285715 1.0
0 0.1 21.624258295306348 0.007612943649291992 12.826517105102539 0.5714285714285715 1.0
0 0.1 18.835025383479486 0.006376981735229492 12.832894086837769 0.5714285714285715 1.0
0 0.1 16.405565284674683 0.006107807159423828 12.839001893997192 0.5714285714285715 1.0
0 0.1 14.289472237493916 0.006558895111083984 12.845560789108276 0.5714285714285715 1.0
0 0.1 12.446326187665905 0.006276130676269531 12.851836919784546 0.5714285714285715 1.0
0 0.1 10.840920713874212 0.013933181762695312 12.865770101547241 0.7499999999999999 1.0
0 0.1 9.44259054057033 0.0074710845947265625 12.873241186141968 0.7499999999999999 1.0
0 0.1 8.224625792416147 0.006397247314453125 12.879638433456421 0.7499999999999999 1.0
0 0.1 7.163761801874259 0.0063860416412353516 12.886024475097656 0.7499999999999999 1.0
0 0.1 6.239734724625884 0.00627899169921875 12.892303466796875 0.7499999999999999 1.0
0 0.1 5.43489447450858 0.0367739200592041 12.929077386856079 0.7272727272727272 1.0
0 0.1 4.733867584541418 0.014380931854248047 12.943458318710327 0.7272727272727272 1.0
0 0.1 4.123263554256632 0.014011144638061523 12.957469463348389 0.7272727272727272 1.0
0 0.1 3.591419074200402 0.06853723526000977 13.026006698608398 0.5714285714285714 1.0
0 0.1 3.128175241967003 0.15514230728149414 13.181149005889893 0.4444444444444444 1.0
0 0.1 2.7246835143108377 0.06496214866638184 13.246111154556274 0.4210526315789473 1.0
0 0.1 2.373236688776134 0.09557414054870605 13.34168529510498 0.38095238095238093 1.0
0 0.1 2.0671216863796724 0.5704948902130127 13.912180185317993 0.3333333333333333 1.0
0 0.1 1.8004913233094775 0.6001660823822021 14.512346267700195 0.32000000000000006 1.0
0 0.1 1.5682526223167341 0.6477220058441162 15.160068273544312 0.2857142857142857 1.0
0 0.1 1.3659695304072161 0.4737999439239502 15.633868217468262 0.27586206896551724 1.0
0 0.1 1.1897781846170337 0.34923386573791504 15.983102083206177 0.25806451612903225 1.0
0 0.1 1.036313107341863 0.10919189453125 16.092293977737427 0.25806451612903225 1.0
0 0.1 0.9026429214570189 0.24060702323913574 16.332901000976562 0.24242424242424243 1.0
0 0.1 0.786214357305898 0.22822284698486328 16.561123847961426 0.2352941176470588 1.0
0 0.1 0.6848034820193963 0.08110690116882324 16.64223074913025 0.2352941176470588 1.0
0 0.1 0.5964732195846044 0.7289531230926514 17.3711838722229 0.2285714285714286 1.0
0 0.1 0.5195363502423698 0.7745180130004883 18.14570188522339 0.2222222222222222 1.0
0 0.1 0.4525232824553942 2.7898550033569336 20.935556888580322 0.19999999999999998 1.0
0 0.1 0.3941539818506903 0.3949260711669922 21.330482959747314 0.19999999999999998 1.0
0 0.1 0.34331352094368267 0.6530940532684326 21.983577013015747 0.19512195121951217 1.0
0 0.1 0.2990307826127625 0.8109467029571533 22.7945237159729 0.19047619047619047 1.0
0 0.1 0.2604599105337001 1.2940850257873535 24.088608741760254 0.18181818181818182 1.0
0 0.1 0.22686415225376097 0.4590721130371094 24.547680854797363 0.18181818181818182 1.0
0 0.1 0.19760178628779224 0.21664166450500488 24.764322519302368 0.18181818181818182 1.0
0 0.1 0.17211386442601356 0.14165282249450684 24.905975341796875 0.18181818181818182 1.0
0 0.1 0.14991353511608546 2.547351837158203 27.453327178955078 0.1739130434782609 1.0
0 0.01 28.211963230963963 0.0011970996856689453 27.454524278640747 0.0 1.0
0 0.01 24.573006681497752 0.00115203857421875 27.455676317214966 0.0 1.0
0 0.01 21.403425646968028 0.0011670589447021484 27.456843376159668 0.0 1.0
0 0.01 18.642677119777133 0.0012061595916748047 27.458049535751343 0.0 1.0
0 0.01 16.238027310431736 0.0012698173522949219 27.459319353103638 0.0 1.0
0 0.01 14.143544365449966 0.001168966293334961 27.460488319396973 0.0 1.0
0 0.01 12.319221010851523 0.00116729736328125 27.461655616760254 0.0 1.0
0 0.01 10.730210362611421 0.00115203857421875 27.462807655334473 0.0 1.0
0 0.01 9.346160307090315 0.0011601448059082031 27.46396780014038 0.0 1.0
0 0.01 8.140633737265514 0.0011630058288574219 27.46513080596924 0.0 1.0
0 0.01 7.090603570541246 0.0011851787567138672 27.466315984725952 0.0 1.0
0 0.01 6.176012902339531 0.0011591911315917969 27.467475175857544 0.0 1.0
0 0.01 5.379391893848717 0.0011749267578125 27.468650102615356 0.0 1.0
0 0.01 4.685524076001097 0.0011477470397949219 27.46979784965515 0.0 1.0
0 0.01 4.081155695663349 0.0011839866638183594 27.47098183631897 0.0 1.0
0 0.01 3.554742552184356 0.0011839866638183594 27.472165822982788 0.0 1.0
0 0.01 3.09622948855821 0.0011477470397949219 27.473313570022583 0.0 1.0
0 0.01 2.6968583252045994 0.0011529922485351562 27.474466562271118 0.0 1.0
0 0.01 2.349000567658869 0.012293815612792969 27.48676037788391 0.5714285714285715 1.0
0 0.01 2.046011692676912 0.003847837448120117 27.49060821533203 0.5714285714285715 1.0
0 0.01 1.7821042294352372 0.0037202835083007812 27.494328498840332 0.5714285714285715 1.0
0 0.01 1.5522372115164986 0.003715038299560547 27.498043537139893 0.5714285714285715 1.0
0 0.01 1.3520198880735976 0.0037429332733154297 27.501786470413208 0.5714285714285715 1.0
0 0.01 1.1776278549337647 0.0037577152252197266 27.505544185638428 0.5714285714285715 1.0
0 0.01 1.0257300036406054 0.011996984481811523 27.51754117012024 0.7499999999999999 1.0
0 0.01 0.8934248930683893 0.003612995147705078 27.521154165267944 0.7499999999999999 1.0
0 0.01 0.7781853282259436 0.0026900768280029297 27.523844242095947 0.7499999999999999 1.0
0 0.01 0.6778100876351608 0.002525806427001953 27.52637004852295 0.7499999999999999 1.0
0 0.01 0.590381877216004 0.0025548934936523438 27.5289249420166 0.7499999999999999 1.0
0 0.01 0.5142307075440048 0.02023792266845703 27.54916286468506 0.7272727272727272 1.0
0 0.01 0.44790199493955546 0.004236936569213867 27.553399801254272 0.7272727272727272 1.0
0 0.01 0.39012877707943217 0.05041980743408203 27.603819608688354 0.5000000000000001 1.0
0 0.01 0.33980751241358653 0.05676698684692383 27.66058659553528 0.4 1.0
0 0.01 0.2959770011254507 0.015255928039550781 27.67584252357483 0.4 1.0
0 0.01 0.2578000249994245 0.01472616195678711 27.690568685531616 0.4 1.0
0 0.01 0.22454735549379537 0.08263683319091797 27.773205518722534 0.3076923076923077 1.0
0 0.01 0.19558382455304058 0.017927885055541992 27.791133403778076 0.3076923076923077 1.0
0 0.01 0.1703561920944177 0.19277119636535645 27.983904600143433 0.26666666666666666 1.0
0 0.01 0.14838257842248037 0.07551193237304688 28.05941653251648 0.25806451612903225 1.0
0 0.01 0.12924325971726744 0.025405168533325195 28.084821701049805 0.25806451612903225 1.0
0 0.01 0.1125726507783501 0.07597589492797852 28.160797595977783 0.25 1.0
0 0.01 0.09805232188500161 0.07662534713745117 28.237422943115234 0.24242424242424243 1.0
0 0.01 0.08540491638568569 0.1004481315612793 28.337871074676514 0.2352941176470588 1.0
0 0.01 0.07438885283512764 0.02623891830444336 28.364109992980957 0.2352941176470588 1.0
0 0.01 0.06479371048308594 0.09362101554870605 28.457731008529663 0.2285714285714286 1.0
0 0.01 0.056436209971818335 0.257282018661499 28.715013027191162 0.21621621621621623 1.0
0 0.01 0.049156712468482675 0.05100679397583008 28.766019821166992 0.21621621621621623 1.0
0 0.01 0.0428161703614703 0.22269916534423828 28.98871898651123 0.20512820512820512 1.0
0 0.01 0.03729347127511503 0.048863887786865234 29.037582874298096 0.20512820512820512 1.0
0 0.01 0.032483124670098805 0.04499387741088867 29.082576751708984 0.20512820512820512 1.0
