[216.40736058 188.4937774  164.18066384 143.00360867 124.55810333
 108.49181534  94.49785828  82.30892987  71.69220614  62.44489425
  54.39035884  47.37474809  41.26405496  35.94155748  31.30558923
  27.26759733  23.75045104  20.68696841  18.01863304  15.69447636
  13.67010404  11.906848    10.37102782   9.03330739   7.86813455
   6.85325305   5.96927734   5.19932239   4.52868107   3.94454329
   3.43575127   2.99258645   2.60658382   2.27037024   1.9775236
   1.72245016   1.5002777    1.30676244   1.138208     0.99139477
   0.86351843   0.75213639   0.65512111   0.57061946   0.49701737
   0.43290895   0.37706963   0.32843281   0.28606948   0.24917044]0 1 312.2098259152708 0.007116079330444336 0.007116079330444336 0.0 1.0
0 1 271.93903789811014 0.007133007049560547 0.014249086380004883 0.0 1.0
0 1 236.8626295349813 0.0066928863525390625 0.020941972732543945 0.33333333333333337 1.0
0 1 206.31059705097118 0.046890974044799805 0.06783294677734375 0.5714285714285715 1.0
0 1 179.69935797424765 0.03863787651062012 0.10647082328796387 0.5714285714285715 1.0
0 1 156.52060397255676 0.03240323066711426 0.13887405395507812 0.5714285714285715 1.0
0 1 136.33159152101595 0.03225207328796387 0.171126127243042 0.5714285714285715 1.0
0 1 118.74668494067365 0.03853201866149902 0.20965814590454102 0.7499999999999999 1.0
0 1 103.42999026917344 0.032327890396118164 0.24198603630065918 0.7499999999999999 1.0
0 1 90.08893926113359 0.032070159912109375 0.27405619621276855 0.7499999999999999 1.0
0 1 78.46870096453189 0.032318115234375 0.30637431144714355 0.7499999999999999 1.0
0 1 68.34731412713553 0.031929969787597656 0.3383042812347412 0.7499999999999999 1.0
0 1 59.53144745577994 0.03977799415588379 0.378082275390625 0.6666666666666665 1.0
0 1 51.85270674408604 0.040750741958618164 0.41883301734924316 0.7272727272727272 1.0
0 1 45.16441833008278 0.039663076400756836 0.45849609375 0.7272727272727272 1.0
0 1 39.33882744370648 0.046659231185913086 0.5051553249359131 0.6153846153846154 1.0
0 1 34.26465792907022 0.0857079029083252 0.5908632278442383 0.47058823529411764 1.0
0 1 29.84498672911064 0.08338594436645508 0.6742491722106934 0.3636363636363636 1.0
0 1 25.99539253258091 0.10807991027832031 0.7823290824890137 0.3076923076923077 1.0
0 1 22.642343220204207 0.31291794776916504 1.0952470302581787 0.26666666666666666 1.0
0 1 19.721791308170232 0.34848523139953613 1.4437322616577148 0.27586206896551724 1.0
0 1 17.177950560167822 0.6226320266723633 2.066364288330078 0.26666666666666666 1.0
0 1 14.962230399696251 0.511552095413208 2.577916383743286 0.24242424242424243 1.0
0 1 13.03230776858211 0.443371057510376 3.021287441253662 0.2222222222222222 1.0
0 1 11.351318703025308 0.41606807708740234 3.4373555183410645 0.2222222222222222 1.0
0 1 9.887154185253786 0.3952159881591797 3.832571506500244 0.21621621621621623 1.0
0 1 8.611846820663045 0.39795875549316406 4.230530261993408 0.20512820512820512 1.0
0 1 7.501036625197576 0.44352102279663086 4.674051284790039 0.19999999999999998 1.0
0 1 6.53350571883761 0.3706328868865967 5.044684171676636 0.20512820512820512 1.0
0 1 5.69077303724795 0.4314908981323242 5.47617506980896 0.18604651162790697 1.0
0 1 4.956741320068812 0.3613739013671875 5.8375489711761475 0.1777777777777778 1.0
0 1 4.317389632878279 0.40775585174560547 6.245304822921753 0.1702127659574468 1.0
0 1 3.7605055496069455 4.75219202041626 10.997496843338013 0.1702127659574468 1.0
0 1 3.2754518797500736 0.9317467212677002 11.929243564605713 0.1702127659574468 1.0
0 1 2.8529634845718124 0.21760988235473633 12.14685344696045 0.16666666666666666 1.0
0 1 2.4849703012340436 0.29009294509887695 12.436946392059326 0.163265306122449 1.0
0 1 2.1644431943866964 0.6771798133850098 13.114126205444336 0.163265306122449 1.0
0 1 1.8852596907900219 0.28141188621520996 13.395538091659546 0.163265306122449 1.0
0 1 1.6420870323301746 0.2757759094238281 13.671314001083374 0.163265306122449 1.0
0 1 1.4302803135927475 0.25545501708984375 13.926769018173218 0.163265306122449 1.0
0 1 1.2457937582930971 0.24563002586364746 14.172399044036865 0.163265306122449 1.0
0 1 1.0851034398309916 1.2824456691741943 15.45484471321106 0.1568627450980392 1.0
0 1 0.945139969834425 1.093780755996704 16.548625469207764 0.1568627450980392 1.0
0 1 0.823229868958621 2.5943639278411865 19.14298939704895 0.1568627450980392 1.0
0 1 0.7170445000483404 0.7575569152832031 19.900546312332153 0.1481481481481481 1.0
0 1 0.624555588222246 7.654547214508057 27.55509352684021 0.15384615384615383 1.0
0 1 0.5439964782567033 0.8189029693603516 28.37399649620056 0.1481481481481481 1.0
0 1 0.4738283892360109 6.013763904571533 34.387760400772095 0.1509433962264151 1.0
0 1 0.4127110218901976 1.5188448429107666 35.90660524368286 0.14545454545454545 1.0
0 1 0.3594769571833539 1.8844940662384033 37.791099309921265 0.1481481481481481 1.0
0 0.1 130.20161032759302 0.006292819976806641 37.79739212989807 0.0 1.0
0 0.1 113.40738729625762 0.006587982177734375 37.803980112075806 0.0 1.0
0 0.1 98.77938883400856 0.006494045257568359 37.810474157333374 0.0 1.0
0 0.1 86.03820166433057 0.0063207149505615234 37.816794872283936 0.0 1.0
0 0.1 74.9404529934022 0.006754875183105469 37.82354974746704 0.0 1.0
0 0.1 65.27416178184274 0.0067691802978515625 37.83031892776489 0.0 1.0
0 0.1 56.854689638682785 0.006562948226928711 37.83688187599182 0.0 1.0
0 0.1 49.52121399451067 0.03900718688964844 37.87588906288147 0.5714285714285715 1.0
0 0.1 43.13365618693992 0.031874656677246094 37.907763719558716 0.5714285714285715 1.0
0 0.1 37.570005780944214 0.025853872299194336 37.93361759185791 0.5714285714285715 1.0
0 0.1 32.7239900151928 0.025639057159423828 37.959256649017334 0.5714285714285715 1.0
0 0.1 28.503043857863506 0.02593517303466797 37.985191822052 0.5714285714285715 1.0
0 0.1 24.826541897430772 0.025550127029418945 38.01074194908142 0.5714285714285715 1.0
0 0.1 21.624258295306348 0.038496971130371094 38.04923892021179 0.7499999999999999 1.0
0 0.1 18.835025383479486 0.02573871612548828 38.07497763633728 0.7499999999999999 1.0
0 0.1 16.405565284674683 0.025568008422851562 38.10054564476013 0.7499999999999999 1.0
0 0.1 14.289472237493916 0.02571392059326172 38.126259565353394 0.7499999999999999 1.0
0 0.1 12.446326187665905 0.025599002838134766 38.15185856819153 0.7499999999999999 1.0
0 0.1 10.840920713874212 0.02579498291015625 38.177653551101685 0.7499999999999999 1.0
0 0.1 9.44259054057033 0.025690793991088867 38.20334434509277 0.7499999999999999 1.0
0 0.1 8.224625792416147 0.02574920654296875 38.22909355163574 0.7499999999999999 1.0
0 0.1 7.163761801874259 0.03798317909240723 38.26707673072815 0.888888888888889 1.0
0 0.1 6.239734724625884 0.04476618766784668 38.311842918395996 0.7272727272727272 1.0
0 0.1 5.43489447450858 0.03215217590332031 38.343995094299316 0.7272727272727272 1.0
0 0.1 4.733867584541418 0.03204178810119629 38.37603688240051 0.7272727272727272 1.0
0 0.1 4.123263554256632 0.07005858421325684 38.44609546661377 0.6153846153846154 1.0
0 0.1 3.591419074200402 0.06517601013183594 38.511271476745605 0.5333333333333333 1.0
0 0.1 3.128175241967003 0.17373418807983398 38.68500566482544 0.4210526315789473 1.0
0 0.1 2.7246835143108377 0.15210914611816406 38.8371148109436 0.38095238095238093 1.0
0 0.1 2.373236688776134 0.08276915550231934 38.91988396644592 0.38095238095238093 1.0
0 0.1 2.0671216863796724 0.3250300884246826 39.244914054870605 0.3333333333333333 1.0
0 0.1 1.8004913233094775 0.2788660526275635 39.52378010749817 0.3076923076923077 1.0
0 0.1 1.5682526223167341 0.2298729419708252 39.753653049468994 0.2857142857142857 1.0
0 0.1 1.3659695304072161 0.4064040184020996 40.160057067871094 0.2962962962962963 1.0
0 0.1 1.1897781846170337 0.2616868019104004 40.421743869781494 0.26666666666666666 1.0
0 0.1 1.036313107341863 0.15967297554016113 40.581416845321655 0.26666666666666666 1.0
0 0.1 0.9026429214570189 0.6463220119476318 41.22773885726929 0.24242424242424243 1.0
0 0.1 0.786214357305898 0.4329848289489746 41.66072368621826 0.2352941176470588 1.0
0 0.1 0.6848034820193963 0.2680940628051758 41.92881774902344 0.2222222222222222 1.0
0 0.1 0.5964732195846044 0.9863312244415283 42.915148973464966 0.21621621621621623 1.0
0 0.1 0.5195363502423698 2.230780839920044 45.14592981338501 0.19999999999999998 1.0
0 0.1 0.4525232824553942 3.081606864929199 48.22753667831421 0.19512195121951217 1.0
0 0.1 0.3941539818506903 0.5643649101257324 48.79190158843994 0.19512195121951217 1.0
0 0.1 0.34331352094368267 0.6034102439880371 49.39531183242798 0.19047619047619047 1.0
0 0.1 0.2990307826127625 6.991872072219849 56.38718390464783 0.25 1.0
0 0.1 0.2604599105337001 0.4206583499908447 56.80784225463867 0.25 1.0
0 0.1 0.22686415225376097 0.1872420310974121 56.995084285736084 0.24390243902439027 1.0
0 0.1 0.19760178628779224 0.35105013847351074 57.346134424209595 0.24390243902439027 1.0
0 0.1 0.17211386442601356 0.2438678741455078 57.5900022983551 0.24390243902439027 1.0
0 0.1 0.14991353511608546 0.16975784301757812 57.75976014137268 0.24390243902439027 1.0
0 0.01 28.211963230963963 0.00636601448059082 57.76612615585327 0.33333333333333337 1.0
0 0.01 24.573006681497752 0.032570838928222656 57.798696994781494 0.5714285714285715 1.0
0 0.01 21.403425646968028 0.02585601806640625 57.8245530128479 0.5714285714285715 1.0
0 0.01 18.642677119777133 0.02611398696899414 57.850666999816895 0.5714285714285715 1.0
0 0.01 16.238027310431736 0.025908946990966797 57.87657594680786 0.5714285714285715 1.0
0 0.01 14.143544365449966 0.025669097900390625 57.90224504470825 0.5714285714285715 1.0
0 0.01 12.319221010851523 0.02573227882385254 57.927977323532104 0.5714285714285715 1.0
0 0.01 10.730210362611421 0.025669097900390625 57.953646421432495 0.5714285714285715 1.0
0 0.01 9.346160307090315 0.038197994232177734 57.99184441566467 0.7499999999999999 1.0
0 0.01 8.140633737265514 0.025743961334228516 58.0175883769989 0.7499999999999999 1.0
0 0.01 7.090603570541246 0.02573108673095703 58.04331946372986 0.7499999999999999 1.0
0 0.01 6.176012902339531 0.02607107162475586 58.069390535354614 0.7499999999999999 1.0
0 0.01 5.379391893848717 0.025870084762573242 58.09526062011719 0.7499999999999999 1.0
0 0.01 4.685524076001097 0.026410341262817383 58.121670961380005 0.7499999999999999 1.0
0 0.01 4.081155695663349 0.02588796615600586 58.14755892753601 0.7499999999999999 1.0
0 0.01 3.554742552184356 0.02578902244567871 58.17334794998169 0.7499999999999999 1.0
0 0.01 3.09622948855821 0.019243717193603516 58.19259166717529 0.7499999999999999 1.0
0 0.01 2.6968583252045994 0.03910493850708008 58.23169660568237 0.888888888888889 1.0
0 0.01 2.349000567658869 0.019571304321289062 58.25126791000366 0.888888888888889 1.0
0 0.01 2.046011692676912 0.045207977294921875 58.296475887298584 0.7272727272727272 1.0
0 0.01 1.7821042294352372 0.02606797218322754 58.32254385948181 0.7272727272727272 1.0
0 0.01 1.5522372115164986 0.05813097953796387 58.380674839019775 0.6666666666666666 1.0
0 0.01 1.3520198880735976 0.06464171409606934 58.445316553115845 0.5714285714285714 1.0
0 0.01 1.1776278549337647 0.08453869819641113 58.529855251312256 0.5000000000000001 1.0
0 0.01 1.0257300036406054 0.09168791770935059 58.621543169021606 0.47058823529411764 1.0
0 0.01 0.8934248930683893 0.09095239639282227 58.71249556541443 0.4444444444444444 1.0
0 0.01 0.7781853282259436 0.058995962142944336 58.77149152755737 0.4444444444444444 1.0
0 0.01 0.6778100876351608 0.11618995666503906 58.88768148422241 0.3478260869565218 1.0
0 0.01 0.590381877216004 0.0709540843963623 58.958635568618774 0.3478260869565218 1.0
0 0.01 0.5142307075440048 0.07137584686279297 59.03001141548157 0.3478260869565218 1.0
0 0.01 0.44790199493955546 0.17187213897705078 59.20188355445862 0.32000000000000006 1.0
0 0.01 0.39012877707943217 0.08994793891906738 59.291831493377686 0.32000000000000006 1.0
0 0.01 0.33980751241358653 0.0899209976196289 59.381752490997314 0.32000000000000006 1.0
0 0.01 0.2959770011254507 0.08422183990478516 59.4659743309021 0.32000000000000006 1.0
0 0.01 0.2578000249994245 0.12196516990661621 59.587939500808716 0.2962962962962963 1.0
0 0.01 0.22454735549379537 0.10936713218688965 59.697306632995605 0.2857142857142857 1.0
0 0.01 0.19558382455304058 0.07750511169433594 59.77481174468994 0.2857142857142857 1.0
0 0.01 0.1703561920944177 0.3528769016265869 60.12768864631653 0.24242424242424243 1.0
0 0.01 0.14838257842248037 0.15375018119812012 60.28143882751465 0.24242424242424243 1.0
0 0.01 0.12924325971726744 0.1349802017211914 60.41641902923584 0.24242424242424243 1.0
0 0.01 0.1125726507783501 0.1218559741973877 60.53827500343323 0.24242424242424243 1.0
0 0.01 0.09805232188500161 0.2063307762145996 60.74460577964783 0.2352941176470588 1.0
0 0.01 0.08540491638568569 0.09859085083007812 60.843196630477905 0.2352941176470588 1.0
0 0.01 0.07438885283512764 0.3027307987213135 61.14592742919922 0.2222222222222222 1.0
0 0.01 0.06479371048308594 0.29517078399658203 61.4410982131958 0.2105263157894737 1.0
0 0.01 0.056436209971818335 0.31006813049316406 61.751166343688965 0.20512820512820512 1.0
0 0.01 0.049156712468482675 0.14252686500549316 61.89369320869446 0.20512820512820512 1.0
0 0.01 0.0428161703614703 0.566533088684082 62.46022629737854 0.19047619047619047 1.0
0 0.01 0.03729347127511503 0.21915388107299805 62.67938017845154 0.19047619047619047 1.0
0 0.01 0.032483124670098805 0.49089694023132324 63.17027711868286 0.18181818181818182 1.0
