[216.40736058 188.4937774  164.18066384 143.00360867 124.55810333
 108.49181534  94.49785828  82.30892987  71.69220614  62.44489425
  54.39035884  47.37474809  41.26405496  35.94155748  31.30558923
  27.26759733  23.75045104  20.68696841  18.01863304  15.69447636
  13.67010404  11.906848    10.37102782   9.03330739   7.86813455
   6.85325305   5.96927734   5.19932239   4.52868107   3.94454329
   3.43575127   2.99258645   2.60658382   2.27037024   1.9775236
   1.72245016   1.5002777    1.30676244   1.138208     0.99139477
   0.86351843   0.75213639   0.65512111   0.57061946   0.49701737
   0.43290895   0.37706963   0.32843281   0.28606948   0.24917044]0 1 312.2098259152708 0.006639957427978516 0.006639957427978516 0.0 1.0
0 1 271.93903789811014 0.006412029266357422 0.013051986694335938 0.0 1.0
0 1 236.8626295349813 0.006567955017089844 0.01961994171142578 0.33333333333333337 1.0
0 1 206.31059705097118 0.058284759521484375 0.07790470123291016 0.5714285714285715 1.0
0 1 179.69935797424765 0.05263209342956543 0.13053679466247559 0.5714285714285715 1.0
0 1 156.52060397255676 0.04636812210083008 0.17690491676330566 0.5714285714285715 1.0
0 1 136.33159152101595 0.04462122917175293 0.2215261459350586 0.5714285714285715 1.0
0 1 118.74668494067365 0.05717778205871582 0.2787039279937744 0.7499999999999999 1.0
0 1 103.42999026917344 0.0509340763092041 0.3296380043029785 0.7499999999999999 1.0
0 1 90.08893926113359 0.05113792419433594 0.38077592849731445 0.7499999999999999 1.0
0 1 78.46870096453189 0.04496884346008301 0.42574477195739746 0.7499999999999999 1.0
0 1 68.34731412713553 0.045705318450927734 0.4714500904083252 0.7499999999999999 1.0
0 1 59.53144745577994 0.05115103721618652 0.5226011276245117 0.6666666666666665 1.0
0 1 51.85270674408604 0.05795407295227051 0.5805552005767822 0.7272727272727272 1.0
0 1 45.16441833008278 0.052236080169677734 0.63279128074646 0.7272727272727272 1.0
0 1 39.33882744370648 0.07146000862121582 0.7042512893676758 0.6153846153846154 1.0
0 1 34.26465792907022 0.12458682060241699 0.8288381099700928 0.47058823529411764 1.0
0 1 29.84498672911064 0.1366729736328125 0.9655110836029053 0.3636363636363636 1.0
0 1 25.99539253258091 0.19339704513549805 1.1589081287384033 0.3076923076923077 1.0
0 1 22.642343220204207 0.5761981010437012 1.7351062297821045 0.26666666666666666 1.0
0 1 19.721791308170232 0.7007491588592529 2.4358553886413574 0.27586206896551724 1.0
0 1 17.177950560167822 0.9907169342041016 3.426572322845459 0.26666666666666666 1.0
0 1 14.962230399696251 0.8338570594787598 4.260429382324219 0.24242424242424243 1.0
0 1 13.03230776858211 0.6471371650695801 4.907566547393799 0.2222222222222222 1.0
0 1 11.351318703025308 0.7718472480773926 5.679413795471191 0.2222222222222222 1.0
0 1 9.887154185253786 0.6621377468109131 6.3415515422821045 0.21621621621621623 1.0
0 1 8.611846820663045 0.6666128635406494 7.008164405822754 0.20512820512820512 1.0
0 1 7.501036625197576 0.8316211700439453 7.839785575866699 0.19999999999999998 1.0
0 1 6.53350571883761 0.6882550716400146 8.528040647506714 0.20512820512820512 1.0
0 1 5.69077303724795 0.847097635269165 9.375138282775879 0.18604651162790697 1.0
0 1 4.956741320068812 0.7320549488067627 10.107193231582642 0.1777777777777778 1.0
0 1 4.317389632878279 0.9444370269775391 11.05163025856018 0.16666666666666666 1.0
0 1 3.7605055496069455 6.716515779495239 17.76814603805542 0.1702127659574468 1.0
0 1 3.2754518797500736 1.4997260570526123 19.267872095108032 0.1702127659574468 1.0
0 1 2.8529634845718124 0.9452099800109863 20.21308207511902 0.16666666666666666 1.0
0 1 2.4849703012340436 1.0598928928375244 21.272974967956543 0.163265306122449 1.0
0 1 2.1644431943866964 1.2490828037261963 22.52205777168274 0.163265306122449 1.0
0 1 1.8852596907900219 0.630241870880127 23.152299642562866 0.163265306122449 1.0
0 1 1.6420870323301746 0.5783381462097168 23.730637788772583 0.163265306122449 1.0
0 1 1.4302803135927475 0.5564742088317871 24.28711199760437 0.163265306122449 1.0
0 1 1.2457937582930971 0.5504560470581055 24.837568044662476 0.163265306122449 1.0
0 1 1.0851034398309916 3.004504919052124 27.8420729637146 0.1568627450980392 1.0
0 1 0.945139969834425 2.6397290229797363 30.481801986694336 0.1568627450980392 1.0
0 1 0.823229868958621 3.793083906173706 34.27488589286804 0.1568627450980392 1.0
0 1 0.7170445000483404 7.597625970840454 41.872511863708496 0.15384615384615383 1.0
0 1 0.624555588222246 6.927197217941284 48.79970908164978 0.1509433962264151 1.0
0 1 0.5439964782567033 5.030406951904297 53.83011603355408 0.1509433962264151 1.0
0 1 0.4738283892360109 4.4903388023376465 58.320454835891724 0.1509433962264151 1.0
0 1 0.4127110218901976 4.682564735412598 63.00301957130432 0.1481481481481481 1.0
0 1 0.3594769571833539 4.501805067062378 67.5048246383667 0.1481481481481481 1.0
0 0.1 130.20161032759302 0.0063860416412353516 67.51121068000793 0.0 1.0
0 0.1 113.40738729625762 0.0066182613372802734 67.51782894134521 0.0 1.0
0 0.1 98.77938883400856 0.006553173065185547 67.5243821144104 0.0 1.0
0 0.1 86.03820166433057 0.006615161895751953 67.53099727630615 0.0 1.0
0 0.1 74.9404529934022 0.006498098373413086 67.53749537467957 0.0 1.0
0 0.1 65.27416178184274 0.006688117980957031 67.54418349266052 0.0 1.0
0 0.1 56.854689638682785 0.006471872329711914 67.55065536499023 0.0 1.0
0 0.1 49.52121399451067 0.051445960998535156 67.60210132598877 0.5714285714285715 1.0
0 0.1 43.13365618693992 0.03826117515563965 67.64036250114441 0.5714285714285715 1.0
0 0.1 37.570005780944214 0.038362741470336914 67.67872524261475 0.5714285714285715 1.0
0 0.1 32.7239900151928 0.03859400749206543 67.71731925010681 0.5714285714285715 1.0
0 0.1 28.503043857863506 0.037770986557006836 67.75509023666382 0.5714285714285715 1.0
0 0.1 24.826541897430772 0.037756919860839844 67.79284715652466 0.5714285714285715 1.0
0 0.1 21.624258295306348 0.05035996437072754 67.84320712089539 0.7499999999999999 1.0
0 0.1 18.835025383479486 0.044075965881347656 67.88728308677673 0.7499999999999999 1.0
0 0.1 16.405565284674683 0.044207096099853516 67.93149018287659 0.7499999999999999 1.0
0 0.1 14.289472237493916 0.0378880500793457 67.96937823295593 0.7499999999999999 1.0
0 0.1 12.446326187665905 0.03788304328918457 68.00726127624512 0.7499999999999999 1.0
0 0.1 10.840920713874212 0.03819704055786133 68.04545831680298 0.7499999999999999 1.0
0 0.1 9.44259054057033 0.038353919982910156 68.08381223678589 0.7499999999999999 1.0
0 0.1 8.224625792416147 0.03827095031738281 68.12208318710327 0.7499999999999999 1.0
0 0.1 7.163761801874259 0.05090212821960449 68.17298531532288 0.888888888888889 1.0
0 0.1 6.239734724625884 0.06431698799133301 68.23730230331421 0.7272727272727272 1.0
0 0.1 5.43489447450858 0.05092620849609375 68.2882285118103 0.7272727272727272 1.0
0 0.1 4.733867584541418 0.0508880615234375 68.33911657333374 0.7272727272727272 1.0
0 0.1 4.123263554256632 0.1018681526184082 68.44098472595215 0.6153846153846154 1.0
0 0.1 3.591419074200402 0.0831449031829834 68.52412962913513 0.5333333333333333 1.0
0 0.1 3.128175241967003 0.2362959384918213 68.76042556762695 0.4210526315789473 1.0
0 0.1 2.7246835143108377 0.2012779712677002 68.96170353889465 0.38095238095238093 1.0
0 0.1 2.373236688776134 0.13077569007873535 69.09247922897339 0.38095238095238093 1.0
0 0.1 2.0671216863796724 0.45053696632385254 69.54301619529724 0.3333333333333333 1.0
0 0.1 1.8004913233094775 0.40522098541259766 69.94823718070984 0.3076923076923077 1.0
0 0.1 1.5682526223167341 0.39963817596435547 70.3478753566742 0.2857142857142857 1.0
0 0.1 1.3659695304072161 0.4960329532623291 70.84390830993652 0.2962962962962963 1.0
0 0.1 1.1897781846170337 0.4189128875732422 71.26282119750977 0.26666666666666666 1.0
0 0.1 1.036313107341863 0.28822922706604004 71.5510504245758 0.26666666666666666 1.0
0 0.1 0.9026429214570189 0.8569130897521973 72.407963514328 0.24242424242424243 1.0
0 0.1 0.786214357305898 0.7154781818389893 73.12344169616699 0.2352941176470588 1.0
0 0.1 0.6848034820193963 0.5031471252441406 73.62658882141113 0.2222222222222222 1.0
0 0.1 0.5964732195846044 1.2830588817596436 74.90964770317078 0.21621621621621623 1.0
0 0.1 0.5195363502423698 3.2466297149658203 78.1562774181366 0.19999999999999998 1.0
0 0.1 0.4525232824553942 5.340504884719849 83.49678230285645 0.19512195121951217 1.0
0 0.1 0.3941539818506903 1.5644171237945557 85.061199426651 0.19512195121951217 1.0
0 0.1 0.34331352094368267 1.3800792694091797 86.44127869606018 0.19047619047619047 1.0
0 0.1 0.2990307826127625 7.8820860385894775 94.32336473464966 0.25 1.0
0 0.1 0.2604599105337001 0.8882288932800293 95.21159362792969 0.25 1.0
0 0.1 0.22686415225376097 0.7082440853118896 95.91983771324158 0.24390243902439027 1.0
0 0.1 0.19760178628779224 0.8388650417327881 96.75870275497437 0.24390243902439027 1.0
0 0.1 0.17211386442601356 0.676516056060791 97.43521881103516 0.24390243902439027 1.0
0 0.1 0.14991353511608546 0.5650370121002197 98.00025582313538 0.24390243902439027 1.0
0 0.01 28.211963230963963 0.006345987319946289 98.00660181045532 0.33333333333333337 1.0
0 0.01 24.573006681497752 0.04421830177307129 98.0508201122284 0.5714285714285715 1.0
0 0.01 21.403425646968028 0.03776407241821289 98.0885841846466 0.5714285714285715 1.0
0 0.01 18.642677119777133 0.03806018829345703 98.12664437294006 0.5714285714285715 1.0
0 0.01 16.238027310431736 0.037677764892578125 98.16432213783264 0.5714285714285715 1.0
0 0.01 14.143544365449966 0.03778195381164551 98.20210409164429 0.5714285714285715 1.0
0 0.01 12.319221010851523 0.037672996520996094 98.23977708816528 0.5714285714285715 1.0
0 0.01 10.730210362611421 0.031414031982421875 98.2711911201477 0.5714285714285715 1.0
0 0.01 9.346160307090315 0.05030512809753418 98.32149624824524 0.7499999999999999 1.0
0 0.01 8.140633737265514 0.03820991516113281 98.35970616340637 0.7499999999999999 1.0
0 0.01 7.090603570541246 0.03823494911193848 98.39794111251831 0.7499999999999999 1.0
0 0.01 6.176012902339531 0.038308143615722656 98.43624925613403 0.7499999999999999 1.0
0 0.01 5.379391893848717 0.03835010528564453 98.47459936141968 0.7499999999999999 1.0
0 0.01 4.685524076001097 0.038382768630981445 98.51298213005066 0.7499999999999999 1.0
0 0.01 4.081155695663349 0.038407325744628906 98.55138945579529 0.7499999999999999 1.0
0 0.01 3.554742552184356 0.0383150577545166 98.5897045135498 0.7499999999999999 1.0
0 0.01 3.09622948855821 0.03844881057739258 98.6281533241272 0.7499999999999999 1.0
0 0.01 2.6968583252045994 0.051215171813964844 98.67936849594116 0.888888888888889 1.0
0 0.01 2.349000567658869 0.03227519989013672 98.7116436958313 0.888888888888889 1.0
0 0.01 2.046011692676912 0.057327985763549805 98.76897168159485 0.7272727272727272 1.0
0 0.01 1.7821042294352372 0.045018911361694336 98.81399059295654 0.7272727272727272 1.0
0 0.01 1.5522372115164986 0.09027528762817383 98.90426588058472 0.6666666666666666 1.0
0 0.01 1.3520198880735976 0.08394217491149902 98.98820805549622 0.5714285714285714 1.0
0 0.01 1.1776278549337647 0.11565470695495605 99.10386276245117 0.5000000000000001 1.0
0 0.01 1.0257300036406054 0.13192009925842285 99.2357828617096 0.47058823529411764 1.0
0 0.01 0.8934248930683893 0.12984323501586914 99.36562609672546 0.4444444444444444 1.0
0 0.01 0.7781853282259436 0.10358095169067383 99.46920704841614 0.4444444444444444 1.0
0 0.01 0.6778100876351608 0.168226957321167 99.6374340057373 0.3478260869565218 1.0
0 0.01 0.590381877216004 0.12316083908081055 99.76059484481812 0.3478260869565218 1.0
0 0.01 0.5142307075440048 0.12328076362609863 99.88387560844421 0.3478260869565218 1.0
0 0.01 0.44790199493955546 0.22396111488342285 100.10783672332764 0.32000000000000006 1.0
0 0.01 0.39012877707943217 0.15288305282592773 100.26071977615356 0.32000000000000006 1.0
0 0.01 0.33980751241358653 0.14850378036499023 100.40922355651855 0.32000000000000006 1.0
0 0.01 0.2959770011254507 0.14952707290649414 100.55875062942505 0.32000000000000006 1.0
0 0.01 0.2578000249994245 0.1872572898864746 100.74600791931152 0.2962962962962963 1.0
0 0.01 0.22454735549379537 0.172637939453125 100.91864585876465 0.2857142857142857 1.0
0 0.01 0.19558382455304058 0.1412510871887207 101.05989694595337 0.2857142857142857 1.0
0 0.01 0.1703561920944177 0.5444278717041016 101.60432481765747 0.24242424242424243 1.0
0 0.01 0.14838257842248037 0.32722973823547363 101.93155455589294 0.24242424242424243 1.0
0 0.01 0.12924325971726744 0.30135178565979004 102.23290634155273 0.24242424242424243 1.0
0 0.01 0.1125726507783501 0.28194403648376465 102.5148503780365 0.24242424242424243 1.0
0 0.01 0.09805232188500161 0.36498022079467773 102.87983059883118 0.2352941176470588 1.0
0 0.01 0.08540491638568569 0.24913692474365234 103.12896752357483 0.2352941176470588 1.0
0 0.01 0.07438885283512764 0.47559094429016113 103.60455846786499 0.2222222222222222 1.0
0 0.01 0.06479371048308594 0.48879170417785645 104.09335017204285 0.2105263157894737 1.0
0 0.01 0.056436209971818335 0.5204970836639404 104.61384725570679 0.20512820512820512 1.0
0 0.01 0.049156712468482675 0.34095311164855957 104.95480036735535 0.20512820512820512 1.0
0 0.01 0.0428161703614703 0.9006297588348389 105.85543012619019 0.19047619047619047 1.0
0 0.01 0.03729347127511503 0.5285971164703369 106.38402724266052 0.19047619047619047 1.0
0 0.01 0.032483124670098805 0.8332080841064453 107.21723532676697 0.18181818181818182 1.0
