[216.40736058 188.4937774  164.18066384 143.00360867 124.55810333
 108.49181534  94.49785828  82.30892987  71.69220614  62.44489425
  54.39035884  47.37474809  41.26405496  35.94155748  31.30558923
  27.26759733  23.75045104  20.68696841  18.01863304  15.69447636
  13.67010404  11.906848    10.37102782   9.03330739   7.86813455
   6.85325305   5.96927734   5.19932239   4.52868107   3.94454329
   3.43575127   2.99258645   2.60658382   2.27037024   1.9775236
   1.72245016   1.5002777    1.30676244   1.138208     0.99139477
   0.86351843   0.75213639   0.65512111   0.57061946   0.49701737
   0.43290895   0.37706963   0.32843281   0.28606948   0.24917044]0 1 312.2098259152708 0.0066089630126953125 0.0066089630126953125 0.0 1.0
0 1 271.93903789811014 0.006613016128540039 0.013221979141235352 0.0 1.0
0 1 236.8626295349813 0.006499052047729492 0.019721031188964844 0.33333333333333337 1.0
0 1 206.31059705097118 0.05274701118469238 0.07246804237365723 0.5714285714285715 1.0
0 1 179.69935797424765 0.047515153884887695 0.11998319625854492 0.5714285714285715 1.0
0 1 156.52060397255676 0.038407087326049805 0.15839028358459473 0.5714285714285715 1.0
0 1 136.33159152101595 0.038681983947753906 0.19707226753234863 0.5714285714285715 1.0
0 1 118.74668494067365 0.044774770736694336 0.24184703826904297 0.7499999999999999 1.0
0 1 103.42999026917344 0.04473590850830078 0.28658294677734375 0.7499999999999999 1.0
0 1 90.08893926113359 0.0446319580078125 0.33121490478515625 0.7499999999999999 1.0
0 1 78.46870096453189 0.03879976272583008 0.37001466751098633 0.7499999999999999 1.0
0 1 68.34731412713553 0.04060101509094238 0.4106156826019287 0.7499999999999999 1.0
0 1 59.53144745577994 0.04505109786987305 0.45566678047180176 0.6666666666666665 1.0
0 1 51.85270674408604 0.05127906799316406 0.5069458484649658 0.7272727272727272 1.0
0 1 45.16441833008278 0.04489874839782715 0.551844596862793 0.7272727272727272 1.0
0 1 39.33882744370648 0.057621002197265625 0.6094655990600586 0.6153846153846154 1.0
0 1 34.26465792907022 0.10671305656433105 0.7161786556243896 0.47058823529411764 1.0
0 1 29.84498672911064 0.11372184753417969 0.8299005031585693 0.3636363636363636 1.0
0 1 25.99539253258091 0.14577293395996094 0.9756734371185303 0.3076923076923077 1.0
0 1 22.642343220204207 0.4476659297943115 1.4233393669128418 0.26666666666666666 1.0
0 1 19.721791308170232 0.5275700092315674 1.9509093761444092 0.27586206896551724 1.0
0 1 17.177950560167822 0.8090817928314209 2.75999116897583 0.26666666666666666 1.0
0 1 14.962230399696251 0.671417236328125 3.431408405303955 0.24242424242424243 1.0
0 1 13.03230776858211 0.5425307750701904 3.9739391803741455 0.2222222222222222 1.0
0 1 11.351318703025308 0.5874190330505371 4.561358213424683 0.2222222222222222 1.0
0 1 9.887154185253786 0.5255773067474365 5.086935520172119 0.21621621621621623 1.0
0 1 8.611846820663045 0.5267949104309082 5.613730430603027 0.20512820512820512 1.0
0 1 7.501036625197576 0.6315507888793945 6.245281219482422 0.19999999999999998 1.0
0 1 6.53350571883761 0.5195310115814209 6.764812231063843 0.20512820512820512 1.0
0 1 5.69077303724795 0.6419498920440674 7.40676212310791 0.18604651162790697 1.0
0 1 4.956741320068812 0.5508008003234863 7.9575629234313965 0.1777777777777778 1.0
0 1 4.317389632878279 0.6818797588348389 8.639442682266235 0.16666666666666666 1.0
0 1 3.7605055496069455 5.7358009815216064 14.375243663787842 0.1702127659574468 1.0
0 1 3.2754518797500736 1.2151739597320557 15.590417623519897 0.1702127659574468 1.0
0 1 2.8529634845718124 0.5832359790802002 16.173653602600098 0.16666666666666666 1.0
0 1 2.4849703012340436 0.7032060623168945 16.876859664916992 0.163265306122449 1.0
0 1 2.1644431943866964 0.9579689502716064 17.8348286151886 0.163265306122449 1.0
0 1 1.8852596907900219 0.42685508728027344 18.261683702468872 0.163265306122449 1.0
0 1 1.6420870323301746 0.40592002868652344 18.667603731155396 0.163265306122449 1.0
0 1 1.4302803135927475 0.3931548595428467 19.060758590698242 0.163265306122449 1.0
0 1 1.2457937582930971 0.37485289573669434 19.435611486434937 0.163265306122449 1.0
0 1 1.0851034398309916 2.1288630962371826 21.56447458267212 0.1568627450980392 1.0
0 1 0.945139969834425 1.8066110610961914 23.37108564376831 0.1568627450980392 1.0
0 1 0.823229868958621 3.095597267150879 26.46668291091919 0.1568627450980392 1.0
0 1 0.7170445000483404 6.2830939292907715 32.74977684020996 0.15384615384615383 1.0
0 1 0.624555588222246 905.7897651195526 938.5395419597626 0.1509433962264151 1.0
0 1 0.5439964782567033 3.35457706451416 941.8941190242767 0.1509433962264151 1.0
0 1 0.4738283892360109 1033.8449738025665 1975.7390928268433 0.1509433962264151 1.0
0 1 0.4127110218901976 2.9955201148986816 1978.734612941742 0.1481481481481481 1.0
0 1 0.3594769571833539 139.42033576965332 2118.1549487113953 0.1481481481481481 1.0
0 0.1 130.20161032759302 0.006431102752685547 2118.161379814148 0.0 1.0
0 0.1 113.40738729625762 0.006360769271850586 2118.16774058342 0.0 1.0
0 0.1 98.77938883400856 0.006318092346191406 2118.174058675766 0.0 1.0
0 0.1 86.03820166433057 0.0063860416412353516 2118.180444717407 0.0 1.0
0 0.1 74.9404529934022 0.00641322135925293 2118.1868579387665 0.0 1.0
0 0.1 65.27416178184274 0.0064127445220947266 2118.1932706832886 0.0 1.0
0 0.1 56.854689638682785 0.006399869918823242 2118.1996705532074 0.0 1.0
0 0.1 49.52121399451067 0.04401803016662598 2118.243688583374 0.5714285714285715 1.0
0 0.1 43.13365618693992 0.03250408172607422 2118.2761926651 0.5714285714285715 1.0
0 0.1 37.570005780944214 0.03129982948303223 2118.307492494583 0.5714285714285715 1.0
0 0.1 32.7239900151928 0.036543846130371094 2118.3440363407135 0.5714285714285715 1.0
0 0.1 28.503043857863506 0.03310894966125488 2118.3771452903748 0.5714285714285715 1.0
0 0.1 24.826541897430772 0.031494855880737305 2118.4086401462555 0.5714285714285715 1.0
0 0.1 21.624258295306348 0.04435586929321289 2118.4529960155487 0.7499999999999999 1.0
0 0.1 18.835025383479486 0.037706851959228516 2118.490702867508 0.7499999999999999 1.0
0 0.1 16.405565284674683 0.03141593933105469 2118.522118806839 0.7499999999999999 1.0
0 0.1 14.289472237493916 0.03139615058898926 2118.553514957428 0.7499999999999999 1.0
0 0.1 12.446326187665905 0.031488895416259766 2118.5850038528442 0.7499999999999999 1.0
0 0.1 10.840920713874212 0.03160500526428223 2118.6166088581085 0.7499999999999999 1.0
0 0.1 9.44259054057033 0.03149604797363281 2118.648104906082 0.7499999999999999 1.0
0 0.1 8.224625792416147 0.03151583671569824 2118.679620742798 0.7499999999999999 1.0
0 0.1 7.163761801874259 0.04398608207702637 2118.723606824875 0.888888888888889 1.0
0 0.1 6.239734724625884 0.05767393112182617 2118.7812807559967 0.7272727272727272 1.0
0 0.1 5.43489447450858 0.03847813606262207 2118.8197588920593 0.7272727272727272 1.0
0 0.1 4.733867584541418 0.0379939079284668 2118.857752799988 0.7272727272727272 1.0
0 0.1 4.123263554256632 0.08178091049194336 2118.9395337104797 0.6153846153846154 1.0
0 0.1 3.591419074200402 0.07562994956970215 2119.0151636600494 0.5333333333333333 1.0
0 0.1 3.128175241967003 0.20490503311157227 2119.220068693161 0.4210526315789473 1.0
0 0.1 2.7246835143108377 0.17096400260925293 2119.3910326957703 0.38095238095238093 1.0
0 0.1 2.373236688776134 0.10205602645874023 2119.493088722229 0.38095238095238093 1.0
0 0.1 2.0671216863796724 0.3735160827636719 2119.8666048049927 0.3333333333333333 1.0
0 0.1 1.8004913233094775 0.3366990089416504 2120.2033038139343 0.3076923076923077 1.0
0 0.1 1.5682526223167341 0.30692315101623535 2120.5102269649506 0.2857142857142857 1.0
0 0.1 1.3659695304072161 0.44532203674316406 2120.9555490016937 0.2962962962962963 1.0
0 0.1 1.1897781846170337 0.3256981372833252 2121.281247138977 0.26666666666666666 1.0
0 0.1 1.036313107341863 0.22493696212768555 2121.5061841011047 0.26666666666666666 1.0
0 0.1 0.9026429214570189 0.7423028945922852 2122.248486995697 0.24242424242424243 1.0
0 0.1 0.786214357305898 164.57539200782776 2286.823879003525 0.2352941176470588 1.0
0 0.1 0.6848034820193963 0.4145970344543457 2287.238476037979 0.2222222222222222 1.0
0 0.1 0.5964732195846044 1.1511962413787842 2288.389672279358 0.21621621621621623 1.0
0 0.1 0.5195363502423698 2.7747738361358643 2291.164446115494 0.19999999999999998 1.0
0 0.1 0.4525232824553942 77.37467408180237 2368.539120197296 0.19512195121951217 1.0
0 0.1 0.3941539818506903 1.0899279117584229 2369.6290481090546 0.19512195121951217 1.0
0 0.1 0.34331352094368267 0.9899082183837891 2370.6189563274384 0.19047619047619047 1.0
0 0.1 0.2990307826127625 247.02391982078552 2617.642876148224 0.25 1.0
0 0.1 0.2604599105337001 0.6579439640045166 2618.3008201122284 0.25 1.0
0 0.1 0.22686415225376097 0.2953801155090332 2618.5962002277374 0.24390243902439027 1.0
0 0.1 0.19760178628779224 0.6127030849456787 2619.208903312683 0.24390243902439027 1.0
0 0.1 0.17211386442601356 0.46901512145996094 2619.677918434143 0.24390243902439027 1.0
0 0.1 0.14991353511608546 0.36202216148376465 2620.039940595627 0.24390243902439027 1.0
0 0.01 28.211963230963963 0.0063440799713134766 2620.046284675598 0.33333333333333337 1.0
0 0.01 24.573006681497752 0.03778982162475586 2620.084074497223 0.5714285714285715 1.0
0 0.01 21.403425646968028 0.03139090538024902 2620.115465402603 0.5714285714285715 1.0
0 0.01 18.642677119777133 0.03136801719665527 2620.1468334198 0.5714285714285715 1.0
0 0.01 16.238027310431736 0.03140997886657715 2620.1782433986664 0.5714285714285715 1.0
0 0.01 14.143544365449966 0.032766103744506836 2620.211009502411 0.5714285714285715 1.0
0 0.01 12.319221010851523 0.03250288963317871 2620.243512392044 0.5714285714285715 1.0
0 0.01 10.730210362611421 217.05361104011536 2837.2971234321594 0.5714285714285715 1.0
0 0.01 9.346160307090315 0.05125784873962402 2837.348381280899 0.7499999999999999 1.0
0 0.01 8.140633737265514 0.03185892105102539 2837.38024020195 0.7499999999999999 1.0
0 0.01 7.090603570541246 0.03809618949890137 2837.418336391449 0.7499999999999999 1.0
0 0.01 6.176012902339531 0.047693729400634766 2837.4660301208496 0.7499999999999999 1.0
0 0.01 5.379391893848717 0.03496384620666504 2837.5009939670563 0.7499999999999999 1.0
0 0.01 4.685524076001097 0.0325930118560791 2837.5335869789124 0.7499999999999999 1.0
0 0.01 4.081155695663349 0.032421112060546875 2837.566008090973 0.7499999999999999 1.0
0 0.01 3.554742552184356 0.03265190124511719 2837.598659992218 0.7499999999999999 1.0
0 0.01 3.09622948855821 0.03294777870178223 2837.63160777092 0.7499999999999999 1.0
0 0.01 2.6968583252045994 0.050585031509399414 2837.682192802429 0.888888888888889 1.0
0 0.01 2.349000567658869 0.027594804763793945 2837.709787607193 0.888888888888889 1.0
0 0.01 2.046011692676912 0.05350780487060547 2837.7632954120636 0.7272727272727272 1.0
0 0.01 1.7821042294352372 0.03840994834899902 2837.8017053604126 0.7272727272727272 1.0
0 0.01 1.5522372115164986 0.07688021659851074 2837.878585577011 0.6666666666666666 1.0
0 0.01 1.3520198880735976 0.07530689239501953 2837.953892469406 0.5714285714285714 1.0
0 0.01 1.1776278549337647 0.11000895500183105 2838.063901424408 0.5000000000000001 1.0
0 0.01 1.0257300036406054 0.10933709144592285 2838.173238515854 0.47058823529411764 1.0
0 0.01 0.8934248930683893 0.10945701599121094 2838.282695531845 0.4444444444444444 1.0
0 0.01 0.7781853282259436 0.07787895202636719 2838.3605744838715 0.4444444444444444 1.0
0 0.01 0.6778100876351608 0.14064836502075195 2838.501222848892 0.3478260869565218 1.0
0 0.01 0.590381877216004 0.09588813781738281 2838.5971109867096 0.3478260869565218 1.0
0 0.01 0.5142307075440048 0.09505486488342285 2838.692165851593 0.3478260869565218 1.0
0 0.01 0.44790199493955546 0.19289302825927734 2838.8850588798523 0.32000000000000006 1.0
0 0.01 0.39012877707943217 0.12215805053710938 2839.0072169303894 0.32000000000000006 1.0
0 0.01 0.33980751241358653 0.11653828620910645 2839.1237552165985 0.32000000000000006 1.0
0 0.01 0.2959770011254507 0.11480712890625 2839.2385623455048 0.32000000000000006 1.0
0 0.01 0.2578000249994245 0.15309691429138184 2839.391659259796 0.2962962962962963 1.0
0 0.01 0.22454735549379537 0.14026808738708496 2839.5319273471832 0.2857142857142857 1.0
0 0.01 0.19558382455304058 0.10865187644958496 2839.640579223633 0.2857142857142857 1.0
0 0.01 0.1703561920944177 0.450573205947876 2840.0911524295807 0.24242424242424243 1.0
0 0.01 0.14838257842248037 0.23679804801940918 2840.3279504776 0.24242424242424243 1.0
0 0.01 0.12924325971726744 0.21812081336975098 2840.54607129097 0.24242424242424243 1.0
0 0.01 0.1125726507783501 0.1986708641052246 2840.744742155075 0.24242424242424243 1.0
0 0.01 0.09805232188500161 0.27989816665649414 2841.0246403217316 0.2352941176470588 1.0
0 0.01 0.08540491638568569 0.16593313217163086 2841.190573453903 0.2352941176470588 1.0
0 0.01 0.07438885283512764 0.3906722068786621 2841.581245660782 0.2222222222222222 1.0
0 0.01 0.06479371048308594 0.39163970947265625 2841.9728853702545 0.2105263157894737 1.0
0 0.01 0.056436209971818335 0.4089019298553467 2842.38178730011 0.20512820512820512 1.0
0 0.01 0.049156712468482675 0.2388441562652588 2842.620631456375 0.20512820512820512 1.0
0 0.01 0.0428161703614703 0.7479400634765625 2843.3685715198517 0.19047619047619047 1.0
0 0.01 0.03729347127511503 0.3740859031677246 2843.7426574230194 0.19047619047619047 1.0
0 0.01 0.032483124670098805 0.6554131507873535 2844.3980705738068 0.18181818181818182 1.0
