[216.40736058 188.4937774  164.18066384 143.00360867 124.55810333
 108.49181534  94.49785828  82.30892987  71.69220614  62.44489425
  54.39035884  47.37474809  41.26405496  35.94155748  31.30558923
  27.26759733  23.75045104  20.68696841  18.01863304  15.69447636
  13.67010404  11.906848    10.37102782   9.03330739   7.86813455
   6.85325305   5.96927734   5.19932239   4.52868107   3.94454329
   3.43575127   2.99258645   2.60658382   2.27037024   1.9775236
   1.72245016   1.5002777    1.30676244   1.138208     0.99139477
   0.86351843   0.75213639   0.65512111   0.57061946   0.49701737
   0.43290895   0.37706963   0.32843281   0.28606948   0.24917044]0 1 312.2098259152708 0.0005338191986083984 0.0005338191986083984 0.0 1.0
0 1 271.93903789811014 0.0005478858947753906 0.001081705093383789 0.0 1.0
0 1 236.8626295349813 0.0053288936614990234 0.0064105987548828125 0.33333333333333337 1.0
0 1 206.31059705097118 219.15909719467163 219.1655077934265 0.5714285714285715 1.0
0 1 179.69935797424765 0.02229475975036621 219.18780255317688 0.5714285714285715 1.0
0 1 156.52060397255676 0.015710830688476562 219.20351338386536 0.5714285714285715 1.0
0 1 136.33159152101595 0.012300968170166016 219.21581435203552 0.5714285714285715 1.0
0 1 118.74668494067365 0.01260519027709961 219.22841954231262 0.7499999999999999 1.0
0 1 103.42999026917344 0.011951923370361328 219.24037146568298 0.7499999999999999 1.0
0 1 90.08893926113359 0.01205897331237793 219.25243043899536 0.7499999999999999 1.0
0 1 78.46870096453189 0.011186838150024414 219.26361727714539 0.7499999999999999 1.0
0 1 68.34731412713553 0.010458230972290039 219.27407550811768 0.7499999999999999 1.0
0 1 59.53144745577994 0.0185086727142334 219.2925841808319 0.6666666666666665 1.0
0 1 51.85270674408604 0.01246500015258789 219.3050491809845 0.7272727272727272 1.0
0 1 45.16441833008278 0.014796972274780273 219.31984615325928 0.7272727272727272 1.0
0 1 39.33882744370648 0.015171051025390625 219.33501720428467 0.6153846153846154 1.0
0 1 34.26465792907022 0.022317886352539062 219.3573350906372 0.47058823529411764 1.0
0 1 29.84498672911064 0.0363161563873291 219.39365124702454 0.3636363636363636 1.0
0 1 25.99539253258091 0.043100833892822266 219.43675208091736 0.3076923076923077 1.0
0 1 22.642343220204207 0.13100600242614746 219.5677580833435 0.26666666666666666 1.0
0 1 19.721791308170232 0.1510300636291504 219.71878814697266 0.27586206896551724 1.0
0 1 17.177950560167822 0.21491503715515137 219.9337031841278 0.26666666666666666 1.0
0 1 14.962230399696251 0.17907214164733887 220.11277532577515 0.24242424242424243 1.0
0 1 13.03230776858211 0.15820813179016113 220.2709834575653 0.2222222222222222 1.0
0 1 11.351318703025308 0.18420624732971191 220.45518970489502 0.2222222222222222 1.0
0 1 9.887154185253786 0.15317773818969727 220.60836744308472 0.21621621621621623 1.0
0 1 8.611846820663045 0.1528792381286621 220.76124668121338 0.20512820512820512 1.0
0 1 7.501036625197576 0.17197394371032715 220.9332206249237 0.19999999999999998 1.0
0 1 6.53350571883761 0.14221596717834473 221.07543659210205 0.20512820512820512 1.0
0 1 5.69077303724795 0.19571685791015625 221.2711534500122 0.18604651162790697 1.0
0 1 4.956741320068812 0.16630220413208008 221.4374556541443 0.1777777777777778 1.0
0 1 4.317389632878279 0.20574188232421875 221.6431975364685 0.16666666666666666 1.0
0 1 3.7605055496069455 1.8740971088409424 223.51729464530945 0.1702127659574468 1.0
0 1 3.2754518797500736 0.43151211738586426 223.9488067626953 0.1702127659574468 1.0
0 1 2.8529634845718124 0.2406177520751953 224.1894245147705 0.16666666666666666 1.0
0 1 2.4849703012340436 0.18304085731506348 224.37246537208557 0.163265306122449 1.0
0 1 2.1644431943866964 0.3515040874481201 224.7239694595337 0.163265306122449 1.0
0 1 1.8852596907900219 0.19403696060180664 224.9180064201355 0.163265306122449 1.0
0 1 1.6420870323301746 0.17901992797851562 225.097026348114 0.163265306122449 1.0
0 1 1.4302803135927475 0.1653580665588379 225.26238441467285 0.163265306122449 1.0
0 1 1.2457937582930971 0.1583559513092041 225.42074036598206 0.163265306122449 1.0
0 1 1.0851034398309916 0.6991550922393799 226.11989545822144 0.1568627450980392 1.0
0 1 0.945139969834425 35.07784867286682 261.19774413108826 0.1568627450980392 1.0
0 1 0.823229868958621 1.05076003074646 262.2485041618347 0.1568627450980392 1.0
0 1 0.7170445000483404 1.520871877670288 263.769376039505 0.15384615384615383 1.0
0 1 0.624555588222246 1.685666799545288 265.4550428390503 0.1509433962264151 1.0
0 1 0.5439964782567033 1.163438081741333 266.6184809207916 0.1509433962264151 1.0
0 1 0.4738283892360109 1.0031869411468506 267.6216678619385 0.1509433962264151 1.0
0 1 0.4127110218901976 1.0281181335449219 268.6497859954834 0.1481481481481481 1.0
0 1 0.3594769571833539 0.9986381530761719 269.64842414855957 0.1481481481481481 1.0
0 0.1 130.20161032759302 0.0004761219024658203 269.64890027046204 0.0 1.0
0 0.1 113.40738729625762 0.0004749298095703125 269.6493752002716 0.0 1.0
0 0.1 98.77938883400856 0.0005037784576416016 269.64987897872925 0.0 1.0
0 0.1 86.03820166433057 0.0005028247833251953 269.6503818035126 0.0 1.0
0 0.1 74.9404529934022 0.0005400180816650391 269.65092182159424 0.0 1.0
0 0.1 65.27416178184274 0.0005459785461425781 269.6514678001404 0.0 1.0
0 0.1 56.854689638682785 0.0005710124969482422 269.65203881263733 0.0 1.0
0 0.1 49.52121399451067 0.01324605941772461 269.66528487205505 0.5714285714285715 1.0
0 0.1 43.13365618693992 0.009675025939941406 269.674959897995 0.5714285714285715 1.0
0 0.1 37.570005780944214 0.009207725524902344 269.6841676235199 0.5714285714285715 1.0
0 0.1 32.7239900151928 0.008648157119750977 269.69281578063965 0.5714285714285715 1.0
0 0.1 28.503043857863506 0.008713960647583008 269.70152974128723 0.5714285714285715 1.0
0 0.1 24.826541897430772 0.007722139358520508 269.70925188064575 0.5714285714285715 1.0
0 0.1 21.624258295306348 0.007181882858276367 269.716433763504 0.5714285714285715 1.0
0 0.1 18.835025383479486 0.010210752487182617 269.7266445159912 0.7499999999999999 1.0
0 0.1 16.405565284674683 0.008165121078491211 269.7348096370697 0.7499999999999999 1.0
0 0.1 14.289472237493916 0.0081329345703125 269.74294257164 0.7499999999999999 1.0
0 0.1 12.446326187665905 0.007673025131225586 269.75061559677124 0.7499999999999999 1.0
0 0.1 10.840920713874212 0.007626056671142578 269.7582416534424 0.7499999999999999 1.0
0 0.1 9.44259054057033 0.0076711177825927734 269.765912771225 0.7499999999999999 1.0
0 0.1 8.224625792416147 0.006210803985595703 269.77212357521057 0.7499999999999999 1.0
0 0.1 7.163761801874259 0.009022951126098633 269.78114652633667 0.7499999999999999 1.0
0 0.1 6.239734724625884 0.011862039566040039 269.7930085659027 0.7272727272727272 1.0
0 0.1 5.43489447450858 0.00931406021118164 269.8023226261139 0.7272727272727272 1.0
0 0.1 4.733867584541418 0.00816202163696289 269.81048464775085 0.7272727272727272 1.0
0 0.1 4.123263554256632 0.02472996711730957 269.83521461486816 0.6153846153846154 1.0
0 0.1 3.591419074200402 0.02130413055419922 269.85651874542236 0.5714285714285714 1.0
0 0.1 3.128175241967003 0.04447197914123535 269.9009907245636 0.4210526315789473 1.0
0 0.1 2.7246835143108377 0.022459983825683594 269.9234507083893 0.4210526315789473 1.0
0 0.1 2.373236688776134 0.03860807418823242 269.9620587825775 0.38095238095238093 1.0
0 0.1 2.0671216863796724 0.0641021728515625 270.0261609554291 0.3478260869565218 1.0
0 0.1 1.8004913233094775 0.14638209342956543 270.17254304885864 0.32000000000000006 1.0
0 0.1 1.5682526223167341 0.1742260456085205 270.34676909446716 0.2857142857142857 1.0
0 0.1 1.3659695304072161 0.12605023384094238 270.4728193283081 0.27586206896551724 1.0
0 0.1 1.1897781846170337 0.15347599983215332 270.62629532814026 0.25806451612903225 1.0
0 0.1 1.036313107341863 0.08033299446105957 270.7066283226013 0.25806451612903225 1.0
0 0.1 0.9026429214570189 0.1090230941772461 270.81565141677856 0.24242424242424243 1.0
0 0.1 0.786214357305898 0.1304771900177002 270.94612860679626 0.2352941176470588 1.0
0 0.1 0.6848034820193963 0.07949209213256836 271.02562069892883 0.2352941176470588 1.0
0 0.1 0.5964732195846044 0.3616352081298828 271.3872559070587 0.2285714285714286 1.0
0 0.1 0.5195363502423698 0.46834611892700195 271.8556020259857 0.2222222222222222 1.0
0 0.1 0.4525232824553942 0.603018045425415 272.45862007141113 0.20512820512820512 1.0
0 0.1 0.3941539818506903 0.8725688457489014 273.33118891716003 0.19999999999999998 1.0
0 0.1 0.34331352094368267 0.42044520378112793 273.75163412094116 0.19512195121951217 1.0
0 0.1 0.2990307826127625 0.3630969524383545 274.1147310733795 0.19047619047619047 1.0
0 0.1 0.2604599105337001 0.6396222114562988 274.7543532848358 0.18181818181818182 1.0
0 0.1 0.22686415225376097 0.3950929641723633 275.1494462490082 0.18181818181818182 1.0
0 0.1 0.19760178628779224 0.16916775703430176 275.3186140060425 0.18181818181818182 1.0
0 0.1 0.17211386442601356 0.11331725120544434 275.4319312572479 0.18181818181818182 1.0
0 0.1 0.14991353511608546 1.9228219985961914 277.3547532558441 0.1739130434782609 1.0
0 0.01 28.211963230963963 0.0006022453308105469 277.3553555011749 0.0 1.0
0 0.01 24.573006681497752 0.01203298568725586 277.3673884868622 0.5714285714285715 1.0
0 0.01 21.403425646968028 0.008313179016113281 277.3757016658783 0.5714285714285715 1.0
0 0.01 18.642677119777133 0.009325981140136719 277.38502764701843 0.5714285714285715 1.0
0 0.01 16.238027310431736 0.009048700332641602 277.3940763473511 0.5714285714285715 1.0
0 0.01 14.143544365449966 0.00880289077758789 277.40287923812866 0.5714285714285715 1.0
0 0.01 12.319221010851523 0.007730960845947266 277.4106101989746 0.5714285714285715 1.0
0 0.01 10.730210362611421 0.006905794143676758 277.4175159931183 0.5714285714285715 1.0
0 0.01 9.346160307090315 0.009927034378051758 277.42744302749634 0.7499999999999999 1.0
0 0.01 8.140633737265514 0.007892847061157227 277.4353358745575 0.7499999999999999 1.0
0 0.01 7.090603570541246 0.0072629451751708984 277.44259881973267 0.7499999999999999 1.0
0 0.01 6.176012902339531 0.007269144058227539 277.4498679637909 0.7499999999999999 1.0
0 0.01 5.379391893848717 0.007348775863647461 277.45721673965454 0.7499999999999999 1.0
0 0.01 4.685524076001097 0.0072269439697265625 277.46444368362427 0.7499999999999999 1.0
0 0.01 4.081155695663349 0.006926059722900391 277.47136974334717 0.7499999999999999 1.0
0 0.01 3.554742552184356 0.0067789554595947266 277.47814869880676 0.7499999999999999 1.0
0 0.01 3.09622948855821 0.00516510009765625 277.4833137989044 0.7499999999999999 1.0
0 0.01 2.6968583252045994 0.005333900451660156 277.4886476993561 0.7499999999999999 1.0
0 0.01 2.349000567658869 0.007292985916137695 277.4959406852722 0.7499999999999999 1.0
0 0.01 2.046011692676912 0.011868000030517578 277.50780868530273 0.7272727272727272 1.0
0 0.01 1.7821042294352372 0.007405996322631836 277.51521468162537 0.7272727272727272 1.0
0 0.01 1.5522372115164986 0.007604360580444336 277.5228190422058 0.7272727272727272 1.0
0 0.01 1.3520198880735976 0.020087003707885742 277.5429060459137 0.6153846153846154 1.0
0 0.01 1.1776278549337647 0.014216899871826172 277.5571229457855 0.6153846153846154 1.0
0 0.01 1.0257300036406054 0.027726173400878906 277.5848491191864 0.4210526315789473 1.0
0 0.01 0.8934248930683893 0.015992164611816406 277.6008412837982 0.4210526315789473 1.0
0 0.01 0.7781853282259436 0.015134811401367188 277.6159760951996 0.4210526315789473 1.0
0 0.01 0.6778100876351608 0.015596151351928711 277.6315722465515 0.4210526315789473 1.0
0 0.01 0.590381877216004 0.03546500205993652 277.66703724861145 0.3636363636363636 1.0
0 0.01 0.5142307075440048 0.02866220474243164 277.6956994533539 0.3636363636363636 1.0
0 0.01 0.44790199493955546 0.0559229850769043 277.7516224384308 0.3076923076923077 1.0
0 0.01 0.39012877707943217 0.051354169845581055 277.80297660827637 0.2962962962962963 1.0
0 0.01 0.33980751241358653 0.05098080635070801 277.8539574146271 0.2857142857142857 1.0
0 0.01 0.2959770011254507 0.032804012298583984 277.88676142692566 0.2857142857142857 1.0
0 0.01 0.2578000249994245 0.03224015235900879 277.91900157928467 0.2857142857142857 1.0
0 0.01 0.22454735549379537 0.061135053634643555 277.9801366329193 0.25806451612903225 1.0
0 0.01 0.19558382455304058 0.044062137603759766 278.02419877052307 0.25806451612903225 1.0
0 0.01 0.1703561920944177 0.04310297966003418 278.0673017501831 0.25806451612903225 1.0
0 0.01 0.14838257842248037 0.041913747787475586 278.1092154979706 0.25806451612903225 1.0
0 0.01 0.12924325971726744 0.040894269943237305 278.1501097679138 0.25806451612903225 1.0
0 0.01 0.1125726507783501 0.03972291946411133 278.18983268737793 0.25806451612903225 1.0
0 0.01 0.09805232188500161 0.033685922622680664 278.2235186100006 0.25806451612903225 1.0
0 0.01 0.08540491638568569 0.2102651596069336 278.43378376960754 0.2105263157894737 1.0
0 0.01 0.07438885283512764 0.24450302124023438 278.6782867908478 0.21621621621621623 1.0
0 0.01 0.06479371048308594 0.09512615203857422 278.77341294288635 0.21621621621621623 1.0
0 0.01 0.056436209971818335 0.08519673347473145 278.8586096763611 0.21621621621621623 1.0
0 0.01 0.049156712468482675 0.13875508308410645 278.9973647594452 0.2105263157894737 1.0
0 0.01 0.0428161703614703 0.07597184181213379 279.0733366012573 0.2105263157894737 1.0
0 0.01 0.03729347127511503 0.1474311351776123 279.22076773643494 0.20512820512820512 1.0
0 0.01 0.032483124670098805 0.15493297576904297 279.375700712204 0.19999999999999998 1.0
