[216.40736058 188.4937774  164.18066384 143.00360867 124.55810333
 108.49181534  94.49785828  82.30892987  71.69220614  62.44489425
  54.39035884  47.37474809  41.26405496  35.94155748  31.30558923
  27.26759733  23.75045104  20.68696841  18.01863304  15.69447636
  13.67010404  11.906848    10.37102782   9.03330739   7.86813455
   6.85325305   5.96927734   5.19932239   4.52868107   3.94454329
   3.43575127   2.99258645   2.60658382   2.27037024   1.9775236
   1.72245016   1.5002777    1.30676244   1.138208     0.99139477
   0.86351843   0.75213639   0.65512111   0.57061946   0.49701737
   0.43290895   0.37706963   0.32843281   0.28606948   0.24917044]0 1 312.2098259152708 0.0005109310150146484 0.0005109310150146484 0.0 1.0
0 1 271.93903789811014 0.0005488395690917969 0.0010597705841064453 0.0 1.0
0 1 236.8626295349813 0.006259918212890625 0.00731968879699707 0.33333333333333337 1.0
0 1 206.31059705097118 0.0294950008392334 0.03681468963623047 0.5714285714285715 1.0
0 1 179.69935797424765 0.01976299285888672 0.05657768249511719 0.5714285714285715 1.0
0 1 156.52060397255676 0.015684843063354492 0.07226252555847168 0.5714285714285715 1.0
0 1 136.33159152101595 0.014163017272949219 0.0864255428314209 0.5714285714285715 1.0
0 1 118.74668494067365 0.013691186904907227 0.10011672973632812 0.7499999999999999 1.0
0 1 103.42999026917344 0.013117074966430664 0.11323380470275879 0.7499999999999999 1.0
0 1 90.08893926113359 0.01258230209350586 0.12581610679626465 0.7499999999999999 1.0
0 1 78.46870096453189 0.012463808059692383 0.13827991485595703 0.7499999999999999 1.0
0 1 68.34731412713553 0.011893033981323242 0.15017294883728027 0.7499999999999999 1.0
0 1 59.53144745577994 0.01793694496154785 0.16810989379882812 0.6666666666666665 1.0
0 1 51.85270674408604 0.012393951416015625 0.18050384521484375 0.7272727272727272 1.0
0 1 45.16441833008278 0.01371002197265625 0.1942138671875 0.7272727272727272 1.0
0 1 39.33882744370648 0.017488956451416016 0.21170282363891602 0.6153846153846154 1.0
0 1 34.26465792907022 0.02638530731201172 0.23808813095092773 0.47058823529411764 1.0
0 1 29.84498672911064 0.04034996032714844 0.27843809127807617 0.3636363636363636 1.0
0 1 25.99539253258091 0.05300712585449219 0.33144521713256836 0.3076923076923077 1.0
0 1 22.642343220204207 0.15056896209716797 0.48201417922973633 0.26666666666666666 1.0
0 1 19.721791308170232 0.19202709197998047 0.6740412712097168 0.27586206896551724 1.0
0 1 17.177950560167822 0.255295991897583 0.9293372631072998 0.26666666666666666 1.0
0 1 14.962230399696251 0.22972989082336426 1.159067153930664 0.24242424242424243 1.0
0 1 13.03230776858211 0.192094087600708 1.351161241531372 0.2222222222222222 1.0
0 1 11.351318703025308 0.24202871322631836 1.5931899547576904 0.2222222222222222 1.0
0 1 9.887154185253786 0.1969130039215088 1.7901029586791992 0.21621621621621623 1.0
0 1 8.611846820663045 0.20183706283569336 1.9919400215148926 0.20512820512820512 1.0
0 1 7.501036625197576 0.23421430587768555 2.226154327392578 0.19999999999999998 1.0
0 1 6.53350571883761 0.19196677207946777 2.418121099472046 0.20512820512820512 1.0
0 1 5.69077303724795 0.2598698139190674 2.6779909133911133 0.18604651162790697 1.0
0 1 4.956741320068812 0.23175787925720215 2.9097487926483154 0.1777777777777778 1.0
0 1 4.317389632878279 0.2968020439147949 3.2065508365631104 0.16666666666666666 1.0
0 1 3.7605055496069455 2.1957602500915527 5.402311086654663 0.1702127659574468 1.0
0 1 3.2754518797500736 0.5237078666687012 5.926018953323364 0.1702127659574468 1.0
0 1 2.8529634845718124 0.36307311058044434 6.289092063903809 0.16666666666666666 1.0
0 1 2.4849703012340436 0.3001551628112793 6.589247226715088 0.163265306122449 1.0
0 1 2.1644431943866964 0.44074487686157227 7.02999210357666 0.163265306122449 1.0
0 1 1.8852596907900219 0.29163599014282227 7.321628093719482 0.163265306122449 1.0
0 1 1.6420870323301746 0.274064302444458 7.59569239616394 0.163265306122449 1.0
0 1 1.4302803135927475 0.251939058303833 7.847631454467773 0.163265306122449 1.0
0 1 1.2457937582930971 0.23930597305297852 8.086937427520752 0.163265306122449 1.0
0 1 1.0851034398309916 1.0083580017089844 9.095295429229736 0.1568627450980392 1.0
0 1 0.945139969834425 0.9861829280853271 10.081478357315063 0.1568627450980392 1.0
0 1 0.823229868958621 1.1311919689178467 11.21267032623291 0.1568627450980392 1.0
0 1 0.7170445000483404 1.9848508834838867 13.197521209716797 0.15384615384615383 1.0
0 1 0.624555588222246 2.3554399013519287 15.552961111068726 0.1509433962264151 1.0
0 1 0.5439964782567033 1.7694604396820068 17.322421550750732 0.1509433962264151 1.0
0 1 0.4738283892360109 1.5953032970428467 18.91772484779358 0.1509433962264151 1.0
0 1 0.4127110218901976 1.6538701057434082 20.571594953536987 0.1481481481481481 1.0
0 1 0.3594769571833539 1.5826339721679688 22.154228925704956 0.1481481481481481 1.0
0 0.1 130.20161032759302 0.0004909038543701172 22.154719829559326 0.0 1.0
0 0.1 113.40738729625762 0.0004839897155761719 22.155203819274902 0.0 1.0
0 0.1 98.77938883400856 0.0005130767822265625 22.15571689605713 0.0 1.0
0 0.1 86.03820166433057 0.0005168914794921875 22.15623378753662 0.0 1.0
0 0.1 74.9404529934022 0.0005817413330078125 22.15681552886963 0.0 1.0
0 0.1 65.27416178184274 0.0005772113800048828 22.157392740249634 0.0 1.0
0 0.1 56.854689638682785 0.0006582736968994141 22.158051013946533 0.0 1.0
0 0.1 49.52121399451067 0.016107797622680664 22.174158811569214 0.5714285714285715 1.0
0 0.1 43.13365618693992 0.012092113494873047 22.186250925064087 0.5714285714285715 1.0
0 0.1 37.570005780944214 0.011436939239501953 22.19768786430359 0.5714285714285715 1.0
0 0.1 32.7239900151928 0.010906696319580078 22.20859456062317 0.5714285714285715 1.0
0 0.1 28.503043857863506 0.010451793670654297 22.219046354293823 0.5714285714285715 1.0
0 0.1 24.826541897430772 0.009553194046020508 22.228599548339844 0.5714285714285715 1.0
0 0.1 21.624258295306348 0.009369134902954102 22.237968683242798 0.5714285714285715 1.0
0 0.1 18.835025383479486 0.012459039688110352 22.250427722930908 0.7499999999999999 1.0
0 0.1 16.405565284674683 0.009837865829467773 22.260265588760376 0.7499999999999999 1.0
0 0.1 14.289472237493916 0.00992584228515625 22.270191431045532 0.7499999999999999 1.0
0 0.1 12.446326187665905 0.009858846664428711 22.28005027770996 0.7499999999999999 1.0
0 0.1 10.840920713874212 0.009548664093017578 22.28959894180298 0.7499999999999999 1.0
0 0.1 9.44259054057033 0.009435892105102539 22.29903483390808 0.7499999999999999 1.0
0 0.1 8.224625792416147 0.0077517032623291016 22.30678653717041 0.7499999999999999 1.0
0 0.1 7.163761801874259 0.010954856872558594 22.31774139404297 0.7499999999999999 1.0
0 0.1 6.239734724625884 0.014284133911132812 22.3320255279541 0.7272727272727272 1.0
0 0.1 5.43489447450858 0.011026144027709961 22.34305167198181 0.7272727272727272 1.0
0 0.1 4.733867584541418 0.009858131408691406 22.352909803390503 0.7272727272727272 1.0
0 0.1 4.123263554256632 0.028968095779418945 22.381877899169922 0.6153846153846154 1.0
0 0.1 3.591419074200402 0.025857210159301758 22.407735109329224 0.5714285714285714 1.0
0 0.1 3.128175241967003 0.05203390121459961 22.459769010543823 0.4210526315789473 1.0
0 0.1 2.7246835143108377 0.02904677391052246 22.488815784454346 0.4210526315789473 1.0
0 0.1 2.373236688776134 0.04351997375488281 22.53233575820923 0.38095238095238093 1.0
0 0.1 2.0671216863796724 0.07898116111755371 22.611316919326782 0.3478260869565218 1.0
0 0.1 1.8004913233094775 0.16858482360839844 22.77990174293518 0.32000000000000006 1.0
0 0.1 1.5682526223167341 0.18437623977661133 22.964277982711792 0.2857142857142857 1.0
0 0.1 1.3659695304072161 0.15713286399841309 23.121410846710205 0.27586206896551724 1.0
0 0.1 1.1897781846170337 0.20622992515563965 23.327640771865845 0.25806451612903225 1.0
0 0.1 1.036313107341863 0.10301589965820312 23.430656671524048 0.25806451612903225 1.0
0 0.1 0.9026429214570189 0.14780497550964355 23.57846164703369 0.24242424242424243 1.0
0 0.1 0.786214357305898 0.1622636318206787 23.74072527885437 0.2352941176470588 1.0
0 0.1 0.6848034820193963 0.10765433311462402 23.848379611968994 0.2352941176470588 1.0
0 0.1 0.5964732195846044 0.44338083267211914 24.291760444641113 0.2285714285714286 1.0
0 0.1 0.5195363502423698 0.5866680145263672 24.87842845916748 0.2222222222222222 1.0
0 0.1 0.4525232824553942 0.6708450317382812 25.54927349090576 0.20512820512820512 1.0
0 0.1 0.3941539818506903 0.9870967864990234 26.536370277404785 0.19999999999999998 1.0
0 0.1 0.34331352094368267 0.5388600826263428 27.075230360031128 0.19512195121951217 1.0
0 0.1 0.2990307826127625 0.41507482528686523 27.490305185317993 0.19047619047619047 1.0
0 0.1 0.2604599105337001 1.309309959411621 28.799615144729614 0.18181818181818182 1.0
0 0.1 0.22686415225376097 0.607537031173706 29.40715217590332 0.18181818181818182 1.0
0 0.1 0.19760178628779224 0.31952381134033203 29.726675987243652 0.18181818181818182 1.0
0 0.1 0.17211386442601356 0.20268487930297852 29.92936086654663 0.18181818181818182 1.0
0 0.1 0.14991353511608546 2.77309513092041 32.70245599746704 0.1739130434782609 1.0
0 0.01 28.211963230963963 0.0005929470062255859 32.70304894447327 0.0 1.0
0 0.01 24.573006681497752 0.013547182083129883 32.7165961265564 0.5714285714285715 1.0
0 0.01 21.403425646968028 0.009763240814208984 32.726359367370605 0.5714285714285715 1.0
0 0.01 18.642677119777133 0.009812116622924805 32.73617148399353 0.5714285714285715 1.0
0 0.01 16.238027310431736 0.009511947631835938 32.745683431625366 0.5714285714285715 1.0
0 0.01 14.143544365449966 0.009588956832885742 32.75527238845825 0.5714285714285715 1.0
0 0.01 12.319221010851523 0.009395837783813477 32.764668226242065 0.5714285714285715 1.0
0 0.01 10.730210362611421 0.008533954620361328 32.77320218086243 0.5714285714285715 1.0
0 0.01 9.346160307090315 0.011229991912841797 32.78443217277527 0.7499999999999999 1.0
0 0.01 8.140633737265514 0.009510040283203125 32.79394221305847 0.7499999999999999 1.0
0 0.01 7.090603570541246 0.009368896484375 32.80331110954285 0.7499999999999999 1.0
0 0.01 6.176012902339531 0.008819818496704102 32.81213092803955 0.7499999999999999 1.0
0 0.01 5.379391893848717 0.008870124816894531 32.821001052856445 0.7499999999999999 1.0
0 0.01 4.685524076001097 0.008924007415771484 32.82992506027222 0.7499999999999999 1.0
0 0.01 4.081155695663349 0.009067058563232422 32.83899211883545 0.7499999999999999 1.0
0 0.01 3.554742552184356 0.008348941802978516 32.84734106063843 0.7499999999999999 1.0
0 0.01 3.09622948855821 0.007349967956542969 32.85469102859497 0.7499999999999999 1.0
0 0.01 2.6968583252045994 0.006737232208251953 32.86142826080322 0.7499999999999999 1.0
0 0.01 2.349000567658869 0.00961613655090332 32.871044397354126 0.7499999999999999 1.0
0 0.01 2.046011692676912 0.012952089309692383 32.88399648666382 0.7272727272727272 1.0
0 0.01 1.7821042294352372 0.009495735168457031 32.893492221832275 0.7272727272727272 1.0
0 0.01 1.5522372115164986 0.009596824645996094 32.90308904647827 0.7272727272727272 1.0
0 0.01 1.3520198880735976 0.024103879928588867 32.92719292640686 0.6153846153846154 1.0
0 0.01 1.1776278549337647 0.017434120178222656 32.94462704658508 0.6153846153846154 1.0
0 0.01 1.0257300036406054 0.03296613693237305 32.977593183517456 0.4210526315789473 1.0
0 0.01 0.8934248930683893 0.020923852920532227 32.99851703643799 0.4210526315789473 1.0
0 0.01 0.7781853282259436 0.02208685874938965 33.02060389518738 0.4210526315789473 1.0
0 0.01 0.6778100876351608 0.02250528335571289 33.04310917854309 0.4210526315789473 1.0
0 0.01 0.590381877216004 0.04288792610168457 33.085997104644775 0.3636363636363636 1.0
0 0.01 0.5142307075440048 0.03813004493713379 33.12412714958191 0.3636363636363636 1.0
0 0.01 0.44790199493955546 0.06914806365966797 33.19327521324158 0.3076923076923077 1.0
0 0.01 0.39012877707943217 0.06141495704650879 33.254690170288086 0.2962962962962963 1.0
0 0.01 0.33980751241358653 0.06056499481201172 33.3152551651001 0.2857142857142857 1.0
0 0.01 0.2959770011254507 0.04355788230895996 33.35881304740906 0.2857142857142857 1.0
0 0.01 0.2578000249994245 0.04236006736755371 33.40117311477661 0.2857142857142857 1.0
0 0.01 0.22454735549379537 0.07427597045898438 33.475449085235596 0.25806451612903225 1.0
0 0.01 0.19558382455304058 0.05817413330078125 33.53362321853638 0.25806451612903225 1.0
0 0.01 0.1703561920944177 0.056076765060424805 33.5896999835968 0.25806451612903225 1.0
0 0.01 0.14838257842248037 0.05489778518676758 33.64459776878357 0.25806451612903225 1.0
0 0.01 0.12924325971726744 0.05443215370178223 33.69902992248535 0.25806451612903225 1.0
0 0.01 0.1125726507783501 0.05409598350524902 33.7531259059906 0.25806451612903225 1.0
0 0.01 0.09805232188500161 0.04559206962585449 33.798717975616455 0.25806451612903225 1.0
0 0.01 0.08540491638568569 0.2516610622406006 34.050379037857056 0.2105263157894737 1.0
0 0.01 0.07438885283512764 0.2881789207458496 34.338557958602905 0.21621621621621623 1.0
0 0.01 0.06479371048308594 0.12897992134094238 34.46753787994385 0.21621621621621623 1.0
0 0.01 0.056436209971818335 0.12691879272460938 34.59445667266846 0.21621621621621623 1.0
0 0.01 0.049156712468482675 0.18019771575927734 34.774654388427734 0.2105263157894737 1.0
0 0.01 0.0428161703614703 0.10962104797363281 34.88427543640137 0.2105263157894737 1.0
0 0.01 0.03729347127511503 0.19514894485473633 35.0794243812561 0.20512820512820512 1.0
0 0.01 0.032483124670098805 0.20155596733093262 35.280980348587036 0.19999999999999998 1.0
