[216.40736058 188.4937774  164.18066384 143.00360867 124.55810333
 108.49181534  94.49785828  82.30892987  71.69220614  62.44489425
  54.39035884  47.37474809  41.26405496  35.94155748  31.30558923
  27.26759733  23.75045104  20.68696841  18.01863304  15.69447636
  13.67010404  11.906848    10.37102782   9.03330739   7.86813455
   6.85325305   5.96927734   5.19932239   4.52868107   3.94454329
   3.43575127   2.99258645   2.60658382   2.27037024   1.9775236
   1.72245016   1.5002777    1.30676244   1.138208     0.99139477
   0.86351843   0.75213639   0.65512111   0.57061946   0.49701737
   0.43290895   0.37706963   0.32843281   0.28606948   0.24917044]0 1 312.2098259152708 0.0005469322204589844 0.0005469322204589844 0.0 1.0
0 1 271.93903789811014 0.0006132125854492188 0.0011601448059082031 0.0 1.0
0 1 236.8626295349813 0.004657745361328125 0.005817890167236328 0.33333333333333337 1.0
0 1 206.31059705097118 0.021492958068847656 0.027310848236083984 0.5714285714285715 1.0
0 1 179.69935797424765 0.013796806335449219 0.0411076545715332 0.5714285714285715 1.0
0 1 156.52060397255676 0.011590003967285156 0.05269765853881836 0.5714285714285715 1.0
0 1 136.33159152101595 0.009855031967163086 0.06255269050598145 0.5714285714285715 1.0
0 1 118.74668494067365 0.009625911712646484 0.07217860221862793 0.7499999999999999 1.0
0 1 103.42999026917344 0.009044885635375977 0.0812234878540039 0.7499999999999999 1.0
0 1 90.08893926113359 0.008794784545898438 0.09001827239990234 0.7499999999999999 1.0
0 1 78.46870096453189 0.008275985717773438 0.09829425811767578 0.7499999999999999 1.0
0 1 68.34731412713553 0.00845193862915039 0.10674619674682617 0.7499999999999999 1.0
0 1 59.53144745577994 0.01142120361328125 0.11816740036010742 0.6666666666666665 1.0
0 1 51.85270674408604 0.008801937103271484 0.1269693374633789 0.7272727272727272 1.0
0 1 45.16441833008278 0.009028196334838867 0.13599753379821777 0.7272727272727272 1.0
0 1 39.33882744370648 0.011482000350952148 0.14747953414916992 0.6153846153846154 1.0
0 1 34.26465792907022 0.01593017578125 0.16340970993041992 0.47058823529411764 1.0
0 1 29.84498672911064 0.02639603614807129 0.1898057460784912 0.3636363636363636 1.0
0 1 25.99539253258091 0.02884197235107422 0.21864771842956543 0.3076923076923077 1.0
0 1 22.642343220204207 0.07765316963195801 0.29630088806152344 0.26666666666666666 1.0
0 1 19.721791308170232 0.09873318672180176 0.3950340747833252 0.27586206896551724 1.0
0 1 17.177950560167822 0.15848803520202637 0.5535221099853516 0.26666666666666666 1.0
0 1 14.962230399696251 0.1367969512939453 0.6903190612792969 0.24242424242424243 1.0
0 1 13.03230776858211 0.12181878089904785 0.8121378421783447 0.2222222222222222 1.0
0 1 11.351318703025308 0.13486194610595703 0.9469997882843018 0.2222222222222222 1.0
0 1 9.887154185253786 0.1138768196105957 1.0608766078948975 0.21621621621621623 1.0
0 1 8.611846820663045 0.12262511253356934 1.1835017204284668 0.20512820512820512 1.0
0 1 7.501036625197576 0.1220858097076416 1.3055875301361084 0.19999999999999998 1.0
0 1 6.53350571883761 0.10078215599060059 1.406369686126709 0.20512820512820512 1.0
0 1 5.69077303724795 0.13626980781555176 1.5426394939422607 0.18604651162790697 1.0
0 1 4.956741320068812 0.11187100410461426 1.654510498046875 0.1777777777777778 1.0
0 1 4.317389632878279 0.13620305061340332 1.7907135486602783 0.1702127659574468 1.0
0 1 3.7605055496069455 1.5627686977386475 3.353482246398926 0.1702127659574468 1.0
0 1 3.2754518797500736 0.33923888206481934 3.692721128463745 0.1702127659574468 1.0
0 1 2.8529634845718124 0.12521100044250488 3.81793212890625 0.16666666666666666 1.0
0 1 2.4849703012340436 0.08614611625671387 3.904078245162964 0.163265306122449 1.0
0 1 2.1644431943866964 0.24638581275939941 4.150464057922363 0.163265306122449 1.0
0 1 1.8852596907900219 0.10756611824035645 4.25803017616272 0.163265306122449 1.0
0 1 1.6420870323301746 0.09584379196166992 4.35387396812439 0.163265306122449 1.0
0 1 1.4302803135927475 0.08182811737060547 4.435702085494995 0.163265306122449 1.0
0 1 1.2457937582930971 0.07933402061462402 4.515036106109619 0.163265306122449 1.0
0 1 1.0851034398309916 0.3915672302246094 4.9066033363342285 0.1568627450980392 1.0
0 1 0.945139969834425 0.39438509941101074 5.300988435745239 0.1568627450980392 1.0
0 1 0.823229868958621 0.6954147815704346 5.996403217315674 0.1568627450980392 1.0
0 1 0.7170445000483404 1.0233988761901855 7.019802093505859 0.1509433962264151 1.0
0 1 0.624555588222246 1.097327709197998 8.117129802703857 0.1509433962264151 1.0
0 1 0.5439964782567033 0.5949771404266357 8.712106943130493 0.1509433962264151 1.0
0 1 0.4738283892360109 0.47397303581237793 9.186079978942871 0.1509433962264151 1.0
0 1 0.4127110218901976 0.4535801410675049 9.639660120010376 0.1481481481481481 1.0
0 1 0.3594769571833539 0.4509429931640625 10.090603113174438 0.1481481481481481 1.0
0 0.1 130.20161032759302 0.0004987716674804688 10.091101884841919 0.0 1.0
0 0.1 113.40738729625762 0.0004818439483642578 10.091583728790283 0.0 1.0
0 0.1 98.77938883400856 0.000514984130859375 10.092098712921143 0.0 1.0
0 0.1 86.03820166433057 0.0005130767822265625 10.09261178970337 0.0 1.0
0 0.1 74.9404529934022 0.0005450248718261719 10.093156814575195 0.0 1.0
0 0.1 65.27416178184274 0.0005669593811035156 10.093723773956299 0.0 1.0
0 0.1 56.854689638682785 0.0006070137023925781 10.094330787658691 0.0 1.0
0 0.1 49.52121399451067 0.011657953262329102 10.10598874092102 0.5714285714285715 1.0
0 0.1 43.13365618693992 0.008434057235717773 10.114422798156738 0.5714285714285715 1.0
0 0.1 37.570005780944214 0.008032083511352539 10.12245488166809 0.5714285714285715 1.0
0 0.1 32.7239900151928 0.0074367523193359375 10.129891633987427 0.5714285714285715 1.0
0 0.1 28.503043857863506 0.0068552494049072266 10.136746883392334 0.5714285714285715 1.0
0 0.1 24.826541897430772 0.0057718753814697266 10.142518758773804 0.5714285714285715 1.0
0 0.1 21.624258295306348 0.0059051513671875 10.148423910140991 0.5714285714285715 1.0
0 0.1 18.835025383479486 0.009037017822265625 10.157460927963257 0.7499999999999999 1.0
0 0.1 16.405565284674683 0.006875276565551758 10.164336204528809 0.7499999999999999 1.0
0 0.1 14.289472237493916 0.006742954254150391 10.171079158782959 0.7499999999999999 1.0
0 0.1 12.446326187665905 0.006459236145019531 10.177538394927979 0.7499999999999999 1.0
0 0.1 10.840920713874212 0.0064160823822021484 10.18395447731018 0.7499999999999999 1.0
0 0.1 9.44259054057033 0.006440877914428711 10.19039535522461 0.7499999999999999 1.0
0 0.1 8.224625792416147 0.0046482086181640625 10.195043563842773 0.7499999999999999 1.0
0 0.1 7.163761801874259 0.00625300407409668 10.20129656791687 0.7499999999999999 1.0
0 0.1 6.239734724625884 0.009407997131347656 10.210704565048218 0.7272727272727272 1.0
0 0.1 5.43489447450858 0.00706171989440918 10.217766284942627 0.7272727272727272 1.0
0 0.1 4.733867584541418 0.0058400630950927734 10.22360634803772 0.7272727272727272 1.0
0 0.1 4.123263554256632 0.019114017486572266 10.242720365524292 0.6153846153846154 1.0
0 0.1 3.591419074200402 0.016743898391723633 10.259464263916016 0.5714285714285714 1.0
0 0.1 3.128175241967003 0.03774595260620117 10.297210216522217 0.4210526315789473 1.0
0 0.1 2.7246835143108377 0.015500068664550781 10.312710285186768 0.4210526315789473 1.0
0 0.1 2.373236688776134 0.030936002731323242 10.34364628791809 0.38095238095238093 1.0
0 0.1 2.0671216863796724 0.050186872482299805 10.39383316040039 0.3478260869565218 1.0
0 0.1 1.8004913233094775 0.12152099609375 10.51535415649414 0.32000000000000006 1.0
0 0.1 1.5682526223167341 0.17623186111450195 10.691586017608643 0.2857142857142857 1.0
0 0.1 1.3659695304072161 0.09676218032836914 10.788348197937012 0.27586206896551724 1.0
0 0.1 1.1897781846170337 0.10370016098022461 10.892048358917236 0.25806451612903225 1.0
0 0.1 1.036313107341863 0.05768084526062012 10.949729204177856 0.25806451612903225 1.0
0 0.1 0.9026429214570189 0.07574295997619629 11.025472164154053 0.24242424242424243 1.0
0 0.1 0.786214357305898 0.10057902336120605 11.126051187515259 0.2352941176470588 1.0
0 0.1 0.6848034820193963 0.05453991889953613 11.180591106414795 0.2352941176470588 1.0
0 0.1 0.5964732195846044 0.2948422431945801 11.475433349609375 0.2285714285714286 1.0
0 0.1 0.5195363502423698 0.34526801109313965 11.820701360702515 0.2222222222222222 1.0
0 0.1 0.4525232824553942 0.5376276969909668 12.358329057693481 0.20512820512820512 1.0
0 0.1 0.3941539818506903 0.7894530296325684 13.14778208732605 0.19999999999999998 1.0
0 0.1 0.34331352094368267 0.2670578956604004 13.41483998298645 0.19512195121951217 1.0
0 0.1 0.2990307826127625 0.31591105461120605 13.730751037597656 0.19047619047619047 1.0
0 0.1 0.2604599105337001 0.3585827350616455 14.089333772659302 0.18604651162790697 1.0
0 0.1 0.22686415225376097 0.15464329719543457 14.243977069854736 0.18181818181818182 1.0
0 0.1 0.19760178628779224 0.07820796966552734 14.322185039520264 0.18181818181818182 1.0
0 0.1 0.17211386442601356 0.05387592315673828 14.376060962677002 0.18181818181818182 1.0
0 0.1 0.14991353511608546 1.0516440868377686 15.42770504951477 0.1739130434782609 1.0
0 0.01 28.211963230963963 0.0006051063537597656 15.42831015586853 0.0 1.0
0 0.01 24.573006681497752 0.009913921356201172 15.438224077224731 0.5714285714285715 1.0
0 0.01 21.403425646968028 0.00669097900390625 15.444915056228638 0.5714285714285715 1.0
0 0.01 18.642677119777133 0.006334781646728516 15.451249837875366 0.5714285714285715 1.0
0 0.01 16.238027310431736 0.0063838958740234375 15.45763373374939 0.5714285714285715 1.0
0 0.01 14.143544365449966 0.006460905075073242 15.464094638824463 0.5714285714285715 1.0
0 0.01 12.319221010851523 0.0058786869049072266 15.46997332572937 0.5714285714285715 1.0
0 0.01 10.730210362611421 0.005223989486694336 15.475197315216064 0.5714285714285715 1.0
0 0.01 9.346160307090315 0.007774829864501953 15.482972145080566 0.7499999999999999 1.0
0 0.01 8.140633737265514 0.005685091018676758 15.488657236099243 0.7499999999999999 1.0
0 0.01 7.090603570541246 0.005791902542114258 15.494449138641357 0.7499999999999999 1.0
0 0.01 6.176012902339531 0.0057408809661865234 15.500190019607544 0.7499999999999999 1.0
0 0.01 5.379391893848717 0.005822896957397461 15.506012916564941 0.7499999999999999 1.0
0 0.01 4.685524076001097 0.005070209503173828 15.511083126068115 0.7499999999999999 1.0
0 0.01 4.081155695663349 0.005316019058227539 15.516399145126343 0.7499999999999999 1.0
0 0.01 3.554742552184356 0.00533604621887207 15.521735191345215 0.7499999999999999 1.0
0 0.01 3.09622948855821 0.003692150115966797 15.525427341461182 0.7499999999999999 1.0
0 0.01 2.6968583252045994 0.0038199424743652344 15.529247283935547 0.7499999999999999 1.0
0 0.01 2.349000567658869 0.0050258636474609375 15.534273147583008 0.7499999999999999 1.0
0 0.01 2.046011692676912 0.009315013885498047 15.543588161468506 0.7272727272727272 1.0
0 0.01 1.7821042294352372 0.0052640438079833984 15.54885220527649 0.7272727272727272 1.0
0 0.01 1.5522372115164986 0.005338907241821289 15.55419111251831 0.7272727272727272 1.0
0 0.01 1.3520198880735976 0.016554832458496094 15.570745944976807 0.6153846153846154 1.0
0 0.01 1.1776278549337647 0.01067805290222168 15.581423997879028 0.6153846153846154 1.0
0 0.01 1.0257300036406054 0.023604154586791992 15.60502815246582 0.4210526315789473 1.0
0 0.01 0.8934248930683893 0.011221885681152344 15.616250038146973 0.4210526315789473 1.0
0 0.01 0.7781853282259436 0.01019597053527832 15.626446008682251 0.4210526315789473 1.0
0 0.01 0.6778100876351608 0.010998964309692383 15.637444972991943 0.4210526315789473 1.0
0 0.01 0.590381877216004 0.027179956436157227 15.6646249294281 0.3636363636363636 1.0
0 0.01 0.5142307075440048 0.019412994384765625 15.684037923812866 0.3636363636363636 1.0
0 0.01 0.44790199493955546 0.042069196701049805 15.726107120513916 0.3076923076923077 1.0
0 0.01 0.39012877707943217 0.03837275505065918 15.764479875564575 0.2962962962962963 1.0
0 0.01 0.33980751241358653 0.04233098030090332 15.806810855865479 0.2857142857142857 1.0
0 0.01 0.2959770011254507 0.023181915283203125 15.829992771148682 0.2857142857142857 1.0
0 0.01 0.2578000249994245 0.022619962692260742 15.852612733840942 0.2857142857142857 1.0
0 0.01 0.22454735549379537 0.047199249267578125 15.89981198310852 0.25806451612903225 1.0
0 0.01 0.19558382455304058 0.03127288818359375 15.931084871292114 0.25806451612903225 1.0
0 0.01 0.1703561920944177 0.030199766159057617 15.961284637451172 0.25806451612903225 1.0
0 0.01 0.14838257842248037 0.029095888137817383 15.99038052558899 0.25806451612903225 1.0
0 0.01 0.12924325971726744 0.027988910675048828 16.018369436264038 0.25806451612903225 1.0
0 0.01 0.1125726507783501 0.02686595916748047 16.04523539543152 0.25806451612903225 1.0
0 0.01 0.09805232188500161 0.021500825881958008 16.066736221313477 0.25806451612903225 1.0
0 0.01 0.08540491638568569 0.17661118507385254 16.24334740638733 0.2105263157894737 1.0
0 0.01 0.07438885283512764 0.201491117477417 16.444838523864746 0.21621621621621623 1.0
0 0.01 0.06479371048308594 0.05300092697143555 16.49783945083618 0.21621621621621623 1.0
0 0.01 0.056436209971818335 0.05078768730163574 16.548627138137817 0.21621621621621623 1.0
0 0.01 0.049156712468482675 0.10245323181152344 16.65108036994934 0.2105263157894737 1.0
0 0.01 0.0428161703614703 0.03276801109313965 16.68384838104248 0.2105263157894737 1.0
0 0.01 0.03729347127511503 0.10171008110046387 16.785558462142944 0.20512820512820512 1.0
0 0.01 0.032483124670098805 0.1081690788269043 16.89372754096985 0.19999999999999998 1.0
