[216.40736058 188.4937774  164.18066384 143.00360867 124.55810333
 108.49181534  94.49785828  82.30892987  71.69220614  62.44489425
  54.39035884  47.37474809  41.26405496  35.94155748  31.30558923
  27.26759733  23.75045104  20.68696841  18.01863304  15.69447636
  13.67010404  11.906848    10.37102782   9.03330739   7.86813455
   6.85325305   5.96927734   5.19932239   4.52868107   3.94454329
   3.43575127   2.99258645   2.60658382   2.27037024   1.9775236
   1.72245016   1.5002777    1.30676244   1.138208     0.99139477
   0.86351843   0.75213639   0.65512111   0.57061946   0.49701737
   0.43290895   0.37706963   0.32843281   0.28606948   0.24917044]0 1 312.2098259152708 0.0006330013275146484 0.0006330013275146484 0.0 1.0
0 1 271.93903789811014 0.0006499290466308594 0.0012829303741455078 0.0 1.0
0 1 236.8626295349813 0.009156227111816406 0.010439157485961914 0.33333333333333337 1.0
0 1 206.31059705097118 0.007472038269042969 0.017911195755004883 0.5714285714285715 1.0
0 1 179.69935797424765 0.004628896713256836 0.02254009246826172 0.5714285714285715 1.0
0 1 156.52060397255676 0.004068851470947266 0.026608943939208984 0.5714285714285715 1.0
0 1 136.33159152101595 0.003716707229614258 0.030325651168823242 0.5714285714285715 1.0
0 1 118.74668494067365 0.008758068084716797 0.03908371925354004 0.7499999999999999 1.0
0 1 103.42999026917344 0.0052258968353271484 0.04430961608886719 0.7499999999999999 1.0
0 1 90.08893926113359 0.005136728286743164 0.04944634437561035 0.7499999999999999 1.0
0 1 78.46870096453189 0.003692626953125 0.05313897132873535 0.7499999999999999 1.0
0 1 68.34731412713553 0.0046138763427734375 0.05775284767150879 0.7499999999999999 1.0
0 1 59.53144745577994 0.006590843200683594 0.06434369087219238 0.6666666666666665 1.0
0 1 51.85270674408604 0.009481430053710938 0.07382512092590332 0.7272727272727272 1.0
0 1 45.16441833008278 0.009063959121704102 0.08288908004760742 0.7272727272727272 1.0
0 1 39.33882744370648 0.010247230529785156 0.09313631057739258 0.6153846153846154 1.0
0 1 34.26465792907022 0.0176849365234375 0.11082124710083008 0.47058823529411764 1.0
0 1 29.84498672911064 0.021610021591186523 0.1324312686920166 0.3636363636363636 1.0
0 1 25.99539253258091 0.026647090911865234 0.15907835960388184 0.3076923076923077 1.0
0 1 22.642343220204207 0.0716547966003418 0.23073315620422363 0.26666666666666666 1.0
0 1 19.721791308170232 0.08366584777832031 0.31439900398254395 0.27586206896551724 1.0
0 1 17.177950560167822 0.14393281936645508 0.458331823348999 0.26666666666666666 1.0
0 1 14.962230399696251 0.11474895477294922 0.5730807781219482 0.24242424242424243 1.0
0 1 13.03230776858211 0.10330700874328613 0.6763877868652344 0.2222222222222222 1.0
0 1 11.351318703025308 0.1082010269165039 0.7845888137817383 0.2222222222222222 1.0
0 1 9.887154185253786 0.0983119010925293 0.8829007148742676 0.21621621621621623 1.0
0 1 8.611846820663045 0.09732246398925781 0.9802231788635254 0.20512820512820512 1.0
0 1 7.501036625197576 0.11900901794433594 1.0992321968078613 0.19999999999999998 1.0
0 1 6.53350571883761 0.10666418075561523 1.2058963775634766 0.20512820512820512 1.0
0 1 5.69077303724795 0.1289076805114746 1.3348040580749512 0.18604651162790697 1.0
0 1 4.956741320068812 0.11161613464355469 1.4464201927185059 0.1777777777777778 1.0
0 1 4.317389632878279 0.14295387268066406 1.58937406539917 0.16666666666666666 1.0
0 1 3.7605055496069455 1.159071922302246 2.748445987701416 0.1702127659574468 1.0
0 1 3.2754518797500736 0.2529606819152832 3.001406669616699 0.1702127659574468 1.0
0 1 2.8529634845718124 0.13563895225524902 3.1370456218719482 0.16666666666666666 1.0
0 1 2.4849703012340436 0.15457487106323242 3.2916204929351807 0.163265306122449 1.0
0 1 2.1644431943866964 0.20270490646362305 3.4943253993988037 0.163265306122449 1.0
0 1 1.8852596907900219 0.10382795333862305 3.5981533527374268 0.163265306122449 1.0
0 1 1.6420870323301746 0.09839105606079102 3.6965444087982178 0.163265306122449 1.0
0 1 1.4302803135927475 0.09627127647399902 3.792815685272217 0.163265306122449 1.0
0 1 1.2457937582930971 0.09555506706237793 3.8883707523345947 0.163265306122449 1.0
0 1 1.0851034398309916 0.5042719841003418 4.3926427364349365 0.1568627450980392 1.0
0 1 0.945139969834425 0.4688701629638672 4.861512899398804 0.1568627450980392 1.0
0 1 0.823229868958621 0.6788420677185059 5.54035496711731 0.1568627450980392 1.0
0 1 0.7170445000483404 1.3647959232330322 6.905150890350342 0.15384615384615383 1.0
0 1 0.624555588222246 1.264167070388794 8.169317960739136 0.1509433962264151 1.0
0 1 0.5439964782567033 0.9059956073760986 9.075313568115234 0.1509433962264151 1.0
0 1 0.4738283892360109 0.8267388343811035 9.902052402496338 0.1509433962264151 1.0
0 1 0.4127110218901976 0.8626060485839844 10.764658451080322 0.1481481481481481 1.0
0 1 0.3594769571833539 0.8357620239257812 11.600420475006104 0.1481481481481481 1.0
0 0.1 130.20161032759302 0.0006382465362548828 11.601058721542358 0.0 1.0
0 0.1 113.40738729625762 0.0006358623504638672 11.601694583892822 0.0 1.0
0 0.1 98.77938883400856 0.0006260871887207031 11.602320671081543 0.0 1.0
0 0.1 86.03820166433057 0.0006301403045654297 11.602950811386108 0.0 1.0
0 0.1 74.9404529934022 0.0006511211395263672 11.603601932525635 0.0 1.0
0 0.1 65.27416178184274 0.0006530284881591797 11.604254961013794 0.0 1.0
0 0.1 56.854689638682785 0.0006787776947021484 11.604933738708496 0.0 1.0
0 0.1 49.52121399451067 0.000659942626953125 11.60559368133545 0.0 1.0
0 0.1 43.13365618693992 0.0006880760192871094 11.606281757354736 0.0 1.0
0 0.1 37.570005780944214 0.0006401538848876953 11.606921911239624 0.0 1.0
0 0.1 32.7239900151928 0.0006299018859863281 11.60755181312561 0.0 1.0
0 0.1 28.503043857863506 0.0006306171417236328 11.608182430267334 0.0 1.0
0 0.1 24.826541897430772 0.007650852203369141 11.615833282470703 0.5714285714285715 1.0
0 0.1 21.624258295306348 0.0019881725311279297 11.617821455001831 0.5714285714285715 1.0
0 0.1 18.835025383479486 0.002084970474243164 11.619906425476074 0.5714285714285715 1.0
0 0.1 16.405565284674683 0.002039194107055664 11.62194561958313 0.5714285714285715 1.0
0 0.1 14.289472237493916 0.002090930938720703 11.62403655052185 0.5714285714285715 1.0
0 0.1 12.446326187665905 0.0021288394927978516 11.626165390014648 0.5714285714285715 1.0
0 0.1 10.840920713874212 0.006987094879150391 11.633152484893799 0.7499999999999999 1.0
0 0.1 9.44259054057033 0.0025641918182373047 11.635716676712036 0.7499999999999999 1.0
0 0.1 8.224625792416147 0.002691030502319336 11.638407707214355 0.7499999999999999 1.0
0 0.1 7.163761801874259 0.003386259078979492 11.641793966293335 0.7499999999999999 1.0
0 0.1 6.239734724625884 0.003078937530517578 11.644872903823853 0.7499999999999999 1.0
0 0.1 5.43489447450858 0.013137102127075195 11.658010005950928 0.7272727272727272 1.0
0 0.1 4.733867584541418 0.006557941436767578 11.664567947387695 0.7272727272727272 1.0
0 0.1 4.123263554256632 0.006464958190917969 11.671032905578613 0.7272727272727272 1.0
0 0.1 3.591419074200402 0.028439044952392578 11.699471950531006 0.5714285714285714 1.0
0 0.1 3.128175241967003 0.06417107582092285 11.763643026351929 0.4444444444444444 1.0
0 0.1 2.7246835143108377 0.033653974533081055 11.79729700088501 0.4 1.0
0 0.1 2.373236688776134 0.061689138412475586 11.858986139297485 0.3636363636363636 1.0
0 0.1 2.0671216863796724 0.09712076187133789 11.956106901168823 0.32000000000000006 1.0
0 0.1 1.8004913233094775 0.029484987258911133 11.985591888427734 0.32000000000000006 1.0
0 0.1 1.5682526223167341 0.12615704536437988 12.111748933792114 0.2962962962962963 1.0
0 0.1 1.3659695304072161 0.08266878128051758 12.194417715072632 0.27586206896551724 1.0
0 0.1 1.1897781846170337 0.057463645935058594 12.25188136100769 0.26666666666666666 1.0
0 0.1 1.036313107341863 0.11340594291687012 12.36528730392456 0.25806451612903225 1.0
0 0.1 0.9026429214570189 0.13374590873718262 12.499033212661743 0.24242424242424243 1.0
0 0.1 0.786214357305898 0.08308601379394531 12.582119226455688 0.2352941176470588 1.0
0 0.1 0.6848034820193963 0.22623205184936523 12.808351278305054 0.2285714285714286 1.0
0 0.1 0.5964732195846044 0.09784293174743652 12.90619421005249 0.2285714285714286 1.0
0 0.1 0.5195363502423698 0.12398004531860352 13.030174255371094 0.21621621621621623 1.0
0 0.1 0.4525232824553942 0.1324629783630371 13.16263723373413 0.20512820512820512 1.0
0 0.1 0.3941539818506903 0.23824095726013184 13.400878190994263 0.19999999999999998 1.0
0 0.1 0.34331352094368267 0.6773970127105713 14.078275203704834 0.19512195121951217 1.0
0 0.1 0.2990307826127625 0.19856905937194824 14.276844263076782 0.2105263157894737 1.0
0 0.1 0.2604599105337001 0.12613606452941895 14.402980327606201 0.19999999999999998 1.0
0 0.1 0.22686415225376097 0.11356496810913086 14.516545295715332 0.19999999999999998 1.0
0 0.1 0.19760178628779224 0.1241152286529541 14.640660524368286 0.19512195121951217 1.0
0 0.1 0.17211386442601356 0.23473620414733887 14.875396728515625 0.18604651162790697 1.0
0 0.1 0.14991353511608546 0.3494107723236084 15.224807500839233 0.18181818181818182 1.0
0 0.01 28.211963230963963 0.0006330013275146484 15.225440502166748 0.0 1.0
0 0.01 24.573006681497752 0.0006949901580810547 15.226135492324829 0.0 1.0
0 0.01 21.403425646968028 0.0006420612335205078 15.22677755355835 0.0 1.0
0 0.01 18.642677119777133 0.0006318092346191406 15.227409362792969 0.0 1.0
0 0.01 16.238027310431736 0.0006670951843261719 15.228076457977295 0.0 1.0
0 0.01 14.143544365449966 0.0006740093231201172 15.228750467300415 0.0 1.0
0 0.01 12.319221010851523 0.0006651878356933594 15.229415655136108 0.0 1.0
0 0.01 10.730210362611421 0.0006468296051025391 15.230062484741211 0.0 1.0
0 0.01 9.346160307090315 0.0006473064422607422 15.230709791183472 0.0 1.0
0 0.01 8.140633737265514 0.0006377696990966797 15.231347560882568 0.0 1.0
0 0.01 7.090603570541246 0.0006530284881591797 15.232000589370728 0.0 1.0
0 0.01 6.176012902339531 0.0006339550018310547 15.232634544372559 0.0 1.0
0 0.01 5.379391893848717 0.0006468296051025391 15.233281373977661 0.0 1.0
0 0.01 4.685524076001097 0.0006589889526367188 15.233940362930298 0.0 1.0
0 0.01 4.081155695663349 0.0006783008575439453 15.234618663787842 0.0 1.0
0 0.01 3.554742552184356 0.0007979869842529297 15.235416650772095 0.0 1.0
0 0.01 3.09622948855821 0.0006349086761474609 15.236051559448242 0.0 1.0
0 0.01 2.6968583252045994 0.0006301403045654297 15.236681699752808 0.0 1.0
0 0.01 2.349000567658869 0.0069768428802490234 15.243658542633057 0.5714285714285715 1.0
0 0.01 2.046011692676912 0.0015480518341064453 15.245206594467163 0.5714285714285715 1.0
0 0.01 1.7821042294352372 0.0016350746154785156 15.246841669082642 0.5714285714285715 1.0
0 0.01 1.5522372115164986 0.0016901493072509766 15.248531818389893 0.5714285714285715 1.0
0 0.01 1.3520198880735976 0.001583099365234375 15.250114917755127 0.5714285714285715 1.0
0 0.01 1.1776278549337647 0.0018641948699951172 15.251979112625122 0.5714285714285715 1.0
0 0.01 1.0257300036406054 0.005793094635009766 15.257772207260132 0.7499999999999999 1.0
0 0.01 0.8934248930683893 0.0021440982818603516 15.259916305541992 0.7499999999999999 1.0
0 0.01 0.7781853282259436 0.002434968948364258 15.262351274490356 0.7499999999999999 1.0
0 0.01 0.6778100876351608 0.00267791748046875 15.265029191970825 0.7499999999999999 1.0
0 0.01 0.590381877216004 0.003009796142578125 15.268038988113403 0.7499999999999999 1.0
0 0.01 0.5142307075440048 0.008994817733764648 15.277033805847168 0.7272727272727272 1.0
0 0.01 0.44790199493955546 0.003904104232788086 15.280937910079956 0.7272727272727272 1.0
0 0.01 0.39012877707943217 0.024973154067993164 15.30591106414795 0.5000000000000001 1.0
0 0.01 0.33980751241358653 0.029158830642700195 15.33506989479065 0.4 1.0
0 0.01 0.2959770011254507 0.009636163711547852 15.344706058502197 0.4 1.0
0 0.01 0.2578000249994245 0.01096034049987793 15.355666399002075 0.4 1.0
0 0.01 0.22454735549379537 0.04845380783081055 15.404120206832886 0.2857142857142857 1.0
0 0.01 0.19558382455304058 0.020785808563232422 15.424906015396118 0.2857142857142857 1.0
0 0.01 0.1703561920944177 0.048464059829711914 15.47337007522583 0.25 1.0
0 0.01 0.14838257842248037 0.020228862762451172 15.493598937988281 0.25 1.0
0 0.01 0.12924325971726744 0.0591731071472168 15.552772045135498 0.2352941176470588 1.0
0 0.01 0.1125726507783501 0.05018019676208496 15.602952241897583 0.2222222222222222 1.0
0 0.01 0.09805232188500161 0.12208223342895508 15.725034475326538 0.2222222222222222 1.0
0 0.01 0.08540491638568569 0.07643723487854004 15.801471710205078 0.21621621621621623 1.0
0 0.01 0.07438885283512764 0.028390884399414062 15.829862594604492 0.21621621621621623 1.0
0 0.01 0.06479371048308594 0.029019832611083984 15.858882427215576 0.21621621621621623 1.0
0 0.01 0.056436209971818335 0.06696867942810059 15.925851106643677 0.2105263157894737 1.0
0 0.01 0.049156712468482675 0.0718841552734375 15.997735261917114 0.20512820512820512 1.0
0 0.01 0.0428161703614703 0.03944993019104004 16.037185192108154 0.20512820512820512 1.0
0 0.01 0.03729347127511503 0.03900599479675293 16.076191186904907 0.20512820512820512 1.0
0 0.01 0.032483124670098805 0.06609606742858887 16.142287254333496 0.19999999999999998 1.0
