[216.40736058 188.4937774  164.18066384 143.00360867 124.55810333
 108.49181534  94.49785828  82.30892987  71.69220614  62.44489425
  54.39035884  47.37474809  41.26405496  35.94155748  31.30558923
  27.26759733  23.75045104  20.68696841  18.01863304  15.69447636
  13.67010404  11.906848    10.37102782   9.03330739   7.86813455
   6.85325305   5.96927734   5.19932239   4.52868107   3.94454329
   3.43575127   2.99258645   2.60658382   2.27037024   1.9775236
   1.72245016   1.5002777    1.30676244   1.138208     0.99139477
   0.86351843   0.75213639   0.65512111   0.57061946   0.49701737
   0.43290895   0.37706963   0.32843281   0.28606948   0.24917044]0 1 312.2098259152708 0.0006289482116699219 0.0006289482116699219 0.0 1.0
0 1 271.93903789811014 0.00066375732421875 0.0012927055358886719 0.0 1.0
0 1 236.8626295349813 0.006330013275146484 0.007622718811035156 0.33333333333333337 1.0
0 1 206.31059705097118 0.005351066589355469 0.012973785400390625 0.5714285714285715 1.0
0 1 179.69935797424765 0.0035810470581054688 0.016554832458496094 0.5714285714285715 1.0
0 1 156.52060397255676 0.0027399063110351562 0.01929473876953125 0.5714285714285715 1.0
0 1 136.33159152101595 0.0026199817657470703 0.02191472053527832 0.5714285714285715 1.0
0 1 118.74668494067365 0.005688667297363281 0.0276033878326416 0.7499999999999999 1.0
0 1 103.42999026917344 0.0039751529693603516 0.03157854080200195 0.7499999999999999 1.0
0 1 90.08893926113359 0.0032427310943603516 0.034821271896362305 0.7499999999999999 1.0
0 1 78.46870096453189 0.002984762191772461 0.037806034088134766 0.7499999999999999 1.0
0 1 68.34731412713553 0.003412961959838867 0.04121899604797363 0.7499999999999999 1.0
0 1 59.53144745577994 0.0041081905364990234 0.045327186584472656 0.6666666666666665 1.0
0 1 51.85270674408604 0.006279945373535156 0.05160713195800781 0.7272727272727272 1.0
0 1 45.16441833008278 0.007972240447998047 0.05957937240600586 0.7272727272727272 1.0
0 1 39.33882744370648 0.006371021270751953 0.06595039367675781 0.6153846153846154 1.0
0 1 34.26465792907022 0.013601064682006836 0.07955145835876465 0.47058823529411764 1.0
0 1 29.84498672911064 0.015792131423950195 0.09534358978271484 0.3636363636363636 1.0
0 1 25.99539253258091 0.01958608627319336 0.1149296760559082 0.3076923076923077 1.0
0 1 22.642343220204207 0.0450439453125 0.1599736213684082 0.26666666666666666 1.0
0 1 19.721791308170232 0.04976487159729004 0.20973849296569824 0.27586206896551724 1.0
0 1 17.177950560167822 0.10882711410522461 0.31856560707092285 0.26666666666666666 1.0
0 1 14.962230399696251 0.08303308486938477 0.4015986919403076 0.24242424242424243 1.0
0 1 13.03230776858211 0.07962512969970703 0.48122382164001465 0.2222222222222222 1.0
0 1 11.351318703025308 0.07140016555786133 0.552623987197876 0.2222222222222222 1.0
0 1 9.887154185253786 0.07012295722961426 0.6227469444274902 0.21621621621621623 1.0
0 1 8.611846820663045 0.06839799880981445 0.6911449432373047 0.20512820512820512 1.0
0 1 7.501036625197576 0.07794785499572754 0.7690927982330322 0.19999999999999998 1.0
0 1 6.53350571883761 0.06900382041931152 0.8380966186523438 0.20512820512820512 1.0
0 1 5.69077303724795 0.08090925216674805 0.9190058708190918 0.18604651162790697 1.0
0 1 4.956741320068812 0.06531691551208496 0.9843227863311768 0.1777777777777778 1.0
0 1 4.317389632878279 0.07817888259887695 1.0625016689300537 0.1702127659574468 1.0
0 1 3.7605055496069455 0.9222300052642822 1.984731674194336 0.1702127659574468 1.0
0 1 3.2754518797500736 0.18198585510253906 2.166717529296875 0.1702127659574468 1.0
0 1 2.8529634845718124 0.043007850646972656 2.2097253799438477 0.16666666666666666 1.0
0 1 2.4849703012340436 0.057420969009399414 2.267146348953247 0.163265306122449 1.0
0 1 2.1644431943866964 0.12722110748291016 2.3943674564361572 0.163265306122449 1.0
0 1 1.8852596907900219 0.05415201187133789 2.448519468307495 0.163265306122449 1.0
0 1 1.6420870323301746 0.05148196220397949 2.5000014305114746 0.163265306122449 1.0
0 1 1.4302803135927475 0.04876232147216797 2.5487637519836426 0.163265306122449 1.0
0 1 1.2457937582930971 0.04606795310974121 2.594831705093384 0.163265306122449 1.0
0 1 1.0851034398309916 0.23901796340942383 2.8338496685028076 0.1568627450980392 1.0
0 1 0.945139969834425 0.20552968978881836 3.039379358291626 0.1568627450980392 1.0
0 1 0.823229868958621 0.49202704429626465 3.5314064025878906 0.1568627450980392 1.0
0 1 0.7170445000483404 0.1497631072998047 3.6811695098876953 0.1481481481481481 1.0
0 1 0.624555588222246 1.4646172523498535 5.145786762237549 0.15384615384615383 1.0
0 1 0.5439964782567033 0.15466594696044922 5.300452709197998 0.1481481481481481 1.0
0 1 0.4738283892360109 1.1212270259857178 6.421679735183716 0.1509433962264151 1.0
0 1 0.4127110218901976 0.2829768657684326 6.704656600952148 0.14545454545454545 1.0
0 1 0.3594769571833539 0.3627471923828125 7.067403793334961 0.1481481481481481 1.0
0 0.1 130.20161032759302 0.0006382465362548828 7.068042039871216 0.0 1.0
0 0.1 113.40738729625762 0.000659942626953125 7.068701982498169 0.0 1.0
0 0.1 98.77938883400856 0.0006351470947265625 7.0693371295928955 0.0 1.0
0 0.1 86.03820166433057 0.0006392002105712891 7.069976329803467 0.0 1.0
0 0.1 74.9404529934022 0.0006520748138427734 7.07062840461731 0.0 1.0
0 0.1 65.27416178184274 0.0006771087646484375 7.071305513381958 0.0 1.0
0 0.1 56.854689638682785 0.000640869140625 7.071946382522583 0.0 1.0
0 0.1 49.52121399451067 0.0007648468017578125 7.072711229324341 0.0 1.0
0 0.1 43.13365618693992 0.0006740093231201172 7.073385238647461 0.0 1.0
0 0.1 37.570005780944214 0.0006787776947021484 7.074064016342163 0.0 1.0
0 0.1 32.7239900151928 0.0006260871887207031 7.074690103530884 0.0 1.0
0 0.1 28.503043857863506 0.0006341934204101562 7.075324296951294 0.0 1.0
0 0.1 24.826541897430772 0.0073451995849609375 7.082669496536255 0.5714285714285715 1.0
0 0.1 21.624258295306348 0.0015571117401123047 7.084226608276367 0.5714285714285715 1.0
0 0.1 18.835025383479486 0.0015797615051269531 7.085806369781494 0.5714285714285715 1.0
0 0.1 16.405565284674683 0.0016658306121826172 7.087472200393677 0.5714285714285715 1.0
0 0.1 14.289472237493916 0.0014371871948242188 7.088909387588501 0.5714285714285715 1.0
0 0.1 12.446326187665905 0.0015227794647216797 7.090432167053223 0.5714285714285715 1.0
0 0.1 10.840920713874212 0.006060123443603516 7.096492290496826 0.7499999999999999 1.0
0 0.1 9.44259054057033 0.0018188953399658203 7.098311185836792 0.7499999999999999 1.0
0 0.1 8.224625792416147 0.002052783966064453 7.1003639698028564 0.7499999999999999 1.0
0 0.1 7.163761801874259 0.0023381710052490234 7.1027021408081055 0.7499999999999999 1.0
0 0.1 6.239734724625884 0.0026702880859375 7.105372428894043 0.7499999999999999 1.0
0 0.1 5.43489447450858 0.011117935180664062 7.116490364074707 0.7272727272727272 1.0
0 0.1 4.733867584541418 0.004734039306640625 7.121224403381348 0.7272727272727272 1.0
0 0.1 4.123263554256632 0.004827022552490234 7.126051425933838 0.7272727272727272 1.0
0 0.1 3.591419074200402 0.025745868682861328 7.151797294616699 0.5714285714285714 1.0
0 0.1 3.128175241967003 0.05977916717529297 7.211576461791992 0.4444444444444444 1.0
0 0.1 2.7246835143108377 0.028074026107788086 7.23965048789978 0.4 1.0
0 0.1 2.373236688776134 0.05305767059326172 7.292708158493042 0.3636363636363636 1.0
0 0.1 2.0671216863796724 0.08228015899658203 7.374988317489624 0.32000000000000006 1.0
0 0.1 1.8004913233094775 0.01916790008544922 7.394156217575073 0.32000000000000006 1.0
0 0.1 1.5682526223167341 0.10875082015991211 7.502907037734985 0.2962962962962963 1.0
0 0.1 1.3659695304072161 0.0633687973022461 7.5662758350372314 0.27586206896551724 1.0
0 0.1 1.1897781846170337 0.043189048767089844 7.609464883804321 0.26666666666666666 1.0
0 0.1 1.036313107341863 0.08296918869018555 7.692434072494507 0.25806451612903225 1.0
0 0.1 0.9026429214570189 0.11694502830505371 7.8093791007995605 0.24242424242424243 1.0
0 0.1 0.786214357305898 0.05991101264953613 7.869290113449097 0.2352941176470588 1.0
0 0.1 0.6848034820193963 0.15541720390319824 8.024707317352295 0.2285714285714286 1.0
0 0.1 0.5964732195846044 0.0651242733001709 8.089831590652466 0.2285714285714286 1.0
0 0.1 0.5195363502423698 0.08124208450317383 8.17107367515564 0.21621621621621623 1.0
0 0.1 0.4525232824553942 0.08466982841491699 8.255743503570557 0.20512820512820512 1.0
0 0.1 0.3941539818506903 0.15784192085266113 8.413585424423218 0.19999999999999998 1.0
0 0.1 0.34331352094368267 0.4929330348968506 8.906518459320068 0.19512195121951217 1.0
0 0.1 0.2990307826127625 0.1525709629058838 9.059089422225952 0.2105263157894737 1.0
0 0.1 0.2604599105337001 0.06772398948669434 9.126813411712646 0.19999999999999998 1.0
0 0.1 0.22686415225376097 0.060697078704833984 9.18751049041748 0.19999999999999998 1.0
0 0.1 0.19760178628779224 0.07062792778015137 9.258138418197632 0.19512195121951217 1.0
0 0.1 0.17211386442601356 0.08648204803466797 9.3446204662323 0.18604651162790697 1.0
0 0.1 0.14991353511608546 0.203963041305542 9.548583507537842 0.18181818181818182 1.0
0 0.01 28.211963230963963 0.0006527900695800781 9.549236297607422 0.0 1.0
0 0.01 24.573006681497752 0.0006330013275146484 9.549869298934937 0.0 1.0
0 0.01 21.403425646968028 0.0006310939788818359 9.550500392913818 0.0 1.0
0 0.01 18.642677119777133 0.0006339550018310547 9.55113434791565 0.0 1.0
0 0.01 16.238027310431736 0.0006439685821533203 9.551778316497803 0.0 1.0
0 0.01 14.143544365449966 0.0006511211395263672 9.552429437637329 0.0 1.0
0 0.01 12.319221010851523 0.0006840229034423828 9.553113460540771 0.0 1.0
0 0.01 10.730210362611421 0.00063323974609375 9.553746700286865 0.0 1.0
0 0.01 9.346160307090315 0.000659942626953125 9.554406642913818 0.0 1.0
0 0.01 8.140633737265514 0.0006358623504638672 9.555042505264282 0.0 1.0
0 0.01 7.090603570541246 0.0006191730499267578 9.555661678314209 0.0 1.0
0 0.01 6.176012902339531 0.0006289482116699219 9.556290626525879 0.0 1.0
0 0.01 5.379391893848717 0.0006327629089355469 9.556923389434814 0.0 1.0
0 0.01 4.685524076001097 0.0006308555603027344 9.557554244995117 0.0 1.0
0 0.01 4.081155695663349 0.0006852149963378906 9.558239459991455 0.0 1.0
0 0.01 3.554742552184356 0.0006451606750488281 9.558884620666504 0.0 1.0
0 0.01 3.09622948855821 0.0006747245788574219 9.559559345245361 0.0 1.0
0 0.01 2.6968583252045994 0.0006389617919921875 9.560198307037354 0.0 1.0
0 0.01 2.349000567658869 0.006180763244628906 9.566379070281982 0.5714285714285715 1.0
0 0.01 2.046011692676912 0.0010843276977539062 9.567463397979736 0.5714285714285715 1.0
0 0.01 1.7821042294352372 0.0010890960693359375 9.568552494049072 0.5714285714285715 1.0
0 0.01 1.5522372115164986 0.0011680126190185547 9.56972050666809 0.5714285714285715 1.0
0 0.01 1.3520198880735976 0.0011990070343017578 9.570919513702393 0.5714285714285715 1.0
0 0.01 1.1776278549337647 0.0014319419860839844 9.572351455688477 0.5714285714285715 1.0
0 0.01 1.0257300036406054 0.005326032638549805 9.577677488327026 0.7499999999999999 1.0
0 0.01 0.8934248930683893 0.00167083740234375 9.57934832572937 0.7499999999999999 1.0
0 0.01 0.7781853282259436 0.001960277557373047 9.581308603286743 0.7499999999999999 1.0
0 0.01 0.6778100876351608 0.0023789405822753906 9.583687543869019 0.7499999999999999 1.0
0 0.01 0.590381877216004 0.002189159393310547 9.585876703262329 0.7499999999999999 1.0
0 0.01 0.5142307075440048 0.0074198246002197266 9.593296527862549 0.7272727272727272 1.0
0 0.01 0.44790199493955546 0.003080129623413086 9.596376657485962 0.7272727272727272 1.0
0 0.01 0.39012877707943217 0.02159285545349121 9.617969512939453 0.5000000000000001 1.0
0 0.01 0.33980751241358653 0.026065349578857422 9.64403486251831 0.4 1.0
0 0.01 0.2959770011254507 0.0059850215911865234 9.650019884109497 0.4 1.0
0 0.01 0.2578000249994245 0.006968021392822266 9.65698790550232 0.4 1.0
0 0.01 0.22454735549379537 0.0407869815826416 9.697774887084961 0.2857142857142857 1.0
0 0.01 0.19558382455304058 0.012284040451049805 9.71005892753601 0.2857142857142857 1.0
0 0.01 0.1703561920944177 0.03984427452087402 9.749903202056885 0.25 1.0
0 0.01 0.14838257842248037 0.012818336486816406 9.762721538543701 0.25 1.0
0 0.01 0.12924325971726744 0.04944014549255371 9.812161684036255 0.2352941176470588 1.0
0 0.01 0.1125726507783501 0.03958702087402344 9.851748704910278 0.2222222222222222 1.0
0 0.01 0.09805232188500161 0.11070585250854492 9.962454557418823 0.2222222222222222 1.0
0 0.01 0.08540491638568569 0.06014585494995117 10.022600412368774 0.21621621621621623 1.0
0 0.01 0.07438885283512764 0.012167930603027344 10.034768342971802 0.21621621621621623 1.0
0 0.01 0.06479371048308594 0.012501001358032227 10.047269344329834 0.21621621621621623 1.0
0 0.01 0.056436209971818335 0.04974007606506348 10.097009420394897 0.2105263157894737 1.0
0 0.01 0.049156712468482675 0.05226016044616699 10.149269580841064 0.20512820512820512 1.0
0 0.01 0.0428161703614703 0.021003007888793945 10.170272588729858 0.20512820512820512 1.0
0 0.01 0.03729347127511503 0.02019667625427246 10.19046926498413 0.20512820512820512 1.0
0 0.01 0.032483124670098805 0.045601844787597656 10.236071109771729 0.19999999999999998 1.0
