[216.40736058 188.4937774  164.18066384 143.00360867 124.55810333
 108.49181534  94.49785828  82.30892987  71.69220614  62.44489425
  54.39035884  47.37474809  41.26405496  35.94155748  31.30558923
  27.26759733  23.75045104  20.68696841  18.01863304  15.69447636
  13.67010404  11.906848    10.37102782   9.03330739   7.86813455
   6.85325305   5.96927734   5.19932239   4.52868107   3.94454329
   3.43575127   2.99258645   2.60658382   2.27037024   1.9775236
   1.72245016   1.5002777    1.30676244   1.138208     0.99139477
   0.86351843   0.75213639   0.65512111   0.57061946   0.49701737
   0.43290895   0.37706963   0.32843281   0.28606948   0.24917044]0 1 312.2098259152708 0.0011951923370361328 0.0011951923370361328 0.0 1.0
0 1 271.93903789811014 0.0011849403381347656 0.0023801326751708984 0.0 1.0
0 1 236.8626295349813 0.0340268611907959 0.0364069938659668 0.33333333333333337 1.0
0 1 206.31059705097118 0.02750110626220703 0.06390810012817383 0.5714285714285715 1.0
0 1 179.69935797424765 0.017351865768432617 0.08125996589660645 0.5714285714285715 1.0
0 1 156.52060397255676 0.014223098754882812 0.09548306465148926 0.5714285714285715 1.0
0 1 136.33159152101595 0.012082815170288086 0.10756587982177734 0.5714285714285715 1.0
0 1 118.74668494067365 0.028818845748901367 0.1363847255706787 0.7499999999999999 1.0
0 1 103.42999026917344 0.01757216453552246 0.15395689010620117 0.7499999999999999 1.0
0 1 90.08893926113359 0.012848854064941406 0.16680574417114258 0.7499999999999999 1.0
0 1 78.46870096453189 0.00837087631225586 0.17517662048339844 0.7499999999999999 1.0
0 1 68.34731412713553 0.009572744369506836 0.18474936485290527 0.7499999999999999 1.0
0 1 59.53144745577994 0.011896848678588867 0.19664621353149414 0.6666666666666665 1.0
0 1 51.85270674408604 0.014291048049926758 0.2109372615814209 0.7272727272727272 1.0
0 1 45.16441833008278 0.011720895767211914 0.2226581573486328 0.7272727272727272 1.0
0 1 39.33882744370648 0.011979818344116211 0.23463797569274902 0.6153846153846154 1.0
0 1 34.26465792907022 0.02702188491821289 0.2616598606109619 0.47058823529411764 1.0
0 1 29.84498672911064 0.027925968170166016 0.28958582878112793 0.3636363636363636 1.0
0 1 25.99539253258091 0.03475809097290039 0.3243439197540283 0.3076923076923077 1.0
0 1 22.642343220204207 0.10217881202697754 0.42652273178100586 0.26666666666666666 1.0
0 1 19.721791308170232 0.11499619483947754 0.5415189266204834 0.27586206896551724 1.0
0 1 17.177950560167822 0.1743011474609375 0.7158200740814209 0.26666666666666666 1.0
0 1 14.962230399696251 0.13831496238708496 0.8541350364685059 0.24242424242424243 1.0
0 1 13.03230776858211 0.11242437362670898 0.9665594100952148 0.2222222222222222 1.0
0 1 11.351318703025308 0.11908626556396484 1.0856456756591797 0.2222222222222222 1.0
0 1 9.887154185253786 0.1096959114074707 1.1953415870666504 0.21621621621621623 1.0
0 1 8.611846820663045 0.10459589958190918 1.2999374866485596 0.20512820512820512 1.0
0 1 7.501036625197576 0.12350797653198242 1.423445463180542 0.19999999999999998 1.0
0 1 6.53350571883761 0.10145258903503418 1.5248980522155762 0.20512820512820512 1.0
0 1 5.69077303724795 0.12296509742736816 1.6478631496429443 0.18604651162790697 1.0
0 1 4.956741320068812 0.10367393493652344 1.7515370845794678 0.1777777777777778 1.0
0 1 4.317389632878279 0.12523508071899414 1.876772165298462 0.16666666666666666 1.0
0 1 3.7605055496069455 1.0724799633026123 2.949252128601074 0.1702127659574468 1.0
0 1 3.2754518797500736 0.22513484954833984 3.174386978149414 0.1702127659574468 1.0
0 1 2.8529634845718124 0.10947895050048828 3.2838659286499023 0.16666666666666666 1.0
0 1 2.4849703012340436 0.12732291221618652 3.411188840866089 0.163265306122449 1.0
0 1 2.1644431943866964 0.1761939525604248 3.5873827934265137 0.163265306122449 1.0
0 1 1.8852596907900219 0.07871103286743164 3.6660938262939453 0.163265306122449 1.0
0 1 1.6420870323301746 0.07471323013305664 3.740807056427002 0.163265306122449 1.0
0 1 1.4302803135927475 0.07174515724182129 3.8125522136688232 0.163265306122449 1.0
0 1 1.2457937582930971 0.0694570541381836 3.882009267807007 0.163265306122449 1.0
0 1 1.0851034398309916 0.3853788375854492 4.267388105392456 0.1568627450980392 1.0
0 1 0.945139969834425 0.32578301429748535 4.593171119689941 0.1568627450980392 1.0
0 1 0.823229868958621 0.560945987701416 5.154117107391357 0.1568627450980392 1.0
0 1 0.7170445000483404 1.108151912689209 6.262269020080566 0.15384615384615383 1.0
0 1 0.624555588222246 0.9182112216949463 7.180480241775513 0.1509433962264151 1.0
0 1 0.5439964782567033 0.6035110950469971 7.78399133682251 0.1509433962264151 1.0
0 1 0.4738283892360109 0.5256490707397461 8.309640407562256 0.1509433962264151 1.0
0 1 0.4127110218901976 0.5307998657226562 8.840440273284912 0.1481481481481481 1.0
0 1 0.3594769571833539 0.5156307220458984 9.35607099533081 0.1481481481481481 1.0
0 0.1 130.20161032759302 0.001171112060546875 9.357242107391357 0.0 1.0
0 0.1 113.40738729625762 0.0012149810791015625 9.358457088470459 0.0 1.0
0 0.1 98.77938883400856 0.001168966293334961 9.359626054763794 0.0 1.0
0 0.1 86.03820166433057 0.0012328624725341797 9.360858917236328 0.0 1.0
0 0.1 74.9404529934022 0.0012028217315673828 9.362061738967896 0.0 1.0
0 0.1 65.27416178184274 0.0011670589447021484 9.363228797912598 0.0 1.0
0 0.1 56.854689638682785 0.001165151596069336 9.364393949508667 0.0 1.0
0 0.1 49.52121399451067 0.0012428760528564453 9.365636825561523 0.0 1.0
0 0.1 43.13365618693992 0.0011630058288574219 9.36679983139038 0.0 1.0
0 0.1 37.570005780944214 0.0012102127075195312 9.3680100440979 0.0 1.0
0 0.1 32.7239900151928 0.0011620521545410156 9.369172096252441 0.0 1.0
0 0.1 28.503043857863506 0.0011670589447021484 9.370339155197144 0.0 1.0
0 0.1 24.826541897430772 0.016509056091308594 9.386848211288452 0.5714285714285715 1.0
0 0.1 21.624258295306348 0.00710606575012207 9.393954277038574 0.5714285714285715 1.0
0 0.1 18.835025383479486 0.00700688362121582 9.40096116065979 0.5714285714285715 1.0
0 0.1 16.405565284674683 0.007150888442993164 9.408112049102783 0.5714285714285715 1.0
0 0.1 14.289472237493916 0.0071179866790771484 9.41523003578186 0.5714285714285715 1.0
0 0.1 12.446326187665905 0.005913734436035156 9.421143770217896 0.5714285714285715 1.0
0 0.1 10.840920713874212 0.011811971664428711 9.432955741882324 0.7499999999999999 1.0
0 0.1 9.44259054057033 0.007085084915161133 9.440040826797485 0.7499999999999999 1.0
0 0.1 8.224625792416147 0.005819797515869141 9.445860624313354 0.7499999999999999 1.0
0 0.1 7.163761801874259 0.005994081497192383 9.451854705810547 0.7499999999999999 1.0
0 0.1 6.239734724625884 0.005751132965087891 9.457605838775635 0.7499999999999999 1.0
0 0.1 5.43489447450858 0.01901984214782715 9.476625680923462 0.7272727272727272 1.0
0 0.1 4.733867584541418 0.010384798049926758 9.487010478973389 0.7272727272727272 1.0
0 0.1 4.123263554256632 0.009424209594726562 9.496434688568115 0.7272727272727272 1.0
0 0.1 3.591419074200402 0.03396463394165039 9.530399322509766 0.5714285714285714 1.0
0 0.1 3.128175241967003 0.06876993179321289 9.599169254302979 0.4444444444444444 1.0
0 0.1 2.7246835143108377 0.041464805603027344 9.640634059906006 0.4 1.0
0 0.1 2.373236688776134 0.07410502433776855 9.714739084243774 0.3636363636363636 1.0
0 0.1 2.0671216863796724 0.11733603477478027 9.832075119018555 0.32000000000000006 1.0
0 0.1 1.8004913233094775 0.037919044494628906 9.869994163513184 0.32000000000000006 1.0
0 0.1 1.5682526223167341 0.14628887176513672 10.01628303527832 0.2962962962962963 1.0
0 0.1 1.3659695304072161 0.09505200386047363 10.111335039138794 0.27586206896551724 1.0
0 0.1 1.1897781846170337 0.06868267059326172 10.180017709732056 0.26666666666666666 1.0
0 0.1 1.036313107341863 0.13271808624267578 10.312735795974731 0.25806451612903225 1.0
0 0.1 0.9026429214570189 0.13396286964416504 10.446698665618896 0.24242424242424243 1.0
0 0.1 0.786214357305898 0.08702588081359863 10.533724546432495 0.2352941176470588 1.0
0 0.1 0.6848034820193963 0.2684440612792969 10.802168607711792 0.2285714285714286 1.0
0 0.1 0.5964732195846044 0.10750007629394531 10.909668684005737 0.2285714285714286 1.0
0 0.1 0.5195363502423698 0.12389874458312988 11.033567428588867 0.21621621621621623 1.0
0 0.1 0.4525232824553942 0.1354660987854004 11.169033527374268 0.20512820512820512 1.0
0 0.1 0.3941539818506903 0.2352750301361084 11.404308557510376 0.19999999999999998 1.0
0 0.1 0.34331352094368267 0.6406588554382324 12.044967412948608 0.19512195121951217 1.0
0 0.1 0.2990307826127625 0.1745281219482422 12.21949553489685 0.2105263157894737 1.0
0 0.1 0.2604599105337001 0.10750889778137207 12.327004432678223 0.19999999999999998 1.0
0 0.1 0.22686415225376097 0.09449505805969238 12.421499490737915 0.19999999999999998 1.0
0 0.1 0.19760178628779224 0.10583829879760742 12.527337789535522 0.19512195121951217 1.0
0 0.1 0.17211386442601356 0.16456294059753418 12.691900730133057 0.18604651162790697 1.0
0 0.1 0.14991353511608546 0.2885890007019043 12.980489730834961 0.18181818181818182 1.0
0 0.01 28.211963230963963 0.001210927963256836 12.981700658798218 0.0 1.0
0 0.01 24.573006681497752 0.0011737346649169922 12.982874393463135 0.0 1.0
0 0.01 21.403425646968028 0.0011599063873291016 12.984034299850464 0.0 1.0
0 0.01 18.642677119777133 0.0012340545654296875 12.985268354415894 0.0 1.0
0 0.01 16.238027310431736 0.0012660026550292969 12.986534357070923 0.0 1.0
0 0.01 14.143544365449966 0.0011720657348632812 12.987706422805786 0.0 1.0
0 0.01 12.319221010851523 0.001280069351196289 12.988986492156982 0.0 1.0
0 0.01 10.730210362611421 0.001219034194946289 12.990205526351929 0.0 1.0
0 0.01 9.346160307090315 0.001161336898803711 12.991366863250732 0.0 1.0
0 0.01 8.140633737265514 0.0011870861053466797 12.992553949356079 0.0 1.0
0 0.01 7.090603570541246 0.0011577606201171875 12.993711709976196 0.0 1.0
0 0.01 6.176012902339531 0.0011830329895019531 12.994894742965698 0.0 1.0
0 0.01 5.379391893848717 0.0012099742889404297 12.996104717254639 0.0 1.0
0 0.01 4.685524076001097 0.0011739730834960938 12.997278690338135 0.0 1.0
0 0.01 4.081155695663349 0.0011560916900634766 12.998434782028198 0.0 1.0
0 0.01 3.554742552184356 0.0012409687042236328 12.999675750732422 0.0 1.0
0 0.01 3.09622948855821 0.0011699199676513672 13.000845670700073 0.0 1.0
0 0.01 2.6968583252045994 0.001188039779663086 13.002033710479736 0.0 1.0
0 0.01 2.349000567658869 0.010848045349121094 13.012881755828857 0.5714285714285715 1.0
0 0.01 2.046011692676912 0.004876852035522461 13.01775860786438 0.5714285714285715 1.0
0 0.01 1.7821042294352372 0.004914045333862305 13.022672653198242 0.5714285714285715 1.0
0 0.01 1.5522372115164986 0.00463104248046875 13.027303695678711 0.5714285714285715 1.0
0 0.01 1.3520198880735976 0.004838705062866211 13.032142400741577 0.5714285714285715 1.0
0 0.01 1.1776278549337647 0.004724979400634766 13.036867380142212 0.5714285714285715 1.0
0 0.01 1.0257300036406054 0.009471893310546875 13.046339273452759 0.7499999999999999 1.0
0 0.01 0.8934248930683893 0.0047130584716796875 13.051052331924438 0.7499999999999999 1.0
0 0.01 0.7781853282259436 0.004558086395263672 13.055610418319702 0.7499999999999999 1.0
0 0.01 0.6778100876351608 0.0048139095306396484 13.060424327850342 0.7499999999999999 1.0
0 0.01 0.590381877216004 0.0046498775482177734 13.06507420539856 0.7499999999999999 1.0
0 0.01 0.5142307075440048 0.011813879013061523 13.076888084411621 0.7272727272727272 1.0
0 0.01 0.44790199493955546 0.006043195724487305 13.082931280136108 0.7272727272727272 1.0
0 0.01 0.39012877707943217 0.02457594871520996 13.107507228851318 0.5000000000000001 1.0
0 0.01 0.33980751241358653 0.03460812568664551 13.142115354537964 0.4 1.0
0 0.01 0.2959770011254507 0.013856887817382812 13.155972242355347 0.4 1.0
0 0.01 0.2578000249994245 0.013855695724487305 13.169827938079834 0.4 1.0
0 0.01 0.22454735549379537 0.05312633514404297 13.222954273223877 0.2857142857142857 1.0
0 0.01 0.19558382455304058 0.02639627456665039 13.249350547790527 0.2857142857142857 1.0
0 0.01 0.1703561920944177 0.05258011817932129 13.301930665969849 0.25 1.0
0 0.01 0.14838257842248037 0.024295806884765625 13.326226472854614 0.25 1.0
0 0.01 0.12924325971726744 0.05937004089355469 13.385596513748169 0.2352941176470588 1.0
0 0.01 0.1125726507783501 0.05139017105102539 13.436986684799194 0.2222222222222222 1.0
0 0.01 0.09805232188500161 0.11838579177856445 13.555372476577759 0.2222222222222222 1.0
0 0.01 0.08540491638568569 0.08341097831726074 13.63878345489502 0.21621621621621623 1.0
0 0.01 0.07438885283512764 0.031223058700561523 13.670006513595581 0.21621621621621623 1.0
0 0.01 0.06479371048308594 0.030050039291381836 13.700056552886963 0.21621621621621623 1.0
0 0.01 0.056436209971818335 0.0662069320678711 13.766263484954834 0.2105263157894737 1.0
0 0.01 0.049156712468482675 0.06977200508117676 13.83603549003601 0.20512820512820512 1.0
0 0.01 0.0428161703614703 0.036828041076660156 13.872863531112671 0.20512820512820512 1.0
0 0.01 0.03729347127511503 0.035852670669555664 13.908716201782227 0.20512820512820512 1.0
0 0.01 0.032483124670098805 0.05952596664428711 13.968242168426514 0.19999999999999998 1.0
