[216.40736058 188.4937774  164.18066384 143.00360867 124.55810333
 108.49181534  94.49785828  82.30892987  71.69220614  62.44489425
  54.39035884  47.37474809  41.26405496  35.94155748  31.30558923
  27.26759733  23.75045104  20.68696841  18.01863304  15.69447636
  13.67010404  11.906848    10.37102782   9.03330739   7.86813455
   6.85325305   5.96927734   5.19932239   4.52868107   3.94454329
   3.43575127   2.99258645   2.60658382   2.27037024   1.9775236
   1.72245016   1.5002777    1.30676244   1.138208     0.99139477
   0.86351843   0.75213639   0.65512111   0.57061946   0.49701737
   0.43290895   0.37706963   0.32843281   0.28606948   0.24917044]0 1 312.2098259152708 0.001194000244140625 0.001194000244140625 0.0 1.0
0 1 271.93903789811014 0.0011858940124511719 0.002379894256591797 0.0 1.0
0 1 236.8626295349813 0.027116060256958008 0.029495954513549805 0.33333333333333337 1.0
0 1 206.31059705097118 0.02336287498474121 0.052858829498291016 0.5714285714285715 1.0
0 1 179.69935797424765 0.014199018478393555 0.06705784797668457 0.5714285714285715 1.0
0 1 156.52060397255676 0.011791229248046875 0.07884907722473145 0.5714285714285715 1.0
0 1 136.33159152101595 0.010661840438842773 0.08951091766357422 0.5714285714285715 1.0
0 1 118.74668494067365 0.02354884147644043 0.11305975914001465 0.7499999999999999 1.0
0 1 103.42999026917344 0.015448808670043945 0.1285085678100586 0.7499999999999999 1.0
0 1 90.08893926113359 0.009536027908325195 0.1380445957183838 0.7499999999999999 1.0
0 1 78.46870096453189 0.007149219512939453 0.14519381523132324 0.7499999999999999 1.0
0 1 68.34731412713553 0.007152080535888672 0.15234589576721191 0.7499999999999999 1.0
0 1 59.53144745577994 0.008468151092529297 0.1608140468597412 0.6666666666666665 1.0
0 1 51.85270674408604 0.010759830474853516 0.17157387733459473 0.7272727272727272 1.0
0 1 45.16441833008278 0.009577035903930664 0.1811509132385254 0.7272727272727272 1.0
0 1 39.33882744370648 0.008446931838989258 0.18959784507751465 0.6153846153846154 1.0
0 1 34.26465792907022 0.021317243576049805 0.21091508865356445 0.47058823529411764 1.0
0 1 29.84498672911064 0.02118396759033203 0.23209905624389648 0.3636363636363636 1.0
0 1 25.99539253258091 0.024734973907470703 0.2568340301513672 0.3076923076923077 1.0
0 1 22.642343220204207 0.07162284851074219 0.3284568786621094 0.26666666666666666 1.0
0 1 19.721791308170232 0.07681894302368164 0.405275821685791 0.27586206896551724 1.0
0 1 17.177950560167822 0.13284969329833984 0.5381255149841309 0.26666666666666666 1.0
0 1 14.962230399696251 0.1073911190032959 0.6455166339874268 0.24242424242424243 1.0
0 1 13.03230776858211 0.09006595611572266 0.7355825901031494 0.2222222222222222 1.0
0 1 11.351318703025308 0.0842289924621582 0.8198115825653076 0.2222222222222222 1.0
0 1 9.887154185253786 0.07899022102355957 0.8988018035888672 0.21621621621621623 1.0
0 1 8.611846820663045 0.07747411727905273 0.9762759208679199 0.20512820512820512 1.0
0 1 7.501036625197576 0.08696389198303223 1.0632398128509521 0.19999999999999998 1.0
0 1 6.53350571883761 0.07198214530944824 1.1352219581604004 0.20512820512820512 1.0
0 1 5.69077303724795 0.08680415153503418 1.2220261096954346 0.18604651162790697 1.0
0 1 4.956741320068812 0.06760287284851074 1.2896289825439453 0.1777777777777778 1.0
0 1 4.317389632878279 0.08062601089477539 1.3702549934387207 0.1702127659574468 1.0
0 1 3.7605055496069455 0.8873627185821533 2.257617712020874 0.1702127659574468 1.0
0 1 3.2754518797500736 0.17419099807739258 2.4318087100982666 0.1702127659574468 1.0
0 1 2.8529634845718124 0.04181790351867676 2.4736266136169434 0.16666666666666666 1.0
0 1 2.4849703012340436 0.0555119514465332 2.5291385650634766 0.163265306122449 1.0
0 1 2.1644431943866964 0.12205719947814941 2.651195764541626 0.163265306122449 1.0
0 1 1.8852596907900219 0.05144023895263672 2.7026360034942627 0.163265306122449 1.0
0 1 1.6420870323301746 0.048477888107299805 2.7511138916015625 0.163265306122449 1.0
0 1 1.4302803135927475 0.046247005462646484 2.797360897064209 0.163265306122449 1.0
0 1 1.2457937582930971 0.04393911361694336 2.8413000106811523 0.163265306122449 1.0
0 1 1.0851034398309916 0.2241957187652588 3.065495729446411 0.1568627450980392 1.0
0 1 0.945139969834425 0.19738411903381348 3.2628798484802246 0.1568627450980392 1.0
0 1 0.823229868958621 0.46872806549072266 3.7316079139709473 0.1568627450980392 1.0
0 1 0.7170445000483404 0.13673186302185059 3.868339776992798 0.1481481481481481 1.0
0 1 0.624555588222246 1.3786561489105225 5.24699592590332 0.15384615384615383 1.0
0 1 0.5439964782567033 0.14838695526123047 5.395382881164551 0.1481481481481481 1.0
0 1 0.4738283892360109 1.0672011375427246 6.462584018707275 0.1509433962264151 1.0
0 1 0.4127110218901976 0.2704601287841797 6.733044147491455 0.14545454545454545 1.0
0 1 0.3594769571833539 0.34152793884277344 7.0745720863342285 0.1481481481481481 1.0
0 0.1 130.20161032759302 0.0011870861053466797 7.075759172439575 0.0 1.0
0 0.1 113.40738729625762 0.0011687278747558594 7.076927900314331 0.0 1.0
0 0.1 98.77938883400856 0.0011658668518066406 7.078093767166138 0.0 1.0
0 0.1 86.03820166433057 0.0012390613555908203 7.0793328285217285 0.0 1.0
0 0.1 74.9404529934022 0.0012669563293457031 7.080599784851074 0.0 1.0
0 0.1 65.27416178184274 0.0011780261993408203 7.081777811050415 0.0 1.0
0 0.1 56.854689638682785 0.001177072525024414 7.0829548835754395 0.0 1.0
0 0.1 49.52121399451067 0.0011649131774902344 7.08411979675293 0.0 1.0
0 0.1 43.13365618693992 0.0012030601501464844 7.085322856903076 0.0 1.0
0 0.1 37.570005780944214 0.0012030601501464844 7.086525917053223 0.0 1.0
0 0.1 32.7239900151928 0.0012171268463134766 7.087743043899536 0.0 1.0
0 0.1 28.503043857863506 0.0011668205261230469 7.088909864425659 0.0 1.0
0 0.1 24.826541897430772 0.015438079833984375 7.1043479442596436 0.5714285714285715 1.0
0 0.1 21.624258295306348 0.0059969425201416016 7.110344886779785 0.5714285714285715 1.0
0 0.1 18.835025383479486 0.0057830810546875 7.116127967834473 0.5714285714285715 1.0
0 0.1 16.405565284674683 0.005838632583618164 7.121966600418091 0.5714285714285715 1.0
0 0.1 14.289472237493916 0.004746198654174805 7.126712799072266 0.5714285714285715 1.0
0 0.1 12.446326187665905 0.0046520233154296875 7.131364822387695 0.5714285714285715 1.0
0 0.1 10.840920713874212 0.010699987411499023 7.142064809799194 0.7499999999999999 1.0
0 0.1 9.44259054057033 0.004644155502319336 7.146708965301514 0.7499999999999999 1.0
0 0.1 8.224625792416147 0.00475764274597168 7.151466608047485 0.7499999999999999 1.0
0 0.1 7.163761801874259 0.004785776138305664 7.156252384185791 0.7499999999999999 1.0
0 0.1 6.239734724625884 0.004797220230102539 7.1610496044158936 0.7499999999999999 1.0
0 0.1 5.43489447450858 0.015262842178344727 7.176312446594238 0.7272727272727272 1.0
0 0.1 4.733867584541418 0.008414983749389648 7.184727430343628 0.7272727272727272 1.0
0 0.1 4.123263554256632 0.007091045379638672 7.191818475723267 0.7272727272727272 1.0
0 0.1 3.591419074200402 0.029359102249145508 7.221177577972412 0.5714285714285714 1.0
0 0.1 3.128175241967003 0.06328701972961426 7.284464597702026 0.4444444444444444 1.0
0 0.1 2.7246835143108377 0.03402280807495117 7.3184874057769775 0.4 1.0
0 0.1 2.373236688776134 0.061312198638916016 7.3797996044158936 0.3636363636363636 1.0
0 0.1 2.0671216863796724 0.09900498390197754 7.478804588317871 0.32000000000000006 1.0
0 0.1 1.8004913233094775 0.024631023406982422 7.5034356117248535 0.32000000000000006 1.0
0 0.1 1.5682526223167341 0.12279605865478516 7.626231670379639 0.2962962962962963 1.0
0 0.1 1.3659695304072161 0.07225823402404785 7.6984899044036865 0.27586206896551724 1.0
0 0.1 1.1897781846170337 0.05214071273803711 7.750630617141724 0.26666666666666666 1.0
0 0.1 1.036313107341863 0.0991661548614502 7.849796772003174 0.25806451612903225 1.0
0 0.1 0.9026429214570189 0.11479496955871582 7.96459174156189 0.24242424242424243 1.0
0 0.1 0.786214357305898 0.06354212760925293 8.028133869171143 0.2352941176470588 1.0
0 0.1 0.6848034820193963 0.1922760009765625 8.220409870147705 0.2285714285714286 1.0
0 0.1 0.5964732195846044 0.07597088813781738 8.296380758285522 0.2285714285714286 1.0
0 0.1 0.5195363502423698 0.08614993095397949 8.382530689239502 0.21621621621621623 1.0
0 0.1 0.4525232824553942 0.09343481063842773 8.47596549987793 0.20512820512820512 1.0
0 0.1 0.3941539818506903 0.164201021194458 8.640166521072388 0.19999999999999998 1.0
0 0.1 0.34331352094368267 0.48305773735046387 9.123224258422852 0.19512195121951217 1.0
0 0.1 0.2990307826127625 0.14554691314697266 9.268771171569824 0.2105263157894737 1.0
0 0.1 0.2604599105337001 0.06454706192016602 9.33331823348999 0.19999999999999998 1.0
0 0.1 0.22686415225376097 0.05763411521911621 9.390952348709106 0.19999999999999998 1.0
0 0.1 0.19760178628779224 0.0668179988861084 9.457770347595215 0.19512195121951217 1.0
0 0.1 0.17211386442601356 0.08287429809570312 9.540644645690918 0.18604651162790697 1.0
0 0.1 0.14991353511608546 0.1929931640625 9.733637809753418 0.18181818181818182 1.0
0 0.01 28.211963230963963 0.0011723041534423828 9.73481011390686 0.0 1.0
0 0.01 24.573006681497752 0.001177072525024414 9.735987186431885 0.0 1.0
0 0.01 21.403425646968028 0.0011639595031738281 9.737151145935059 0.0 1.0
0 0.01 18.642677119777133 0.0012810230255126953 9.738432168960571 0.0 1.0
0 0.01 16.238027310431736 0.001277923583984375 9.739710092544556 0.0 1.0
0 0.01 14.143544365449966 0.0011708736419677734 9.740880966186523 0.0 1.0
0 0.01 12.319221010851523 0.0011849403381347656 9.742065906524658 0.0 1.0
0 0.01 10.730210362611421 0.0012400150299072266 9.743305921554565 0.0 1.0
0 0.01 9.346160307090315 0.0011746883392333984 9.744480609893799 0.0 1.0
0 0.01 8.140633737265514 0.0011870861053466797 9.745667695999146 0.0 1.0
0 0.01 7.090603570541246 0.0012252330780029297 9.746892929077148 0.0 1.0
0 0.01 6.176012902339531 0.0012159347534179688 9.748108863830566 0.0 1.0
0 0.01 5.379391893848717 0.0013129711151123047 9.749421834945679 0.0 1.0
0 0.01 4.685524076001097 0.0011730194091796875 9.750594854354858 0.0 1.0
0 0.01 4.081155695663349 0.0011630058288574219 9.751757860183716 0.0 1.0
0 0.01 3.554742552184356 0.0012629032135009766 9.753020763397217 0.0 1.0
0 0.01 3.09622948855821 0.0012531280517578125 9.754273891448975 0.0 1.0
0 0.01 2.6968583252045994 0.0012459754943847656 9.75551986694336 0.0 1.0
0 0.01 2.349000567658869 0.009592771530151367 9.76511263847351 0.5714285714285715 1.0
0 0.01 2.046011692676912 0.003506898880004883 9.768619537353516 0.5714285714285715 1.0
0 0.01 1.7821042294352372 0.0036759376525878906 9.772295475006104 0.5714285714285715 1.0
0 0.01 1.5522372115164986 0.003741741180419922 9.776037216186523 0.5714285714285715 1.0
0 0.01 1.3520198880735976 0.0034761428833007812 9.779513359069824 0.5714285714285715 1.0
0 0.01 1.1776278549337647 0.0036878585815429688 9.783201217651367 0.5714285714285715 1.0
0 0.01 1.0257300036406054 0.00833272933959961 9.791533946990967 0.7499999999999999 1.0
0 0.01 0.8934248930683893 0.003509044647216797 9.795042991638184 0.7499999999999999 1.0
0 0.01 0.7781853282259436 0.0036144256591796875 9.798657417297363 0.7499999999999999 1.0
0 0.01 0.6778100876351608 0.003515958786010742 9.802173376083374 0.7499999999999999 1.0
0 0.01 0.590381877216004 0.0037097930908203125 9.805883169174194 0.7499999999999999 1.0
0 0.01 0.5142307075440048 0.009521007537841797 9.815404176712036 0.7272727272727272 1.0
0 0.01 0.44790199493955546 0.004781961441040039 9.820186138153076 0.7272727272727272 1.0
0 0.01 0.39012877707943217 0.021008729934692383 9.841194868087769 0.5000000000000001 1.0
0 0.01 0.33980751241358653 0.031221866607666016 9.872416734695435 0.4 1.0
0 0.01 0.2959770011254507 0.00933218002319336 9.881748914718628 0.4 1.0
0 0.01 0.2578000249994245 0.009371042251586914 9.891119956970215 0.4 1.0
0 0.01 0.22454735549379537 0.04417705535888672 9.935297012329102 0.2857142857142857 1.0
0 0.01 0.19558382455304058 0.017454147338867188 9.952751159667969 0.2857142857142857 1.0
0 0.01 0.1703561920944177 0.04268193244934082 9.99543309211731 0.25 1.0
0 0.01 0.14838257842248037 0.016356229782104492 10.011789321899414 0.25 1.0
0 0.01 0.12924325971726744 0.048340797424316406 10.06013011932373 0.2352941176470588 1.0
0 0.01 0.1125726507783501 0.040296316146850586 10.100426435470581 0.2222222222222222 1.0
0 0.01 0.09805232188500161 0.1089019775390625 10.209328413009644 0.2222222222222222 1.0
0 0.01 0.08540491638568569 0.06529092788696289 10.274619340896606 0.21621621621621623 1.0
0 0.01 0.07438885283512764 0.015153884887695312 10.289773225784302 0.21621621621621623 1.0
0 0.01 0.06479371048308594 0.014015913009643555 10.303789138793945 0.21621621621621623 1.0
0 0.01 0.056436209971818335 0.050135135650634766 10.35392427444458 0.2105263157894737 1.0
0 0.01 0.049156712468482675 0.053704023361206055 10.407628297805786 0.20512820512820512 1.0
0 0.01 0.0428161703614703 0.0211336612701416 10.428761959075928 0.20512820512820512 1.0
0 0.01 0.03729347127511503 0.019896268844604492 10.448658227920532 0.20512820512820512 1.0
0 0.01 0.032483124670098805 0.04405713081359863 10.49271535873413 0.19999999999999998 1.0
