[216.40736058 188.4937774  164.18066384 143.00360867 124.55810333
 108.49181534  94.49785828  82.30892987  71.69220614  62.44489425
  54.39035884  47.37474809  41.26405496  35.94155748  31.30558923
  27.26759733  23.75045104  20.68696841  18.01863304  15.69447636
  13.67010404  11.906848    10.37102782   9.03330739   7.86813455
   6.85325305   5.96927734   5.19932239   4.52868107   3.94454329
   3.43575127   2.99258645   2.60658382   2.27037024   1.9775236
   1.72245016   1.5002777    1.30676244   1.138208     0.99139477
   0.86351843   0.75213639   0.65512111   0.57061946   0.49701737
   0.43290895   0.37706963   0.32843281   0.28606948   0.24917044]0 1 312.2098259152708 0.001190185546875 0.001190185546875 0.0 1.0
0 1 271.93903789811014 0.001177072525024414 0.002367258071899414 0.0 1.0
0 1 236.8626295349813 0.03930211067199707 0.041669368743896484 0.33333333333333337 1.0
0 1 206.31059705097118 0.030040264129638672 0.07170963287353516 0.5714285714285715 1.0
0 1 179.69935797424765 0.019704103469848633 0.09141373634338379 0.5714285714285715 1.0
0 1 156.52060397255676 0.016256093978881836 0.10766983032226562 0.5714285714285715 1.0
0 1 136.33159152101595 0.01397085189819336 0.12164068222045898 0.5714285714285715 1.0
0 1 118.74668494067365 0.033516883850097656 0.15515756607055664 0.7499999999999999 1.0
0 1 103.42999026917344 0.019741296768188477 0.17489886283874512 0.7499999999999999 1.0
0 1 90.08893926113359 0.015173912048339844 0.19007277488708496 0.7499999999999999 1.0
0 1 78.46870096453189 0.010422945022583008 0.20049571990966797 0.7499999999999999 1.0
0 1 68.34731412713553 0.011674165725708008 0.21216988563537598 0.7499999999999999 1.0
0 1 59.53144745577994 0.013927936553955078 0.22609782218933105 0.6666666666666665 1.0
0 1 51.85270674408604 0.0172269344329834 0.24332475662231445 0.7272727272727272 1.0
0 1 45.16441833008278 0.013967752456665039 0.2572925090789795 0.7272727272727272 1.0
0 1 39.33882744370648 0.015121936798095703 0.2724144458770752 0.6153846153846154 1.0
0 1 34.26465792907022 0.033241987228393555 0.30565643310546875 0.47058823529411764 1.0
0 1 29.84498672911064 0.03517007827758789 0.34082651138305664 0.3636363636363636 1.0
0 1 25.99539253258091 0.047850847244262695 0.38867735862731934 0.3076923076923077 1.0
0 1 22.642343220204207 0.13256192207336426 0.5212392807006836 0.26666666666666666 1.0
0 1 19.721791308170232 0.15584087371826172 0.6770801544189453 0.27586206896551724 1.0
0 1 17.177950560167822 0.2069108486175537 0.883991003036499 0.26666666666666666 1.0
0 1 14.962230399696251 0.1716468334197998 1.0556378364562988 0.24242424242424243 1.0
0 1 13.03230776858211 0.13590383529663086 1.1915416717529297 0.2222222222222222 1.0
0 1 11.351318703025308 0.15593504905700684 1.3474767208099365 0.2222222222222222 1.0
0 1 9.887154185253786 0.135545015335083 1.4830217361450195 0.21621621621621623 1.0
0 1 8.611846820663045 0.13126111030578613 1.6142828464508057 0.20512820512820512 1.0
0 1 7.501036625197576 0.16107535362243652 1.7753582000732422 0.19999999999999998 1.0
0 1 6.53350571883761 0.13117694854736328 1.9065351486206055 0.20512820512820512 1.0
0 1 5.69077303724795 0.16097688674926758 2.067512035369873 0.18604651162790697 1.0
0 1 4.956741320068812 0.1377112865447998 2.205223321914673 0.1777777777777778 1.0
0 1 4.317389632878279 0.17671608924865723 2.38193941116333 0.16666666666666666 1.0
0 1 3.7605055496069455 1.2922489643096924 3.6741883754730225 0.1702127659574468 1.0
0 1 3.2754518797500736 0.28183794021606445 3.956026315689087 0.1702127659574468 1.0
0 1 2.8529634845718124 0.1793680191040039 4.135394334793091 0.16666666666666666 1.0
0 1 2.4849703012340436 0.19627690315246582 4.331671237945557 0.163265306122449 1.0
0 1 2.1644431943866964 0.22765803337097168 4.559329271316528 0.163265306122449 1.0
0 1 1.8852596907900219 0.11519312858581543 4.674522399902344 0.163265306122449 1.0
0 1 1.6420870323301746 0.1058650016784668 4.7803874015808105 0.163265306122449 1.0
0 1 1.4302803135927475 0.1007070541381836 4.881094455718994 0.163265306122449 1.0
0 1 1.2457937582930971 0.09963226318359375 4.980726718902588 0.163265306122449 1.0
0 1 1.0851034398309916 0.5419940948486328 5.522720813751221 0.1568627450980392 1.0
0 1 0.945139969834425 0.47484421730041504 5.997565031051636 0.1568627450980392 1.0
0 1 0.823229868958621 0.6772868633270264 6.674851894378662 0.1568627450980392 1.0
0 1 0.7170445000483404 1.3715078830718994 8.046359777450562 0.15384615384615383 1.0
0 1 0.624555588222246 1.2436909675598145 9.290050745010376 0.1509433962264151 1.0
0 1 0.5439964782567033 0.9042000770568848 10.19425082206726 0.1509433962264151 1.0
0 1 0.4738283892360109 0.8075997829437256 11.001850605010986 0.1509433962264151 1.0
0 1 0.4127110218901976 0.8356564044952393 11.837507009506226 0.1481481481481481 1.0
0 1 0.3594769571833539 0.8062660694122314 12.643773078918457 0.1481481481481481 1.0
0 0.1 130.20161032759302 0.0011761188507080078 12.644949197769165 0.0 1.0
0 0.1 113.40738729625762 0.0011670589447021484 12.646116256713867 0.0 1.0
0 0.1 98.77938883400856 0.0011599063873291016 12.647276163101196 0.0 1.0
0 0.1 86.03820166433057 0.0012211799621582031 12.648497343063354 0.0 1.0
0 0.1 74.9404529934022 0.00121307373046875 12.649710416793823 0.0 1.0
0 0.1 65.27416178184274 0.0011610984802246094 12.650871515274048 0.0 1.0
0 0.1 56.854689638682785 0.0011718273162841797 12.652043342590332 0.0 1.0
0 0.1 49.52121399451067 0.0012612342834472656 12.65330457687378 0.0 1.0
0 0.1 43.13365618693992 0.0011768341064453125 12.654481410980225 0.0 1.0
0 0.1 37.570005780944214 0.0011570453643798828 12.655638456344604 0.0 1.0
0 0.1 32.7239900151928 0.0011539459228515625 12.656792402267456 0.0 1.0
0 0.1 28.503043857863506 0.001149892807006836 12.657942295074463 0.0 1.0
0 0.1 24.826541897430772 0.0174257755279541 12.675368070602417 0.5714285714285715 1.0
0 0.1 21.624258295306348 0.00848698616027832 12.683855056762695 0.5714285714285715 1.0
0 0.1 18.835025383479486 0.008458852767944336 12.69231390953064 0.5714285714285715 1.0
0 0.1 16.405565284674683 0.009018182754516602 12.701332092285156 0.5714285714285715 1.0
0 0.1 14.289472237493916 0.008406877517700195 12.709738969802856 0.5714285714285715 1.0
0 0.1 12.446326187665905 0.007121086120605469 12.716860055923462 0.5714285714285715 1.0
0 0.1 10.840920713874212 0.014327049255371094 12.731187105178833 0.7499999999999999 1.0
0 0.1 9.44259054057033 0.00837397575378418 12.739561080932617 0.7499999999999999 1.0
0 0.1 8.224625792416147 0.008281230926513672 12.74784231185913 0.7499999999999999 1.0
0 0.1 7.163761801874259 0.008142948150634766 12.755985260009766 0.7499999999999999 1.0
0 0.1 6.239734724625884 0.007094860076904297 12.76308012008667 0.7499999999999999 1.0
0 0.1 5.43489447450858 0.02275991439819336 12.785840034484863 0.7272727272727272 1.0
0 0.1 4.733867584541418 0.013045072555541992 12.798885107040405 0.7272727272727272 1.0
0 0.1 4.123263554256632 0.010688066482543945 12.80957317352295 0.7272727272727272 1.0
0 0.1 3.591419074200402 0.037492990493774414 12.847066164016724 0.5714285714285714 1.0
0 0.1 3.128175241967003 0.07452797889709473 12.921594142913818 0.4444444444444444 1.0
0 0.1 2.7246835143108377 0.04815959930419922 12.969753742218018 0.4 1.0
0 0.1 2.373236688776134 0.08346295356750488 13.053216695785522 0.3636363636363636 1.0
0 0.1 2.0671216863796724 0.1374828815460205 13.190699577331543 0.32000000000000006 1.0
0 0.1 1.8004913233094775 0.04856538772583008 13.239264965057373 0.32000000000000006 1.0
0 0.1 1.5682526223167341 0.16535687446594238 13.404621839523315 0.2962962962962963 1.0
0 0.1 1.3659695304072161 0.1186361312866211 13.523257970809937 0.27586206896551724 1.0
0 0.1 1.1897781846170337 0.08611202239990234 13.609369993209839 0.26666666666666666 1.0
0 0.1 1.036313107341863 0.16664719581604004 13.776017189025879 0.25806451612903225 1.0
0 0.1 0.9026429214570189 0.15259599685668945 13.928613185882568 0.24242424242424243 1.0
0 0.1 0.786214357305898 0.10922813415527344 14.037841320037842 0.2352941176470588 1.0
0 0.1 0.6848034820193963 0.34740400314331055 14.385245323181152 0.2285714285714286 1.0
0 0.1 0.5964732195846044 0.1399538516998291 14.525199174880981 0.2285714285714286 1.0
0 0.1 0.5195363502423698 0.16497087478637695 14.690170049667358 0.21621621621621623 1.0
0 0.1 0.4525232824553942 0.17862606048583984 14.868796110153198 0.20512820512820512 1.0
0 0.1 0.3941539818506903 0.31075406074523926 15.179550170898438 0.19999999999999998 1.0
0 0.1 0.34331352094368267 0.7934200763702393 15.972970247268677 0.19512195121951217 1.0
0 0.1 0.2990307826127625 0.2057819366455078 16.178752183914185 0.2105263157894737 1.0
0 0.1 0.2604599105337001 0.15061616897583008 16.329368352890015 0.19999999999999998 1.0
0 0.1 0.22686415225376097 0.13235783576965332 16.461726188659668 0.19999999999999998 1.0
0 0.1 0.19760178628779224 0.1456458568572998 16.607372045516968 0.19512195121951217 1.0
0 0.1 0.17211386442601356 0.2674870491027832 16.87485909461975 0.18604651162790697 1.0
0 0.1 0.14991353511608546 0.3822000026702881 17.25705909729004 0.18181818181818182 1.0
0 0.01 28.211963230963963 0.0011639595031738281 17.258223056793213 0.0 1.0
0 0.01 24.573006681497752 0.0011730194091796875 17.259396076202393 0.0 1.0
0 0.01 21.403425646968028 0.0011548995971679688 17.26055097579956 0.0 1.0
0 0.01 18.642677119777133 0.0012180805206298828 17.26176905632019 0.0 1.0
0 0.01 16.238027310431736 0.0011970996856689453 17.26296615600586 0.0 1.0
0 0.01 14.143544365449966 0.001154184341430664 17.26412034034729 0.0 1.0
0 0.01 12.319221010851523 0.0011668205261230469 17.265287160873413 0.0 1.0
0 0.01 10.730210362611421 0.0012240409851074219 17.26651120185852 0.0 1.0
0 0.01 9.346160307090315 0.0012018680572509766 17.26771306991577 0.0 1.0
0 0.01 8.140633737265514 0.0011639595031738281 17.268877029418945 0.0 1.0
0 0.01 7.090603570541246 0.0011599063873291016 17.270036935806274 0.0 1.0
0 0.01 6.176012902339531 0.0012209415435791016 17.271257877349854 0.0 1.0
0 0.01 5.379391893848717 0.0011708736419677734 17.27242875099182 0.0 1.0
0 0.01 4.685524076001097 0.0011661052703857422 17.273594856262207 0.0 1.0
0 0.01 4.081155695663349 0.0011551380157470703 17.274749994277954 0.0 1.0
0 0.01 3.554742552184356 0.0011708736419677734 17.275920867919922 0.0 1.0
0 0.01 3.09622948855821 0.0012280941009521484 17.277148962020874 0.0 1.0
0 0.01 2.6968583252045994 0.0012001991271972656 17.27834916114807 0.0 1.0
0 0.01 2.349000567658869 0.012193918228149414 17.29054307937622 0.5714285714285715 1.0
0 0.01 2.046011692676912 0.00596308708190918 17.29650616645813 0.5714285714285715 1.0
0 0.01 1.7821042294352372 0.006165981292724609 17.302672147750854 0.5714285714285715 1.0
0 0.01 1.5522372115164986 0.005861043930053711 17.308533191680908 0.5714285714285715 1.0
0 0.01 1.3520198880735976 0.005739927291870117 17.31427311897278 0.5714285714285715 1.0
0 0.01 1.1776278549337647 0.0058040618896484375 17.320077180862427 0.5714285714285715 1.0
0 0.01 1.0257300036406054 0.010584831237792969 17.33066201210022 0.7499999999999999 1.0
0 0.01 0.8934248930683893 0.0057332515716552734 17.336395263671875 0.7499999999999999 1.0
0 0.01 0.7781853282259436 0.005964040756225586 17.3423593044281 0.7499999999999999 1.0
0 0.01 0.6778100876351608 0.005852222442626953 17.348211526870728 0.7499999999999999 1.0
0 0.01 0.590381877216004 0.0059490203857421875 17.35416054725647 0.7499999999999999 1.0
0 0.01 0.5142307075440048 0.012753963470458984 17.36691451072693 0.7272727272727272 1.0
0 0.01 0.44790199493955546 0.006976127624511719 17.37389063835144 0.7272727272727272 1.0
0 0.01 0.39012877707943217 0.0266571044921875 17.400547742843628 0.5000000000000001 1.0
0 0.01 0.33980751241358653 0.03921818733215332 17.43976593017578 0.4 1.0
0 0.01 0.2959770011254507 0.018622875213623047 17.458388805389404 0.4 1.0
0 0.01 0.2578000249994245 0.018616199493408203 17.477005004882812 0.4 1.0
0 0.01 0.22454735549379537 0.06168413162231445 17.538689136505127 0.2857142857142857 1.0
0 0.01 0.19558382455304058 0.035774946212768555 17.574464082717896 0.2857142857142857 1.0
0 0.01 0.1703561920944177 0.06747603416442871 17.641940116882324 0.25 1.0
0 0.01 0.14838257842248037 0.032456159591674805 17.674396276474 0.25 1.0
0 0.01 0.12924325971726744 0.07084488868713379 17.745241165161133 0.2352941176470588 1.0
0 0.01 0.1125726507783501 0.06556391716003418 17.810805082321167 0.2222222222222222 1.0
0 0.01 0.09805232188500161 0.12999725341796875 17.940802335739136 0.2222222222222222 1.0
0 0.01 0.08540491638568569 0.10101103782653809 18.041813373565674 0.21621621621621623 1.0
0 0.01 0.07438885283512764 0.048161983489990234 18.089975357055664 0.21621621621621623 1.0
0 0.01 0.06479371048308594 0.04730701446533203 18.137282371520996 0.21621621621621623 1.0
0 0.01 0.056436209971818335 0.08326506614685059 18.220547437667847 0.2105263157894737 1.0
0 0.01 0.049156712468482675 0.08865094184875488 18.3091983795166 0.20512820512820512 1.0
0 0.01 0.0428161703614703 0.053948163986206055 18.363146543502808 0.20512820512820512 1.0
0 0.01 0.03729347127511503 0.05175185203552246 18.41489839553833 0.20512820512820512 1.0
0 0.01 0.032483124670098805 0.07567977905273438 18.490578174591064 0.19999999999999998 1.0
