[216.40736058 188.4937774  164.18066384 143.00360867 124.55810333
 108.49181534  94.49785828  82.30892987  71.69220614  62.44489425
  54.39035884  47.37474809  41.26405496  35.94155748  31.30558923
  27.26759733  23.75045104  20.68696841  18.01863304  15.69447636
  13.67010404  11.906848    10.37102782   9.03330739   7.86813455
   6.85325305   5.96927734   5.19932239   4.52868107   3.94454329
   3.43575127   2.99258645   2.60658382   2.27037024   1.9775236
   1.72245016   1.5002777    1.30676244   1.138208     0.99139477
   0.86351843   0.75213639   0.65512111   0.57061946   0.49701737
   0.43290895   0.37706963   0.32843281   0.28606948   0.24917044]0 1 312.2098259152708 0.0006361007690429688 0.0006361007690429688 0.0 1.0
0 1 271.93903789811014 0.000644683837890625 0.0012807846069335938 0.0 1.0
0 1 236.8626295349813 0.0076029300689697266 0.00888371467590332 0.33333333333333337 1.0
0 1 206.31059705097118 0.006819963455200195 0.015703678131103516 0.5714285714285715 1.0
0 1 179.69935797424765 0.004249095916748047 0.019952774047851562 0.5714285714285715 1.0
0 1 156.52060397255676 0.0035600662231445312 0.023512840270996094 0.5714285714285715 1.0
0 1 136.33159152101595 0.003031015396118164 0.026543855667114258 0.5714285714285715 1.0
0 1 118.74668494067365 0.00710606575012207 0.03364992141723633 0.7499999999999999 1.0
0 1 103.42999026917344 0.004804849624633789 0.03845477104187012 0.7499999999999999 1.0
0 1 90.08893926113359 0.004518032073974609 0.04297280311584473 0.7499999999999999 1.0
0 1 78.46870096453189 0.0030930042266845703 0.0460658073425293 0.7499999999999999 1.0
0 1 68.34731412713553 0.003929853439331055 0.04999566078186035 0.7499999999999999 1.0
0 1 59.53144745577994 0.00549006462097168 0.05548572540283203 0.6666666666666665 1.0
0 1 51.85270674408604 0.007722139358520508 0.06320786476135254 0.7272727272727272 1.0
0 1 45.16441833008278 0.007954835891723633 0.07116270065307617 0.7272727272727272 1.0
0 1 39.33882744370648 0.008600711822509766 0.07976341247558594 0.6153846153846154 1.0
0 1 34.26465792907022 0.01631617546081543 0.09607958793640137 0.47058823529411764 1.0
0 1 29.84498672911064 0.018822908401489258 0.11490249633789062 0.3636363636363636 1.0
0 1 25.99539253258091 0.022265911102294922 0.13716840744018555 0.3076923076923077 1.0
0 1 22.642343220204207 0.05833101272583008 0.19549942016601562 0.26666666666666666 1.0
0 1 19.721791308170232 0.06703305244445801 0.26253247261047363 0.27586206896551724 1.0
0 1 17.177950560167822 0.12671494483947754 0.38924741744995117 0.26666666666666666 1.0
0 1 14.962230399696251 0.0993809700012207 0.4886283874511719 0.24242424242424243 1.0
0 1 13.03230776858211 0.09186172485351562 0.5804901123046875 0.2222222222222222 1.0
0 1 11.351318703025308 0.09321761131286621 0.6737077236175537 0.2222222222222222 1.0
0 1 9.887154185253786 0.08534097671508789 0.7590487003326416 0.21621621621621623 1.0
0 1 8.611846820663045 0.08363509178161621 0.8426837921142578 0.20512820512820512 1.0
0 1 7.501036625197576 0.09844422340393066 0.9411280155181885 0.19999999999999998 1.0
0 1 6.53350571883761 0.08762311935424805 1.0287511348724365 0.20512820512820512 1.0
0 1 5.69077303724795 0.11016392707824707 1.1389150619506836 0.18604651162790697 1.0
0 1 4.956741320068812 0.09036898612976074 1.2292840480804443 0.1777777777777778 1.0
0 1 4.317389632878279 0.1114339828491211 1.3407180309295654 0.16666666666666666 1.0
0 1 3.7605055496069455 1.0434398651123047 2.38415789604187 0.1702127659574468 1.0
0 1 3.2754518797500736 0.21881389617919922 2.6029717922210693 0.1702127659574468 1.0
0 1 2.8529634845718124 0.09423279762268066 2.69720458984375 0.16666666666666666 1.0
0 1 2.4849703012340436 0.11474895477294922 2.811953544616699 0.163265306122449 1.0
0 1 2.1644431943866964 0.17360901832580566 2.985562562942505 0.163265306122449 1.0
0 1 1.8852596907900219 0.07961702346801758 3.0651795864105225 0.163265306122449 1.0
0 1 1.6420870323301746 0.0765998363494873 3.1417794227600098 0.163265306122449 1.0
0 1 1.4302803135927475 0.07472491264343262 3.2165043354034424 0.163265306122449 1.0
0 1 1.2457937582930971 0.07177591323852539 3.2882802486419678 0.163265306122449 1.0
0 1 1.0851034398309916 0.3876500129699707 3.6759302616119385 0.1568627450980392 1.0
0 1 0.945139969834425 0.3398749828338623 4.015805244445801 0.1568627450980392 1.0
0 1 0.823229868958621 0.58683180809021 4.602637052536011 0.1568627450980392 1.0
0 1 0.7170445000483404 1.1681668758392334 5.770803928375244 0.15384615384615383 1.0
0 1 0.624555588222246 0.958935022354126 6.72973895072937 0.1509433962264151 1.0
0 1 0.5439964782567033 0.6304929256439209 7.360231876373291 0.1509433962264151 1.0
0 1 0.4738283892360109 0.5521879196166992 7.91241979598999 0.1509433962264151 1.0
0 1 0.4127110218901976 0.5578420162200928 8.470261812210083 0.1481481481481481 1.0
0 1 0.3594769571833539 0.5400681495666504 9.010329961776733 0.1481481481481481 1.0
0 0.1 130.20161032759302 0.0006337165832519531 9.010963678359985 0.0 1.0
0 0.1 113.40738729625762 0.0006730556488037109 9.011636734008789 0.0 1.0
0 0.1 98.77938883400856 0.0006320476531982422 9.012268781661987 0.0 1.0
0 0.1 86.03820166433057 0.0006299018859863281 9.012898683547974 0.0 1.0
0 0.1 74.9404529934022 0.0006747245788574219 9.013573408126831 0.0 1.0
0 0.1 65.27416178184274 0.0007219314575195312 9.01429533958435 0.0 1.0
0 0.1 56.854689638682785 0.0006420612335205078 9.014937400817871 0.0 1.0
0 0.1 49.52121399451067 0.0006399154663085938 9.01557731628418 0.0 1.0
0 0.1 43.13365618693992 0.0006468296051025391 9.016224145889282 0.0 1.0
0 0.1 37.570005780944214 0.0006582736968994141 9.016882419586182 0.0 1.0
0 0.1 32.7239900151928 0.000659942626953125 9.017542362213135 0.0 1.0
0 0.1 28.503043857863506 0.0006337165832519531 9.018176078796387 0.0 1.0
0 0.1 24.826541897430772 0.007471799850463867 9.02564787864685 0.5714285714285715 1.0
0 0.1 21.624258295306348 0.0017800331115722656 9.027427911758423 0.5714285714285715 1.0
0 0.1 18.835025383479486 0.0017499923706054688 9.029177904129028 0.5714285714285715 1.0
0 0.1 16.405565284674683 0.0019230842590332031 9.031100988388062 0.5714285714285715 1.0
0 0.1 14.289472237493916 0.001814126968383789 9.032915115356445 0.5714285714285715 1.0
0 0.1 12.446326187665905 0.0018191337585449219 9.03473424911499 0.5714285714285715 1.0
0 0.1 10.840920713874212 0.006578207015991211 9.041312456130981 0.7499999999999999 1.0
0 0.1 9.44259054057033 0.002199888229370117 9.043512344360352 0.7499999999999999 1.0
0 0.1 8.224625792416147 0.0022590160369873047 9.045771360397339 0.7499999999999999 1.0
0 0.1 7.163761801874259 0.0027513504028320312 9.048522710800171 0.7499999999999999 1.0
0 0.1 6.239734724625884 0.002936840057373047 9.051459550857544 0.7499999999999999 1.0
0 0.1 5.43489447450858 0.012761831283569336 9.064221382141113 0.7272727272727272 1.0
0 0.1 4.733867584541418 0.0059528350830078125 9.070174217224121 0.7272727272727272 1.0
0 0.1 4.123263554256632 0.006652116775512695 9.076826333999634 0.7272727272727272 1.0
0 0.1 3.591419074200402 0.027024269104003906 9.103850603103638 0.5714285714285714 1.0
0 0.1 3.128175241967003 0.06157398223876953 9.165424585342407 0.4444444444444444 1.0
0 0.1 2.7246835143108377 0.03095388412475586 9.196378469467163 0.4 1.0
0 0.1 2.373236688776134 0.05704522132873535 9.253423690795898 0.3636363636363636 1.0
0 0.1 2.0671216863796724 0.08962082862854004 9.343044519424438 0.32000000000000006 1.0
0 0.1 1.8004913233094775 0.024785995483398438 9.367830514907837 0.32000000000000006 1.0
0 0.1 1.5682526223167341 0.11782026290893555 9.485650777816772 0.2962962962962963 1.0
0 0.1 1.3659695304072161 0.07272815704345703 9.55837893486023 0.27586206896551724 1.0
0 0.1 1.1897781846170337 0.05069923400878906 9.609078168869019 0.26666666666666666 1.0
0 0.1 1.036313107341863 0.0981597900390625 9.707237958908081 0.25806451612903225 1.0
0 0.1 0.9026429214570189 0.12508225440979004 9.832320213317871 0.24242424242424243 1.0
0 0.1 0.786214357305898 0.07246184349060059 9.904782056808472 0.2352941176470588 1.0
0 0.1 0.6848034820193963 0.19206595420837402 10.096848011016846 0.2285714285714286 1.0
0 0.1 0.5964732195846044 0.0822911262512207 10.179139137268066 0.2285714285714286 1.0
0 0.1 0.5195363502423698 0.10316014289855957 10.282299280166626 0.21621621621621623 1.0
0 0.1 0.4525232824553942 0.10982608795166016 10.392125368118286 0.20512820512820512 1.0
0 0.1 0.3941539818506903 0.2011709213256836 10.59329628944397 0.19999999999999998 1.0
0 0.1 0.34331352094368267 0.5922091007232666 11.185505390167236 0.19512195121951217 1.0
0 0.1 0.2990307826127625 0.1761031150817871 11.361608505249023 0.2105263157894737 1.0
0 0.1 0.2604599105337001 0.10149407386779785 11.463102579116821 0.19999999999999998 1.0
0 0.1 0.22686415225376097 0.09219813346862793 11.55530071258545 0.19999999999999998 1.0
0 0.1 0.19760178628779224 0.10071229934692383 11.656013011932373 0.19512195121951217 1.0
0 0.1 0.17211386442601356 0.16437602043151855 11.820389032363892 0.18604651162790697 1.0
0 0.1 0.14991353511608546 0.291431188583374 12.111820220947266 0.18181818181818182 1.0
0 0.01 28.211963230963963 0.0006289482116699219 12.112449169158936 0.0 1.0
0 0.01 24.573006681497752 0.0006380081176757812 12.113087177276611 0.0 1.0
0 0.01 21.403425646968028 0.0006222724914550781 12.113709449768066 0.0 1.0
0 0.01 18.642677119777133 0.0006258487701416016 12.114335298538208 0.0 1.0
0 0.01 16.238027310431736 0.0006420612335205078 12.114977359771729 0.0 1.0
0 0.01 14.143544365449966 0.0007128715515136719 12.115690231323242 0.0 1.0
0 0.01 12.319221010851523 0.0006530284881591797 12.116343259811401 0.0 1.0
0 0.01 10.730210362611421 0.00063323974609375 12.116976499557495 0.0 1.0
0 0.01 9.346160307090315 0.0006468296051025391 12.117623329162598 0.0 1.0
0 0.01 8.140633737265514 0.0006380081176757812 12.118261337280273 0.0 1.0
0 0.01 7.090603570541246 0.0006201267242431641 12.118881464004517 0.0 1.0
0 0.01 6.176012902339531 0.0006301403045654297 12.119511604309082 0.0 1.0
0 0.01 5.379391893848717 0.0006461143493652344 12.120157718658447 0.0 1.0
0 0.01 4.685524076001097 0.0006840229034423828 12.12084174156189 0.0 1.0
0 0.01 4.081155695663349 0.0006279945373535156 12.121469736099243 0.0 1.0
0 0.01 3.554742552184356 0.0006520748138427734 12.122121810913086 0.0 1.0
0 0.01 3.09622948855821 0.0006258487701416016 12.122747659683228 0.0 1.0
0 0.01 2.6968583252045994 0.0006628036499023438 12.12341046333313 0.0 1.0
0 0.01 2.349000567658869 0.006277322769165039 12.129687786102295 0.5714285714285715 1.0
0 0.01 2.046011692676912 0.0013179779052734375 12.131005764007568 0.5714285714285715 1.0
0 0.01 1.7821042294352372 0.0013470649719238281 12.132352828979492 0.5714285714285715 1.0
0 0.01 1.5522372115164986 0.001455068588256836 12.133807897567749 0.5714285714285715 1.0
0 0.01 1.3520198880735976 0.0014011859893798828 12.135209083557129 0.5714285714285715 1.0
0 0.01 1.1776278549337647 0.00168609619140625 12.136895179748535 0.5714285714285715 1.0
0 0.01 1.0257300036406054 0.005504131317138672 12.142399311065674 0.7499999999999999 1.0
0 0.01 0.8934248930683893 0.001918792724609375 12.144318103790283 0.7499999999999999 1.0
0 0.01 0.7781853282259436 0.0023431777954101562 12.146661281585693 0.7499999999999999 1.0
0 0.01 0.6778100876351608 0.002440929412841797 12.149102210998535 0.7499999999999999 1.0
0 0.01 0.590381877216004 0.0024728775024414062 12.151575088500977 0.7499999999999999 1.0
0 0.01 0.5142307075440048 0.00821685791015625 12.159791946411133 0.7272727272727272 1.0
0 0.01 0.44790199493955546 0.0035779476165771484 12.16336989402771 0.7272727272727272 1.0
0 0.01 0.39012877707943217 0.024574995040893555 12.187944889068604 0.5000000000000001 1.0
0 0.01 0.33980751241358653 0.02709674835205078 12.215041637420654 0.4 1.0
0 0.01 0.2959770011254507 0.008154153823852539 12.223195791244507 0.4 1.0
0 0.01 0.2578000249994245 0.009288787841796875 12.232484579086304 0.4 1.0
0 0.01 0.22454735549379537 0.044439077377319336 12.276923656463623 0.2857142857142857 1.0
0 0.01 0.19558382455304058 0.016534090042114258 12.293457746505737 0.2857142857142857 1.0
0 0.01 0.1703561920944177 0.0436558723449707 12.337113618850708 0.25 1.0
0 0.01 0.14838257842248037 0.016741037368774414 12.353854656219482 0.25 1.0
0 0.01 0.12924325971726744 0.053318023681640625 12.407172679901123 0.2352941176470588 1.0
0 0.01 0.1125726507783501 0.04401898384094238 12.451191663742065 0.2222222222222222 1.0
0 0.01 0.09805232188500161 0.1155242919921875 12.566715955734253 0.2222222222222222 1.0
0 0.01 0.08540491638568569 0.06762123107910156 12.634337186813354 0.21621621621621623 1.0
0 0.01 0.07438885283512764 0.0200502872467041 12.654387474060059 0.21621621621621623 1.0
0 0.01 0.06479371048308594 0.020598173141479492 12.674985647201538 0.21621621621621623 1.0
0 0.01 0.056436209971818335 0.05813193321228027 12.733117580413818 0.2105263157894737 1.0
0 0.01 0.049156712468482675 0.0630941390991211 12.79621171951294 0.20512820512820512 1.0
0 0.01 0.0428161703614703 0.030714988708496094 12.826926708221436 0.20512820512820512 1.0
0 0.01 0.03729347127511503 0.031516313552856445 12.858443021774292 0.20512820512820512 1.0
0 0.01 0.032483124670098805 0.05947065353393555 12.917913675308228 0.19999999999999998 1.0
