[216.40736058 188.4937774  164.18066384 143.00360867 124.55810333
 108.49181534  94.49785828  82.30892987  71.69220614  62.44489425
  54.39035884  47.37474809  41.26405496  35.94155748  31.30558923
  27.26759733  23.75045104  20.68696841  18.01863304  15.69447636
  13.67010404  11.906848    10.37102782   9.03330739   7.86813455
   6.85325305   5.96927734   5.19932239   4.52868107   3.94454329
   3.43575127   2.99258645   2.60658382   2.27037024   1.9775236
   1.72245016   1.5002777    1.30676244   1.138208     0.99139477
   0.86351843   0.75213639   0.65512111   0.57061946   0.49701737
   0.43290895   0.37706963   0.32843281   0.28606948   0.24917044]0 1 312.2098259152708 0.007127046585083008 0.007127046585083008 0.0 1.0
0 1 271.93903789811014 0.0071258544921875 0.014252901077270508 0.0 1.0
0 1 236.8626295349813 0.006623983383178711 0.02087688446044922 0.33333333333333337 1.0
0 1 206.31059705097118 0.04632401466369629 0.06720089912414551 0.5714285714285715 1.0
0 1 179.69935797424765 0.03899097442626953 0.10619187355041504 0.5714285714285715 1.0
0 1 156.52060397255676 0.03238201141357422 0.13857388496398926 0.5714285714285715 1.0
0 1 136.33159152101595 0.0323028564453125 0.17087674140930176 0.5714285714285715 1.0
0 1 118.74668494067365 0.03845787048339844 0.2093346118927002 0.7499999999999999 1.0
0 1 103.42999026917344 0.03251791000366211 0.2418525218963623 0.7499999999999999 1.0
0 1 90.08893926113359 0.03220105171203613 0.27405357360839844 0.7499999999999999 1.0
0 1 78.46870096453189 0.03252005577087402 0.30657362937927246 0.7499999999999999 1.0
0 1 68.34731412713553 0.03245091438293457 0.33902454376220703 0.7499999999999999 1.0
0 1 59.53144745577994 0.04108476638793945 0.3801093101501465 0.6666666666666665 1.0
0 1 51.85270674408604 0.03902435302734375 0.41913366317749023 0.7272727272727272 1.0
0 1 45.16441833008278 0.04073500633239746 0.4598686695098877 0.7272727272727272 1.0
0 1 39.33882744370648 0.04623889923095703 0.5061075687408447 0.6153846153846154 1.0
0 1 34.26465792907022 0.08188486099243164 0.5879924297332764 0.47058823529411764 1.0
0 1 29.84498672911064 0.08452773094177246 0.6725201606750488 0.3636363636363636 1.0
0 1 25.99539253258091 0.10744214057922363 0.7799623012542725 0.3076923076923077 1.0
0 1 22.642343220204207 0.3251810073852539 1.1051433086395264 0.26666666666666666 1.0
0 1 19.721791308170232 0.35115694999694824 1.4563002586364746 0.27586206896551724 1.0
0 1 17.177950560167822 0.6330466270446777 2.0893468856811523 0.26666666666666666 1.0
0 1 14.962230399696251 0.5178999900817871 2.6072468757629395 0.24242424242424243 1.0
0 1 13.03230776858211 0.4414210319519043 3.0486679077148438 0.2222222222222222 1.0
0 1 11.351318703025308 0.41431593894958496 3.4629838466644287 0.2222222222222222 1.0
0 1 9.887154185253786 0.3885629177093506 3.8515467643737793 0.21621621621621623 1.0
0 1 8.611846820663045 0.39594078063964844 4.247487545013428 0.20512820512820512 1.0
0 1 7.501036625197576 0.44580507278442383 4.693292617797852 0.19999999999999998 1.0
0 1 6.53350571883761 0.36517786979675293 5.0584704875946045 0.20512820512820512 1.0
0 1 5.69077303724795 0.43726515769958496 5.4957356452941895 0.18604651162790697 1.0
0 1 4.956741320068812 0.35974979400634766 5.855485439300537 0.1777777777777778 1.0
0 1 4.317389632878279 0.4110300540924072 6.266515493392944 0.1702127659574468 1.0
0 1 3.7605055496069455 4.76028299331665 11.026798486709595 0.1702127659574468 1.0
0 1 3.2754518797500736 0.9351179599761963 11.961916446685791 0.1702127659574468 1.0
0 1 2.8529634845718124 0.21494293212890625 12.176859378814697 0.16666666666666666 1.0
0 1 2.4849703012340436 0.2920260429382324 12.46888542175293 0.163265306122449 1.0
0 1 2.1644431943866964 0.6536388397216797 13.12252426147461 0.163265306122449 1.0
0 1 1.8852596907900219 0.2795071601867676 13.402031421661377 0.163265306122449 1.0
0 1 1.6420870323301746 0.266355037689209 13.668386459350586 0.163265306122449 1.0
0 1 1.4302803135927475 0.2472221851348877 13.915608644485474 0.163265306122449 1.0
0 1 1.2457937582930971 0.23381590843200684 14.14942455291748 0.163265306122449 1.0
0 1 1.0851034398309916 1.2366669178009033 15.386091470718384 0.1568627450980392 1.0
0 1 0.945139969834425 1.083141803741455 16.46923327445984 0.1568627450980392 1.0
0 1 0.823229868958621 2.5773019790649414 19.04653525352478 0.1568627450980392 1.0
0 1 0.7170445000483404 0.7483978271484375 19.794933080673218 0.1481481481481481 1.0
0 1 0.624555588222246 7.59484601020813 27.389779090881348 0.15384615384615383 1.0
0 1 0.5439964782567033 0.8101980686187744 28.199977159500122 0.1481481481481481 1.0
0 1 0.4738283892360109 5.9000139236450195 34.09999108314514 0.1509433962264151 1.0
0 1 0.4127110218901976 1.514312982559204 35.614304065704346 0.14545454545454545 1.0
0 1 0.3594769571833539 1.8870768547058105 37.501380920410156 0.1481481481481481 1.0
0 0.1 130.20161032759302 0.00634312629699707 37.50772404670715 0.0 1.0
0 0.1 113.40738729625762 0.006708860397338867 37.51443290710449 0.0 1.0
0 0.1 98.77938883400856 0.006470203399658203 37.52090311050415 0.0 1.0
0 0.1 86.03820166433057 0.006330966949462891 37.52723407745361 0.0 1.0
0 0.1 74.9404529934022 0.006555318832397461 37.53378939628601 0.0 1.0
0 0.1 65.27416178184274 0.006595134735107422 37.54038453102112 0.0 1.0
0 0.1 56.854689638682785 0.006679058074951172 37.54706358909607 0.0 1.0
0 0.1 49.52121399451067 0.038945913314819336 37.58600950241089 0.5714285714285715 1.0
0 0.1 43.13365618693992 0.03214311599731445 37.6181526184082 0.5714285714285715 1.0
0 0.1 37.570005780944214 0.02572798728942871 37.64388060569763 0.5714285714285715 1.0
0 0.1 32.7239900151928 0.025719165802001953 37.669599771499634 0.5714285714285715 1.0
0 0.1 28.503043857863506 0.025939226150512695 37.69553899765015 0.5714285714285715 1.0
0 0.1 24.826541897430772 0.025906801223754883 37.7214457988739 0.5714285714285715 1.0
0 0.1 21.624258295306348 0.038269996643066406 37.75971579551697 0.7499999999999999 1.0
0 0.1 18.835025383479486 0.025835037231445312 37.78555083274841 0.7499999999999999 1.0
0 0.1 16.405565284674683 0.02580881118774414 37.81135964393616 0.7499999999999999 1.0
0 0.1 14.289472237493916 0.025992155075073242 37.83735179901123 0.7499999999999999 1.0
0 0.1 12.446326187665905 0.025793075561523438 37.863144874572754 0.7499999999999999 1.0
0 0.1 10.840920713874212 0.025783061981201172 37.888927936553955 0.7499999999999999 1.0
0 0.1 9.44259054057033 0.02591085433959961 37.914838790893555 0.7499999999999999 1.0
0 0.1 8.224625792416147 0.025833845138549805 37.940672636032104 0.7499999999999999 1.0
0 0.1 7.163761801874259 0.0385432243347168 37.97921586036682 0.888888888888889 1.0
0 0.1 6.239734724625884 0.04488325119018555 38.02409911155701 0.7272727272727272 1.0
0 0.1 5.43489447450858 0.032235145568847656 38.056334257125854 0.7272727272727272 1.0
0 0.1 4.733867584541418 0.0324399471282959 38.08877420425415 0.7272727272727272 1.0
0 0.1 4.123263554256632 0.07008910179138184 38.15886330604553 0.6153846153846154 1.0
0 0.1 3.591419074200402 0.06415510177612305 38.223018407821655 0.5333333333333333 1.0
0 0.1 3.128175241967003 0.17453694343566895 38.397555351257324 0.4210526315789473 1.0
0 0.1 2.7246835143108377 0.15361928939819336 38.55117464065552 0.38095238095238093 1.0
0 0.1 2.373236688776134 0.08301019668579102 38.63418483734131 0.38095238095238093 1.0
0 0.1 2.0671216863796724 0.3287358283996582 38.96292066574097 0.3333333333333333 1.0
0 0.1 1.8004913233094775 0.2819349765777588 39.244855642318726 0.3076923076923077 1.0
0 0.1 1.5682526223167341 0.23188209533691406 39.47673773765564 0.2857142857142857 1.0
0 0.1 1.3659695304072161 0.40952396392822266 39.88626170158386 0.2962962962962963 1.0
0 0.1 1.1897781846170337 0.2640860080718994 40.15034770965576 0.26666666666666666 1.0
0 0.1 1.036313107341863 0.1607961654663086 40.31114387512207 0.26666666666666666 1.0
0 0.1 0.9026429214570189 0.6387932300567627 40.94993710517883 0.24242424242424243 1.0
0 0.1 0.786214357305898 0.43761682510375977 41.38755393028259 0.2352941176470588 1.0
0 0.1 0.6848034820193963 0.2685251235961914 41.656079053878784 0.2222222222222222 1.0
0 0.1 0.5964732195846044 0.9822080135345459 42.63828706741333 0.21621621621621623 1.0
0 0.1 0.5195363502423698 2.230499029159546 44.868786096572876 0.19999999999999998 1.0
0 0.1 0.4525232824553942 3.0774130821228027 47.94619917869568 0.19512195121951217 1.0
0 0.1 0.3941539818506903 0.5630860328674316 48.50928521156311 0.19512195121951217 1.0
0 0.1 0.34331352094368267 0.6064510345458984 49.11573624610901 0.19047619047619047 1.0
0 0.1 0.2990307826127625 7.0100791454315186 56.12581539154053 0.25 1.0
0 0.1 0.2604599105337001 0.4227273464202881 56.548542737960815 0.25 1.0
0 0.1 0.22686415225376097 0.18901920318603516 56.73756194114685 0.24390243902439027 1.0
0 0.1 0.19760178628779224 0.3514420986175537 57.089004039764404 0.24390243902439027 1.0
0 0.1 0.17211386442601356 0.24491000175476074 57.333914041519165 0.24390243902439027 1.0
0 0.1 0.14991353511608546 0.17029881477355957 57.504212856292725 0.24390243902439027 1.0
0 0.01 28.211963230963963 0.006402015686035156 57.51061487197876 0.33333333333333337 1.0
0 0.01 24.573006681497752 0.03237509727478027 57.54298996925354 0.5714285714285715 1.0
0 0.01 21.403425646968028 0.02652597427368164 57.56951594352722 0.5714285714285715 1.0
0 0.01 18.642677119777133 0.025954723358154297 57.595470666885376 0.5714285714285715 1.0
0 0.01 16.238027310431736 0.02591705322265625 57.62138772010803 0.5714285714285715 1.0
0 0.01 14.143544365449966 0.025746822357177734 57.64713454246521 0.5714285714285715 1.0
0 0.01 12.319221010851523 0.025816917419433594 57.672951459884644 0.5714285714285715 1.0
0 0.01 10.730210362611421 0.0257570743560791 57.69870853424072 0.5714285714285715 1.0
0 0.01 9.346160307090315 0.03826260566711426 57.73697113990784 0.7499999999999999 1.0
0 0.01 8.140633737265514 0.025712013244628906 57.762683153152466 0.7499999999999999 1.0
0 0.01 7.090603570541246 0.02601909637451172 57.78870224952698 0.7499999999999999 1.0
0 0.01 6.176012902339531 0.025920867919921875 57.8146231174469 0.7499999999999999 1.0
0 0.01 5.379391893848717 0.027408838272094727 57.842031955718994 0.7499999999999999 1.0
0 0.01 4.685524076001097 0.026350736618041992 57.868382692337036 0.7499999999999999 1.0
0 0.01 4.081155695663349 0.025974035263061523 57.8943567276001 0.7499999999999999 1.0
0 0.01 3.554742552184356 0.025957107543945312 57.92031383514404 0.7499999999999999 1.0
0 0.01 3.09622948855821 0.019475221633911133 57.939789056777954 0.7499999999999999 1.0
0 0.01 2.6968583252045994 0.03903913497924805 57.9788281917572 0.888888888888889 1.0
0 0.01 2.349000567658869 0.019639015197753906 57.998467206954956 0.888888888888889 1.0
0 0.01 2.046011692676912 0.04508805274963379 58.04355525970459 0.7272727272727272 1.0
0 0.01 1.7821042294352372 0.026307106018066406 58.069862365722656 0.7272727272727272 1.0
0 0.01 1.5522372115164986 0.058158159255981445 58.12802052497864 0.6666666666666666 1.0
0 0.01 1.3520198880735976 0.06502175331115723 58.193042278289795 0.5714285714285714 1.0
0 0.01 1.1776278549337647 0.08404707908630371 58.2770893573761 0.5000000000000001 1.0
0 0.01 1.0257300036406054 0.13555479049682617 58.412644147872925 0.47058823529411764 1.0
0 0.01 0.8934248930683893 0.09423065185546875 58.506874799728394 0.4444444444444444 1.0
0 0.01 0.7781853282259436 0.05983281135559082 58.566707611083984 0.4444444444444444 1.0
0 0.01 0.6778100876351608 0.1170356273651123 58.6837432384491 0.3478260869565218 1.0
0 0.01 0.590381877216004 0.07115006446838379 58.75489330291748 0.3478260869565218 1.0
0 0.01 0.5142307075440048 0.07179713249206543 58.826690435409546 0.3478260869565218 1.0
0 0.01 0.44790199493955546 0.16072487831115723 58.9874153137207 0.32000000000000006 1.0
0 0.01 0.39012877707943217 0.08969402313232422 59.07710933685303 0.32000000000000006 1.0
0 0.01 0.33980751241358653 0.09018087387084961 59.16729021072388 0.32000000000000006 1.0
0 0.01 0.2959770011254507 0.08398890495300293 59.25127911567688 0.32000000000000006 1.0
0 0.01 0.2578000249994245 0.12356305122375488 59.374842166900635 0.2962962962962963 1.0
0 0.01 0.22454735549379537 0.10916399955749512 59.48400616645813 0.2857142857142857 1.0
0 0.01 0.19558382455304058 0.07768702507019043 59.56169319152832 0.2857142857142857 1.0
0 0.01 0.1703561920944177 0.3517770767211914 59.91347026824951 0.24242424242424243 1.0
0 0.01 0.14838257842248037 0.15482401847839355 60.068294286727905 0.24242424242424243 1.0
0 0.01 0.12924325971726744 0.13594317436218262 60.20423746109009 0.24242424242424243 1.0
0 0.01 0.1125726507783501 0.12234282493591309 60.326580286026 0.24242424242424243 1.0
0 0.01 0.09805232188500161 0.20476388931274414 60.531344175338745 0.2352941176470588 1.0
0 0.01 0.08540491638568569 0.09710693359375 60.628451108932495 0.2352941176470588 1.0
0 0.01 0.07438885283512764 0.30123186111450195 60.929682970047 0.2222222222222222 1.0
0 0.01 0.06479371048308594 0.2957119941711426 61.22539496421814 0.2105263157894737 1.0
0 0.01 0.056436209971818335 0.30708813667297363 61.53248310089111 0.20512820512820512 1.0
0 0.01 0.049156712468482675 0.14194512367248535 61.6744282245636 0.20512820512820512 1.0
0 0.01 0.0428161703614703 0.5640251636505127 62.23845338821411 0.19047619047619047 1.0
0 0.01 0.03729347127511503 0.21921420097351074 62.45766758918762 0.19047619047619047 1.0
0 0.01 0.032483124670098805 0.49033212661743164 62.947999715805054 0.18181818181818182 1.0
