[216.40736058 188.4937774  164.18066384 143.00360867 124.55810333
 108.49181534  94.49785828  82.30892987  71.69220614  62.44489425
  54.39035884  47.37474809  41.26405496  35.94155748  31.30558923
  27.26759733  23.75045104  20.68696841  18.01863304  15.69447636
  13.67010404  11.906848    10.37102782   9.03330739   7.86813455
   6.85325305   5.96927734   5.19932239   4.52868107   3.94454329
   3.43575127   2.99258645   2.60658382   2.27037024   1.9775236
   1.72245016   1.5002777    1.30676244   1.138208     0.99139477
   0.86351843   0.75213639   0.65512111   0.57061946   0.49701737
   0.43290895   0.37706963   0.32843281   0.28606948   0.24917044]0 1 312.2098259152708 0.006731748580932617 0.006731748580932617 0.0 1.0
0 1 271.93903789811014 0.006557941436767578 0.013289690017700195 0.0 1.0
0 1 236.8626295349813 0.006606101989746094 0.01989579200744629 0.33333333333333337 1.0
0 1 206.31059705097118 0.05912017822265625 0.07901597023010254 0.5714285714285715 1.0
0 1 179.69935797424765 0.050965070724487305 0.12998104095458984 0.5714285714285715 1.0
0 1 156.52060397255676 0.04484105110168457 0.17482209205627441 0.5714285714285715 1.0
0 1 136.33159152101595 0.0451812744140625 0.22000336647033691 0.5714285714285715 1.0
0 1 118.74668494067365 0.05913209915161133 0.27913546562194824 0.7499999999999999 1.0
0 1 103.42999026917344 0.05128931999206543 0.33042478561401367 0.7499999999999999 1.0
0 1 90.08893926113359 0.05106306076049805 0.3814878463745117 0.7499999999999999 1.0
0 1 78.46870096453189 0.04485607147216797 0.4263439178466797 0.7499999999999999 1.0
0 1 68.34731412713553 0.044692039489746094 0.4710359573364258 0.7499999999999999 1.0
0 1 59.53144745577994 0.05101895332336426 0.52205491065979 0.6666666666666665 1.0
0 1 51.85270674408604 0.0570378303527832 0.5790927410125732 0.7272727272727272 1.0
0 1 45.16441833008278 0.05060601234436035 0.6296987533569336 0.7272727272727272 1.0
0 1 39.33882744370648 0.07187581062316895 0.7015745639801025 0.6153846153846154 1.0
0 1 34.26465792907022 0.1270129680633545 0.828587532043457 0.47058823529411764 1.0
0 1 29.84498672911064 0.13776183128356934 0.9663493633270264 0.3636363636363636 1.0
0 1 25.99539253258091 0.18804097175598145 1.1543903350830078 0.3076923076923077 1.0
0 1 22.642343220204207 0.5782649517059326 1.7326552867889404 0.26666666666666666 1.0
0 1 19.721791308170232 0.6979961395263672 2.4306514263153076 0.27586206896551724 1.0
0 1 17.177950560167822 0.9882197380065918 3.4188711643218994 0.26666666666666666 1.0
0 1 14.962230399696251 0.8405430316925049 4.259414196014404 0.24242424242424243 1.0
0 1 13.03230776858211 0.6518278121948242 4.9112420082092285 0.2222222222222222 1.0
0 1 11.351318703025308 0.7786481380462646 5.689890146255493 0.2222222222222222 1.0
0 1 9.887154185253786 0.6648039817810059 6.354694128036499 0.21621621621621623 1.0
0 1 8.611846820663045 0.7020280361175537 7.056722164154053 0.20512820512820512 1.0
0 1 7.501036625197576 0.8632891178131104 7.920011281967163 0.19999999999999998 1.0
0 1 6.53350571883761 0.6906051635742188 8.610616445541382 0.20512820512820512 1.0
0 1 5.69077303724795 0.8637900352478027 9.474406480789185 0.18604651162790697 1.0
0 1 4.956741320068812 0.7394428253173828 10.213849306106567 0.1777777777777778 1.0
0 1 4.317389632878279 0.956153154373169 11.170002460479736 0.16666666666666666 1.0
0 1 3.7605055496069455 6.769546031951904 17.93954849243164 0.1702127659574468 1.0
0 1 3.2754518797500736 1.5464680194854736 19.486016511917114 0.1702127659574468 1.0
0 1 2.8529634845718124 0.9909861087799072 20.47700262069702 0.16666666666666666 1.0
0 1 2.4849703012340436 1.0758230686187744 21.552825689315796 0.163265306122449 1.0
0 1 2.1644431943866964 1.252871036529541 22.805696725845337 0.163265306122449 1.0
0 1 1.8852596907900219 0.6244637966156006 23.430160522460938 0.163265306122449 1.0
0 1 1.6420870323301746 0.5845897197723389 24.014750242233276 0.163265306122449 1.0
0 1 1.4302803135927475 0.5593678951263428 24.57411813735962 0.163265306122449 1.0
0 1 1.2457937582930971 0.5541400909423828 25.128258228302002 0.163265306122449 1.0
0 1 1.0851034398309916 2.990365982055664 28.118624210357666 0.1568627450980392 1.0
0 1 0.945139969834425 2.629242181777954 30.74786639213562 0.1568627450980392 1.0
0 1 0.823229868958621 3.7618508338928223 34.50971722602844 0.1568627450980392 1.0
0 1 0.7170445000483404 7.572399139404297 42.08211636543274 0.15384615384615383 1.0
0 1 0.624555588222246 6.895908832550049 48.97802519798279 0.1509433962264151 1.0
0 1 0.5439964782567033 5.02662992477417 54.00465512275696 0.1509433962264151 1.0
0 1 0.4738283892360109 4.499776124954224 58.50443124771118 0.1509433962264151 1.0
0 1 0.4127110218901976 4.674146890640259 63.17857813835144 0.1481481481481481 1.0
0 1 0.3594769571833539 4.487411022186279 67.66598916053772 0.1481481481481481 1.0
0 0.1 130.20161032759302 0.006330013275146484 67.67231917381287 0.0 1.0
0 0.1 113.40738729625762 0.006721973419189453 67.67904114723206 0.0 1.0
0 0.1 98.77938883400856 0.006384134292602539 67.68542528152466 0.0 1.0
0 0.1 86.03820166433057 0.006376981735229492 67.69180226325989 0.0 1.0
0 0.1 74.9404529934022 0.0066602230072021484 67.69846248626709 0.0 1.0
0 0.1 65.27416178184274 0.006593942642211914 67.7050564289093 0.0 1.0
0 0.1 56.854689638682785 0.00677490234375 67.71183133125305 0.0 1.0
0 0.1 49.52121399451067 0.05178189277648926 67.76361322402954 0.5714285714285715 1.0
0 0.1 43.13365618693992 0.03832721710205078 67.80194044113159 0.5714285714285715 1.0
0 0.1 37.570005780944214 0.0381617546081543 67.84010219573975 0.5714285714285715 1.0
0 0.1 32.7239900151928 0.038069963455200195 67.87817215919495 0.5714285714285715 1.0
0 0.1 28.503043857863506 0.03838396072387695 67.91655611991882 0.5714285714285715 1.0
0 0.1 24.826541897430772 0.038134098052978516 67.9546902179718 0.5714285714285715 1.0
0 0.1 21.624258295306348 0.05080699920654297 68.00549721717834 0.7499999999999999 1.0
0 0.1 18.835025383479486 0.04478287696838379 68.05028009414673 0.7499999999999999 1.0
0 0.1 16.405565284674683 0.04464888572692871 68.09492897987366 0.7499999999999999 1.0
0 0.1 14.289472237493916 0.03840517997741699 68.13333415985107 0.7499999999999999 1.0
0 0.1 12.446326187665905 0.03835701942443848 68.17169117927551 0.7499999999999999 1.0
0 0.1 10.840920713874212 0.03814220428466797 68.20983338356018 0.7499999999999999 1.0
0 0.1 9.44259054057033 0.03814983367919922 68.24798321723938 0.7499999999999999 1.0
0 0.1 8.224625792416147 0.0384221076965332 68.28640532493591 0.7499999999999999 1.0
0 0.1 7.163761801874259 0.05064582824707031 68.33705115318298 0.888888888888889 1.0
0 0.1 6.239734724625884 0.06362581253051758 68.4006769657135 0.7272727272727272 1.0
0 0.1 5.43489447450858 0.05131888389587402 68.45199584960938 0.7272727272727272 1.0
0 0.1 4.733867584541418 0.05116415023803711 68.50315999984741 0.7272727272727272 1.0
0 0.1 4.123263554256632 0.101715087890625 68.60487508773804 0.6153846153846154 1.0
0 0.1 3.591419074200402 0.08296084403991699 68.68783593177795 0.5333333333333333 1.0
0 0.1 3.128175241967003 0.2348031997680664 68.92263913154602 0.4210526315789473 1.0
0 0.1 2.7246835143108377 0.19690489768981934 69.11954402923584 0.38095238095238093 1.0
0 0.1 2.373236688776134 0.12793684005737305 69.24748086929321 0.38095238095238093 1.0
0 0.1 2.0671216863796724 0.4390699863433838 69.6865508556366 0.3333333333333333 1.0
0 0.1 1.8004913233094775 0.40259504318237305 70.08914589881897 0.3076923076923077 1.0
0 0.1 1.5682526223167341 0.38924288749694824 70.47838878631592 0.2857142857142857 1.0
0 0.1 1.3659695304072161 0.4843471050262451 70.96273589134216 0.2962962962962963 1.0
0 0.1 1.1897781846170337 0.41395998001098633 71.37669587135315 0.26666666666666666 1.0
0 0.1 1.036313107341863 0.28249406814575195 71.6591899394989 0.26666666666666666 1.0
0 0.1 0.9026429214570189 0.8496639728546143 72.50885391235352 0.24242424242424243 1.0
0 0.1 0.786214357305898 0.709277868270874 73.21813178062439 0.2352941176470588 1.0
0 0.1 0.6848034820193963 0.5058321952819824 73.72396397590637 0.2222222222222222 1.0
0 0.1 0.5964732195846044 1.2875902652740479 75.01155424118042 0.21621621621621623 1.0
0 0.1 0.5195363502423698 3.332955837249756 78.34451007843018 0.19999999999999998 1.0
0 0.1 0.4525232824553942 5.357076406478882 83.70158648490906 0.19512195121951217 1.0
0 0.1 0.3941539818506903 1.5762836933135986 85.27787017822266 0.19512195121951217 1.0
0 0.1 0.34331352094368267 1.3828802108764648 86.66075038909912 0.19047619047619047 1.0
0 0.1 0.2990307826127625 7.910190105438232 94.57094049453735 0.25 1.0
0 0.1 0.2604599105337001 0.8886148929595947 95.45955538749695 0.25 1.0
0 0.1 0.22686415225376097 0.7043514251708984 96.16390681266785 0.24390243902439027 1.0
0 0.1 0.19760178628779224 0.846635103225708 97.01054191589355 0.24390243902439027 1.0
0 0.1 0.17211386442601356 0.670457124710083 97.68099904060364 0.24390243902439027 1.0
0 0.1 0.14991353511608546 0.5562610626220703 98.23726010322571 0.24390243902439027 1.0
0 0.01 28.211963230963963 0.006343364715576172 98.24360346794128 0.33333333333333337 1.0
0 0.01 24.573006681497752 0.0453639030456543 98.28896737098694 0.5714285714285715 1.0
0 0.01 21.403425646968028 0.03850388526916504 98.3274712562561 0.5714285714285715 1.0
0 0.01 18.642677119777133 0.03816986083984375 98.36564111709595 0.5714285714285715 1.0
0 0.01 16.238027310431736 0.03846311569213867 98.40410423278809 0.5714285714285715 1.0
0 0.01 14.143544365449966 0.03840994834899902 98.44251418113708 0.5714285714285715 1.0
0 0.01 12.319221010851523 0.03806591033935547 98.48058009147644 0.5714285714285715 1.0
0 0.01 10.730210362611421 0.03218197822570801 98.51276206970215 0.5714285714285715 1.0
0 0.01 9.346160307090315 0.050676822662353516 98.5634388923645 0.7499999999999999 1.0
0 0.01 8.140633737265514 0.03838181495666504 98.60182070732117 0.7499999999999999 1.0
0 0.01 7.090603570541246 0.03830885887145996 98.64012956619263 0.7499999999999999 1.0
0 0.01 6.176012902339531 0.038285017013549805 98.67841458320618 0.7499999999999999 1.0
0 0.01 5.379391893848717 0.03849506378173828 98.71690964698792 0.7499999999999999 1.0
0 0.01 4.685524076001097 0.03857994079589844 98.75548958778381 0.7499999999999999 1.0
0 0.01 4.081155695663349 0.03833913803100586 98.79382872581482 0.7499999999999999 1.0
0 0.01 3.554742552184356 0.03838610649108887 98.83221483230591 0.7499999999999999 1.0
0 0.01 3.09622948855821 0.03843188285827637 98.87064671516418 0.7499999999999999 1.0
0 0.01 2.6968583252045994 0.05133533477783203 98.92198204994202 0.888888888888889 1.0
0 0.01 2.349000567658869 0.03232383728027344 98.95430588722229 0.888888888888889 1.0
0 0.01 2.046011692676912 0.05767703056335449 99.01198291778564 0.7272727272727272 1.0
0 0.01 1.7821042294352372 0.04551386833190918 99.05749678611755 0.7272727272727272 1.0
0 0.01 1.5522372115164986 0.09012985229492188 99.14762663841248 0.6666666666666666 1.0
0 0.01 1.3520198880735976 0.08387207984924316 99.23149871826172 0.5714285714285714 1.0
0 0.01 1.1776278549337647 0.11616873741149902 99.34766745567322 0.5000000000000001 1.0
0 0.01 1.0257300036406054 0.12969279289245605 99.47736024856567 0.47058823529411764 1.0
0 0.01 0.8934248930683893 0.12965011596679688 99.60701036453247 0.4444444444444444 1.0
0 0.01 0.7781853282259436 0.10399580001831055 99.71100616455078 0.4444444444444444 1.0
0 0.01 0.6778100876351608 0.16721677780151367 99.8782229423523 0.3478260869565218 1.0
0 0.01 0.590381877216004 0.12210488319396973 100.00032782554626 0.3478260869565218 1.0
0 0.01 0.5142307075440048 0.11658501625061035 100.11691284179688 0.3478260869565218 1.0
0 0.01 0.44790199493955546 0.22330904006958008 100.34022188186646 0.32000000000000006 1.0
0 0.01 0.39012877707943217 0.15407180786132812 100.49429368972778 0.32000000000000006 1.0
0 0.01 0.33980751241358653 0.14890384674072266 100.6431975364685 0.32000000000000006 1.0
0 0.01 0.2959770011254507 0.1474449634552002 100.7906424999237 0.32000000000000006 1.0
0 0.01 0.2578000249994245 0.1852400302886963 100.9758825302124 0.2962962962962963 1.0
0 0.01 0.22454735549379537 0.17275309562683105 101.14863562583923 0.2857142857142857 1.0
0 0.01 0.19558382455304058 0.1408371925354004 101.28947281837463 0.2857142857142857 1.0
0 0.01 0.1703561920944177 0.544950008392334 101.83442282676697 0.24242424242424243 1.0
0 0.01 0.14838257842248037 0.32772207260131836 102.16214489936829 0.24242424242424243 1.0
0 0.01 0.12924325971726744 0.30228185653686523 102.46442675590515 0.24242424242424243 1.0
0 0.01 0.1125726507783501 0.2820470333099365 102.74647378921509 0.24242424242424243 1.0
0 0.01 0.09805232188500161 0.3649110794067383 103.11138486862183 0.2352941176470588 1.0
0 0.01 0.08540491638568569 0.24563312530517578 103.357017993927 0.2352941176470588 1.0
0 0.01 0.07438885283512764 0.4748058319091797 103.83182382583618 0.2222222222222222 1.0
0 0.01 0.06479371048308594 0.48795390129089355 104.31977772712708 0.2105263157894737 1.0
0 0.01 0.056436209971818335 0.5190751552581787 104.83885288238525 0.20512820512820512 1.0
0 0.01 0.049156712468482675 0.34014010429382324 105.17899298667908 0.20512820512820512 1.0
0 0.01 0.0428161703614703 0.9008159637451172 106.0798089504242 0.19047619047619047 1.0
0 0.01 0.03729347127511503 0.5300900936126709 106.60989904403687 0.19047619047619047 1.0
0 0.01 0.032483124670098805 0.8220663070678711 107.43196535110474 0.18181818181818182 1.0
