[216.40736058 188.4937774  164.18066384 143.00360867 124.55810333
 108.49181534  94.49785828  82.30892987  71.69220614  62.44489425
  54.39035884  47.37474809  41.26405496  35.94155748  31.30558923
  27.26759733  23.75045104  20.68696841  18.01863304  15.69447636
  13.67010404  11.906848    10.37102782   9.03330739   7.86813455
   6.85325305   5.96927734   5.19932239   4.52868107   3.94454329
   3.43575127   2.99258645   2.60658382   2.27037024   1.9775236
   1.72245016   1.5002777    1.30676244   1.138208     0.99139477
   0.86351843   0.75213639   0.65512111   0.57061946   0.49701737
   0.43290895   0.37706963   0.32843281   0.28606948   0.24917044]0 1 312.2098259152708 0.0066568851470947266 0.0066568851470947266 0.0 1.0
0 1 271.93903789811014 0.00663304328918457 0.013289928436279297 0.0 1.0
0 1 236.8626295349813 0.006688117980957031 0.019978046417236328 0.33333333333333337 1.0
0 1 206.31059705097118 0.051624298095703125 0.07160234451293945 0.5714285714285715 1.0
0 1 179.69935797424765 0.04521489143371582 0.11681723594665527 0.5714285714285715 1.0
0 1 156.52060397255676 0.03867292404174805 0.15549015998840332 0.5714285714285715 1.0
0 1 136.33159152101595 0.0385279655456543 0.19401812553405762 0.5714285714285715 1.0
0 1 118.74668494067365 0.04780006408691406 0.24181818962097168 0.7499999999999999 1.0
0 1 103.42999026917344 0.04548788070678711 0.2873060703277588 0.7499999999999999 1.0
0 1 90.08893926113359 0.04576897621154785 0.33307504653930664 0.7499999999999999 1.0
0 1 78.46870096453189 0.03896498680114746 0.3720400333404541 0.7499999999999999 1.0
0 1 68.34731412713553 0.038880109786987305 0.4109201431274414 0.7499999999999999 1.0
0 1 59.53144745577994 0.04515719413757324 0.45607733726501465 0.6666666666666665 1.0
0 1 51.85270674408604 0.05172991752624512 0.5078072547912598 0.7272727272727272 1.0
0 1 45.16441833008278 0.04475116729736328 0.552558422088623 0.7272727272727272 1.0
0 1 39.33882744370648 0.0573430061340332 0.6099014282226562 0.6153846153846154 1.0
0 1 34.26465792907022 0.10912108421325684 0.7190225124359131 0.47058823529411764 1.0
0 1 29.84498672911064 0.1134500503540039 0.832472562789917 0.3636363636363636 1.0
0 1 25.99539253258091 0.14534306526184082 0.9778156280517578 0.3076923076923077 1.0
0 1 22.642343220204207 0.45601511001586914 1.433830738067627 0.26666666666666666 1.0
0 1 19.721791308170232 0.5603761672973633 1.9942069053649902 0.27586206896551724 1.0
0 1 17.177950560167822 0.8083279132843018 2.802534818649292 0.26666666666666666 1.0
0 1 14.962230399696251 0.6798179149627686 3.4823527336120605 0.24242424242424243 1.0
0 1 13.03230776858211 0.5473127365112305 4.029665470123291 0.2222222222222222 1.0
0 1 11.351318703025308 0.592167854309082 4.621833324432373 0.2222222222222222 1.0
0 1 9.887154185253786 0.5297138690948486 5.151547193527222 0.21621621621621623 1.0
0 1 8.611846820663045 0.5312809944152832 5.682828187942505 0.20512820512820512 1.0
0 1 7.501036625197576 0.6389861106872559 6.321814298629761 0.19999999999999998 1.0
0 1 6.53350571883761 0.5247631072998047 6.846577405929565 0.20512820512820512 1.0
0 1 5.69077303724795 0.6414279937744141 7.4880053997039795 0.18604651162790697 1.0
0 1 4.956741320068812 0.5553131103515625 8.043318510055542 0.1777777777777778 1.0
0 1 4.317389632878279 0.6745481491088867 8.717866659164429 0.16666666666666666 1.0
0 1 3.7605055496069455 5.765166997909546 14.483033657073975 0.1702127659574468 1.0
0 1 3.2754518797500736 1.2255098819732666 15.708543539047241 0.1702127659574468 1.0
0 1 2.8529634845718124 0.58315110206604 16.29169464111328 0.16666666666666666 1.0
0 1 2.4849703012340436 0.7007217407226562 16.992416381835938 0.163265306122449 1.0
0 1 2.1644431943866964 0.9592139720916748 17.951630353927612 0.163265306122449 1.0
0 1 1.8852596907900219 0.42565393447875977 18.377284288406372 0.163265306122449 1.0
0 1 1.6420870323301746 0.4089980125427246 18.786282300949097 0.163265306122449 1.0
0 1 1.4302803135927475 0.3939180374145508 19.180200338363647 0.163265306122449 1.0
0 1 1.2457937582930971 0.37714624404907227 19.55734658241272 0.163265306122449 1.0
0 1 1.0851034398309916 2.1153008937835693 21.67264747619629 0.1568627450980392 1.0
0 1 0.945139969834425 1.8094358444213867 23.482083320617676 0.1568627450980392 1.0
0 1 0.823229868958621 3.179060220718384 26.66114354133606 0.1568627450980392 1.0
0 1 0.7170445000483404 6.187654256820679 32.84879779815674 0.15384615384615383 1.0
0 1 0.624555588222246 5.089306831359863 37.9381046295166 0.1509433962264151 1.0
0 1 0.5439964782567033 3.3520548343658447 41.290159463882446 0.1509433962264151 1.0
0 1 0.4738283892360109 2.920811176300049 44.210970640182495 0.1509433962264151 1.0
0 1 0.4127110218901976 3.0017499923706055 47.2127206325531 0.1481481481481481 1.0
0 1 0.3594769571833539 2.8922080993652344 50.104928731918335 0.1481481481481481 1.0
0 0.1 130.20161032759302 0.006359100341796875 50.11128783226013 0.0 1.0
0 0.1 113.40738729625762 0.006410121917724609 50.117697954177856 0.0 1.0
0 0.1 98.77938883400856 0.006647825241088867 50.124345779418945 0.0 1.0
0 0.1 86.03820166433057 0.0065500736236572266 50.1308958530426 0.0 1.0
0 0.1 74.9404529934022 0.006525754928588867 50.13742160797119 0.0 1.0
0 0.1 65.27416178184274 0.006530046463012695 50.143951654434204 0.0 1.0
0 0.1 56.854689638682785 0.006623983383178711 50.15057563781738 0.0 1.0
0 0.1 49.52121399451067 0.045751094818115234 50.1963267326355 0.5714285714285715 1.0
0 0.1 43.13365618693992 0.032363176345825195 50.22868990898132 0.5714285714285715 1.0
0 0.1 37.570005780944214 0.03205394744873047 50.260743856430054 0.5714285714285715 1.0
0 0.1 32.7239900151928 0.03233790397644043 50.293081760406494 0.5714285714285715 1.0
0 0.1 28.503043857863506 0.032289981842041016 50.325371742248535 0.5714285714285715 1.0
0 0.1 24.826541897430772 0.03205728530883789 50.35742902755737 0.5714285714285715 1.0
0 0.1 21.624258295306348 0.0449521541595459 50.40238118171692 0.7499999999999999 1.0
0 0.1 18.835025383479486 0.03859400749206543 50.440975189208984 0.7499999999999999 1.0
0 0.1 16.405565284674683 0.03190207481384277 50.47287726402283 0.7499999999999999 1.0
0 0.1 14.289472237493916 0.03203320503234863 50.504910469055176 0.7499999999999999 1.0
0 0.1 12.446326187665905 0.032301902770996094 50.53721237182617 0.7499999999999999 1.0
0 0.1 10.840920713874212 0.03198075294494629 50.56919312477112 0.7499999999999999 1.0
0 0.1 9.44259054057033 0.03207993507385254 50.60127305984497 0.7499999999999999 1.0
0 0.1 8.224625792416147 0.032253265380859375 50.63352632522583 0.7499999999999999 1.0
0 0.1 7.163761801874259 0.04477190971374512 50.678298234939575 0.888888888888889 1.0
0 0.1 6.239734724625884 0.05751299858093262 50.73581123352051 0.7272727272727272 1.0
0 0.1 5.43489447450858 0.039433956146240234 50.77524518966675 0.7272727272727272 1.0
0 0.1 4.733867584541418 0.03996896743774414 50.81521415710449 0.7272727272727272 1.0
0 0.1 4.123263554256632 0.08328700065612793 50.89850115776062 0.6153846153846154 1.0
0 0.1 3.591419074200402 0.07691693305969238 50.97541809082031 0.5333333333333333 1.0
0 0.1 3.128175241967003 0.20403695106506348 51.179455041885376 0.4210526315789473 1.0
0 0.1 2.7246835143108377 0.17467594146728516 51.35413098335266 0.38095238095238093 1.0
0 0.1 2.373236688776134 0.1030740737915039 51.457205057144165 0.38095238095238093 1.0
0 0.1 2.0671216863796724 0.3756978511810303 51.832902908325195 0.3333333333333333 1.0
0 0.1 1.8004913233094775 0.34012317657470703 52.1730260848999 0.3076923076923077 1.0
0 0.1 1.5682526223167341 0.31145215034484863 52.48447823524475 0.2857142857142857 1.0
0 0.1 1.3659695304072161 0.45032811164855957 52.93480634689331 0.2962962962962963 1.0
0 0.1 1.1897781846170337 0.320040225982666 53.25484657287598 0.26666666666666666 1.0
0 0.1 1.036313107341863 0.220794677734375 53.47564125061035 0.26666666666666666 1.0
0 0.1 0.9026429214570189 0.7438578605651855 54.21949911117554 0.24242424242424243 1.0
0 0.1 0.786214357305898 0.5727829933166504 54.79228210449219 0.2352941176470588 1.0
0 0.1 0.6848034820193963 0.3855900764465332 55.17787218093872 0.2222222222222222 1.0
0 0.1 0.5964732195846044 1.1403999328613281 56.31827211380005 0.21621621621621623 1.0
0 0.1 0.5195363502423698 2.830845832824707 59.149117946624756 0.19999999999999998 1.0
0 0.1 0.4525232824553942 4.246114015579224 63.39523196220398 0.19512195121951217 1.0
0 0.1 0.3941539818506903 1.0904278755187988 64.48565983772278 0.19512195121951217 1.0
0 0.1 0.34331352094368267 1.0033159255981445 65.48897576332092 0.19047619047619047 1.0
0 0.1 0.2990307826127625 7.5450499057769775 73.0340256690979 0.25 1.0
0 0.1 0.2604599105337001 0.6635887622833252 73.69761443138123 0.25 1.0
0 0.1 0.22686415225376097 0.29784393310546875 73.9954583644867 0.24390243902439027 1.0
0 0.1 0.19760178628779224 0.607367753982544 74.60282611846924 0.24390243902439027 1.0
0 0.1 0.17211386442601356 0.46670985221862793 75.06953597068787 0.24390243902439027 1.0
0 0.1 0.14991353511608546 0.37282299995422363 75.44235897064209 0.24390243902439027 1.0
0 0.01 28.211963230963963 0.00650334358215332 75.44886231422424 0.33333333333333337 1.0
0 0.01 24.573006681497752 0.039399147033691406 75.48826146125793 0.5714285714285715 1.0
0 0.01 21.403425646968028 0.03267216682434082 75.52093362808228 0.5714285714285715 1.0
0 0.01 18.642677119777133 0.032434940338134766 75.55336856842041 0.5714285714285715 1.0
0 0.01 16.238027310431736 0.0339047908782959 75.5872733592987 0.5714285714285715 1.0
0 0.01 14.143544365449966 0.03298497200012207 75.62025833129883 0.5714285714285715 1.0
0 0.01 12.319221010851523 0.03237509727478027 75.65263342857361 0.5714285714285715 1.0
0 0.01 10.730210362611421 0.03218793869018555 75.6848213672638 0.5714285714285715 1.0
0 0.01 9.346160307090315 0.04485917091369629 75.72968053817749 0.7499999999999999 1.0
0 0.01 8.140633737265514 0.03222489356994629 75.76190543174744 0.7499999999999999 1.0
0 0.01 7.090603570541246 0.03216671943664551 75.79407215118408 0.7499999999999999 1.0
0 0.01 6.176012902339531 0.03210282325744629 75.82617497444153 0.7499999999999999 1.0
0 0.01 5.379391893848717 0.032267093658447266 75.85844206809998 0.7499999999999999 1.0
0 0.01 4.685524076001097 0.03231310844421387 75.89075517654419 0.7499999999999999 1.0
0 0.01 4.081155695663349 0.03230118751525879 75.92305636405945 0.7499999999999999 1.0
0 0.01 3.554742552184356 0.03234505653381348 75.95540142059326 0.7499999999999999 1.0
0 0.01 3.09622948855821 0.03254508972167969 75.98794651031494 0.7499999999999999 1.0
0 0.01 2.6968583252045994 0.04540395736694336 76.03335046768188 0.888888888888889 1.0
0 0.01 2.349000567658869 0.026104211807250977 76.05945467948914 0.888888888888889 1.0
0 0.01 2.046011692676912 0.05168414115905762 76.1111388206482 0.7272727272727272 1.0
0 0.01 1.7821042294352372 0.03901100158691406 76.15014982223511 0.7272727272727272 1.0
0 0.01 1.5522372115164986 0.07792186737060547 76.22807168960571 0.6666666666666666 1.0
0 0.01 1.3520198880735976 0.07130599021911621 76.29937767982483 0.5714285714285714 1.0
0 0.01 1.1776278549337647 0.10433101654052734 76.40370869636536 0.5000000000000001 1.0
0 0.01 1.0257300036406054 0.11062479019165039 76.514333486557 0.47058823529411764 1.0
0 0.01 0.8934248930683893 0.11122989654541016 76.62556338310242 0.4444444444444444 1.0
0 0.01 0.7781853282259436 0.07930397987365723 76.70486736297607 0.4444444444444444 1.0
0 0.01 0.6778100876351608 0.14197897911071777 76.84684634208679 0.3478260869565218 1.0
0 0.01 0.590381877216004 0.09698820114135742 76.94383454322815 0.3478260869565218 1.0
0 0.01 0.5142307075440048 0.09124016761779785 77.03507471084595 0.3478260869565218 1.0
0 0.01 0.44790199493955546 0.19329190254211426 77.22836661338806 0.32000000000000006 1.0
0 0.01 0.39012877707943217 0.1218099594116211 77.35017657279968 0.32000000000000006 1.0
0 0.01 0.33980751241358653 0.11613893508911133 77.4663155078888 0.32000000000000006 1.0
0 0.01 0.2959770011254507 0.11762189865112305 77.58393740653992 0.32000000000000006 1.0
0 0.01 0.2578000249994245 0.15531516075134277 77.73925256729126 0.2962962962962963 1.0
0 0.01 0.22454735549379537 0.14147090911865234 77.88072347640991 0.2857142857142857 1.0
0 0.01 0.19558382455304058 0.11020493507385254 77.99092841148376 0.2857142857142857 1.0
0 0.01 0.1703561920944177 0.4499239921569824 78.44085240364075 0.24242424242424243 1.0
0 0.01 0.14838257842248037 0.23833608627319336 78.67918848991394 0.24242424242424243 1.0
0 0.01 0.12924325971726744 0.2191009521484375 78.89828944206238 0.24242424242424243 1.0
0 0.01 0.1125726507783501 0.20198774337768555 79.10027718544006 0.24242424242424243 1.0
0 0.01 0.09805232188500161 0.2828848361968994 79.38316202163696 0.2352941176470588 1.0
0 0.01 0.08540491638568569 0.16843199729919434 79.55159401893616 0.2352941176470588 1.0
0 0.01 0.07438885283512764 0.40552234649658203 79.95711636543274 0.2222222222222222 1.0
0 0.01 0.06479371048308594 0.3935370445251465 80.35065340995789 0.2105263157894737 1.0
0 0.01 0.056436209971818335 0.4155769348144531 80.76623034477234 0.20512820512820512 1.0
0 0.01 0.049156712468482675 0.2403569221496582 81.006587266922 0.20512820512820512 1.0
0 0.01 0.0428161703614703 0.7425789833068848 81.74916625022888 0.19047619047619047 1.0
0 0.01 0.03729347127511503 0.37436914443969727 82.12353539466858 0.19047619047619047 1.0
0 0.01 0.032483124670098805 0.6626276969909668 82.78616309165955 0.18181818181818182 1.0
