[216.40736058 188.4937774  164.18066384 143.00360867 124.55810333
 108.49181534  94.49785828  82.30892987  71.69220614  62.44489425
  54.39035884  47.37474809  41.26405496  35.94155748  31.30558923
  27.26759733  23.75045104  20.68696841  18.01863304  15.69447636
  13.67010404  11.906848    10.37102782   9.03330739   7.86813455
   6.85325305   5.96927734   5.19932239   4.52868107   3.94454329
   3.43575127   2.99258645   2.60658382   2.27037024   1.9775236
   1.72245016   1.5002777    1.30676244   1.138208     0.99139477
   0.86351843   0.75213639   0.65512111   0.57061946   0.49701737
   0.43290895   0.37706963   0.32843281   0.28606948   0.24917044]0 1 312.2098259152708 0.0005450248718261719 0.0005450248718261719 0.0 1.0
0 1 271.93903789811014 0.0006158351898193359 0.0011608600616455078 0.0 1.0
0 1 236.8626295349813 0.0047571659088134766 0.005918025970458984 0.33333333333333337 1.0
0 1 206.31059705097118 0.022417068481445312 0.028335094451904297 0.5714285714285715 1.0
0 1 179.69935797424765 0.014062166213989258 0.042397260665893555 0.5714285714285715 1.0
0 1 156.52060397255676 0.011584043502807617 0.05398130416870117 0.5714285714285715 1.0
0 1 136.33159152101595 0.009794950485229492 0.06377625465393066 0.5714285714285715 1.0
0 1 118.74668494067365 0.009667158126831055 0.07344341278076172 0.7499999999999999 1.0
0 1 103.42999026917344 0.009096860885620117 0.08254027366638184 0.7499999999999999 1.0
0 1 90.08893926113359 0.008718252182006836 0.09125852584838867 0.7499999999999999 1.0
0 1 78.46870096453189 0.008145809173583984 0.09940433502197266 0.7499999999999999 1.0
0 1 68.34731412713553 0.008261919021606445 0.1076662540435791 0.7499999999999999 1.0
0 1 59.53144745577994 0.011334896087646484 0.11900115013122559 0.6666666666666665 1.0
0 1 51.85270674408604 0.00858306884765625 0.12758421897888184 0.7272727272727272 1.0
0 1 45.16441833008278 0.00909113883972168 0.13667535781860352 0.7272727272727272 1.0
0 1 39.33882744370648 0.01175999641418457 0.14843535423278809 0.6153846153846154 1.0
0 1 34.26465792907022 0.015926122665405273 0.16436147689819336 0.47058823529411764 1.0
0 1 29.84498672911064 0.026682138442993164 0.19104361534118652 0.3636363636363636 1.0
0 1 25.99539253258091 0.030421972274780273 0.2214655876159668 0.3076923076923077 1.0
0 1 22.642343220204207 0.10215330123901367 0.32361888885498047 0.26666666666666666 1.0
0 1 19.721791308170232 0.09897089004516602 0.4225897789001465 0.27586206896551724 1.0
0 1 17.177950560167822 0.1604022979736328 0.5829920768737793 0.26666666666666666 1.0
0 1 14.962230399696251 0.13881802558898926 0.7218101024627686 0.24242424242424243 1.0
0 1 13.03230776858211 0.1257627010345459 0.8475728034973145 0.2222222222222222 1.0
0 1 11.351318703025308 0.13642001152038574 0.9839928150177002 0.2222222222222222 1.0
0 1 9.887154185253786 0.12713098526000977 1.11112380027771 0.21621621621621623 1.0
0 1 8.611846820663045 0.12206006050109863 1.2331838607788086 0.20512820512820512 1.0
0 1 7.501036625197576 0.12306094169616699 1.3562448024749756 0.19999999999999998 1.0
0 1 6.53350571883761 0.10234498977661133 1.458589792251587 0.20512820512820512 1.0
0 1 5.69077303724795 0.13281679153442383 1.5914065837860107 0.18604651162790697 1.0
0 1 4.956741320068812 0.11267828941345215 1.704084873199463 0.1777777777777778 1.0
0 1 4.317389632878279 0.13842511177062988 1.8425099849700928 0.1702127659574468 1.0
0 1 3.7605055496069455 1.578739881515503 3.4212498664855957 0.1702127659574468 1.0
0 1 3.2754518797500736 0.34217000007629395 3.7634198665618896 0.1702127659574468 1.0
0 1 2.8529634845718124 0.12652325630187988 3.8899431228637695 0.16666666666666666 1.0
0 1 2.4849703012340436 0.08702373504638672 3.9769668579101562 0.163265306122449 1.0
0 1 2.1644431943866964 0.2484893798828125 4.225456237792969 0.163265306122449 1.0
0 1 1.8852596907900219 0.10825610160827637 4.333712339401245 0.163265306122449 1.0
0 1 1.6420870323301746 0.09507417678833008 4.428786516189575 0.163265306122449 1.0
0 1 1.4302803135927475 0.08230781555175781 4.511094331741333 0.163265306122449 1.0
0 1 1.2457937582930971 0.08012795448303223 4.591222286224365 0.163265306122449 1.0
0 1 1.0851034398309916 0.39510011672973633 4.986322402954102 0.1568627450980392 1.0
0 1 0.945139969834425 0.39836978912353516 5.384692192077637 0.1568627450980392 1.0
0 1 0.823229868958621 0.7056260108947754 6.090318202972412 0.1568627450980392 1.0
0 1 0.7170445000483404 1.0364878177642822 7.126806020736694 0.1509433962264151 1.0
0 1 0.624555588222246 1.1099951267242432 8.236801147460938 0.1509433962264151 1.0
0 1 0.5439964782567033 0.598797082901001 8.835598230361938 0.1509433962264151 1.0
0 1 0.4738283892360109 0.4786038398742676 9.314202070236206 0.1509433962264151 1.0
0 1 0.4127110218901976 0.4539530277252197 9.768155097961426 0.1481481481481481 1.0
0 1 0.3594769571833539 0.4564077854156494 10.224562883377075 0.1481481481481481 1.0
0 0.1 130.20161032759302 0.0005047321319580078 10.225067615509033 0.0 1.0
0 0.1 113.40738729625762 0.0004901885986328125 10.225557804107666 0.0 1.0
0 0.1 98.77938883400856 0.0005197525024414062 10.226077556610107 0.0 1.0
0 0.1 86.03820166433057 0.0005171298980712891 10.226594686508179 0.0 1.0
0 0.1 74.9404529934022 0.0005512237548828125 10.227145910263062 0.0 1.0
0 0.1 65.27416178184274 0.0005738735198974609 10.227719783782959 0.0 1.0
0 0.1 56.854689638682785 0.0006201267242431641 10.228339910507202 0.0 1.0
0 0.1 49.52121399451067 0.011729955673217773 10.24006986618042 0.5714285714285715 1.0
0 0.1 43.13365618693992 0.009536981582641602 10.249606847763062 0.5714285714285715 1.0
0 0.1 37.570005780944214 0.00792694091796875 10.25753378868103 0.5714285714285715 1.0
0 0.1 32.7239900151928 0.00751495361328125 10.265048742294312 0.5714285714285715 1.0
0 0.1 28.503043857863506 0.007170200347900391 10.272218942642212 0.5714285714285715 1.0
0 0.1 24.826541897430772 0.005967855453491211 10.278186798095703 0.5714285714285715 1.0
0 0.1 21.624258295306348 0.00597691535949707 10.2841637134552 0.5714285714285715 1.0
0 0.1 18.835025383479486 0.009086847305297852 10.293250560760498 0.7499999999999999 1.0
0 0.1 16.405565284674683 0.007013082504272461 10.30026364326477 0.7499999999999999 1.0
0 0.1 14.289472237493916 0.00644993782043457 10.306713581085205 0.7499999999999999 1.0
0 0.1 12.446326187665905 0.00645899772644043 10.313172578811646 0.7499999999999999 1.0
0 0.1 10.840920713874212 0.006394147872924805 10.31956672668457 0.7499999999999999 1.0
0 0.1 9.44259054057033 0.006414175033569336 10.32598090171814 0.7499999999999999 1.0
0 0.1 8.224625792416147 0.0047872066497802734 10.33076810836792 0.7499999999999999 1.0
0 0.1 7.163761801874259 0.006291866302490234 10.33705997467041 0.7499999999999999 1.0
0 0.1 6.239734724625884 0.009390115737915039 10.346450090408325 0.7272727272727272 1.0
0 0.1 5.43489447450858 0.0071048736572265625 10.353554964065552 0.7272727272727272 1.0
0 0.1 4.733867584541418 0.0060999393463134766 10.359654903411865 0.7272727272727272 1.0
0 0.1 4.123263554256632 0.019176006317138672 10.378830909729004 0.6153846153846154 1.0
0 0.1 3.591419074200402 0.0168759822845459 10.39570689201355 0.5714285714285714 1.0
0 0.1 3.128175241967003 0.037535905838012695 10.433242797851562 0.4210526315789473 1.0
0 0.1 2.7246835143108377 0.015510082244873047 10.448752880096436 0.4210526315789473 1.0
0 0.1 2.373236688776134 0.031047821044921875 10.479800701141357 0.38095238095238093 1.0
0 0.1 2.0671216863796724 0.050666093826293945 10.530466794967651 0.3478260869565218 1.0
0 0.1 1.8004913233094775 0.12284326553344727 10.653310060501099 0.32000000000000006 1.0
0 0.1 1.5682526223167341 0.17966699600219727 10.832977056503296 0.2857142857142857 1.0
0 0.1 1.3659695304072161 0.09815192222595215 10.931128978729248 0.27586206896551724 1.0
0 0.1 1.1897781846170337 0.10458660125732422 11.035715579986572 0.25806451612903225 1.0
0 0.1 1.036313107341863 0.05836296081542969 11.094078540802002 0.25806451612903225 1.0
0 0.1 0.9026429214570189 0.07668399810791016 11.170762538909912 0.24242424242424243 1.0
0 0.1 0.786214357305898 0.10132384300231934 11.272086381912231 0.2352941176470588 1.0
0 0.1 0.6848034820193963 0.055243730545043945 11.327330112457275 0.2352941176470588 1.0
0 0.1 0.5964732195846044 0.29148101806640625 11.618811130523682 0.2285714285714286 1.0
0 0.1 0.5195363502423698 0.34962892532348633 11.968440055847168 0.2222222222222222 1.0
0 0.1 0.4525232824553942 0.5459380149841309 12.514378070831299 0.20512820512820512 1.0
0 0.1 0.3941539818506903 0.7982630729675293 13.312641143798828 0.19999999999999998 1.0
0 0.1 0.34331352094368267 0.2681703567504883 13.580811500549316 0.19512195121951217 1.0
0 0.1 0.2990307826127625 0.3219161033630371 13.902727603912354 0.19047619047619047 1.0
0 0.1 0.2604599105337001 0.3631398677825928 14.265867471694946 0.18604651162790697 1.0
0 0.1 0.22686415225376097 0.1568748950958252 14.422742366790771 0.18181818181818182 1.0
0 0.1 0.19760178628779224 0.0791771411895752 14.501919507980347 0.18181818181818182 1.0
0 0.1 0.17211386442601356 0.054711103439331055 14.556630611419678 0.18181818181818182 1.0
0 0.1 0.14991353511608546 1.0613160133361816 15.61794662475586 0.1739130434782609 1.0
0 0.01 28.211963230963963 0.0006620883941650391 15.618608713150024 0.0 1.0
0 0.01 24.573006681497752 0.010004997253417969 15.628613710403442 0.5714285714285715 1.0
0 0.01 21.403425646968028 0.0068509578704833984 15.635464668273926 0.5714285714285715 1.0
0 0.01 18.642677119777133 0.006493330001831055 15.641957998275757 0.5714285714285715 1.0
0 0.01 16.238027310431736 0.006273746490478516 15.648231744766235 0.5714285714285715 1.0
0 0.01 14.143544365449966 0.0064890384674072266 15.654720783233643 0.5714285714285715 1.0
0 0.01 12.319221010851523 0.005776882171630859 15.660497665405273 0.5714285714285715 1.0
0 0.01 10.730210362611421 0.005255937576293945 15.665753602981567 0.5714285714285715 1.0
0 0.01 9.346160307090315 0.008121013641357422 15.673874616622925 0.7499999999999999 1.0
0 0.01 8.140633737265514 0.006006002426147461 15.679880619049072 0.7499999999999999 1.0
0 0.01 7.090603570541246 0.005800008773803711 15.685680627822876 0.7499999999999999 1.0
0 0.01 6.176012902339531 0.005743980407714844 15.69142460823059 0.7499999999999999 1.0
0 0.01 5.379391893848717 0.0059130191802978516 15.697337627410889 0.7499999999999999 1.0
0 0.01 4.685524076001097 0.005411863327026367 15.702749490737915 0.7499999999999999 1.0
0 0.01 4.081155695663349 0.005415916442871094 15.708165407180786 0.7499999999999999 1.0
0 0.01 3.554742552184356 0.005330801010131836 15.713496208190918 0.7499999999999999 1.0
0 0.01 3.09622948855821 0.003818035125732422 15.71731424331665 0.7499999999999999 1.0
0 0.01 2.6968583252045994 0.003785848617553711 15.721100091934204 0.7499999999999999 1.0
0 0.01 2.349000567658869 0.0050737857818603516 15.726173877716064 0.7499999999999999 1.0
0 0.01 2.046011692676912 0.009415149688720703 15.735589027404785 0.7272727272727272 1.0
0 0.01 1.7821042294352372 0.005552053451538086 15.741141080856323 0.7272727272727272 1.0
0 0.01 1.5522372115164986 0.0056798458099365234 15.74682092666626 0.7272727272727272 1.0
0 0.01 1.3520198880735976 0.016932964324951172 15.763753890991211 0.6153846153846154 1.0
0 0.01 1.1776278549337647 0.01087808609008789 15.774631977081299 0.6153846153846154 1.0
0 0.01 1.0257300036406054 0.024344205856323242 15.798976182937622 0.4210526315789473 1.0
0 0.01 0.8934248930683893 0.011690855026245117 15.810667037963867 0.4210526315789473 1.0
0 0.01 0.7781853282259436 0.010466814041137695 15.821133852005005 0.4210526315789473 1.0
0 0.01 0.6778100876351608 0.011526107788085938 15.83265995979309 0.4210526315789473 1.0
0 0.01 0.590381877216004 0.02784585952758789 15.860505819320679 0.3636363636363636 1.0
0 0.01 0.5142307075440048 0.019787073135375977 15.880292892456055 0.3636363636363636 1.0
0 0.01 0.44790199493955546 0.04278397560119629 15.923076868057251 0.3076923076923077 1.0
0 0.01 0.39012877707943217 0.03883504867553711 15.961911916732788 0.2962962962962963 1.0
0 0.01 0.33980751241358653 0.043202877044677734 16.005114793777466 0.2857142857142857 1.0
0 0.01 0.2959770011254507 0.023643970489501953 16.028758764266968 0.2857142857142857 1.0
0 0.01 0.2578000249994245 0.02297186851501465 16.051730632781982 0.2857142857142857 1.0
0 0.01 0.22454735549379537 0.04791712760925293 16.099647760391235 0.25806451612903225 1.0
0 0.01 0.19558382455304058 0.03159594535827637 16.13124370574951 0.25806451612903225 1.0
0 0.01 0.1703561920944177 0.030592918395996094 16.161836624145508 0.25806451612903225 1.0
0 0.01 0.14838257842248037 0.029445886611938477 16.191282510757446 0.25806451612903225 1.0
0 0.01 0.12924325971726744 0.028445959091186523 16.219728469848633 0.25806451612903225 1.0
0 0.01 0.1125726507783501 0.027691125869750977 16.247419595718384 0.25806451612903225 1.0
0 0.01 0.09805232188500161 0.022069215774536133 16.26948881149292 0.25806451612903225 1.0
0 0.01 0.08540491638568569 0.1789698600769043 16.448458671569824 0.2105263157894737 1.0
0 0.01 0.07438885283512764 0.20383572578430176 16.652294397354126 0.21621621621621623 1.0
0 0.01 0.06479371048308594 0.053517818450927734 16.705812215805054 0.21621621621621623 1.0
0 0.01 0.056436209971818335 0.05132102966308594 16.75713324546814 0.21621621621621623 1.0
0 0.01 0.049156712468482675 0.10382199287414551 16.860955238342285 0.2105263157894737 1.0
0 0.01 0.0428161703614703 0.033471107482910156 16.894426345825195 0.2105263157894737 1.0
0 0.01 0.03729347127511503 0.10347604751586914 16.997902393341064 0.20512820512820512 1.0
0 0.01 0.032483124670098805 0.11163902282714844 17.109541416168213 0.19999999999999998 1.0
