[216.40736058 188.4937774  164.18066384 143.00360867 124.55810333
 108.49181534  94.49785828  82.30892987  71.69220614  62.44489425
  54.39035884  47.37474809  41.26405496  35.94155748  31.30558923
  27.26759733  23.75045104  20.68696841  18.01863304  15.69447636
  13.67010404  11.906848    10.37102782   9.03330739   7.86813455
   6.85325305   5.96927734   5.19932239   4.52868107   3.94454329
   3.43575127   2.99258645   2.60658382   2.27037024   1.9775236
   1.72245016   1.5002777    1.30676244   1.138208     0.99139477
   0.86351843   0.75213639   0.65512111   0.57061946   0.49701737
   0.43290895   0.37706963   0.32843281   0.28606948   0.24917044]0 1 312.2098259152708 0.0005030632019042969 0.0005030632019042969 0.0 1.0
0 1 271.93903789811014 0.0005297660827636719 0.0010328292846679688 0.0 1.0
0 1 236.8626295349813 0.0066068172454833984 0.007639646530151367 0.33333333333333337 1.0
0 1 206.31059705097118 0.031228065490722656 0.03886771202087402 0.5714285714285715 1.0
0 1 179.69935797424765 0.019343852996826172 0.058211565017700195 0.5714285714285715 1.0
0 1 156.52060397255676 0.01583099365234375 0.07404255867004395 0.5714285714285715 1.0
0 1 136.33159152101595 0.014494895935058594 0.08853745460510254 0.5714285714285715 1.0
0 1 118.74668494067365 0.014118194580078125 0.10265564918518066 0.7499999999999999 1.0
0 1 103.42999026917344 0.013038158416748047 0.11569380760192871 0.7499999999999999 1.0
0 1 90.08893926113359 0.012651205062866211 0.12834501266479492 0.7499999999999999 1.0
0 1 78.46870096453189 0.012980937957763672 0.1413259506225586 0.7499999999999999 1.0
0 1 68.34731412713553 0.012783050537109375 0.15410900115966797 0.7499999999999999 1.0
0 1 59.53144745577994 0.018264055252075195 0.17237305641174316 0.6666666666666665 1.0
0 1 51.85270674408604 0.012932062149047852 0.18530511856079102 0.7272727272727272 1.0
0 1 45.16441833008278 0.013221263885498047 0.19852638244628906 0.7272727272727272 1.0
0 1 39.33882744370648 0.018042802810668945 0.216569185256958 0.6153846153846154 1.0
0 1 34.26465792907022 0.02695608139038086 0.24352526664733887 0.47058823529411764 1.0
0 1 29.84498672911064 0.040859222412109375 0.28438448905944824 0.3636363636363636 1.0
0 1 25.99539253258091 0.05314517021179199 0.33752965927124023 0.3076923076923077 1.0
0 1 22.642343220204207 0.14931106567382812 0.48684072494506836 0.26666666666666666 1.0
0 1 19.721791308170232 0.1952059268951416 0.68204665184021 0.27586206896551724 1.0
0 1 17.177950560167822 0.25205087661743164 0.9340975284576416 0.26666666666666666 1.0
0 1 14.962230399696251 0.23051905632019043 1.164616584777832 0.24242424242424243 1.0
0 1 13.03230776858211 0.19686388969421387 1.361480474472046 0.2222222222222222 1.0
0 1 11.351318703025308 0.2394700050354004 1.6009504795074463 0.2222222222222222 1.0
0 1 9.887154185253786 0.19634580612182617 1.7972962856292725 0.21621621621621623 1.0
0 1 8.611846820663045 0.19745683670043945 1.994753122329712 0.20512820512820512 1.0
0 1 7.501036625197576 0.23079872131347656 2.2255518436431885 0.19999999999999998 1.0
0 1 6.53350571883761 0.19753813743591309 2.4230899810791016 0.20512820512820512 1.0
0 1 5.69077303724795 0.2615170478820801 2.6846070289611816 0.18604651162790697 1.0
0 1 4.956741320068812 0.24076223373413086 2.9253692626953125 0.1777777777777778 1.0
0 1 4.317389632878279 0.3051776885986328 3.2305469512939453 0.16666666666666666 1.0
0 1 3.7605055496069455 2.2222249507904053 5.452771902084351 0.1702127659574468 1.0
0 1 3.2754518797500736 0.5314521789550781 5.984224081039429 0.1702127659574468 1.0
0 1 2.8529634845718124 0.3681061267852783 6.352330207824707 0.16666666666666666 1.0
0 1 2.4849703012340436 0.30220603942871094 6.654536247253418 0.163265306122449 1.0
0 1 2.1644431943866964 0.44534921646118164 7.0998854637146 0.163265306122449 1.0
0 1 1.8852596907900219 0.2943141460418701 7.39419960975647 0.163265306122449 1.0
0 1 1.6420870323301746 0.27660107612609863 7.670800685882568 0.163265306122449 1.0
0 1 1.4302803135927475 0.2544741630554199 7.925274848937988 0.163265306122449 1.0
0 1 1.2457937582930971 0.24154067039489746 8.166815519332886 0.163265306122449 1.0
0 1 1.0851034398309916 1.0183601379394531 9.185175657272339 0.1568627450980392 1.0
0 1 0.945139969834425 0.9951479434967041 10.180323600769043 0.1568627450980392 1.0
0 1 0.823229868958621 1.1438748836517334 11.324198484420776 0.1568627450980392 1.0
0 1 0.7170445000483404 2.002851963043213 13.32705044746399 0.15384615384615383 1.0
0 1 0.624555588222246 2.38651704788208 15.71356749534607 0.1509433962264151 1.0
0 1 0.5439964782567033 1.7899880409240723 17.50355553627014 0.1509433962264151 1.0
0 1 0.4738283892360109 1.6197409629821777 19.12329649925232 0.1509433962264151 1.0
0 1 0.4127110218901976 1.6663899421691895 20.78968644142151 0.1481481481481481 1.0
0 1 0.3594769571833539 1.6008009910583496 22.39048743247986 0.1481481481481481 1.0
0 0.1 130.20161032759302 0.0004892349243164062 22.390976667404175 0.0 1.0
0 0.1 113.40738729625762 0.0004801750183105469 22.391456842422485 0.0 1.0
0 0.1 98.77938883400856 0.0005466938018798828 22.392003536224365 0.0 1.0
0 0.1 86.03820166433057 0.0005240440368652344 22.39252758026123 0.0 1.0
0 0.1 74.9404529934022 0.0005528926849365234 22.393080472946167 0.0 1.0
0 0.1 65.27416178184274 0.0005800724029541016 22.39366054534912 0.0 1.0
0 0.1 56.854689638682785 0.0006129741668701172 22.39427351951599 0.0 1.0
0 0.1 49.52121399451067 0.016449928283691406 22.410723447799683 0.5714285714285715 1.0
0 0.1 43.13365618693992 0.01219487190246582 22.42291831970215 0.5714285714285715 1.0
0 0.1 37.570005780944214 0.011876106262207031 22.434794425964355 0.5714285714285715 1.0
0 0.1 32.7239900151928 0.011328935623168945 22.446123361587524 0.5714285714285715 1.0
0 0.1 28.503043857863506 0.010700702667236328 22.45682406425476 0.5714285714285715 1.0
0 0.1 24.826541897430772 0.009569883346557617 22.46639394760132 0.5714285714285715 1.0
0 0.1 21.624258295306348 0.009620904922485352 22.476014852523804 0.5714285714285715 1.0
0 0.1 18.835025383479486 0.012831926345825195 22.48884677886963 0.7499999999999999 1.0
0 0.1 16.405565284674683 0.009987831115722656 22.49883460998535 0.7499999999999999 1.0
0 0.1 14.289472237493916 0.010112762451171875 22.508947372436523 0.7499999999999999 1.0
0 0.1 12.446326187665905 0.010276079177856445 22.51922345161438 0.7499999999999999 1.0
0 0.1 10.840920713874212 0.009603738784790039 22.52882719039917 0.7499999999999999 1.0
0 0.1 9.44259054057033 0.009450197219848633 22.53827738761902 0.7499999999999999 1.0
0 0.1 8.224625792416147 0.00803828239440918 22.546315670013428 0.7499999999999999 1.0
0 0.1 7.163761801874259 0.011481285095214844 22.557796955108643 0.7499999999999999 1.0
0 0.1 6.239734724625884 0.014793872833251953 22.572590827941895 0.7272727272727272 1.0
0 0.1 5.43489447450858 0.011428117752075195 22.58401894569397 0.7272727272727272 1.0
0 0.1 4.733867584541418 0.009814977645874023 22.593833923339844 0.7272727272727272 1.0
0 0.1 4.123263554256632 0.0294039249420166 22.62323784828186 0.6153846153846154 1.0
0 0.1 3.591419074200402 0.026218891143798828 22.64945673942566 0.5714285714285714 1.0
0 0.1 3.128175241967003 0.05280804634094238 22.7022647857666 0.4210526315789473 1.0
0 0.1 2.7246835143108377 0.02950596809387207 22.731770753860474 0.4210526315789473 1.0
0 0.1 2.373236688776134 0.04400205612182617 22.7757728099823 0.38095238095238093 1.0
0 0.1 2.0671216863796724 0.07951188087463379 22.855284690856934 0.3478260869565218 1.0
0 0.1 1.8004913233094775 0.17098593711853027 23.026270627975464 0.32000000000000006 1.0
0 0.1 1.5682526223167341 0.1883549690246582 23.214625597000122 0.2857142857142857 1.0
0 0.1 1.3659695304072161 0.1571648120880127 23.371790409088135 0.27586206896551724 1.0
0 0.1 1.1897781846170337 0.20653700828552246 23.578327417373657 0.25806451612903225 1.0
0 0.1 1.036313107341863 0.10397887229919434 23.68230628967285 0.25806451612903225 1.0
0 0.1 0.9026429214570189 0.1489579677581787 23.83126425743103 0.24242424242424243 1.0
0 0.1 0.786214357305898 0.16357088088989258 23.994835138320923 0.2352941176470588 1.0
0 0.1 0.6848034820193963 0.10634589195251465 24.101181030273438 0.2352941176470588 1.0
0 0.1 0.5964732195846044 0.44950389862060547 24.550684928894043 0.2285714285714286 1.0
0 0.1 0.5195363502423698 0.5909261703491211 25.141611099243164 0.2222222222222222 1.0
0 0.1 0.4525232824553942 0.6815919876098633 25.823203086853027 0.20512820512820512 1.0
0 0.1 0.3941539818506903 0.9840471744537354 26.807250261306763 0.19999999999999998 1.0
0 0.1 0.34331352094368267 0.5444259643554688 27.35167622566223 0.19512195121951217 1.0
0 0.1 0.2990307826127625 0.4185819625854492 27.77025818824768 0.19047619047619047 1.0
0 0.1 0.2604599105337001 1.3238389492034912 29.094097137451172 0.18181818181818182 1.0
0 0.1 0.22686415225376097 0.6128017902374268 29.7068989276886 0.18181818181818182 1.0
0 0.1 0.19760178628779224 0.3621048927307129 30.06900382041931 0.18181818181818182 1.0
0 0.1 0.17211386442601356 0.20572495460510254 30.274728775024414 0.18181818181818182 1.0
0 0.1 0.14991353511608546 2.8066539764404297 33.081382751464844 0.1739130434782609 1.0
0 0.01 28.211963230963963 0.0006270408630371094 33.08200979232788 0.0 1.0
0 0.01 24.573006681497752 0.014087915420532227 33.09609770774841 0.5714285714285715 1.0
0 0.01 21.403425646968028 0.010556936264038086 33.10665464401245 0.5714285714285715 1.0
0 0.01 18.642677119777133 0.01007223129272461 33.116726875305176 0.5714285714285715 1.0
0 0.01 16.238027310431736 0.009646177291870117 33.126373052597046 0.5714285714285715 1.0
0 0.01 14.143544365449966 0.009674787521362305 33.13604784011841 0.5714285714285715 1.0
0 0.01 12.319221010851523 0.009671926498413086 33.14571976661682 0.5714285714285715 1.0
0 0.01 10.730210362611421 0.00864100456237793 33.1543607711792 0.5714285714285715 1.0
0 0.01 9.346160307090315 0.011497020721435547 33.165857791900635 0.7499999999999999 1.0
0 0.01 8.140633737265514 0.009804964065551758 33.17566275596619 0.7499999999999999 1.0
0 0.01 7.090603570541246 0.009499073028564453 33.18516182899475 0.7499999999999999 1.0
0 0.01 6.176012902339531 0.009102821350097656 33.19426465034485 0.7499999999999999 1.0
0 0.01 5.379391893848717 0.008962869644165039 33.203227519989014 0.7499999999999999 1.0
0 0.01 4.685524076001097 0.009062051773071289 33.212289571762085 0.7499999999999999 1.0
0 0.01 4.081155695663349 0.009192943572998047 33.22148251533508 0.7499999999999999 1.0
0 0.01 3.554742552184356 0.008517980575561523 33.230000495910645 0.7499999999999999 1.0
0 0.01 3.09622948855821 0.007447004318237305 33.23744750022888 0.7499999999999999 1.0
0 0.01 2.6968583252045994 0.007025718688964844 33.24447321891785 0.7499999999999999 1.0
0 0.01 2.349000567658869 0.009704828262329102 33.254178047180176 0.7499999999999999 1.0
0 0.01 2.046011692676912 0.013061046600341797 33.26723909378052 0.7272727272727272 1.0
0 0.01 1.7821042294352372 0.009926319122314453 33.27716541290283 0.7272727272727272 1.0
0 0.01 1.5522372115164986 0.010024785995483398 33.287190198898315 0.7272727272727272 1.0
0 0.01 1.3520198880735976 0.026658058166503906 33.31384825706482 0.6153846153846154 1.0
0 0.01 1.1776278549337647 0.018140077590942383 33.33198833465576 0.6153846153846154 1.0
0 0.01 1.0257300036406054 0.03381609916687012 33.36580443382263 0.4210526315789473 1.0
0 0.01 0.8934248930683893 0.021473169326782227 33.387277603149414 0.4210526315789473 1.0
0 0.01 0.7781853282259436 0.019984006881713867 33.40726161003113 0.4210526315789473 1.0
0 0.01 0.6778100876351608 0.022161006927490234 33.42942261695862 0.4210526315789473 1.0
0 0.01 0.590381877216004 0.04337501525878906 33.47279763221741 0.3636363636363636 1.0
0 0.01 0.5142307075440048 0.03842616081237793 33.511223793029785 0.3636363636363636 1.0
0 0.01 0.44790199493955546 0.070281982421875 33.58150577545166 0.3076923076923077 1.0
0 0.01 0.39012877707943217 0.06259918212890625 33.644104957580566 0.2962962962962963 1.0
0 0.01 0.33980751241358653 0.0619809627532959 33.70608592033386 0.2857142857142857 1.0
0 0.01 0.2959770011254507 0.044332027435302734 33.750417947769165 0.2857142857142857 1.0
0 0.01 0.2578000249994245 0.04291105270385742 33.79332900047302 0.2857142857142857 1.0
0 0.01 0.22454735549379537 0.0756371021270752 33.8689661026001 0.25806451612903225 1.0
0 0.01 0.19558382455304058 0.05923295021057129 33.92819905281067 0.25806451612903225 1.0
0 0.01 0.1703561920944177 0.05729103088378906 33.98549008369446 0.25806451612903225 1.0
0 0.01 0.14838257842248037 0.05604100227355957 34.04153108596802 0.25806451612903225 1.0
0 0.01 0.12924325971726744 0.05493497848510742 34.096466064453125 0.25806451612903225 1.0
0 0.01 0.1125726507783501 0.05383181571960449 34.15029788017273 0.25806451612903225 1.0
0 0.01 0.09805232188500161 0.04627108573913574 34.196568965911865 0.25806451612903225 1.0
0 0.01 0.08540491638568569 0.25511717796325684 34.45168614387512 0.2105263157894737 1.0
0 0.01 0.07438885283512764 0.29344987869262695 34.74513602256775 0.21621621621621623 1.0
0 0.01 0.06479371048308594 0.13194012641906738 34.877076148986816 0.21621621621621623 1.0
0 0.01 0.056436209971818335 0.12886619567871094 35.00594234466553 0.21621621621621623 1.0
0 0.01 0.049156712468482675 0.18271493911743164 35.18865728378296 0.2105263157894737 1.0
0 0.01 0.0428161703614703 0.1136481761932373 35.302305459976196 0.2105263157894737 1.0
0 0.01 0.03729347127511503 0.1977238655090332 35.50002932548523 0.20512820512820512 1.0
0 0.01 0.032483124670098805 0.20457196235656738 35.7046012878418 0.19999999999999998 1.0
