[216.40736058 188.4937774  164.18066384 143.00360867 124.55810333
 108.49181534  94.49785828  82.30892987  71.69220614  62.44489425
  54.39035884  47.37474809  41.26405496  35.94155748  31.30558923
  27.26759733  23.75045104  20.68696841  18.01863304  15.69447636
  13.67010404  11.906848    10.37102782   9.03330739   7.86813455
   6.85325305   5.96927734   5.19932239   4.52868107   3.94454329
   3.43575127   2.99258645   2.60658382   2.27037024   1.9775236
   1.72245016   1.5002777    1.30676244   1.138208     0.99139477
   0.86351843   0.75213639   0.65512111   0.57061946   0.49701737
   0.43290895   0.37706963   0.32843281   0.28606948   0.24917044]0 1 312.2098259152708 0.0005021095275878906 0.0005021095275878906 0.0 1.0
0 1 271.93903789811014 0.0005300045013427734 0.001032114028930664 0.0 1.0
0 1 236.8626295349813 0.005342960357666016 0.00637507438659668 0.33333333333333337 1.0
0 1 206.31059705097118 0.025878190994262695 0.032253265380859375 0.5714285714285715 1.0
0 1 179.69935797424765 0.01751875877380371 0.049772024154663086 0.5714285714285715 1.0
0 1 156.52060397255676 0.013627767562866211 0.0633997917175293 0.5714285714285715 1.0
0 1 136.33159152101595 0.01201009750366211 0.0754098892211914 0.5714285714285715 1.0
0 1 118.74668494067365 0.011865854263305664 0.08727574348449707 0.7499999999999999 1.0
0 1 103.42999026917344 0.01141667366027832 0.09869241714477539 0.7499999999999999 1.0
0 1 90.08893926113359 0.01100301742553711 0.1096954345703125 0.7499999999999999 1.0
0 1 78.46870096453189 0.010202884674072266 0.11989831924438477 0.7499999999999999 1.0
0 1 68.34731412713553 0.009808778762817383 0.12970709800720215 0.7499999999999999 1.0
0 1 59.53144745577994 0.01456904411315918 0.14427614212036133 0.6666666666666665 1.0
0 1 51.85270674408604 0.010736227035522461 0.1550123691558838 0.7272727272727272 1.0
0 1 45.16441833008278 0.011077165603637695 0.16608953475952148 0.7272727272727272 1.0
0 1 39.33882744370648 0.014149188995361328 0.1802387237548828 0.6153846153846154 1.0
0 1 34.26465792907022 0.021517038345336914 0.20175576210021973 0.47058823529411764 1.0
0 1 29.84498672911064 0.034246206283569336 0.23600196838378906 0.3636363636363636 1.0
0 1 25.99539253258091 0.04113292694091797 0.27713489532470703 0.3076923076923077 1.0
0 1 22.642343220204207 0.11471104621887207 0.3918459415435791 0.26666666666666666 1.0
0 1 19.721791308170232 0.1407310962677002 0.5325770378112793 0.27586206896551724 1.0
0 1 17.177950560167822 0.21101069450378418 0.7435877323150635 0.26666666666666666 1.0
0 1 14.962230399696251 0.18107819557189941 0.9246659278869629 0.24242424242424243 1.0
0 1 13.03230776858211 0.1587069034576416 1.0833728313446045 0.2222222222222222 1.0
0 1 11.351318703025308 0.19426894187927246 1.277641773223877 0.2222222222222222 1.0
0 1 9.887154185253786 0.15639781951904297 1.43403959274292 0.21621621621621623 1.0
0 1 8.611846820663045 0.15311288833618164 1.5871524810791016 0.20512820512820512 1.0
0 1 7.501036625197576 0.17763495445251465 1.7647874355316162 0.19999999999999998 1.0
0 1 6.53350571883761 0.14635896682739258 1.9111464023590088 0.20512820512820512 1.0
0 1 5.69077303724795 0.1998000144958496 2.1109464168548584 0.18604651162790697 1.0
0 1 4.956741320068812 0.16879796981811523 2.2797443866729736 0.1777777777777778 1.0
0 1 4.317389632878279 0.20788788795471191 2.4876322746276855 0.16666666666666666 1.0
0 1 3.7605055496069455 1.8948609828948975 4.382493257522583 0.1702127659574468 1.0
0 1 3.2754518797500736 0.43911290168762207 4.821606159210205 0.1702127659574468 1.0
0 1 2.8529634845718124 0.24396371841430664 5.065569877624512 0.16666666666666666 1.0
0 1 2.4849703012340436 0.18596100807189941 5.251530885696411 0.163265306122449 1.0
0 1 2.1644431943866964 0.3463170528411865 5.597847938537598 0.163265306122449 1.0
0 1 1.8852596907900219 0.19736695289611816 5.795214891433716 0.163265306122449 1.0
0 1 1.6420870323301746 0.1804201602935791 5.975635051727295 0.163265306122449 1.0
0 1 1.4302803135927475 0.16738104820251465 6.14301609992981 0.163265306122449 1.0
0 1 1.2457937582930971 0.15704774856567383 6.300063848495483 0.163265306122449 1.0
0 1 1.0851034398309916 0.7074470520019531 7.0075109004974365 0.1568627450980392 1.0
0 1 0.945139969834425 0.6892960071563721 7.696806907653809 0.1568627450980392 1.0
0 1 0.823229868958621 0.9073050022125244 8.604111909866333 0.1568627450980392 1.0
0 1 0.7170445000483404 1.5322890281677246 10.136400938034058 0.15384615384615383 1.0
0 1 0.624555588222246 1.69930100440979 11.835701942443848 0.1509433962264151 1.0
0 1 0.5439964782567033 1.1717519760131836 13.007453918457031 0.1509433962264151 1.0
0 1 0.4738283892360109 1.0134646892547607 14.020918607711792 0.1509433962264151 1.0
0 1 0.4127110218901976 1.0464026927947998 15.067321300506592 0.1481481481481481 1.0
0 1 0.3594769571833539 1.006540060043335 16.073861360549927 0.1481481481481481 1.0
0 0.1 130.20161032759302 0.0004982948303222656 16.07435965538025 0.0 1.0
0 0.1 113.40738729625762 0.0004899501800537109 16.074849605560303 0.0 1.0
0 0.1 98.77938883400856 0.000514984130859375 16.075364589691162 0.0 1.0
0 0.1 86.03820166433057 0.0005140304565429688 16.075878620147705 0.0 1.0
0 0.1 74.9404529934022 0.0005497932434082031 16.076428413391113 0.0 1.0
0 0.1 65.27416178184274 0.0006120204925537109 16.077040433883667 0.0 1.0
0 0.1 56.854689638682785 0.0006291866302490234 16.077669620513916 0.0 1.0
0 0.1 49.52121399451067 0.013792991638183594 16.0914626121521 0.5714285714285715 1.0
0 0.1 43.13365618693992 0.009917259216308594 16.101379871368408 0.5714285714285715 1.0
0 0.1 37.570005780944214 0.010092973709106445 16.111472845077515 0.5714285714285715 1.0
0 0.1 32.7239900151928 0.009173870086669922 16.120646715164185 0.5714285714285715 1.0
0 0.1 28.503043857863506 0.009027719497680664 16.129674434661865 0.5714285714285715 1.0
0 0.1 24.826541897430772 0.008066892623901367 16.137741327285767 0.5714285714285715 1.0
0 0.1 21.624258295306348 0.00764012336730957 16.145381450653076 0.5714285714285715 1.0
0 0.1 18.835025383479486 0.01072382926940918 16.156105279922485 0.7499999999999999 1.0
0 0.1 16.405565284674683 0.008484840393066406 16.16459012031555 0.7499999999999999 1.0
0 0.1 14.289472237493916 0.008561849594116211 16.173151969909668 0.7499999999999999 1.0
0 0.1 12.446326187665905 0.008249044418334961 16.181401014328003 0.7499999999999999 1.0
0 0.1 10.840920713874212 0.008222103118896484 16.1896231174469 0.7499999999999999 1.0
0 0.1 9.44259054057033 0.008131980895996094 16.197755098342896 0.7499999999999999 1.0
0 0.1 8.224625792416147 0.006534099578857422 16.204289197921753 0.7499999999999999 1.0
0 0.1 7.163761801874259 0.009258031845092773 16.213547229766846 0.7499999999999999 1.0
0 0.1 6.239734724625884 0.01228475570678711 16.225831985473633 0.7272727272727272 1.0
0 0.1 5.43489447450858 0.009478330612182617 16.235310316085815 0.7272727272727272 1.0
0 0.1 4.733867584541418 0.008243083953857422 16.243553400039673 0.7272727272727272 1.0
0 0.1 4.123263554256632 0.025233983993530273 16.268787384033203 0.6153846153846154 1.0
0 0.1 3.591419074200402 0.02226090431213379 16.291048288345337 0.5714285714285714 1.0
0 0.1 3.128175241967003 0.0455479621887207 16.336596250534058 0.4210526315789473 1.0
0 0.1 2.7246835143108377 0.023223161697387695 16.359819412231445 0.4210526315789473 1.0
0 0.1 2.373236688776134 0.03787875175476074 16.397698163986206 0.38095238095238093 1.0
0 0.1 2.0671216863796724 0.06411290168762207 16.461811065673828 0.3478260869565218 1.0
0 0.1 1.8004913233094775 0.14884495735168457 16.610656023025513 0.32000000000000006 1.0
0 0.1 1.5682526223167341 0.17780804634094238 16.788464069366455 0.2857142857142857 1.0
0 0.1 1.3659695304072161 0.12707114219665527 16.91553521156311 0.27586206896551724 1.0
0 0.1 1.1897781846170337 0.1558222770690918 17.071357488632202 0.25806451612903225 1.0
0 0.1 1.036313107341863 0.08149075508117676 17.15284824371338 0.25806451612903225 1.0
0 0.1 0.9026429214570189 0.11003804206848145 17.26288628578186 0.24242424242424243 1.0
0 0.1 0.786214357305898 0.13184690475463867 17.3947331905365 0.2352941176470588 1.0
0 0.1 0.6848034820193963 0.08005213737487793 17.474785327911377 0.2352941176470588 1.0
0 0.1 0.5964732195846044 0.36582493782043457 17.84061026573181 0.2285714285714286 1.0
0 0.1 0.5195363502423698 0.4734809398651123 18.314091205596924 0.2222222222222222 1.0
0 0.1 0.4525232824553942 0.6164391040802002 18.930530309677124 0.20512820512820512 1.0
0 0.1 0.3941539818506903 0.8836808204650879 19.814211130142212 0.19999999999999998 1.0
0 0.1 0.34331352094368267 0.4269702434539795 20.24118137359619 0.19512195121951217 1.0
0 0.1 0.2990307826127625 0.36623311042785645 20.607414484024048 0.19047619047619047 1.0
0 0.1 0.2604599105337001 0.6507589817047119 21.25817346572876 0.18181818181818182 1.0
0 0.1 0.22686415225376097 0.37487316131591797 21.633046627044678 0.18181818181818182 1.0
0 0.1 0.19760178628779224 0.17116785049438477 21.804214477539062 0.18181818181818182 1.0
0 0.1 0.17211386442601356 0.11440896987915039 21.918623447418213 0.18181818181818182 1.0
0 0.1 0.14991353511608546 1.9562768936157227 23.874900341033936 0.1739130434782609 1.0
0 0.01 28.211963230963963 0.0006072521209716797 23.875507593154907 0.0 1.0
0 0.01 24.573006681497752 0.012161016464233398 23.88766860961914 0.5714285714285715 1.0
0 0.01 21.403425646968028 0.008411884307861328 23.896080493927002 0.5714285714285715 1.0
0 0.01 18.642677119777133 0.00834798812866211 23.904428482055664 0.5714285714285715 1.0
0 0.01 16.238027310431736 0.007915973663330078 23.912344455718994 0.5714285714285715 1.0
0 0.01 14.143544365449966 0.008091926574707031 23.9204363822937 0.5714285714285715 1.0
0 0.01 12.319221010851523 0.0077440738677978516 23.9281804561615 0.5714285714285715 1.0
0 0.01 10.730210362611421 0.00701904296875 23.93519949913025 0.5714285714285715 1.0
0 0.01 9.346160307090315 0.01006317138671875 23.945262670516968 0.7499999999999999 1.0
0 0.01 8.140633737265514 0.008008003234863281 23.95327067375183 0.7499999999999999 1.0
0 0.01 7.090603570541246 0.0073659420013427734 23.960636615753174 0.7499999999999999 1.0
0 0.01 6.176012902339531 0.0072171688079833984 23.967853784561157 0.7499999999999999 1.0
0 0.01 5.379391893848717 0.0074579715728759766 23.975311756134033 0.7499999999999999 1.0
0 0.01 4.685524076001097 0.007585048675537109 23.98289680480957 0.7499999999999999 1.0
0 0.01 4.081155695663349 0.006845951080322266 23.989742755889893 0.7499999999999999 1.0
0 0.01 3.554742552184356 0.006987094879150391 23.996729850769043 0.7499999999999999 1.0
0 0.01 3.09622948855821 0.00547027587890625 24.00220012664795 0.7499999999999999 1.0
0 0.01 2.6968583252045994 0.005300998687744141 24.007501125335693 0.7499999999999999 1.0
0 0.01 2.349000567658869 0.0075969696044921875 24.015098094940186 0.7499999999999999 1.0
0 0.01 2.046011692676912 0.012029170989990234 24.027127265930176 0.7272727272727272 1.0
0 0.01 1.7821042294352372 0.007654905319213867 24.03478217124939 0.7272727272727272 1.0
0 0.01 1.5522372115164986 0.007696866989135742 24.042479038238525 0.7272727272727272 1.0
0 0.01 1.3520198880735976 0.020904064178466797 24.063383102416992 0.6153846153846154 1.0
0 0.01 1.1776278549337647 0.014816045761108398 24.0781991481781 0.6153846153846154 1.0
0 0.01 1.0257300036406054 0.028701305389404297 24.106900453567505 0.4210526315789473 1.0
0 0.01 0.8934248930683893 0.016420841217041016 24.123321294784546 0.4210526315789473 1.0
0 0.01 0.7781853282259436 0.015469074249267578 24.138790369033813 0.4210526315789473 1.0
0 0.01 0.6778100876351608 0.015919208526611328 24.154709577560425 0.4210526315789473 1.0
0 0.01 0.590381877216004 0.035730838775634766 24.19044041633606 0.3636363636363636 1.0
0 0.01 0.5142307075440048 0.029198169708251953 24.21963858604431 0.3636363636363636 1.0
0 0.01 0.44790199493955546 0.05649709701538086 24.276135683059692 0.3076923076923077 1.0
0 0.01 0.39012877707943217 0.0518641471862793 24.32799983024597 0.2962962962962963 1.0
0 0.01 0.33980751241358653 0.05209803581237793 24.38009786605835 0.2857142857142857 1.0
0 0.01 0.2959770011254507 0.03372597694396973 24.41382384300232 0.2857142857142857 1.0
0 0.01 0.2578000249994245 0.03299999237060547 24.446823835372925 0.2857142857142857 1.0
0 0.01 0.22454735549379537 0.06225109100341797 24.509074926376343 0.25806451612903225 1.0
0 0.01 0.19558382455304058 0.045130014419555664 24.5542049407959 0.25806451612903225 1.0
0 0.01 0.1703561920944177 0.04408884048461914 24.598293781280518 0.25806451612903225 1.0
0 0.01 0.14838257842248037 0.04305100440979004 24.641344785690308 0.25806451612903225 1.0
0 0.01 0.12924325971726744 0.041449785232543945 24.68279457092285 0.25806451612903225 1.0
0 0.01 0.1125726507783501 0.04070091247558594 24.723495483398438 0.25806451612903225 1.0
0 0.01 0.09805232188500161 0.03413200378417969 24.757627487182617 0.25806451612903225 1.0
0 0.01 0.08540491638568569 0.21260690689086914 24.970234394073486 0.2105263157894737 1.0
0 0.01 0.07438885283512764 0.2509181499481201 25.221152544021606 0.21621621621621623 1.0
0 0.01 0.06479371048308594 0.09756183624267578 25.318714380264282 0.21621621621621623 1.0
0 0.01 0.056436209971818335 0.08730912208557129 25.406023502349854 0.21621621621621623 1.0
0 0.01 0.049156712468482675 0.1397857666015625 25.545809268951416 0.2105263157894737 1.0
0 0.01 0.0428161703614703 0.07607078552246094 25.621880054473877 0.2105263157894737 1.0
0 0.01 0.03729347127511503 0.14845705032348633 25.770337104797363 0.20512820512820512 1.0
0 0.01 0.032483124670098805 0.15702295303344727 25.92736005783081 0.19999999999999998 1.0
