[216.40736058 188.4937774  164.18066384 143.00360867 124.55810333
 108.49181534  94.49785828  82.30892987  71.69220614  62.44489425
  54.39035884  47.37474809  41.26405496  35.94155748  31.30558923
  27.26759733  23.75045104  20.68696841  18.01863304  15.69447636
  13.67010404  11.906848    10.37102782   9.03330739   7.86813455
   6.85325305   5.96927734   5.19932239   4.52868107   3.94454329
   3.43575127   2.99258645   2.60658382   2.27037024   1.9775236
   1.72245016   1.5002777    1.30676244   1.138208     0.99139477
   0.86351843   0.75213639   0.65512111   0.57061946   0.49701737
   0.43290895   0.37706963   0.32843281   0.28606948   0.24917044]0 1 312.2098259152708 0.0006411075592041016 0.0006411075592041016 0.0 1.0
0 1 271.93903789811014 0.0006411075592041016 0.0012822151184082031 0.0 1.0
0 1 236.8626295349813 0.00902104377746582 0.010303258895874023 0.33333333333333337 1.0
0 1 206.31059705097118 0.009742021560668945 0.02004528045654297 0.5714285714285715 1.0
0 1 179.69935797424765 0.005487918853759766 0.025533199310302734 0.5714285714285715 1.0
0 1 156.52060397255676 0.004761219024658203 0.030294418334960938 0.5714285714285715 1.0
0 1 136.33159152101595 0.0039827823638916016 0.03427720069885254 0.5714285714285715 1.0
0 1 118.74668494067365 0.011165857315063477 0.045443058013916016 0.7499999999999999 1.0
0 1 103.42999026917344 0.007059812545776367 0.05250287055969238 0.7499999999999999 1.0
0 1 90.08893926113359 0.006237030029296875 0.05873990058898926 0.7499999999999999 1.0
0 1 78.46870096453189 0.0057718753814697266 0.06451177597045898 0.7499999999999999 1.0
0 1 68.34731412713553 0.005571126937866211 0.0700829029083252 0.7499999999999999 1.0
0 1 59.53144745577994 0.0064640045166015625 0.07654690742492676 0.6666666666666665 1.0
0 1 51.85270674408604 0.011482954025268555 0.08802986145019531 0.7272727272727272 1.0
0 1 45.16441833008278 0.01194906234741211 0.09997892379760742 0.7272727272727272 1.0
0 1 39.33882744370648 0.015076160430908203 0.11505508422851562 0.6153846153846154 1.0
0 1 34.26465792907022 0.02195000648498535 0.13700509071350098 0.47058823529411764 1.0
0 1 29.84498672911064 0.030517101287841797 0.16752219200134277 0.3636363636363636 1.0
0 1 25.99539253258091 0.0415799617767334 0.20910215377807617 0.3076923076923077 1.0
0 1 22.642343220204207 0.11754012107849121 0.3266422748565674 0.26666666666666666 1.0
0 1 19.721791308170232 0.14679288864135742 0.4734351634979248 0.27586206896551724 1.0
0 1 17.177950560167822 0.2884540557861328 0.7618892192840576 0.26666666666666666 1.0
0 1 14.962230399696251 0.22272992134094238 0.984619140625 0.24242424242424243 1.0
0 1 13.03230776858211 0.21000313758850098 1.194622278213501 0.2222222222222222 1.0
0 1 11.351318703025308 0.20383787155151367 1.3984601497650146 0.2222222222222222 1.0
0 1 9.887154185253786 0.15908384323120117 1.5575439929962158 0.21621621621621623 1.0
0 1 8.611846820663045 0.15633702278137207 1.713881015777588 0.20512820512820512 1.0
0 1 7.501036625197576 0.18816208839416504 1.902043104171753 0.19999999999999998 1.0
0 1 6.53350571883761 0.15601372718811035 2.0580568313598633 0.20512820512820512 1.0
0 1 5.69077303724795 0.20621609687805176 2.264272928237915 0.18604651162790697 1.0
0 1 4.956741320068812 0.16816186904907227 2.4324347972869873 0.1777777777777778 1.0
0 1 4.317389632878279 0.2230851650238037 2.655519962310791 0.16666666666666666 1.0
0 1 3.7605055496069455 2.012730121612549 4.66825008392334 0.1702127659574468 1.0
0 1 3.2754518797500736 0.41109228134155273 5.079342365264893 0.1702127659574468 1.0
0 1 2.8529634845718124 0.22143101692199707 5.30077338218689 0.16666666666666666 1.0
0 1 2.4849703012340436 0.1806011199951172 5.481374502182007 0.163265306122449 1.0
0 1 2.1644431943866964 0.2868690490722656 5.7682435512542725 0.163265306122449 1.0
0 1 1.8852596907900219 0.1661090850830078 5.93435263633728 0.163265306122449 1.0
0 1 1.6420870323301746 0.15247011184692383 6.086822748184204 0.163265306122449 1.0
0 1 1.4302803135927475 0.14427590370178223 6.231098651885986 0.163265306122449 1.0
0 1 1.2457937582930971 0.13381028175354004 6.364908933639526 0.163265306122449 1.0
0 1 1.0851034398309916 0.5006759166717529 6.865584850311279 0.1568627450980392 1.0
0 1 0.945139969834425 0.42676401138305664 7.292348861694336 0.1568627450980392 1.0
0 1 0.823229868958621 0.5601828098297119 7.852531671524048 0.1568627450980392 1.0
0 1 0.7170445000483404 0.9745218753814697 8.827053546905518 0.15384615384615383 1.0
0 1 0.624555588222246 0.9864850044250488 9.813538551330566 0.1509433962264151 1.0
0 1 0.5439964782567033 0.711298942565918 10.524837493896484 0.1509433962264151 1.0
0 1 0.4738283892360109 0.6318798065185547 11.156717300415039 0.1509433962264151 1.0
0 1 0.4127110218901976 0.6463439464569092 11.803061246871948 0.1481481481481481 1.0
0 1 0.3594769571833539 0.613325834274292 12.41638708114624 0.1481481481481481 1.0
0 0.1 130.20161032759302 0.0006461143493652344 12.417033195495605 0.0 1.0
0 0.1 113.40738729625762 0.0006327629089355469 12.417665958404541 0.0 1.0
0 0.1 98.77938883400856 0.0006279945373535156 12.418293952941895 0.0 1.0
0 0.1 86.03820166433057 0.0006368160247802734 12.418930768966675 0.0 1.0
0 0.1 74.9404529934022 0.0006289482116699219 12.419559717178345 0.0 1.0
0 0.1 65.27416178184274 0.0007290840148925781 12.420288801193237 0.0 1.0
0 0.1 56.854689638682785 0.0006680488586425781 12.42095685005188 0.0 1.0
0 0.1 49.52121399451067 0.0006589889526367188 12.421615839004517 0.0 1.0
0 0.1 43.13365618693992 0.0006279945373535156 12.42224383354187 0.0 1.0
0 0.1 37.570005780944214 0.0006608963012695312 12.42290472984314 0.0 1.0
0 0.1 32.7239900151928 0.0006248950958251953 12.423529624938965 0.0 1.0
0 0.1 28.503043857863506 0.0006296634674072266 12.424159288406372 0.0 1.0
0 0.1 24.826541897430772 0.010556936264038086 12.43471622467041 0.5714285714285715 1.0
0 0.1 21.624258295306348 0.0024499893188476562 12.437166213989258 0.5714285714285715 1.0
0 0.1 18.835025383479486 0.0022878646850585938 12.439454078674316 0.5714285714285715 1.0
0 0.1 16.405565284674683 0.0020661354064941406 12.44152021408081 0.5714285714285715 1.0
0 0.1 14.289472237493916 0.002105712890625 12.443625926971436 0.5714285714285715 1.0
0 0.1 12.446326187665905 0.002410888671875 12.44603681564331 0.5714285714285715 1.0
0 0.1 10.840920713874212 0.00815892219543457 12.454195737838745 0.7499999999999999 1.0
0 0.1 9.44259054057033 0.002969026565551758 12.457164764404297 0.7499999999999999 1.0
0 0.1 8.224625792416147 0.0028350353240966797 12.459999799728394 0.7499999999999999 1.0
0 0.1 7.163761801874259 0.003031015396118164 12.463030815124512 0.7499999999999999 1.0
0 0.1 6.239734724625884 0.0031659603118896484 12.466196775436401 0.7499999999999999 1.0
0 0.1 5.43489447450858 0.02839207649230957 12.494588851928711 0.7272727272727272 1.0
0 0.1 4.733867584541418 0.007901191711425781 12.502490043640137 0.7272727272727272 1.0
0 0.1 4.123263554256632 0.008976221084594727 12.511466264724731 0.7272727272727272 1.0
0 0.1 3.591419074200402 0.057676076889038086 12.56914234161377 0.5714285714285714 1.0
0 0.1 3.128175241967003 0.14466571807861328 12.713808059692383 0.4444444444444444 1.0
0 0.1 2.7246835143108377 0.052703857421875 12.766511917114258 0.4210526315789473 1.0
0 0.1 2.373236688776134 0.0880739688873291 12.854585886001587 0.38095238095238093 1.0
0 0.1 2.0671216863796724 0.3844778537750244 13.239063739776611 0.3333333333333333 1.0
0 0.1 1.8004913233094775 0.5049481391906738 13.744011878967285 0.32000000000000006 1.0
0 0.1 1.5682526223167341 0.5854847431182861 14.329496622085571 0.2857142857142857 1.0
0 0.1 1.3659695304072161 0.4513540267944336 14.780850648880005 0.27586206896551724 1.0
0 0.1 1.1897781846170337 0.30059814453125 15.081448793411255 0.25806451612903225 1.0
0 0.1 1.036313107341863 0.09325504302978516 15.17470383644104 0.25806451612903225 1.0
0 0.1 0.9026429214570189 0.20843219757080078 15.38313603401184 0.24242424242424243 1.0
0 0.1 0.786214357305898 0.21474099159240723 15.597877025604248 0.2352941176470588 1.0
0 0.1 0.6848034820193963 0.07305407524108887 15.670931100845337 0.2352941176470588 1.0
0 0.1 0.5964732195846044 0.7001180648803711 16.371049165725708 0.2285714285714286 1.0
0 0.1 0.5195363502423698 0.7340540885925293 17.105103254318237 0.2222222222222222 1.0
0 0.1 0.4525232824553942 2.6583991050720215 19.76350235939026 0.19999999999999998 1.0
0 0.1 0.3941539818506903 0.37496304512023926 20.138465404510498 0.19999999999999998 1.0
0 0.1 0.34331352094368267 0.599884033203125 20.738349437713623 0.19512195121951217 1.0
0 0.1 0.2990307826127625 0.7905669212341309 21.528916358947754 0.19047619047619047 1.0
0 0.1 0.2604599105337001 1.2247140407562256 22.75363039970398 0.18181818181818182 1.0
0 0.1 0.22686415225376097 0.4325120449066162 23.186142444610596 0.18181818181818182 1.0
0 0.1 0.19760178628779224 0.2003788948059082 23.386521339416504 0.18181818181818182 1.0
0 0.1 0.17211386442601356 0.13414621353149414 23.520667552947998 0.18181818181818182 1.0
0 0.1 0.14991353511608546 2.559875965118408 26.080543518066406 0.1739130434782609 1.0
0 0.01 28.211963230963963 0.0006420612335205078 26.081185579299927 0.0 1.0
0 0.01 24.573006681497752 0.0006401538848876953 26.081825733184814 0.0 1.0
0 0.01 21.403425646968028 0.0006318092346191406 26.082457542419434 0.0 1.0
0 0.01 18.642677119777133 0.0006339550018310547 26.083091497421265 0.0 1.0
0 0.01 16.238027310431736 0.0006721019744873047 26.083763599395752 0.0 1.0
0 0.01 14.143544365449966 0.0006647109985351562 26.084428310394287 0.0 1.0
0 0.01 12.319221010851523 0.0006561279296875 26.085084438323975 0.0 1.0
0 0.01 10.730210362611421 0.0006558895111083984 26.085740327835083 0.0 1.0
0 0.01 9.346160307090315 0.0006968975067138672 26.086437225341797 0.0 1.0
0 0.01 8.140633737265514 0.0006551742553710938 26.087092399597168 0.0 1.0
0 0.01 7.090603570541246 0.0006682872772216797 26.08776068687439 0.0 1.0
0 0.01 6.176012902339531 0.0006678104400634766 26.088428497314453 0.0 1.0
0 0.01 5.379391893848717 0.0007021427154541016 26.089130640029907 0.0 1.0
0 0.01 4.685524076001097 0.0006940364837646484 26.089824676513672 0.0 1.0
0 0.01 4.081155695663349 0.0006477832794189453 26.09047245979309 0.0 1.0
0 0.01 3.554742552184356 0.0006561279296875 26.09112858772278 0.0 1.0
0 0.01 3.09622948855821 0.0007207393646240234 26.091849327087402 0.0 1.0
0 0.01 2.6968583252045994 0.0007638931274414062 26.092613220214844 0.0 1.0
0 0.01 2.349000567658869 0.01640796661376953 26.109021186828613 0.5714285714285715 1.0
0 0.01 2.046011692676912 0.0013589859008789062 26.110380172729492 0.5714285714285715 1.0
0 0.01 1.7821042294352372 0.001402139663696289 26.11178231239319 0.5714285714285715 1.0
0 0.01 1.5522372115164986 0.001402139663696289 26.113184452056885 0.5714285714285715 1.0
0 0.01 1.3520198880735976 0.0014300346374511719 26.114614486694336 0.5714285714285715 1.0
0 0.01 1.1776278549337647 0.0016942024230957031 26.11630868911743 0.5714285714285715 1.0
0 0.01 1.0257300036406054 0.005366086959838867 26.12167477607727 0.7499999999999999 1.0
0 0.01 0.8934248930683893 0.0019028186798095703 26.12357759475708 0.7499999999999999 1.0
0 0.01 0.7781853282259436 0.0010821819305419922 26.124659776687622 0.7499999999999999 1.0
0 0.01 0.6778100876351608 0.0011548995971679688 26.12581467628479 0.7499999999999999 1.0
0 0.01 0.590381877216004 0.0013427734375 26.12715744972229 0.7499999999999999 1.0
0 0.01 0.5142307075440048 0.013100624084472656 26.140258073806763 0.7272727272727272 1.0
0 0.01 0.44790199493955546 0.0033190250396728516 26.143577098846436 0.7272727272727272 1.0
0 0.01 0.39012877707943217 0.041892051696777344 26.185469150543213 0.5000000000000001 1.0
0 0.01 0.33980751241358653 0.047601938247680664 26.233071088790894 0.4 1.0
0 0.01 0.2959770011254507 0.009630918502807617 26.2427020072937 0.4 1.0
0 0.01 0.2578000249994245 0.010487079620361328 26.253189086914062 0.4 1.0
0 0.01 0.22454735549379537 0.06876397132873535 26.321953058242798 0.3076923076923077 1.0
0 0.01 0.19558382455304058 0.01328420639038086 26.33523726463318 0.3076923076923077 1.0
0 0.01 0.1703561920944177 0.1893908977508545 26.524628162384033 0.26666666666666666 1.0
0 0.01 0.14838257842248037 0.06403303146362305 26.588661193847656 0.25806451612903225 1.0
0 0.01 0.12924325971726744 0.019975900650024414 26.60863709449768 0.25806451612903225 1.0
0 0.01 0.1125726507783501 0.06578397750854492 26.674421072006226 0.25 1.0
0 0.01 0.09805232188500161 0.06683182716369629 26.741252899169922 0.24242424242424243 1.0
0 0.01 0.08540491638568569 0.09039425849914551 26.831647157669067 0.2352941176470588 1.0
0 0.01 0.07438885283512764 0.02034306526184082 26.851990222930908 0.2352941176470588 1.0
0 0.01 0.06479371048308594 0.08541989326477051 26.93741011619568 0.2285714285714286 1.0
0 0.01 0.056436209971818335 0.2377469539642334 27.175157070159912 0.21621621621621623 1.0
0 0.01 0.049156712468482675 0.039721012115478516 27.21487808227539 0.21621621621621623 1.0
0 0.01 0.0428161703614703 0.20438814163208008 27.41926622390747 0.20512820512820512 1.0
0 0.01 0.03729347127511503 0.03604292869567871 27.45530915260315 0.20512820512820512 1.0
0 0.01 0.032483124670098805 0.03229475021362305 27.487603902816772 0.20512820512820512 1.0
