[216.40736058 188.4937774  164.18066384 143.00360867 124.55810333
 108.49181534  94.49785828  82.30892987  71.69220614  62.44489425
  54.39035884  47.37474809  41.26405496  35.94155748  31.30558923
  27.26759733  23.75045104  20.68696841  18.01863304  15.69447636
  13.67010404  11.906848    10.37102782   9.03330739   7.86813455
   6.85325305   5.96927734   5.19932239   4.52868107   3.94454329
   3.43575127   2.99258645   2.60658382   2.27037024   1.9775236
   1.72245016   1.5002777    1.30676244   1.138208     0.99139477
   0.86351843   0.75213639   0.65512111   0.57061946   0.49701737
   0.43290895   0.37706963   0.32843281   0.28606948   0.24917044]0 1 312.2098259152708 0.0012001991271972656 0.0012001991271972656 0.0 1.0
0 1 271.93903789811014 0.0011780261993408203 0.002378225326538086 0.0 1.0
0 1 236.8626295349813 0.03487277030944824 0.03725099563598633 0.33333333333333337 1.0
0 1 206.31059705097118 0.024977922439575195 0.06222891807556152 0.5714285714285715 1.0
0 1 179.69935797424765 0.015630006790161133 0.07785892486572266 0.5714285714285715 1.0
0 1 156.52060397255676 0.012785196304321289 0.09064412117004395 0.5714285714285715 1.0
0 1 136.33159152101595 0.010473012924194336 0.10111713409423828 0.5714285714285715 1.0
0 1 118.74668494067365 0.029956817626953125 0.1310739517211914 0.7499999999999999 1.0
0 1 103.42999026917344 0.01827406883239746 0.14934802055358887 0.7499999999999999 1.0
0 1 90.08893926113359 0.013501167297363281 0.16284918785095215 0.7499999999999999 1.0
0 1 78.46870096453189 0.011942148208618164 0.1747913360595703 0.7499999999999999 1.0
0 1 68.34731412713553 0.01012873649597168 0.184920072555542 0.7499999999999999 1.0
0 1 59.53144745577994 0.010635852813720703 0.1955559253692627 0.6666666666666665 1.0
0 1 51.85270674408604 0.01585698127746582 0.21141290664672852 0.7272727272727272 1.0
0 1 45.16441833008278 0.014602899551391602 0.22601580619812012 0.7272727272727272 1.0
0 1 39.33882744370648 0.015433073043823242 0.24144887924194336 0.6153846153846154 1.0
0 1 34.26465792907022 0.02437901496887207 0.26582789421081543 0.47058823529411764 1.0
0 1 29.84498672911064 0.029504060745239258 0.2953319549560547 0.3636363636363636 1.0
0 1 25.99539253258091 0.04089021682739258 0.33622217178344727 0.3076923076923077 1.0
0 1 22.642343220204207 0.11193275451660156 0.44815492630004883 0.26666666666666666 1.0
0 1 19.721791308170232 0.13003277778625488 0.5781877040863037 0.27586206896551724 1.0
0 1 17.177950560167822 0.2760310173034668 0.8542187213897705 0.26666666666666666 1.0
0 1 14.962230399696251 0.19553112983703613 1.0497498512268066 0.24242424242424243 1.0
0 1 13.03230776858211 0.18929696083068848 1.2390468120574951 0.2222222222222222 1.0
0 1 11.351318703025308 0.18356704711914062 1.4226138591766357 0.2222222222222222 1.0
0 1 9.887154185253786 0.14363527297973633 1.566249132156372 0.21621621621621623 1.0
0 1 8.611846820663045 0.1424858570098877 1.7087349891662598 0.20512820512820512 1.0
0 1 7.501036625197576 0.17389798164367676 1.8826329708099365 0.19999999999999998 1.0
0 1 6.53350571883761 0.14170503616333008 2.0243380069732666 0.20512820512820512 1.0
0 1 5.69077303724795 0.18434906005859375 2.2086870670318604 0.18604651162790697 1.0
0 1 4.956741320068812 0.1560060977935791 2.3646931648254395 0.1777777777777778 1.0
0 1 4.317389632878279 0.19540095329284668 2.560094118118286 0.1702127659574468 1.0
0 1 3.7605055496069455 1.8913061618804932 4.451400279998779 0.1702127659574468 1.0
0 1 3.2754518797500736 0.37706971168518066 4.82846999168396 0.1702127659574468 1.0
0 1 2.8529634845718124 0.181351900100708 5.009821891784668 0.16666666666666666 1.0
0 1 2.4849703012340436 0.1491248607635498 5.158946752548218 0.163265306122449 1.0
0 1 2.1644431943866964 0.2554161548614502 5.414362907409668 0.163265306122449 1.0
0 1 1.8852596907900219 0.14206385612487793 5.556426763534546 0.163265306122449 1.0
0 1 1.6420870323301746 0.12019491195678711 5.676621675491333 0.163265306122449 1.0
0 1 1.4302803135927475 0.11757421493530273 5.794195890426636 0.163265306122449 1.0
0 1 1.2457937582930971 0.11394786834716797 5.908143758773804 0.163265306122449 1.0
0 1 1.0851034398309916 0.39240217208862305 6.300545930862427 0.1568627450980392 1.0
0 1 0.945139969834425 0.3458430767059326 6.646389007568359 0.1568627450980392 1.0
0 1 0.823229868958621 0.48987698554992676 7.136265993118286 0.1568627450980392 1.0
0 1 0.7170445000483404 1.095412015914917 8.231678009033203 0.15384615384615383 1.0
0 1 0.624555588222246 0.7476451396942139 8.979323148727417 0.1509433962264151 1.0
0 1 0.5439964782567033 0.5234897136688232 9.50281286239624 0.1509433962264151 1.0
0 1 0.4738283892360109 0.449221134185791 9.952033996582031 0.1509433962264151 1.0
0 1 0.4127110218901976 0.45200204849243164 10.404036045074463 0.1481481481481481 1.0
0 1 0.3594769571833539 0.45333194732666016 10.857367992401123 0.1481481481481481 1.0
0 0.1 130.20161032759302 0.0012447834014892578 10.858612775802612 0.0 1.0
0 0.1 113.40738729625762 0.0011758804321289062 10.859788656234741 0.0 1.0
0 0.1 98.77938883400856 0.0012133121490478516 10.861001968383789 0.0 1.0
0 0.1 86.03820166433057 0.0012271404266357422 10.862229108810425 0.0 1.0
0 0.1 74.9404529934022 0.0012176036834716797 10.863446712493896 0.0 1.0
0 0.1 65.27416178184274 0.0011830329895019531 10.864629745483398 0.0 1.0
0 0.1 56.854689638682785 0.0011830329895019531 10.8658127784729 0.0 1.0
0 0.1 49.52121399451067 0.0012481212615966797 10.867060899734497 0.0 1.0
0 0.1 43.13365618693992 0.0011658668518066406 10.868226766586304 0.0 1.0
0 0.1 37.570005780944214 0.001171112060546875 10.86939787864685 0.0 1.0
0 0.1 32.7239900151928 0.0011661052703857422 10.870563983917236 0.0 1.0
0 0.1 28.503043857863506 0.0012269020080566406 10.871790885925293 0.0 1.0
0 0.1 24.826541897430772 0.015458822250366211 10.88724970817566 0.5714285714285715 1.0
0 0.1 21.624258295306348 0.005146026611328125 10.892395734786987 0.5714285714285715 1.0
0 0.1 18.835025383479486 0.005429983139038086 10.897825717926025 0.5714285714285715 1.0
0 0.1 16.405565284674683 0.005295753479003906 10.90312147140503 0.5714285714285715 1.0
0 0.1 14.289472237493916 0.005048036575317383 10.908169507980347 0.5714285714285715 1.0
0 0.1 12.446326187665905 0.004014730453491211 10.912184238433838 0.5714285714285715 1.0
0 0.1 10.840920713874212 0.01278996467590332 10.924974203109741 0.7499999999999999 1.0
0 0.1 9.44259054057033 0.006351947784423828 10.931326150894165 0.7499999999999999 1.0
0 0.1 8.224625792416147 0.00538182258605957 10.936707973480225 0.7499999999999999 1.0
0 0.1 7.163761801874259 0.0052280426025390625 10.941936016082764 0.7499999999999999 1.0
0 0.1 6.239734724625884 0.0052831172943115234 10.947219133377075 0.7499999999999999 1.0
0 0.1 5.43489447450858 0.03406572341918945 10.981284856796265 0.7272727272727272 1.0
0 0.1 4.733867584541418 0.01207876205444336 10.993363618850708 0.7272727272727272 1.0
0 0.1 4.123263554256632 0.011708974838256836 11.005072593688965 0.7272727272727272 1.0
0 0.1 3.591419074200402 0.06421399116516113 11.069286584854126 0.5714285714285714 1.0
0 0.1 3.128175241967003 0.15194439888000488 11.22123098373413 0.4444444444444444 1.0
0 0.1 2.7246835143108377 0.05910897254943848 11.28033995628357 0.4210526315789473 1.0
0 0.1 2.373236688776134 0.0913238525390625 11.371663808822632 0.38095238095238093 1.0
0 0.1 2.0671216863796724 0.44053196907043457 11.812195777893066 0.3333333333333333 1.0
0 0.1 1.8004913233094775 0.5615458488464355 12.373741626739502 0.32000000000000006 1.0
0 0.1 1.5682526223167341 0.6066668033599854 12.980408430099487 0.2857142857142857 1.0
0 0.1 1.3659695304072161 0.45331811904907227 13.43372654914856 0.27586206896551724 1.0
0 0.1 1.1897781846170337 0.3154118061065674 13.749138355255127 0.25806451612903225 1.0
0 0.1 1.036313107341863 0.09613394737243652 13.845272302627563 0.25806451612903225 1.0
0 0.1 0.9026429214570189 0.21696209907531738 14.06223440170288 0.24242424242424243 1.0
0 0.1 0.786214357305898 0.2191910743713379 14.281425476074219 0.2352941176470588 1.0
0 0.1 0.6848034820193963 0.07223892211914062 14.35366439819336 0.2352941176470588 1.0
0 0.1 0.5964732195846044 0.6848709583282471 15.038535356521606 0.2285714285714286 1.0
0 0.1 0.5195363502423698 0.7203280925750732 15.75886344909668 0.2222222222222222 1.0
0 0.1 0.4525232824553942 2.6293561458587646 18.388219594955444 0.19999999999999998 1.0
0 0.1 0.3941539818506903 0.37119293212890625 18.75941252708435 0.19999999999999998 1.0
0 0.1 0.34331352094368267 0.5782551765441895 19.33766770362854 0.19512195121951217 1.0
0 0.1 0.2990307826127625 0.7994201183319092 20.13708782196045 0.19047619047619047 1.0
0 0.1 0.2604599105337001 0.9905269145965576 21.127614736557007 0.18181818181818182 1.0
0 0.1 0.22686415225376097 0.3959388732910156 21.523553609848022 0.18181818181818182 1.0
0 0.1 0.19760178628779224 0.1945960521697998 21.718149662017822 0.18181818181818182 1.0
0 0.1 0.17211386442601356 0.13504934310913086 21.853199005126953 0.18181818181818182 1.0
0 0.1 0.14991353511608546 2.3097100257873535 24.162909030914307 0.1739130434782609 1.0
0 0.01 28.211963230963963 0.0011909008026123047 24.16409993171692 0.0 1.0
0 0.01 24.573006681497752 0.0011730194091796875 24.1652729511261 0.0 1.0
0 0.01 21.403425646968028 0.0011849403381347656 24.166457891464233 0.0 1.0
0 0.01 18.642677119777133 0.0012288093566894531 24.167686700820923 0.0 1.0
0 0.01 16.238027310431736 0.0011839866638183594 24.16887068748474 0.0 1.0
0 0.01 14.143544365449966 0.001230001449584961 24.170100688934326 0.0 1.0
0 0.01 12.319221010851523 0.0011830329895019531 24.171283721923828 0.0 1.0
0 0.01 10.730210362611421 0.0011639595031738281 24.172447681427002 0.0 1.0
0 0.01 9.346160307090315 0.001168966293334961 24.173616647720337 0.0 1.0
0 0.01 8.140633737265514 0.001332998275756836 24.174949645996094 0.0 1.0
0 0.01 7.090603570541246 0.0012500286102294922 24.176199674606323 0.0 1.0
0 0.01 6.176012902339531 0.0012850761413574219 24.17748475074768 0.0 1.0
0 0.01 5.379391893848717 0.0011730194091796875 24.17865777015686 0.0 1.0
0 0.01 4.685524076001097 0.0011630058288574219 24.179820775985718 0.0 1.0
0 0.01 4.081155695663349 0.0013320446014404297 24.181152820587158 0.0 1.0
0 0.01 3.554742552184356 0.0011818408966064453 24.182334661483765 0.0 1.0
0 0.01 3.09622948855821 0.0011639595031738281 24.18349862098694 0.0 1.0
0 0.01 2.6968583252045994 0.001161813735961914 24.1846604347229 0.0 1.0
0 0.01 2.349000567658869 0.011129140853881836 24.195789575576782 0.5714285714285715 1.0
0 0.01 2.046011692676912 0.002686023712158203 24.19847559928894 0.5714285714285715 1.0
0 0.01 1.7821042294352372 0.002586841583251953 24.201062440872192 0.5714285714285715 1.0
0 0.01 1.5522372115164986 0.002660036087036133 24.20372247695923 0.5714285714285715 1.0
0 0.01 1.3520198880735976 0.002717256546020508 24.20643973350525 0.5714285714285715 1.0
0 0.01 1.1776278549337647 0.002557992935180664 24.20899772644043 0.5714285714285715 1.0
0 0.01 1.0257300036406054 0.01097416877746582 24.219971895217896 0.7499999999999999 1.0
0 0.01 0.8934248930683893 0.0025157928466796875 24.222487688064575 0.7499999999999999 1.0
0 0.01 0.7781853282259436 0.0026917457580566406 24.225179433822632 0.7499999999999999 1.0
0 0.01 0.6778100876351608 0.0025992393493652344 24.227778673171997 0.7499999999999999 1.0
0 0.01 0.590381877216004 0.002653837203979492 24.230432510375977 0.7499999999999999 1.0
0 0.01 0.5142307075440048 0.020255088806152344 24.25068759918213 0.7272727272727272 1.0
0 0.01 0.44790199493955546 0.0045566558837890625 24.255244255065918 0.7272727272727272 1.0
0 0.01 0.39012877707943217 0.04700803756713867 24.302252292633057 0.5000000000000001 1.0
0 0.01 0.33980751241358653 0.054097890853881836 24.35635018348694 0.4 1.0
0 0.01 0.2959770011254507 0.012897968292236328 24.369248151779175 0.4 1.0
0 0.01 0.2578000249994245 0.012394905090332031 24.381643056869507 0.4 1.0
0 0.01 0.22454735549379537 0.07579970359802246 24.45744276046753 0.3076923076923077 1.0
0 0.01 0.19558382455304058 0.016526222229003906 24.473968982696533 0.3076923076923077 1.0
0 0.01 0.1703561920944177 0.19641900062561035 24.670387983322144 0.26666666666666666 1.0
0 0.01 0.14838257842248037 0.07366609573364258 24.744054079055786 0.25806451612903225 1.0
0 0.01 0.12924325971726744 0.024132728576660156 24.768186807632446 0.25806451612903225 1.0
0 0.01 0.1125726507783501 0.07251214981079102 24.840698957443237 0.25 1.0
0 0.01 0.09805232188500161 0.07460236549377441 24.91530132293701 0.24242424242424243 1.0
0 0.01 0.08540491638568569 0.09586906433105469 25.011170387268066 0.2352941176470588 1.0
0 0.01 0.07438885283512764 0.023960113525390625 25.035130500793457 0.2352941176470588 1.0
0 0.01 0.06479371048308594 0.09229493141174316 25.1274254322052 0.2285714285714286 1.0
0 0.01 0.056436209971818335 0.24811887741088867 25.37554430961609 0.21621621621621623 1.0
0 0.01 0.049156712468482675 0.044770002365112305 25.4203143119812 0.21621621621621623 1.0
0 0.01 0.0428161703614703 0.22214889526367188 25.642463207244873 0.20512820512820512 1.0
0 0.01 0.03729347127511503 0.04489278793334961 25.687355995178223 0.20512820512820512 1.0
0 0.01 0.032483124670098805 0.041821956634521484 25.729177951812744 0.20512820512820512 1.0
