[216.40736058 188.4937774  164.18066384 143.00360867 124.55810333
 108.49181534  94.49785828  82.30892987  71.69220614  62.44489425
  54.39035884  47.37474809  41.26405496  35.94155748  31.30558923
  27.26759733  23.75045104  20.68696841  18.01863304  15.69447636
  13.67010404  11.906848    10.37102782   9.03330739   7.86813455
   6.85325305   5.96927734   5.19932239   4.52868107   3.94454329
   3.43575127   2.99258645   2.60658382   2.27037024   1.9775236
   1.72245016   1.5002777    1.30676244   1.138208     0.99139477
   0.86351843   0.75213639   0.65512111   0.57061946   0.49701737
   0.43290895   0.37706963   0.32843281   0.28606948   0.24917044]0 1 312.2098259152708 0.0006339550018310547 0.0006339550018310547 0.0 1.0
0 1 271.93903789811014 0.0006437301635742188 0.0012776851654052734 0.0 1.0
0 1 236.8626295349813 0.00626373291015625 0.0075414180755615234 0.33333333333333337 1.0
0 1 206.31059705097118 0.007782936096191406 0.01532435417175293 0.5714285714285715 1.0
0 1 179.69935797424765 0.003749847412109375 0.019074201583862305 0.5714285714285715 1.0
0 1 156.52060397255676 0.003023862838745117 0.022098064422607422 0.5714285714285715 1.0
0 1 136.33159152101595 0.0030531883239746094 0.02515125274658203 0.5714285714285715 1.0
0 1 118.74668494067365 0.008606910705566406 0.03375816345214844 0.7499999999999999 1.0
0 1 103.42999026917344 0.00566411018371582 0.03942227363586426 0.7499999999999999 1.0
0 1 90.08893926113359 0.004606008529663086 0.044028282165527344 0.7499999999999999 1.0
0 1 78.46870096453189 0.004454135894775391 0.048482418060302734 0.7499999999999999 1.0
0 1 68.34731412713553 0.004732847213745117 0.05321526527404785 0.7499999999999999 1.0
0 1 59.53144745577994 0.005156040191650391 0.05837130546569824 0.6666666666666665 1.0
0 1 51.85270674408604 0.009402036666870117 0.06777334213256836 0.7272727272727272 1.0
0 1 45.16441833008278 0.010296821594238281 0.07807016372680664 0.7272727272727272 1.0
0 1 39.33882744370648 0.01165914535522461 0.08972930908203125 0.6153846153846154 1.0
0 1 34.26465792907022 0.016632080078125 0.10636138916015625 0.47058823529411764 1.0
0 1 29.84498672911064 0.024657726287841797 0.13101911544799805 0.3636363636363636 1.0
0 1 25.99539253258091 0.030339717864990234 0.16135883331298828 0.3076923076923077 1.0
0 1 22.642343220204207 0.08923625946044922 0.2505950927734375 0.26666666666666666 1.0
0 1 19.721791308170232 0.10243892669677734 0.35303401947021484 0.27586206896551724 1.0
0 1 17.177950560167822 0.23954105377197266 0.5925750732421875 0.26666666666666666 1.0
0 1 14.962230399696251 0.17032909393310547 0.762904167175293 0.24242424242424243 1.0
0 1 13.03230776858211 0.17456889152526855 0.9374730587005615 0.2222222222222222 1.0
0 1 11.351318703025308 0.15294694900512695 1.0904200077056885 0.2222222222222222 1.0
0 1 9.887154185253786 0.12621283531188965 1.2166328430175781 0.21621621621621623 1.0
0 1 8.611846820663045 0.1268329620361328 1.343465805053711 0.20512820512820512 1.0
0 1 7.501036625197576 0.145233154296875 1.488698959350586 0.19999999999999998 1.0
0 1 6.53350571883761 0.12239694595336914 1.611095905303955 0.20512820512820512 1.0
0 1 5.69077303724795 0.16544008255004883 1.776535987854004 0.18604651162790697 1.0
0 1 4.956741320068812 0.1218571662902832 1.898393154144287 0.1777777777777778 1.0
0 1 4.317389632878279 0.1672661304473877 2.065659284591675 0.1702127659574468 1.0
0 1 3.7605055496069455 1.6639268398284912 3.729586124420166 0.1702127659574468 1.0
0 1 3.2754518797500736 0.341691255569458 4.071277379989624 0.1702127659574468 1.0
0 1 2.8529634845718124 0.13045716285705566 4.20173454284668 0.16666666666666666 1.0
0 1 2.4849703012340436 0.13167119026184082 4.3334057331085205 0.163265306122449 1.0
0 1 2.1644431943866964 0.22981500625610352 4.563220739364624 0.163265306122449 1.0
0 1 1.8852596907900219 0.09564495086669922 4.658865690231323 0.163265306122449 1.0
0 1 1.6420870323301746 0.09567809104919434 4.754543781280518 0.163265306122449 1.0
0 1 1.4302803135927475 0.09405779838562012 4.848601579666138 0.163265306122449 1.0
0 1 1.2457937582930971 0.09416794776916504 4.942769527435303 0.163265306122449 1.0
0 1 1.0851034398309916 0.22415804862976074 5.1669275760650635 0.1568627450980392 1.0
0 1 0.945139969834425 0.2253129482269287 5.392240524291992 0.1568627450980392 1.0
0 1 0.823229868958621 0.3810091018676758 5.773249626159668 0.1568627450980392 1.0
0 1 0.7170445000483404 0.6749961376190186 6.4482457637786865 0.15384615384615383 1.0
0 1 0.624555588222246 0.45115089416503906 6.899396657943726 0.1509433962264151 1.0
0 1 0.5439964782567033 0.3013749122619629 7.2007715702056885 0.1509433962264151 1.0
0 1 0.4738283892360109 0.22720599174499512 7.427977561950684 0.1509433962264151 1.0
0 1 0.4127110218901976 0.22602581977844238 7.654003381729126 0.1481481481481481 1.0
0 1 0.3594769571833539 0.22644805908203125 7.880451440811157 0.1481481481481481 1.0
0 0.1 130.20161032759302 0.0006368160247802734 7.8810882568359375 0.0 1.0
0 0.1 113.40738729625762 0.0006389617919921875 7.88172721862793 0.0 1.0
0 0.1 98.77938883400856 0.0006349086761474609 7.882362127304077 0.0 1.0
0 0.1 86.03820166433057 0.0006389617919921875 7.883001089096069 0.0 1.0
0 0.1 74.9404529934022 0.0006558895111083984 7.883656978607178 0.0 1.0
0 0.1 65.27416178184274 0.0006780624389648438 7.884335041046143 0.0 1.0
0 0.1 56.854689638682785 0.0006618499755859375 7.8849968910217285 0.0 1.0
0 0.1 49.52121399451067 0.0006437301635742188 7.885640621185303 0.0 1.0
0 0.1 43.13365618693992 0.0006539821624755859 7.886294603347778 0.0 1.0
0 0.1 37.570005780944214 0.0006568431854248047 7.886951446533203 0.0 1.0
0 0.1 32.7239900151928 0.0006601810455322266 7.887611627578735 0.0 1.0
0 0.1 28.503043857863506 0.0006310939788818359 7.888242721557617 0.0 1.0
0 0.1 24.826541897430772 0.009156942367553711 7.897399663925171 0.5714285714285715 1.0
0 0.1 21.624258295306348 0.0015211105346679688 7.898920774459839 0.5714285714285715 1.0
0 0.1 18.835025383479486 0.0015578269958496094 7.9004786014556885 0.5714285714285715 1.0
0 0.1 16.405565284674683 0.0016701221466064453 7.902148723602295 0.5714285714285715 1.0
0 0.1 14.289472237493916 0.0015916824340820312 7.903740406036377 0.5714285714285715 1.0
0 0.1 12.446326187665905 0.0017321109771728516 7.90547251701355 0.5714285714285715 1.0
0 0.1 10.840920713874212 0.007606029510498047 7.913078546524048 0.7499999999999999 1.0
0 0.1 9.44259054057033 0.002336740493774414 7.915415287017822 0.7499999999999999 1.0
0 0.1 8.224625792416147 0.002274036407470703 7.917689323425293 0.7499999999999999 1.0
0 0.1 7.163761801874259 0.002502918243408203 7.920192241668701 0.7499999999999999 1.0
0 0.1 6.239734724625884 0.0028269290924072266 7.923019170761108 0.7499999999999999 1.0
0 0.1 5.43489447450858 0.026257038116455078 7.9492762088775635 0.7272727272727272 1.0
0 0.1 4.733867584541418 0.006087303161621094 7.955363512039185 0.7272727272727272 1.0
0 0.1 4.123263554256632 0.006886005401611328 7.962249517440796 0.7272727272727272 1.0
0 0.1 3.591419074200402 0.054943084716796875 8.017192602157593 0.5714285714285714 1.0
0 0.1 3.128175241967003 0.14205694198608398 8.159249544143677 0.4444444444444444 1.0
0 0.1 2.7246835143108377 0.0482630729675293 8.207512617111206 0.4210526315789473 1.0
0 0.1 2.373236688776134 0.08397412300109863 8.291486740112305 0.38095238095238093 1.0
0 0.1 2.0671216863796724 0.23156118392944336 8.523047924041748 0.3333333333333333 1.0
0 0.1 1.8004913233094775 0.4703960418701172 8.993443965911865 0.32000000000000006 1.0
0 0.1 1.5682526223167341 0.5413949489593506 9.534838914871216 0.2857142857142857 1.0
0 0.1 1.3659695304072161 0.42312192916870117 9.957960844039917 0.27586206896551724 1.0
0 0.1 1.1897781846170337 0.26116299629211426 10.219123840332031 0.25806451612903225 1.0
0 0.1 1.036313107341863 0.07613492012023926 10.29525876045227 0.25806451612903225 1.0
0 0.1 0.9026429214570189 0.16521716117858887 10.46047592163086 0.24242424242424243 1.0
0 0.1 0.786214357305898 0.19347882270812988 10.65395474433899 0.2352941176470588 1.0
0 0.1 0.6848034820193963 0.06002473831176758 10.713979482650757 0.2352941176470588 1.0
0 0.1 0.5964732195846044 0.6395871639251709 11.353566646575928 0.2285714285714286 1.0
0 0.1 0.5195363502423698 0.6381020545959473 11.991668701171875 0.2222222222222222 1.0
0 0.1 0.4525232824553942 2.369680881500244 14.36134958267212 0.19999999999999998 1.0
0 0.1 0.3941539818506903 0.28928589820861816 14.650635480880737 0.19999999999999998 1.0
0 0.1 0.34331352094368267 0.4729609489440918 15.123596429824829 0.19512195121951217 1.0
0 0.1 0.2990307826127625 0.7761011123657227 15.899697542190552 0.19047619047619047 1.0
0 0.1 0.2604599105337001 0.8138670921325684 16.71356463432312 0.18604651162790697 1.0
0 0.1 0.22686415225376097 0.27739429473876953 16.99095892906189 0.18181818181818182 1.0
0 0.1 0.19760178628779224 0.15904903411865234 17.150007963180542 0.18181818181818182 1.0
0 0.1 0.17211386442601356 0.11524081230163574 17.265248775482178 0.18181818181818182 1.0
0 0.1 0.14991353511608546 1.6678180694580078 18.933066844940186 0.1739130434782609 1.0
0 0.01 28.211963230963963 0.0006511211395263672 18.933717966079712 0.0 1.0
0 0.01 24.573006681497752 0.000637054443359375 18.93435502052307 0.0 1.0
0 0.01 21.403425646968028 0.0006351470947265625 18.934990167617798 0.0 1.0
0 0.01 18.642677119777133 0.0006310939788818359 18.93562126159668 0.0 1.0
0 0.01 16.238027310431736 0.0006489753723144531 18.936270236968994 0.0 1.0
0 0.01 14.143544365449966 0.0006518363952636719 18.936922073364258 0.0 1.0
0 0.01 12.319221010851523 0.0006520748138427734 18.9375741481781 0.0 1.0
0 0.01 10.730210362611421 0.000659942626953125 18.938234090805054 0.0 1.0
0 0.01 9.346160307090315 0.0006918907165527344 18.938925981521606 0.0 1.0
0 0.01 8.140633737265514 0.0006468296051025391 18.93957281112671 0.0 1.0
0 0.01 7.090603570541246 0.0006482601165771484 18.940221071243286 0.0 1.0
0 0.01 6.176012902339531 0.0006377696990966797 18.940858840942383 0.0 1.0
0 0.01 5.379391893848717 0.0006718635559082031 18.94153070449829 0.0 1.0
0 0.01 4.685524076001097 0.0006327629089355469 18.942163467407227 0.0 1.0
0 0.01 4.081155695663349 0.000621795654296875 18.942785263061523 0.0 1.0
0 0.01 3.554742552184356 0.0006301403045654297 18.94341540336609 0.0 1.0
0 0.01 3.09622948855821 0.0006530284881591797 18.944068431854248 0.0 1.0
0 0.01 2.6968583252045994 0.0006537437438964844 18.944722175598145 0.0 1.0
0 0.01 2.349000567658869 0.015869855880737305 18.960592031478882 0.5714285714285715 1.0
0 0.01 2.046011692676912 0.0011792182922363281 18.961771249771118 0.5714285714285715 1.0
0 0.01 1.7821042294352372 0.0010640621185302734 18.96283531188965 0.5714285714285715 1.0
0 0.01 1.5522372115164986 0.0008180141448974609 18.963653326034546 0.5714285714285715 1.0
0 0.01 1.3520198880735976 0.0008230209350585938 18.964476346969604 0.5714285714285715 1.0
0 0.01 1.1776278549337647 0.0008420944213867188 18.96531844139099 0.5714285714285715 1.0
0 0.01 1.0257300036406054 0.0052111148834228516 18.970529556274414 0.7499999999999999 1.0
0 0.01 0.8934248930683893 0.001051187515258789 18.971580743789673 0.7499999999999999 1.0
0 0.01 0.7781853282259436 0.0010781288146972656 18.97265887260437 0.7499999999999999 1.0
0 0.01 0.6778100876351608 0.0009102821350097656 18.97356915473938 0.7499999999999999 1.0
0 0.01 0.590381877216004 0.0010209083557128906 18.974590063095093 0.7499999999999999 1.0
0 0.01 0.5142307075440048 0.012356042861938477 18.98694610595703 0.7272727272727272 1.0
0 0.01 0.44790199493955546 0.0020570755004882812 18.98900318145752 0.7272727272727272 1.0
0 0.01 0.39012877707943217 0.0403139591217041 19.029317140579224 0.5000000000000001 1.0
0 0.01 0.33980751241358653 0.046421051025390625 19.075738191604614 0.4 1.0
0 0.01 0.2959770011254507 0.007990121841430664 19.083728313446045 0.4 1.0
0 0.01 0.2578000249994245 0.008033037185668945 19.091761350631714 0.4 1.0
0 0.01 0.22454735549379537 0.06659388542175293 19.158355236053467 0.3076923076923077 1.0
0 0.01 0.19558382455304058 0.011523246765136719 19.169878482818604 0.3076923076923077 1.0
0 0.01 0.1703561920944177 0.18544697761535645 19.35532546043396 0.26666666666666666 1.0
0 0.01 0.14838257842248037 0.06098604202270508 19.416311502456665 0.25806451612903225 1.0
0 0.01 0.12924325971726744 0.017073869705200195 19.433385372161865 0.25806451612903225 1.0
0 0.01 0.1125726507783501 0.061827659606933594 19.4952130317688 0.25 1.0
0 0.01 0.09805232188500161 0.06356406211853027 19.55877709388733 0.24242424242424243 1.0
0 0.01 0.08540491638568569 0.08530879020690918 19.64408588409424 0.2352941176470588 1.0
0 0.01 0.07438885283512764 0.01826190948486328 19.6623477935791 0.2352941176470588 1.0
0 0.01 0.06479371048308594 0.08271312713623047 19.745060920715332 0.2285714285714286 1.0
0 0.01 0.056436209971818335 0.2274003028869629 19.972461223602295 0.21621621621621623 1.0
0 0.01 0.049156712468482675 0.031913042068481445 20.004374265670776 0.21621621621621623 1.0
0 0.01 0.0428161703614703 0.19104623794555664 20.195420503616333 0.20512820512820512 1.0
0 0.01 0.03729347127511503 0.028835773468017578 20.22425627708435 0.20512820512820512 1.0
0 0.01 0.032483124670098805 0.027692794799804688 20.251949071884155 0.20512820512820512 1.0
