[216.40736058 188.4937774  164.18066384 143.00360867 124.55810333
 108.49181534  94.49785828  82.30892987  71.69220614  62.44489425
  54.39035884  47.37474809  41.26405496  35.94155748  31.30558923
  27.26759733  23.75045104  20.68696841  18.01863304  15.69447636
  13.67010404  11.906848    10.37102782   9.03330739   7.86813455
   6.85325305   5.96927734   5.19932239   4.52868107   3.94454329
   3.43575127   2.99258645   2.60658382   2.27037024   1.9775236
   1.72245016   1.5002777    1.30676244   1.138208     0.99139477
   0.86351843   0.75213639   0.65512111   0.57061946   0.49701737
   0.43290895   0.37706963   0.32843281   0.28606948   0.24917044]0 1 312.2098259152708 0.0006470680236816406 0.0006470680236816406 0.0 1.0
0 1 271.93903789811014 0.0006442070007324219 0.0012912750244140625 0.0 1.0
0 1 236.8626295349813 0.007798194885253906 0.009089469909667969 0.33333333333333337 1.0
0 1 206.31059705097118 0.008431196212768555 0.017520666122436523 0.5714285714285715 1.0
0 1 179.69935797424765 0.004846811294555664 0.022367477416992188 0.5714285714285715 1.0
0 1 156.52060397255676 0.0038602352142333984 0.026227712631225586 0.5714285714285715 1.0
0 1 136.33159152101595 0.003536224365234375 0.02976393699645996 0.5714285714285715 1.0
0 1 118.74668494067365 0.010239124298095703 0.040003061294555664 0.7499999999999999 1.0
0 1 103.42999026917344 0.006378889083862305 0.04638195037841797 0.7499999999999999 1.0
0 1 90.08893926113359 0.005071163177490234 0.0514531135559082 0.7499999999999999 1.0
0 1 78.46870096453189 0.004866123199462891 0.056319236755371094 0.7499999999999999 1.0
0 1 68.34731412713553 0.004803895950317383 0.06112313270568848 0.7499999999999999 1.0
0 1 59.53144745577994 0.005436897277832031 0.06656002998352051 0.6666666666666665 1.0
0 1 51.85270674408604 0.009958982467651367 0.07651901245117188 0.7272727272727272 1.0
0 1 45.16441833008278 0.01081395149230957 0.08733296394348145 0.7272727272727272 1.0
0 1 39.33882744370648 0.01296687126159668 0.10029983520507812 0.6153846153846154 1.0
0 1 34.26465792907022 0.0201570987701416 0.12045693397521973 0.47058823529411764 1.0
0 1 29.84498672911064 0.026998043060302734 0.14745497703552246 0.3636363636363636 1.0
0 1 25.99539253258091 0.037519216537475586 0.18497419357299805 0.3076923076923077 1.0
0 1 22.642343220204207 0.10363984107971191 0.28861403465270996 0.26666666666666666 1.0
0 1 19.721791308170232 0.12161517143249512 0.4102292060852051 0.27586206896551724 1.0
0 1 17.177950560167822 0.26581287384033203 0.6760420799255371 0.26666666666666666 1.0
0 1 14.962230399696251 0.1986219882965088 0.8746640682220459 0.24242424242424243 1.0
0 1 13.03230776858211 0.19199395179748535 1.0666580200195312 0.2222222222222222 1.0
0 1 11.351318703025308 0.1823720932006836 1.2490301132202148 0.2222222222222222 1.0
0 1 9.887154185253786 0.14077210426330566 1.3898022174835205 0.21621621621621623 1.0
0 1 8.611846820663045 0.14353585243225098 1.5333380699157715 0.20512820512820512 1.0
0 1 7.501036625197576 0.16517210006713867 1.6985101699829102 0.19999999999999998 1.0
0 1 6.53350571883761 0.14282798767089844 1.8413381576538086 0.20512820512820512 1.0
0 1 5.69077303724795 0.18607878684997559 2.027416944503784 0.18604651162790697 1.0
0 1 4.956741320068812 0.15438175201416016 2.1817986965179443 0.1777777777777778 1.0
0 1 4.317389632878279 0.1948249340057373 2.3766236305236816 0.1702127659574468 1.0
0 1 3.7605055496069455 1.8786969184875488 4.2553205490112305 0.1702127659574468 1.0
0 1 3.2754518797500736 0.37738490104675293 4.632705450057983 0.1702127659574468 1.0
0 1 2.8529634845718124 0.18057513236999512 4.8132805824279785 0.16666666666666666 1.0
0 1 2.4849703012340436 0.14934420585632324 4.962624788284302 0.163265306122449 1.0
0 1 2.1644431943866964 0.25120091438293457 5.213825702667236 0.163265306122449 1.0
0 1 1.8852596907900219 0.14196181297302246 5.355787515640259 0.163265306122449 1.0
0 1 1.6420870323301746 0.12070512771606445 5.476492643356323 0.163265306122449 1.0
0 1 1.4302803135927475 0.11727619171142578 5.593768835067749 0.163265306122449 1.0
0 1 1.2457937582930971 0.11349129676818848 5.7072601318359375 0.163265306122449 1.0
0 1 1.0851034398309916 0.3960237503051758 6.103283882141113 0.1568627450980392 1.0
0 1 0.945139969834425 0.34550905227661133 6.448792934417725 0.1568627450980392 1.0
0 1 0.823229868958621 0.4903697967529297 6.939162731170654 0.1568627450980392 1.0
0 1 0.7170445000483404 0.8088357448577881 7.747998476028442 0.15384615384615383 1.0
0 1 0.624555588222246 0.7474050521850586 8.495403528213501 0.1509433962264151 1.0
0 1 0.5439964782567033 0.5210189819335938 9.016422510147095 0.1509433962264151 1.0
0 1 0.4738283892360109 0.4503340721130371 9.466756582260132 0.1509433962264151 1.0
0 1 0.4127110218901976 0.4483828544616699 9.915139436721802 0.1481481481481481 1.0
0 1 0.3594769571833539 0.4500260353088379 10.36516547203064 0.1481481481481481 1.0
0 0.1 130.20161032759302 0.0006520748138427734 10.365817546844482 0.0 1.0
0 0.1 113.40738729625762 0.0006458759307861328 10.366463422775269 0.0 1.0
0 0.1 98.77938883400856 0.0006299018859863281 10.367093324661255 0.0 1.0
0 0.1 86.03820166433057 0.0006351470947265625 10.367728471755981 0.0 1.0
0 0.1 74.9404529934022 0.0006549358367919922 10.368383407592773 0.0 1.0
0 0.1 65.27416178184274 0.0006601810455322266 10.369043588638306 0.0 1.0
0 0.1 56.854689638682785 0.0006561279296875 10.369699716567993 0.0 1.0
0 0.1 49.52121399451067 0.0006320476531982422 10.370331764221191 0.0 1.0
0 0.1 43.13365618693992 0.0006437301635742188 10.370975494384766 0.0 1.0
0 0.1 37.570005780944214 0.0006990432739257812 10.371674537658691 0.0 1.0
0 0.1 32.7239900151928 0.0006670951843261719 10.372341632843018 0.0 1.0
0 0.1 28.503043857863506 0.0007190704345703125 10.373060703277588 0.0 1.0
0 0.1 24.826541897430772 0.009859800338745117 10.382920503616333 0.5714285714285715 1.0
0 0.1 21.624258295306348 0.0018010139465332031 10.384721517562866 0.5714285714285715 1.0
0 0.1 18.835025383479486 0.0017900466918945312 10.38651156425476 0.5714285714285715 1.0
0 0.1 16.405565284674683 0.0020220279693603516 10.388533592224121 0.5714285714285715 1.0
0 0.1 14.289472237493916 0.001795053482055664 10.390328645706177 0.5714285714285715 1.0
0 0.1 12.446326187665905 0.0017311573028564453 10.392059803009033 0.5714285714285715 1.0
0 0.1 10.840920713874212 0.008022069931030273 10.400081872940063 0.7499999999999999 1.0
0 0.1 9.44259054057033 0.0025789737701416016 10.402660846710205 0.7499999999999999 1.0
0 0.1 8.224625792416147 0.0025300979614257812 10.40519094467163 0.7499999999999999 1.0
0 0.1 7.163761801874259 0.0029020309448242188 10.408092975616455 0.7499999999999999 1.0
0 0.1 6.239734724625884 0.0031991004943847656 10.41129207611084 0.7499999999999999 1.0
0 0.1 5.43489447450858 0.02697896957397461 10.438271045684814 0.7272727272727272 1.0
0 0.1 4.733867584541418 0.007004737854003906 10.445275783538818 0.7272727272727272 1.0
0 0.1 4.123263554256632 0.007716178894042969 10.452991962432861 0.7272727272727272 1.0
0 0.1 3.591419074200402 0.056159019470214844 10.509150981903076 0.5714285714285714 1.0
0 0.1 3.128175241967003 0.14380502700805664 10.652956008911133 0.4444444444444444 1.0
0 0.1 2.7246835143108377 0.05040884017944336 10.703364849090576 0.4210526315789473 1.0
0 0.1 2.373236688776134 0.08594202995300293 10.789306879043579 0.38095238095238093 1.0
0 0.1 2.0671216863796724 0.3225231170654297 11.111829996109009 0.3333333333333333 1.0
0 0.1 1.8004913233094775 0.48618006706237793 11.598010063171387 0.32000000000000006 1.0
0 0.1 1.5682526223167341 0.5649142265319824 12.16292428970337 0.2857142857142857 1.0
0 0.1 1.3659695304072161 0.43771815299987793 12.600642442703247 0.27586206896551724 1.0
0 0.1 1.1897781846170337 0.283984899520874 12.884627342224121 0.25806451612903225 1.0
0 0.1 1.036313107341863 0.0877680778503418 12.972395420074463 0.25806451612903225 1.0
0 0.1 0.9026429214570189 0.1966259479522705 13.169021368026733 0.24242424242424243 1.0
0 0.1 0.786214357305898 0.20759129524230957 13.376612663269043 0.2352941176470588 1.0
0 0.1 0.6848034820193963 0.06620216369628906 13.442814826965332 0.2352941176470588 1.0
0 0.1 0.5964732195846044 0.6689348220825195 14.111749649047852 0.2285714285714286 1.0
0 0.1 0.5195363502423698 0.7029259204864502 14.814675569534302 0.2222222222222222 1.0
0 0.1 0.4525232824553942 2.5657920837402344 17.380467653274536 0.19999999999999998 1.0
0 0.1 0.3941539818506903 0.353909969329834 17.73437762260437 0.19999999999999998 1.0
0 0.1 0.34331352094368267 0.5615720748901367 18.295949697494507 0.19512195121951217 1.0
0 0.1 0.2990307826127625 0.7817189693450928 19.0776686668396 0.19047619047619047 1.0
0 0.1 0.2604599105337001 0.9628939628601074 20.040562629699707 0.18181818181818182 1.0
0 0.1 0.22686415225376097 0.37854623794555664 20.419108867645264 0.18181818181818182 1.0
0 0.1 0.19760178628779224 0.1583559513092041 20.577464818954468 0.18181818181818182 1.0
0 0.1 0.17211386442601356 0.12072396278381348 20.69818878173828 0.18181818181818182 1.0
0 0.1 0.14991353511608546 2.177206039428711 22.875394821166992 0.1739130434782609 1.0
0 0.01 28.211963230963963 0.0006730556488037109 22.876067876815796 0.0 1.0
0 0.01 24.573006681497752 0.0006542205810546875 22.87672209739685 0.0 1.0
0 0.01 21.403425646968028 0.0006520748138427734 22.877374172210693 0.0 1.0
0 0.01 18.642677119777133 0.0006940364837646484 22.878068208694458 0.0 1.0
0 0.01 16.238027310431736 0.0006368160247802734 22.87870502471924 0.0 1.0
0 0.01 14.143544365449966 0.0006289482116699219 22.879333972930908 0.0 1.0
0 0.01 12.319221010851523 0.0006668567657470703 22.880000829696655 0.0 1.0
0 0.01 10.730210362611421 0.0006310939788818359 22.880631923675537 0.0 1.0
0 0.01 9.346160307090315 0.0006232261657714844 22.88125514984131 0.0 1.0
0 0.01 8.140633737265514 0.0006241798400878906 22.881879329681396 0.0 1.0
0 0.01 7.090603570541246 0.0006241798400878906 22.882503509521484 0.0 1.0
0 0.01 6.176012902339531 0.0006220340728759766 22.88312554359436 0.0 1.0
0 0.01 5.379391893848717 0.0006201267242431641 22.883745670318604 0.0 1.0
0 0.01 4.685524076001097 0.0006220340728759766 22.88436770439148 0.0 1.0
0 0.01 4.081155695663349 0.0007271766662597656 22.88509488105774 0.0 1.0
0 0.01 3.554742552184356 0.0006449222564697266 22.88573980331421 0.0 1.0
0 0.01 3.09622948855821 0.0006811618804931641 22.886420965194702 0.0 1.0
0 0.01 2.6968583252045994 0.0006229877471923828 22.887043952941895 0.0 1.0
0 0.01 2.349000567658869 0.016290903091430664 22.903334856033325 0.5714285714285715 1.0
0 0.01 2.046011692676912 0.001074075698852539 22.904408931732178 0.5714285714285715 1.0
0 0.01 1.7821042294352372 0.0010440349578857422 22.905452966690063 0.5714285714285715 1.0
0 0.01 1.5522372115164986 0.0010690689086914062 22.906522035598755 0.5714285714285715 1.0
0 0.01 1.3520198880735976 0.0010471343994140625 22.90756916999817 0.5714285714285715 1.0
0 0.01 1.1776278549337647 0.0011126995086669922 22.908681869506836 0.5714285714285715 1.0
0 0.01 1.0257300036406054 0.005208730697631836 22.913890600204468 0.7499999999999999 1.0
0 0.01 0.8934248930683893 0.0011730194091796875 22.915063619613647 0.7499999999999999 1.0
0 0.01 0.7781853282259436 0.001081705093383789 22.91614532470703 0.7499999999999999 1.0
0 0.01 0.6778100876351608 0.0011167526245117188 22.917262077331543 0.7499999999999999 1.0
0 0.01 0.590381877216004 0.0012142658233642578 22.918476343154907 0.7499999999999999 1.0
0 0.01 0.5142307075440048 0.013049125671386719 22.931525468826294 0.7272727272727272 1.0
0 0.01 0.44790199493955546 0.00339508056640625 22.9349205493927 0.7272727272727272 1.0
0 0.01 0.39012877707943217 0.041457176208496094 22.976377725601196 0.5000000000000001 1.0
0 0.01 0.33980751241358653 0.04704999923706055 23.023427724838257 0.4 1.0
0 0.01 0.2959770011254507 0.008623123168945312 23.032050848007202 0.4 1.0
0 0.01 0.2578000249994245 0.00904393196105957 23.04109477996826 0.4 1.0
0 0.01 0.22454735549379537 0.06801414489746094 23.109108924865723 0.3076923076923077 1.0
0 0.01 0.19558382455304058 0.012731790542602539 23.121840715408325 0.3076923076923077 1.0
0 0.01 0.1703561920944177 0.18850469589233398 23.31034541130066 0.26666666666666666 1.0
0 0.01 0.14838257842248037 0.06272506713867188 23.37307047843933 0.25806451612903225 1.0
0 0.01 0.12924325971726744 0.018970966339111328 23.392041444778442 0.25806451612903225 1.0
0 0.01 0.1125726507783501 0.06343913078308105 23.455480575561523 0.25 1.0
0 0.01 0.09805232188500161 0.0653071403503418 23.520787715911865 0.24242424242424243 1.0
0 0.01 0.08540491638568569 0.08785891532897949 23.608646631240845 0.2352941176470588 1.0
0 0.01 0.07438885283512764 0.01901531219482422 23.62766194343567 0.2352941176470588 1.0
0 0.01 0.06479371048308594 0.08334016799926758 23.711002111434937 0.2285714285714286 1.0
0 0.01 0.056436209971818335 0.23021507263183594 23.941217184066772 0.21621621621621623 1.0
0 0.01 0.049156712468482675 0.03560185432434082 23.976819038391113 0.21621621621621623 1.0
0 0.01 0.0428161703614703 0.19992899894714355 24.176748037338257 0.20512820512820512 1.0
0 0.01 0.03729347127511503 0.03204798698425293 24.20879602432251 0.20512820512820512 1.0
0 0.01 0.032483124670098805 0.030022859573364258 24.238818883895874 0.20512820512820512 1.0
