[216.40736058 188.4937774  164.18066384 143.00360867 124.55810333
 108.49181534  94.49785828  82.30892987  71.69220614  62.44489425
  54.39035884  47.37474809  41.26405496  35.94155748  31.30558923
  27.26759733  23.75045104  20.68696841  18.01863304  15.69447636
  13.67010404  11.906848    10.37102782   9.03330739   7.86813455
   6.85325305   5.96927734   5.19932239   4.52868107   3.94454329
   3.43575127   2.99258645   2.60658382   2.27037024   1.9775236
   1.72245016   1.5002777    1.30676244   1.138208     0.99139477
   0.86351843   0.75213639   0.65512111   0.57061946   0.49701737
   0.43290895   0.37706963   0.32843281   0.28606948   0.24917044]0 1 312.2098259152708 0.001190185546875 0.001190185546875 0.0 1.0
0 1 271.93903789811014 0.0011749267578125 0.0023651123046875 0.0 1.0
0 1 236.8626295349813 0.04037618637084961 0.04274129867553711 0.33333333333333337 1.0
0 1 206.31059705097118 0.029420852661132812 0.07216215133666992 0.5714285714285715 1.0
0 1 179.69935797424765 0.018847942352294922 0.09101009368896484 0.5714285714285715 1.0
0 1 156.52060397255676 0.015151023864746094 0.10616111755371094 0.5714285714285715 1.0
0 1 136.33159152101595 0.012663841247558594 0.11882495880126953 0.5714285714285715 1.0
0 1 118.74668494067365 0.034919023513793945 0.15374398231506348 0.7499999999999999 1.0
0 1 103.42999026917344 0.02182602882385254 0.17557001113891602 0.7499999999999999 1.0
0 1 90.08893926113359 0.016947031021118164 0.19251704216003418 0.7499999999999999 1.0
0 1 78.46870096453189 0.014480829238891602 0.20699787139892578 0.7499999999999999 1.0
0 1 68.34731412713553 0.012163639068603516 0.2191615104675293 0.7499999999999999 1.0
0 1 59.53144745577994 0.012465953826904297 0.2316274642944336 0.6666666666666665 1.0
0 1 51.85270674408604 0.01884293556213379 0.2504703998565674 0.7272727272727272 1.0
0 1 45.16441833008278 0.016893863677978516 0.2673642635345459 0.7272727272727272 1.0
0 1 39.33882744370648 0.01976299285888672 0.2871272563934326 0.6153846153846154 1.0
0 1 34.26465792907022 0.03083014488220215 0.31795740127563477 0.47058823529411764 1.0
0 1 29.84498672911064 0.03676271438598633 0.3547201156616211 0.3636363636363636 1.0
0 1 25.99539253258091 0.0508880615234375 0.4056081771850586 0.3076923076923077 1.0
0 1 22.642343220204207 0.1404862403869629 0.5460944175720215 0.26666666666666666 1.0
0 1 19.721791308170232 0.1627490520477295 0.708843469619751 0.27586206896551724 1.0
0 1 17.177950560167822 0.3031771183013916 1.0120205879211426 0.26666666666666666 1.0
0 1 14.962230399696251 0.2269601821899414 1.238980770111084 0.24242424242424243 1.0
0 1 13.03230776858211 0.2106800079345703 1.4496607780456543 0.2222222222222222 1.0
0 1 11.351318703025308 0.208082914352417 1.6577436923980713 0.2222222222222222 1.0
0 1 9.887154185253786 0.16806411743164062 1.825807809829712 0.21621621621621623 1.0
0 1 8.611846820663045 0.16498398780822754 1.9907917976379395 0.20512820512820512 1.0
0 1 7.501036625197576 0.19242024421691895 2.1832120418548584 0.19999999999999998 1.0
0 1 6.53350571883761 0.16012072563171387 2.3433327674865723 0.20512820512820512 1.0
0 1 5.69077303724795 0.2141890525817871 2.5575218200683594 0.18604651162790697 1.0
0 1 4.956741320068812 0.17120099067687988 2.7287228107452393 0.1777777777777778 1.0
0 1 4.317389632878279 0.22648978233337402 2.9552125930786133 0.16666666666666666 1.0
0 1 3.7605055496069455 2.0047762393951416 4.959988832473755 0.1702127659574468 1.0
0 1 3.2754518797500736 0.4130218029022217 5.373010635375977 0.1702127659574468 1.0
0 1 2.8529634845718124 0.22319793701171875 5.596208572387695 0.16666666666666666 1.0
0 1 2.4849703012340436 0.18255019187927246 5.778758764266968 0.163265306122449 1.0
0 1 2.1644431943866964 0.2960669994354248 6.074825763702393 0.163265306122449 1.0
0 1 1.8852596907900219 0.16996407508850098 6.2447898387908936 0.163265306122449 1.0
0 1 1.6420870323301746 0.15652084350585938 6.401310682296753 0.163265306122449 1.0
0 1 1.4302803135927475 0.14717507362365723 6.54848575592041 0.163265306122449 1.0
0 1 1.2457937582930971 0.13684368133544922 6.685329437255859 0.163265306122449 1.0
0 1 1.0851034398309916 0.5116369724273682 7.1969664096832275 0.1568627450980392 1.0
0 1 0.945139969834425 0.42864394187927246 7.6256103515625 0.1568627450980392 1.0
0 1 0.823229868958621 0.5644397735595703 8.19005012512207 0.1568627450980392 1.0
0 1 0.7170445000483404 0.9859509468078613 9.176001071929932 0.15384615384615383 1.0
0 1 0.624555588222246 1.0469939708709717 10.222995042800903 0.1509433962264151 1.0
0 1 0.5439964782567033 0.7126719951629639 10.935667037963867 0.1509433962264151 1.0
0 1 0.4738283892360109 0.6375329494476318 11.573199987411499 0.1509433962264151 1.0
0 1 0.4127110218901976 0.6467690467834473 12.219969034194946 0.1481481481481481 1.0
0 1 0.3594769571833539 0.6151628494262695 12.835131883621216 0.1481481481481481 1.0
0 0.1 130.20161032759302 0.0011758804321289062 12.836307764053345 0.0 1.0
0 0.1 113.40738729625762 0.001177072525024414 12.83748483657837 0.0 1.0
0 0.1 98.77938883400856 0.0011627674102783203 12.838647603988647 0.0 1.0
0 0.1 86.03820166433057 0.0011818408966064453 12.839829444885254 0.0 1.0
0 0.1 74.9404529934022 0.0011658668518066406 12.84099531173706 0.0 1.0
0 0.1 65.27416178184274 0.0011749267578125 12.842170238494873 0.0 1.0
0 0.1 56.854689638682785 0.0011739730834960938 12.84334421157837 0.0 1.0
0 0.1 49.52121399451067 0.0011682510375976562 12.844512462615967 0.0 1.0
0 0.1 43.13365618693992 0.0011677742004394531 12.845680236816406 0.0 1.0
0 0.1 37.570005780944214 0.0011723041534423828 12.846852540969849 0.0 1.0
0 0.1 32.7239900151928 0.0011878013610839844 12.848040342330933 0.0 1.0
0 0.1 28.503043857863506 0.0011820793151855469 12.849222421646118 0.0 1.0
0 0.1 24.826541897430772 0.01726984977722168 12.86649227142334 0.5714285714285715 1.0
0 0.1 21.624258295306348 0.007409811019897461 12.873902082443237 0.5714285714285715 1.0
0 0.1 18.835025383479486 0.006245851516723633 12.880147933959961 0.5714285714285715 1.0
0 0.1 16.405565284674683 0.0061380863189697266 12.88628602027893 0.5714285714285715 1.0
0 0.1 14.289472237493916 0.006142854690551758 12.892428874969482 0.5714285714285715 1.0
0 0.1 12.446326187665905 0.006253242492675781 12.898682117462158 0.5714285714285715 1.0
0 0.1 10.840920713874212 0.013784170150756836 12.912466287612915 0.7499999999999999 1.0
0 0.1 9.44259054057033 0.007510185241699219 12.919976472854614 0.7499999999999999 1.0
0 0.1 8.224625792416147 0.006239891052246094 12.92621636390686 0.7499999999999999 1.0
0 0.1 7.163761801874259 0.006163120269775391 12.932379484176636 0.7499999999999999 1.0
0 0.1 6.239734724625884 0.006230831146240234 12.938610315322876 0.7499999999999999 1.0
0 0.1 5.43489447450858 0.03647732734680176 12.975087642669678 0.7272727272727272 1.0
0 0.1 4.733867584541418 0.01430511474609375 12.989392757415771 0.7272727272727272 1.0
0 0.1 4.123263554256632 0.013614177703857422 13.003006935119629 0.7272727272727272 1.0
0 0.1 3.591419074200402 0.06862020492553711 13.071627140045166 0.5714285714285714 1.0
0 0.1 3.128175241967003 0.15635299682617188 13.227980136871338 0.4444444444444444 1.0
0 0.1 2.7246835143108377 0.0667409896850586 13.294721126556396 0.4210526315789473 1.0
0 0.1 2.373236688776134 0.10025715827941895 13.394978284835815 0.38095238095238093 1.0
0 0.1 2.0671216863796724 0.5721421241760254 13.96712040901184 0.3333333333333333 1.0
0 0.1 1.8004913233094775 0.5974280834197998 14.56454849243164 0.32000000000000006 1.0
0 0.1 1.5682526223167341 0.6692280769348145 15.233776569366455 0.2857142857142857 1.0
0 0.1 1.3659695304072161 0.4767141342163086 15.710490703582764 0.27586206896551724 1.0
0 0.1 1.1897781846170337 0.34959983825683594 16.0600905418396 0.25806451612903225 1.0
0 0.1 1.036313107341863 0.10891532897949219 16.169005870819092 0.25806451612903225 1.0
0 0.1 0.9026429214570189 263.7535300254822 279.92253589630127 0.24242424242424243 1.0
0 0.1 0.786214357305898 0.6474030017852783 280.56993889808655 0.2352941176470588 1.0
0 0.1 0.6848034820193963 0.13416767120361328 280.70410656929016 0.2352941176470588 1.0
0 0.1 0.5964732195846044 0.9234409332275391 281.6275475025177 0.2285714285714286 1.0
0 0.1 0.5195363502423698 0.8098769187927246 282.4374244213104 0.2222222222222222 1.0
0 0.1 0.4525232824553942 2.7320761680603027 285.1695005893707 0.19999999999999998 1.0
0 0.1 0.3941539818506903 0.39674997329711914 285.56625056266785 0.19999999999999998 1.0
0 0.1 0.34331352094368267 0.6468582153320312 286.2131087779999 0.19512195121951217 1.0
0 0.1 0.2990307826127625 0.8160817623138428 287.0291905403137 0.19047619047619047 1.0
0 0.1 0.2604599105337001 1.2931511402130127 288.32234168052673 0.18181818181818182 1.0
0 0.1 0.22686415225376097 0.4615790843963623 288.7839207649231 0.18181818181818182 1.0
0 0.1 0.19760178628779224 0.21789288520812988 289.0018136501312 0.18181818181818182 1.0
0 0.1 0.17211386442601356 0.14383697509765625 289.1456506252289 0.18181818181818182 1.0
0 0.1 0.14991353511608546 2.5918869972229004 291.7375376224518 0.1739130434782609 1.0
0 0.01 28.211963230963963 0.0011870861053466797 291.73872470855713 0.0 1.0
0 0.01 24.573006681497752 0.0011661052703857422 291.7398908138275 0.0 1.0
0 0.01 21.403425646968028 0.001171112060546875 291.74106192588806 0.0 1.0
0 0.01 18.642677119777133 0.0012688636779785156 291.74233078956604 0.0 1.0
0 0.01 16.238027310431736 0.0013360977172851562 291.7436668872833 0.0 1.0
0 0.01 14.143544365449966 0.0012068748474121094 291.74487376213074 0.0 1.0
0 0.01 12.319221010851523 0.0011761188507080078 291.74604988098145 0.0 1.0
0 0.01 10.730210362611421 0.001177072525024414 291.74722695350647 0.0 1.0
0 0.01 9.346160307090315 0.0011720657348632812 291.74839901924133 0.0 1.0
0 0.01 8.140633737265514 0.0012388229370117188 291.74963784217834 0.0 1.0
0 0.01 7.090603570541246 0.0013260841369628906 291.7509639263153 0.0 1.0
0 0.01 6.176012902339531 0.0012290477752685547 291.7521929740906 0.0 1.0
0 0.01 5.379391893848717 0.0011730194091796875 291.75336599349976 0.0 1.0
0 0.01 4.685524076001097 0.0011980533599853516 291.75456404685974 0.0 1.0
0 0.01 4.081155695663349 0.0012218952178955078 291.75578594207764 0.0 1.0
0 0.01 3.554742552184356 0.0012140274047851562 291.7569999694824 0.0 1.0
0 0.01 3.09622948855821 0.0011601448059082031 291.75816011428833 0.0 1.0
0 0.01 2.6968583252045994 0.0011508464813232422 291.75931096076965 0.0 1.0
0 0.01 2.349000567658869 0.01352381706237793 291.77283477783203 0.5714285714285715 1.0
0 0.01 2.046011692676912 0.003762960433959961 291.776597738266 0.5714285714285715 1.0
0 0.01 1.7821042294352372 0.0037550926208496094 291.78035283088684 0.5714285714285715 1.0
0 0.01 1.5522372115164986 0.0039048194885253906 291.78425765037537 0.5714285714285715 1.0
0 0.01 1.3520198880735976 0.0036988258361816406 291.78795647621155 0.5714285714285715 1.0
0 0.01 1.1776278549337647 0.0039958953857421875 291.7919523715973 0.5714285714285715 1.0
0 0.01 1.0257300036406054 0.012151241302490234 291.8041036128998 0.7499999999999999 1.0
0 0.01 0.8934248930683893 0.0038299560546875 291.80793356895447 0.7499999999999999 1.0
0 0.01 0.7781853282259436 0.0025038719177246094 291.8104374408722 0.7499999999999999 1.0
0 0.01 0.6778100876351608 0.002529621124267578 291.81296706199646 0.7499999999999999 1.0
0 0.01 0.590381877216004 0.002753019332885742 291.81572008132935 0.7499999999999999 1.0
0 0.01 0.5142307075440048 0.020607948303222656 291.83632802963257 0.7272727272727272 1.0
0 0.01 0.44790199493955546 0.004232883453369141 291.84056091308594 0.7272727272727272 1.0
0 0.01 0.39012877707943217 0.049465179443359375 291.8900260925293 0.5000000000000001 1.0
0 0.01 0.33980751241358653 0.056012868881225586 291.9460389614105 0.4 1.0
0 0.01 0.2959770011254507 0.015291213989257812 291.9613301753998 0.4 1.0
0 0.01 0.2578000249994245 0.01473093032836914 291.97606110572815 0.4 1.0
0 0.01 0.22454735549379537 0.07721900939941406 292.05328011512756 0.3076923076923077 1.0
0 0.01 0.19558382455304058 0.01795816421508789 292.07123827934265 0.3076923076923077 1.0
0 0.01 0.1703561920944177 0.19554519653320312 292.26678347587585 0.26666666666666666 1.0
0 0.01 0.14838257842248037 0.07670283317565918 292.3434863090515 0.25806451612903225 1.0
0 0.01 0.12924325971726744 0.025931119918823242 292.36941742897034 0.25806451612903225 1.0
0 0.01 0.1125726507783501 0.07599997520446777 292.4454174041748 0.25 1.0
0 0.01 0.09805232188500161 0.07668399810791016 292.5221014022827 0.24242424242424243 1.0
0 0.01 0.08540491638568569 0.10054564476013184 292.62264704704285 0.2352941176470588 1.0
0 0.01 0.07438885283512764 0.02656722068786621 292.6492142677307 0.2352941176470588 1.0
0 0.01 0.06479371048308594 0.09496903419494629 292.74418330192566 0.2285714285714286 1.0
0 0.01 0.056436209971818335 0.2552149295806885 292.99939823150635 0.21621621621621623 1.0
0 0.01 0.049156712468482675 0.05135512351989746 293.05075335502625 0.21621621621621623 1.0
0 0.01 0.0428161703614703 0.22558188438415527 293.2763352394104 0.20512820512820512 1.0
0 0.01 0.03729347127511503 0.04939699172973633 293.32573223114014 0.20512820512820512 1.0
0 0.01 0.032483124670098805 0.04473710060119629 293.37046933174133 0.20512820512820512 1.0
