[216.40736058 188.4937774  164.18066384 143.00360867 124.55810333
 108.49181534  94.49785828  82.30892987  71.69220614  62.44489425
  54.39035884  47.37474809  41.26405496  35.94155748  31.30558923
  27.26759733  23.75045104  20.68696841  18.01863304  15.69447636
  13.67010404  11.906848    10.37102782   9.03330739   7.86813455
   6.85325305   5.96927734   5.19932239   4.52868107   3.94454329
   3.43575127   2.99258645   2.60658382   2.27037024   1.9775236
   1.72245016   1.5002777    1.30676244   1.138208     0.99139477
   0.86351843   0.75213639   0.65512111   0.57061946   0.49701737
   0.43290895   0.37706963   0.32843281   0.28606948   0.24917044]0 1 312.2098259152708 0.0011959075927734375 0.0011959075927734375 0.0 1.0
0 1 271.93903789811014 0.001184225082397461 0.0023801326751708984 0.0 1.0
0 1 236.8626295349813 0.028397083282470703 0.0307772159576416 0.33333333333333337 1.0
0 1 206.31059705097118 0.021554946899414062 0.052332162857055664 0.5714285714285715 1.0
0 1 179.69935797424765 0.011790037155151367 0.06412220001220703 0.5714285714285715 1.0
0 1 156.52060397255676 0.00929570198059082 0.07341790199279785 0.5714285714285715 1.0
0 1 136.33159152101595 0.00826406478881836 0.08168196678161621 0.5714285714285715 1.0
0 1 118.74668494067365 0.024287939071655273 0.10596990585327148 0.7499999999999999 1.0
0 1 103.42999026917344 0.024633169174194336 0.13060307502746582 0.7499999999999999 1.0
0 1 90.08893926113359 0.01135110855102539 0.1419541835784912 0.7499999999999999 1.0
0 1 78.46870096453189 0.009788990020751953 0.15174317359924316 0.7499999999999999 1.0
0 1 68.34731412713553 0.008924007415771484 0.16066718101501465 0.7499999999999999 1.0
0 1 59.53144745577994 0.009305953979492188 0.16997313499450684 0.6666666666666665 1.0
0 1 51.85270674408604 0.013154983520507812 0.18312811851501465 0.7272727272727272 1.0
0 1 45.16441833008278 0.013070821762084961 0.1961989402770996 0.7272727272727272 1.0
0 1 39.33882744370648 0.012785911560058594 0.2089848518371582 0.6153846153846154 1.0
0 1 34.26465792907022 0.019433021545410156 0.22841787338256836 0.47058823529411764 1.0
0 1 29.84498672911064 0.026411056518554688 0.25482892990112305 0.3636363636363636 1.0
0 1 25.99539253258091 0.03266477584838867 0.2874937057495117 0.3076923076923077 1.0
0 1 22.642343220204207 0.09360098838806152 0.38109469413757324 0.26666666666666666 1.0
0 1 19.721791308170232 0.10582685470581055 0.4869215488433838 0.27586206896551724 1.0
0 1 17.177950560167822 0.2471179962158203 0.7340395450592041 0.26666666666666666 1.0
0 1 14.962230399696251 0.17032599449157715 0.9043655395507812 0.24242424242424243 1.0
0 1 13.03230776858211 0.19204497337341309 1.0964105129241943 0.2222222222222222 1.0
0 1 11.351318703025308 0.1555650234222412 1.2519755363464355 0.2222222222222222 1.0
0 1 9.887154185253786 0.1251370906829834 1.377112627029419 0.21621621621621623 1.0
0 1 8.611846820663045 0.12651515007019043 1.5036277770996094 0.20512820512820512 1.0
0 1 7.501036625197576 0.14250802993774414 1.6461358070373535 0.19999999999999998 1.0
0 1 6.53350571883761 0.12247705459594727 1.7686128616333008 0.20512820512820512 1.0
0 1 5.69077303724795 0.16435599327087402 1.9329688549041748 0.18604651162790697 1.0
0 1 4.956741320068812 0.12107086181640625 2.054039716720581 0.1777777777777778 1.0
0 1 4.317389632878279 0.16801190376281738 2.2220516204833984 0.1702127659574468 1.0
0 1 3.7605055496069455 1.6587839126586914 3.88083553314209 0.1702127659574468 1.0
0 1 3.2754518797500736 0.33992600440979004 4.22076153755188 0.1702127659574468 1.0
0 1 2.8529634845718124 0.12982988357543945 4.350591421127319 0.16666666666666666 1.0
0 1 2.4849703012340436 0.13060402870178223 4.481195449829102 0.163265306122449 1.0
0 1 2.1644431943866964 0.2294909954071045 4.710686445236206 0.163265306122449 1.0
0 1 1.8852596907900219 0.09600377082824707 4.806690216064453 0.163265306122449 1.0
0 1 1.6420870323301746 0.09513401985168457 4.901824235916138 0.163265306122449 1.0
0 1 1.4302803135927475 0.09339022636413574 4.995214462280273 0.163265306122449 1.0
0 1 1.2457937582930971 0.09193229675292969 5.087146759033203 0.163265306122449 1.0
0 1 1.0851034398309916 0.22335004806518555 5.310496807098389 0.1568627450980392 1.0
0 1 0.945139969834425 0.22315192222595215 5.533648729324341 0.1568627450980392 1.0
0 1 0.823229868958621 0.37741780281066895 5.91106653213501 0.1568627450980392 1.0
0 1 0.7170445000483404 0.6735780239105225 6.584644556045532 0.15384615384615383 1.0
0 1 0.624555588222246 0.45148205757141113 7.036126613616943 0.1509433962264151 1.0
0 1 0.5439964782567033 0.30028486251831055 7.336411476135254 0.1509433962264151 1.0
0 1 0.4738283892360109 0.23097896575927734 7.567390441894531 0.1509433962264151 1.0
0 1 0.4127110218901976 0.22440218925476074 7.791792631149292 0.1481481481481481 1.0
0 1 0.3594769571833539 0.22527718544006348 8.017069816589355 0.1481481481481481 1.0
0 0.1 130.20161032759302 0.001177072525024414 8.01824688911438 0.0 1.0
0 0.1 113.40738729625762 0.001203298568725586 8.019450187683105 0.0 1.0
0 0.1 98.77938883400856 0.0011820793151855469 8.020632266998291 0.0 1.0
0 0.1 86.03820166433057 0.001222848892211914 8.021855115890503 0.0 1.0
0 0.1 74.9404529934022 0.0012159347534179688 8.023071050643921 0.0 1.0
0 0.1 65.27416178184274 0.0012369155883789062 8.0243079662323 0.0 1.0
0 0.1 56.854689638682785 0.001194000244140625 8.02550196647644 0.0 1.0
0 0.1 49.52121399451067 0.0011818408966064453 8.026683807373047 0.0 1.0
0 0.1 43.13365618693992 0.0011668205261230469 8.02785062789917 0.0 1.0
0 0.1 37.570005780944214 0.0011889934539794922 8.02903962135315 0.0 1.0
0 0.1 32.7239900151928 0.0013051033020019531 8.030344724655151 0.0 1.0
0 0.1 28.503043857863506 0.0011839866638183594 8.03152871131897 0.0 1.0
0 0.1 24.826541897430772 0.014204025268554688 8.045732736587524 0.5714285714285715 1.0
0 0.1 21.624258295306348 0.004063844680786133 8.04979658126831 0.5714285714285715 1.0
0 0.1 18.835025383479486 0.004199981689453125 8.053996562957764 0.5714285714285715 1.0
0 0.1 16.405565284674683 0.003947019577026367 8.05794358253479 0.5714285714285715 1.0
0 0.1 14.289472237493916 0.004220724105834961 8.062164306640625 0.5714285714285715 1.0
0 0.1 12.446326187665905 0.0038979053497314453 8.066062211990356 0.5714285714285715 1.0
0 0.1 10.840920713874212 0.011777877807617188 8.077840089797974 0.7499999999999999 1.0
0 0.1 9.44259054057033 0.005425930023193359 8.083266019821167 0.7499999999999999 1.0
0 0.1 8.224625792416147 0.003926992416381836 8.087193012237549 0.7499999999999999 1.0
0 0.1 7.163761801874259 0.004093170166015625 8.091286182403564 0.7499999999999999 1.0
0 0.1 6.239734724625884 0.003862142562866211 8.09514832496643 0.7499999999999999 1.0
0 0.1 5.43489447450858 0.03172731399536133 8.126875638961792 0.7272727272727272 1.0
0 0.1 4.733867584541418 0.009808778762817383 8.13668441772461 0.7272727272727272 1.0
0 0.1 4.123263554256632 0.00933980941772461 8.146024227142334 0.7272727272727272 1.0
0 0.1 3.591419074200402 0.06251811981201172 8.208542346954346 0.5714285714285714 1.0
0 0.1 3.128175241967003 0.14857697486877441 8.35711932182312 0.4444444444444444 1.0
0 0.1 2.7246835143108377 0.057652950286865234 8.414772272109985 0.4210526315789473 1.0
0 0.1 2.373236688776134 0.0903937816619873 8.505166053771973 0.38095238095238093 1.0
0 0.1 2.0671216863796724 0.2881019115447998 8.793267965316772 0.3333333333333333 1.0
0 0.1 1.8004913233094775 0.5172951221466064 9.310563087463379 0.32000000000000006 1.0
0 0.1 1.5682526223167341 0.5839180946350098 9.894481182098389 0.2857142857142857 1.0
0 0.1 1.3659695304072161 0.44811511039733887 10.342596292495728 0.27586206896551724 1.0
0 0.1 1.1897781846170337 0.27671098709106445 10.619307279586792 0.25806451612903225 1.0
0 0.1 1.036313107341863 0.08350682258605957 10.702814102172852 0.25806451612903225 1.0
0 0.1 0.9026429214570189 0.17787408828735352 10.880688190460205 0.24242424242424243 1.0
0 0.1 0.786214357305898 0.20313501358032227 11.083823204040527 0.2352941176470588 1.0
0 0.1 0.6848034820193963 0.06474590301513672 11.148569107055664 0.2352941176470588 1.0
0 0.1 0.5964732195846044 0.6478977203369141 11.796466827392578 0.2285714285714286 1.0
0 0.1 0.5195363502423698 0.6525611877441406 12.449028015136719 0.2222222222222222 1.0
0 0.1 0.4525232824553942 2.3888189792633057 14.837846994400024 0.19999999999999998 1.0
0 0.1 0.3941539818506903 0.3051121234893799 15.142959117889404 0.19999999999999998 1.0
0 0.1 0.34331352094368267 0.48156189918518066 15.624521017074585 0.19512195121951217 1.0
0 0.1 0.2990307826127625 0.7899067401885986 16.414427757263184 0.19047619047619047 1.0
0 0.1 0.2604599105337001 0.831812858581543 17.246240615844727 0.18604651162790697 1.0
0 0.1 0.22686415225376097 0.24978303909301758 17.496023654937744 0.18181818181818182 1.0
0 0.1 0.19760178628779224 0.13538098335266113 17.631404638290405 0.18181818181818182 1.0
0 0.1 0.17211386442601356 0.11547303199768066 17.746877670288086 0.18181818181818182 1.0
0 0.1 0.14991353511608546 1.6881330013275146 19.4350106716156 0.1739130434782609 1.0
0 0.01 28.211963230963963 0.0011723041534423828 19.436182975769043 0.0 1.0
0 0.01 24.573006681497752 0.0011899471282958984 19.43737292289734 0.0 1.0
0 0.01 21.403425646968028 0.0011749267578125 19.43854784965515 0.0 1.0
0 0.01 18.642677119777133 0.0012371540069580078 19.43978500366211 0.0 1.0
0 0.01 16.238027310431736 0.0012652873992919922 19.4410502910614 0.0 1.0
0 0.01 14.143544365449966 0.0011932849884033203 19.442243576049805 0.0 1.0
0 0.01 12.319221010851523 0.0011789798736572266 19.443422555923462 0.0 1.0
0 0.01 10.730210362611421 0.0012619495391845703 19.444684505462646 0.0 1.0
0 0.01 9.346160307090315 0.001177072525024414 19.44586157798767 0.0 1.0
0 0.01 8.140633737265514 0.0011739730834960938 19.447035551071167 0.0 1.0
0 0.01 7.090603570541246 0.0011720657348632812 19.44820761680603 0.0 1.0
0 0.01 6.176012902339531 0.0011811256408691406 19.4493887424469 0.0 1.0
0 0.01 5.379391893848717 0.0012049674987792969 19.45059370994568 0.0 1.0
0 0.01 4.685524076001097 0.001219034194946289 19.451812744140625 0.0 1.0
0 0.01 4.081155695663349 0.001190185546875 19.4530029296875 0.0 1.0
0 0.01 3.554742552184356 0.00119781494140625 19.454200744628906 0.0 1.0
0 0.01 3.09622948855821 0.001180887222290039 19.455381631851196 0.0 1.0
0 0.01 2.6968583252045994 0.001233816146850586 19.456615447998047 0.0 1.0
0 0.01 2.349000567658869 0.009705066680908203 19.466320514678955 0.5714285714285715 1.0
0 0.01 2.046011692676912 0.002713918685913086 19.469034433364868 0.5714285714285715 1.0
0 0.01 1.7821042294352372 0.0027289390563964844 19.471763372421265 0.5714285714285715 1.0
0 0.01 1.5522372115164986 0.0013692378997802734 19.473132610321045 0.5714285714285715 1.0
0 0.01 1.3520198880735976 0.0013599395751953125 19.47449254989624 0.5714285714285715 1.0
0 0.01 1.1776278549337647 0.0015881061553955078 19.476080656051636 0.5714285714285715 1.0
0 0.01 1.0257300036406054 0.010921001434326172 19.487001657485962 0.7499999999999999 1.0
0 0.01 0.8934248930683893 0.0025339126586914062 19.489535570144653 0.7499999999999999 1.0
0 0.01 0.7781853282259436 0.002635955810546875 19.4921715259552 0.7499999999999999 1.0
0 0.01 0.6778100876351608 0.0013899803161621094 19.493561506271362 0.7499999999999999 1.0
0 0.01 0.590381877216004 0.0014090538024902344 19.494970560073853 0.7499999999999999 1.0
0 0.01 0.5142307075440048 0.01942610740661621 19.51439666748047 0.7272727272727272 1.0
0 0.01 0.44790199493955546 0.0029900074005126953 19.51738667488098 0.7272727272727272 1.0
0 0.01 0.39012877707943217 0.04544496536254883 19.56283164024353 0.5000000000000001 1.0
0 0.01 0.33980751241358653 0.052438974380493164 19.615270614624023 0.4 1.0
0 0.01 0.2959770011254507 0.011645793914794922 19.62691640853882 0.4 1.0
0 0.01 0.2578000249994245 0.01070094108581543 19.637617349624634 0.4 1.0
0 0.01 0.22454735549379537 0.07434606552124023 19.711963415145874 0.3076923076923077 1.0
0 0.01 0.19558382455304058 0.015067338943481445 19.727030754089355 0.3076923076923077 1.0
0 0.01 0.1703561920944177 0.19281291961669922 19.919843673706055 0.26666666666666666 1.0
0 0.01 0.14838257842248037 0.07120990753173828 19.991053581237793 0.25806451612903225 1.0
0 0.01 0.12924325971726744 0.021767854690551758 20.012821435928345 0.25806451612903225 1.0
0 0.01 0.1125726507783501 0.07048916816711426 20.08331060409546 0.25 1.0
0 0.01 0.09805232188500161 0.07288908958435059 20.15619969367981 0.24242424242424243 1.0
0 0.01 0.08540491638568569 0.09316015243530273 20.249359846115112 0.2352941176470588 1.0
0 0.01 0.07438885283512764 0.02236795425415039 20.271727800369263 0.2352941176470588 1.0
0 0.01 0.06479371048308594 0.08863997459411621 20.36036777496338 0.2285714285714286 1.0
0 0.01 0.056436209971818335 0.24309396743774414 20.603461742401123 0.21621621621621623 1.0
0 0.01 0.049156712468482675 0.039601802825927734 20.64306354522705 0.21621621621621623 1.0
0 0.01 0.0428161703614703 0.20758724212646484 20.850650787353516 0.20512820512820512 1.0
0 0.01 0.03729347127511503 0.039813995361328125 20.890464782714844 0.20512820512820512 1.0
0 0.01 0.032483124670098805 0.03850507736206055 20.928969860076904 0.20512820512820512 1.0
