[216.40736058 188.4937774  164.18066384 143.00360867 124.55810333
 108.49181534  94.49785828  82.30892987  71.69220614  62.44489425
  54.39035884  47.37474809  41.26405496  35.94155748  31.30558923
  27.26759733  23.75045104  20.68696841  18.01863304  15.69447636
  13.67010404  11.906848    10.37102782   9.03330739   7.86813455
   6.85325305   5.96927734   5.19932239   4.52868107   3.94454329
   3.43575127   2.99258645   2.60658382   2.27037024   1.9775236
   1.72245016   1.5002777    1.30676244   1.138208     0.99139477
   0.86351843   0.75213639   0.65512111   0.57061946   0.49701737
   0.43290895   0.37706963   0.32843281   0.28606948   0.24917044]0 1 312.2098259152708 0.01317596435546875 0.01317596435546875 0.0 1.0
0 1 271.93903789811014 0.009220123291015625 0.022396087646484375 0.0 1.0
0 1 236.8626295349813 0.007241010665893555 0.02963709831237793 0.33333333333333337 1.0
0 1 206.31059705097118 0.04790186882019043 0.07753896713256836 0.5714285714285715 1.0
0 1 179.69935797424765 0.03954815864562988 0.11708712577819824 0.5714285714285715 1.0
0 1 156.52060397255676 0.03234291076660156 0.1494300365447998 0.5714285714285715 1.0
0 1 136.33159152101595 0.032833099365234375 0.18226313591003418 0.5714285714285715 1.0
0 1 118.74668494067365 0.03971409797668457 0.22197723388671875 0.7499999999999999 1.0
0 1 103.42999026917344 0.03401780128479004 0.2559950351715088 0.7499999999999999 1.0
0 1 90.08893926113359 0.03331708908081055 0.28931212425231934 0.7499999999999999 1.0
0 1 78.46870096453189 0.03238797187805176 0.3217000961303711 0.7499999999999999 1.0
0 1 68.34731412713553 0.032485246658325195 0.3541853427886963 0.7499999999999999 1.0
0 1 59.53144745577994 0.03990793228149414 0.39409327507019043 0.6666666666666665 1.0
0 1 51.85270674408604 0.03856205940246582 0.43265533447265625 0.7272727272727272 1.0
0 1 45.16441833008278 0.03825569152832031 0.47091102600097656 0.7272727272727272 1.0
0 1 39.33882744370648 0.046792030334472656 0.5177030563354492 0.6153846153846154 1.0
0 1 34.26465792907022 0.08298802375793457 0.6006910800933838 0.47058823529411764 1.0
0 1 29.84498672911064 0.08213400840759277 0.6828250885009766 0.3636363636363636 1.0
0 1 25.99539253258091 0.11129283905029297 0.7941179275512695 0.3076923076923077 1.0
0 1 22.642343220204207 0.31248998641967773 1.1066079139709473 0.26666666666666666 1.0
0 1 19.721791308170232 0.3534562587738037 1.460064172744751 0.27586206896551724 1.0
0 1 17.177950560167822 0.633836030960083 2.093900203704834 0.26666666666666666 1.0
0 1 14.962230399696251 0.5142977237701416 2.6081979274749756 0.24242424242424243 1.0
0 1 13.03230776858211 0.44653892517089844 3.054736852645874 0.2222222222222222 1.0
0 1 11.351318703025308 0.4183080196380615 3.4730448722839355 0.2222222222222222 1.0
0 1 9.887154185253786 0.3881831169128418 3.8612279891967773 0.21621621621621623 1.0
0 1 8.611846820663045 0.40154600143432617 4.2627739906311035 0.20512820512820512 1.0
0 1 7.501036625197576 0.4450101852416992 4.707784175872803 0.19999999999999998 1.0
0 1 6.53350571883761 0.3658878803253174 5.07367205619812 0.20512820512820512 1.0
0 1 5.69077303724795 0.43521904945373535 5.5088911056518555 0.18604651162790697 1.0
0 1 4.956741320068812 0.3612370491027832 5.870128154754639 0.1777777777777778 1.0
0 1 4.317389632878279 0.40947890281677246 6.279607057571411 0.1702127659574468 1.0
0 1 3.7605055496069455 4.785067081451416 11.064674139022827 0.1702127659574468 1.0
0 1 3.2754518797500736 0.9303309917449951 11.995005130767822 0.1702127659574468 1.0
0 1 2.8529634845718124 0.2159719467163086 12.21097707748413 0.16666666666666666 1.0
0 1 2.4849703012340436 0.29045701026916504 12.501434087753296 0.163265306122449 1.0
0 1 2.1644431943866964 0.6498489379882812 13.151283025741577 0.163265306122449 1.0
0 1 1.8852596907900219 0.27768874168395996 13.428971767425537 0.163265306122449 1.0
0 1 1.6420870323301746 0.2650570869445801 13.694028854370117 0.163265306122449 1.0
0 1 1.4302803135927475 0.24629902839660645 13.940327882766724 0.163265306122449 1.0
0 1 1.2457937582930971 0.23365020751953125 14.173978090286255 0.163265306122449 1.0
0 1 1.0851034398309916 1.2271599769592285 15.401138067245483 0.1568627450980392 1.0
0 1 0.945139969834425 1.0796129703521729 16.480751037597656 0.1568627450980392 1.0
0 1 0.823229868958621 2.588956832885742 19.0697078704834 0.1568627450980392 1.0
0 1 0.7170445000483404 0.747560977935791 19.81726884841919 0.1481481481481481 1.0
0 1 0.624555588222246 7.637768983840942 27.455037832260132 0.15384615384615383 1.0
0 1 0.5439964782567033 0.8149776458740234 28.270015478134155 0.1481481481481481 1.0
0 1 0.4738283892360109 5.902640104293823 34.17265558242798 0.1509433962264151 1.0
0 1 0.4127110218901976 1.5090539455413818 35.68170952796936 0.14545454545454545 1.0
0 1 0.3594769571833539 1.8985538482666016 37.58026337623596 0.1481481481481481 1.0
0 0.1 130.20161032759302 0.0065228939056396484 37.5867862701416 0.0 1.0
0 0.1 113.40738729625762 0.0064928531646728516 37.593279123306274 0.0 1.0
0 0.1 98.77938883400856 0.006639003753662109 37.59991812705994 0.0 1.0
0 0.1 86.03820166433057 0.0071909427642822266 37.60710906982422 0.0 1.0
0 0.1 74.9404529934022 0.006433010101318359 37.61354207992554 0.0 1.0
0 0.1 65.27416178184274 0.006417036056518555 37.619959115982056 0.0 1.0
0 0.1 56.854689638682785 0.00681304931640625 37.62677216529846 0.0 1.0
0 0.1 49.52121399451067 0.03902482986450195 37.665796995162964 0.5714285714285715 1.0
0 0.1 43.13365618693992 0.03220415115356445 37.69800114631653 0.5714285714285715 1.0
0 0.1 37.570005780944214 0.025784969329833984 37.72378611564636 0.5714285714285715 1.0
0 0.1 32.7239900151928 0.02575087547302246 37.749536991119385 0.5714285714285715 1.0
0 0.1 28.503043857863506 0.026247024536132812 37.77578401565552 0.5714285714285715 1.0
0 0.1 24.826541897430772 0.02610015869140625 37.801884174346924 0.5714285714285715 1.0
0 0.1 21.624258295306348 0.03888511657714844 37.84076929092407 0.7499999999999999 1.0
0 0.1 18.835025383479486 0.026009082794189453 37.86677837371826 0.7499999999999999 1.0
0 0.1 16.405565284674683 0.025763988494873047 37.892542362213135 0.7499999999999999 1.0
0 0.1 14.289472237493916 0.025998830795288086 37.91854119300842 0.7499999999999999 1.0
0 0.1 12.446326187665905 0.026266098022460938 37.944807291030884 0.7499999999999999 1.0
0 0.1 10.840920713874212 0.02639293670654297 37.97120022773743 0.7499999999999999 1.0
0 0.1 9.44259054057033 0.02666306495666504 37.99786329269409 0.7499999999999999 1.0
0 0.1 8.224625792416147 0.02589583396911621 38.02375912666321 0.7499999999999999 1.0
0 0.1 7.163761801874259 0.03863787651062012 38.06239700317383 0.888888888888889 1.0
0 0.1 6.239734724625884 0.0449070930480957 38.107304096221924 0.7272727272727272 1.0
0 0.1 5.43489447450858 0.0325930118560791 38.139897108078 0.7272727272727272 1.0
0 0.1 4.733867584541418 0.033215999603271484 38.173113107681274 0.7272727272727272 1.0
0 0.1 4.123263554256632 0.0711359977722168 38.24424910545349 0.6153846153846154 1.0
0 0.1 3.591419074200402 0.06438612937927246 38.308635234832764 0.5333333333333333 1.0
0 0.1 3.128175241967003 0.17421388626098633 38.48284912109375 0.4210526315789473 1.0
0 0.1 2.7246835143108377 0.15292596817016602 38.635775089263916 0.38095238095238093 1.0
0 0.1 2.373236688776134 0.08346700668334961 38.719242095947266 0.38095238095238093 1.0
0 0.1 2.0671216863796724 0.3123970031738281 39.031639099121094 0.3333333333333333 1.0
0 0.1 1.8004913233094775 0.283674955368042 39.315314054489136 0.3076923076923077 1.0
0 0.1 1.5682526223167341 0.2303168773651123 39.54563093185425 0.2857142857142857 1.0
0 0.1 1.3659695304072161 0.4137589931488037 39.95938992500305 0.2962962962962963 1.0
0 0.1 1.1897781846170337 0.2655620574951172 40.22495198249817 0.26666666666666666 1.0
0 0.1 1.036313107341863 0.16113781929016113 40.38608980178833 0.26666666666666666 1.0
0 0.1 0.9026429214570189 0.6384117603302002 41.02450156211853 0.24242424242424243 1.0
0 0.1 0.786214357305898 0.4362161159515381 41.46071767807007 0.2352941176470588 1.0
0 0.1 0.6848034820193963 0.2693977355957031 41.73011541366577 0.2222222222222222 1.0
0 0.1 0.5964732195846044 0.9803829193115234 42.710498332977295 0.21621621621621623 1.0
0 0.1 0.5195363502423698 2.224821090698242 44.93531942367554 0.19999999999999998 1.0
0 0.1 0.4525232824553942 3.090088129043579 48.025407552719116 0.19512195121951217 1.0
0 0.1 0.3941539818506903 0.5669941902160645 48.59240174293518 0.19512195121951217 1.0
0 0.1 0.34331352094368267 0.6097159385681152 49.202117681503296 0.19047619047619047 1.0
0 0.1 0.2990307826127625 7.022703170776367 56.22482085227966 0.25 1.0
0 0.1 0.2604599105337001 0.42375612258911133 56.648576974868774 0.25 1.0
0 0.1 0.22686415225376097 0.1883831024169922 56.83696007728577 0.24390243902439027 1.0
0 0.1 0.19760178628779224 0.35892486572265625 57.19588494300842 0.24390243902439027 1.0
0 0.1 0.17211386442601356 0.24593806266784668 57.44182300567627 0.24390243902439027 1.0
0 0.1 0.14991353511608546 0.17232513427734375 57.61414813995361 0.24390243902439027 1.0
0 0.01 28.211963230963963 0.006386995315551758 57.620535135269165 0.33333333333333337 1.0
0 0.01 24.573006681497752 0.03282785415649414 57.65336298942566 0.5714285714285715 1.0
0 0.01 21.403425646968028 0.02578258514404297 57.6791455745697 0.5714285714285715 1.0
0 0.01 18.642677119777133 0.02605295181274414 57.705198526382446 0.5714285714285715 1.0
0 0.01 16.238027310431736 0.02605581283569336 57.73125433921814 0.5714285714285715 1.0
0 0.01 14.143544365449966 0.02587294578552246 57.75712728500366 0.5714285714285715 1.0
0 0.01 12.319221010851523 0.025872230529785156 57.78299951553345 0.5714285714285715 1.0
0 0.01 10.730210362611421 0.026074886322021484 57.80907440185547 0.5714285714285715 1.0
0 0.01 9.346160307090315 0.03904581069946289 57.84812021255493 0.7499999999999999 1.0
0 0.01 8.140633737265514 0.026042938232421875 57.87416315078735 0.7499999999999999 1.0
0 0.01 7.090603570541246 0.026024818420410156 57.900187969207764 0.7499999999999999 1.0
0 0.01 6.176012902339531 0.02613091468811035 57.926318883895874 0.7499999999999999 1.0
0 0.01 5.379391893848717 0.025962114334106445 57.95228099822998 0.7499999999999999 1.0
0 0.01 4.685524076001097 0.025958776473999023 57.97823977470398 0.7499999999999999 1.0
0 0.01 4.081155695663349 0.027703046798706055 58.005942821502686 0.7499999999999999 1.0
0 0.01 3.554742552184356 0.026568889617919922 58.032511711120605 0.7499999999999999 1.0
0 0.01 3.09622948855821 0.0196988582611084 58.052210569381714 0.7499999999999999 1.0
0 0.01 2.6968583252045994 0.0402369499206543 58.09244751930237 0.888888888888889 1.0
0 0.01 2.349000567658869 0.0198061466217041 58.11225366592407 0.888888888888889 1.0
0 0.01 2.046011692676912 0.04550504684448242 58.157758712768555 0.7272727272727272 1.0
0 0.01 1.7821042294352372 0.02628016471862793 58.18403887748718 0.7272727272727272 1.0
0 0.01 1.5522372115164986 0.05843210220336914 58.24247097969055 0.6666666666666666 1.0
0 0.01 1.3520198880735976 0.06725811958312988 58.30972909927368 0.5714285714285714 1.0
0 0.01 1.1776278549337647 0.0841522216796875 58.39388132095337 0.5000000000000001 1.0
0 0.01 1.0257300036406054 0.09090685844421387 58.48478817939758 0.47058823529411764 1.0
0 0.01 0.8934248930683893 0.09146499633789062 58.576253175735474 0.4444444444444444 1.0
0 0.01 0.7781853282259436 0.05955910682678223 58.635812282562256 0.4444444444444444 1.0
0 0.01 0.6778100876351608 0.11618709564208984 58.751999378204346 0.3478260869565218 1.0
0 0.01 0.590381877216004 0.07115912437438965 58.823158502578735 0.3478260869565218 1.0
0 0.01 0.5142307075440048 0.07216000556945801 58.89531850814819 0.3478260869565218 1.0
0 0.01 0.44790199493955546 0.1617441177368164 59.05706262588501 0.32000000000000006 1.0
0 0.01 0.39012877707943217 0.08996415138244629 59.147026777267456 0.32000000000000006 1.0
0 0.01 0.33980751241358653 0.0906369686126709 59.23766374588013 0.32000000000000006 1.0
0 0.01 0.2959770011254507 0.08439278602600098 59.32205653190613 0.32000000000000006 1.0
0 0.01 0.2578000249994245 0.12242889404296875 59.4444854259491 0.2962962962962963 1.0
0 0.01 0.22454735549379537 0.11142182350158691 59.555907249450684 0.2857142857142857 1.0
0 0.01 0.19558382455304058 0.0780799388885498 59.63398718833923 0.2857142857142857 1.0
0 0.01 0.1703561920944177 0.3541290760040283 59.98811626434326 0.24242424242424243 1.0
0 0.01 0.14838257842248037 0.15503430366516113 60.14315056800842 0.24242424242424243 1.0
0 0.01 0.12924325971726744 0.1366429328918457 60.27979350090027 0.24242424242424243 1.0
0 0.01 0.1125726507783501 0.12259578704833984 60.40238928794861 0.24242424242424243 1.0
0 0.01 0.09805232188500161 0.20546507835388184 60.60785436630249 0.2352941176470588 1.0
0 0.01 0.08540491638568569 0.09713411331176758 60.70498847961426 0.2352941176470588 1.0
0 0.01 0.07438885283512764 0.3041880130767822 61.00917649269104 0.2222222222222222 1.0
0 0.01 0.06479371048308594 0.2974247932434082 61.30660128593445 0.2105263157894737 1.0
0 0.01 0.056436209971818335 0.3092498779296875 61.615851163864136 0.20512820512820512 1.0
0 0.01 0.049156712468482675 0.143341064453125 61.75919222831726 0.20512820512820512 1.0
0 0.01 0.0428161703614703 0.566051721572876 62.32524394989014 0.19047619047619047 1.0
0 0.01 0.03729347127511503 0.2200629711151123 62.54530692100525 0.19047619047619047 1.0
0 0.01 0.032483124670098805 0.49133801460266113 63.03664493560791 0.18181818181818182 1.0
