[216.40736058 188.4937774  164.18066384 143.00360867 124.55810333
 108.49181534  94.49785828  82.30892987  71.69220614  62.44489425
  54.39035884  47.37474809  41.26405496  35.94155748  31.30558923
  27.26759733  23.75045104  20.68696841  18.01863304  15.69447636
  13.67010404  11.906848    10.37102782   9.03330739   7.86813455
   6.85325305   5.96927734   5.19932239   4.52868107   3.94454329
   3.43575127   2.99258645   2.60658382   2.27037024   1.9775236
   1.72245016   1.5002777    1.30676244   1.138208     0.99139477
   0.86351843   0.75213639   0.65512111   0.57061946   0.49701737
   0.43290895   0.37706963   0.32843281   0.28606948   0.24917044]0 1 312.2098259152708 0.006727933883666992 0.006727933883666992 0.0 1.0
0 1 271.93903789811014 0.006656169891357422 0.013384103775024414 0.0 1.0
0 1 236.8626295349813 0.006524801254272461 0.019908905029296875 0.33333333333333337 1.0
0 1 206.31059705097118 0.05835700035095215 0.07826590538024902 0.5714285714285715 1.0
0 1 179.69935797424765 0.05375504493713379 0.1320209503173828 0.5714285714285715 1.0
0 1 156.52060397255676 0.045121192932128906 0.17714214324951172 0.5714285714285715 1.0
0 1 136.33159152101595 0.04510831832885742 0.22225046157836914 0.5714285714285715 1.0
0 1 118.74668494067365 0.05749225616455078 0.2797427177429199 0.7499999999999999 1.0
0 1 103.42999026917344 0.05139803886413574 0.33114075660705566 0.7499999999999999 1.0
0 1 90.08893926113359 0.05159187316894531 0.382732629776001 0.7499999999999999 1.0
0 1 78.46870096453189 0.04533886909484863 0.4280714988708496 0.7499999999999999 1.0
0 1 68.34731412713553 0.04495120048522949 0.4730226993560791 0.7499999999999999 1.0
0 1 59.53144745577994 0.05138731002807617 0.5244100093841553 0.6666666666666665 1.0
0 1 51.85270674408604 0.057454824447631836 0.5818648338317871 0.7272727272727272 1.0
0 1 45.16441833008278 0.05282092094421387 0.634685754776001 0.7272727272727272 1.0
0 1 39.33882744370648 0.07078909873962402 0.705474853515625 0.6153846153846154 1.0
0 1 34.26465792907022 0.12841486930847168 0.8338897228240967 0.47058823529411764 1.0
0 1 29.84498672911064 0.13837885856628418 0.9722685813903809 0.3636363636363636 1.0
0 1 25.99539253258091 0.18906497955322266 1.1613335609436035 0.3076923076923077 1.0
0 1 22.642343220204207 0.5798797607421875 1.741213321685791 0.26666666666666666 1.0
0 1 19.721791308170232 0.7011346817016602 2.442348003387451 0.27586206896551724 1.0
0 1 17.177950560167822 0.9829299449920654 3.4252779483795166 0.26666666666666666 1.0
0 1 14.962230399696251 0.8381249904632568 4.263402938842773 0.24242424242424243 1.0
0 1 13.03230776858211 0.6541290283203125 4.917531967163086 0.2222222222222222 1.0
0 1 11.351318703025308 0.8012669086456299 5.718798875808716 0.2222222222222222 1.0
0 1 9.887154185253786 0.6889040470123291 6.407702922821045 0.21621621621621623 1.0
0 1 8.611846820663045 0.6939928531646729 7.101695775985718 0.20512820512820512 1.0
0 1 7.501036625197576 0.8485682010650635 7.950263977050781 0.19999999999999998 1.0
0 1 6.53350571883761 0.6952321529388428 8.645496129989624 0.20512820512820512 1.0
0 1 5.69077303724795 0.8673999309539795 9.512896060943604 0.18604651162790697 1.0
0 1 4.956741320068812 0.7448062896728516 10.257702350616455 0.1777777777777778 1.0
0 1 4.317389632878279 0.9548759460449219 11.212578296661377 0.16666666666666666 1.0
0 1 3.7605055496069455 6.921609878540039 18.134188175201416 0.1702127659574468 1.0
0 1 3.2754518797500736 1.5750269889831543 19.70921516418457 0.1702127659574468 1.0
0 1 2.8529634845718124 0.9849112033843994 20.69412636756897 0.16666666666666666 1.0
0 1 2.4849703012340436 1.1014349460601807 21.79556131362915 0.163265306122449 1.0
0 1 2.1644431943866964 1.2974069118499756 23.092968225479126 0.163265306122449 1.0
0 1 1.8852596907900219 0.6449069976806641 23.73787522315979 0.163265306122449 1.0
0 1 1.6420870323301746 0.6101980209350586 24.34807324409485 0.163265306122449 1.0
0 1 1.4302803135927475 0.5861592292785645 24.934232473373413 0.163265306122449 1.0
0 1 1.2457937582930971 0.5708310604095459 25.50506353378296 0.163265306122449 1.0
0 1 1.0851034398309916 3.0605342388153076 28.565597772598267 0.1568627450980392 1.0
0 1 0.945139969834425 2.737194061279297 31.302791833877563 0.1568627450980392 1.0
0 1 0.823229868958621 3.916935920715332 35.219727754592896 0.1568627450980392 1.0
0 1 0.7170445000483404 7.949822902679443 43.16955065727234 0.15384615384615383 1.0
0 1 0.624555588222246 7.121296167373657 50.290846824645996 0.1509433962264151 1.0
0 1 0.5439964782567033 5.046113014221191 55.33695983886719 0.1509433962264151 1.0
0 1 0.4738283892360109 4.540987968444824 59.87794780731201 0.1509433962264151 1.0
0 1 0.4127110218901976 4.700148105621338 64.57809591293335 0.1481481481481481 1.0
0 1 0.3594769571833539 4.483582258224487 69.06167817115784 0.1481481481481481 1.0
0 0.1 130.20161032759302 0.006415843963623047 69.06809401512146 0.0 1.0
0 0.1 113.40738729625762 0.006891965866088867 69.07498598098755 0.0 1.0
0 0.1 98.77938883400856 0.006506681442260742 69.08149266242981 0.0 1.0
0 0.1 86.03820166433057 0.006616115570068359 69.08810877799988 0.0 1.0
0 0.1 74.9404529934022 0.006397247314453125 69.09450602531433 0.0 1.0
0 0.1 65.27416178184274 0.006723165512084961 69.10122919082642 0.0 1.0
0 0.1 56.854689638682785 0.006538867950439453 69.10776805877686 0.0 1.0
0 0.1 49.52121399451067 0.05226325988769531 69.16003131866455 0.5714285714285715 1.0
0 0.1 43.13365618693992 0.03850293159484863 69.1985342502594 0.5714285714285715 1.0
0 0.1 37.570005780944214 0.03880500793457031 69.23733925819397 0.5714285714285715 1.0
0 0.1 32.7239900151928 0.0384979248046875 69.27583718299866 0.5714285714285715 1.0
0 0.1 28.503043857863506 0.038339853286743164 69.3141770362854 0.5714285714285715 1.0
0 0.1 24.826541897430772 0.038038015365600586 69.352215051651 0.5714285714285715 1.0
0 0.1 21.624258295306348 0.050878047943115234 69.40309309959412 0.7499999999999999 1.0
0 0.1 18.835025383479486 0.044551849365234375 69.44764494895935 0.7499999999999999 1.0
0 0.1 16.405565284674683 0.04457283020019531 69.49221777915955 0.7499999999999999 1.0
0 0.1 14.289472237493916 0.03849530220031738 69.53071308135986 0.7499999999999999 1.0
0 0.1 12.446326187665905 0.03839111328125 69.56910419464111 0.7499999999999999 1.0
0 0.1 10.840920713874212 0.038266897201538086 69.60737109184265 0.7499999999999999 1.0
0 0.1 9.44259054057033 0.03828024864196777 69.64565134048462 0.7499999999999999 1.0
0 0.1 8.224625792416147 0.03832507133483887 69.68397641181946 0.7499999999999999 1.0
0 0.1 7.163761801874259 0.0510258674621582 69.73500227928162 0.888888888888889 1.0
0 0.1 6.239734724625884 0.06387877464294434 69.79888105392456 0.7272727272727272 1.0
0 0.1 5.43489447450858 0.05099987983703613 69.8498809337616 0.7272727272727272 1.0
0 0.1 4.733867584541418 0.0508270263671875 69.90070796012878 0.7272727272727272 1.0
0 0.1 4.123263554256632 0.10176301002502441 70.00247097015381 0.6153846153846154 1.0
0 0.1 3.591419074200402 0.08273696899414062 70.08520793914795 0.5333333333333333 1.0
0 0.1 3.128175241967003 0.2361438274383545 70.3213517665863 0.4210526315789473 1.0
0 0.1 2.7246835143108377 0.1981511116027832 70.51950287818909 0.38095238095238093 1.0
0 0.1 2.373236688776134 0.1278078556060791 70.64731073379517 0.38095238095238093 1.0
0 0.1 2.0671216863796724 0.43916893005371094 71.08647966384888 0.3333333333333333 1.0
0 0.1 1.8004913233094775 0.40430116653442383 71.4907808303833 0.3076923076923077 1.0
0 0.1 1.5682526223167341 0.39238810539245605 71.88316893577576 0.2857142857142857 1.0
0 0.1 1.3659695304072161 0.48903989791870117 72.37220883369446 0.2962962962962963 1.0
0 0.1 1.1897781846170337 0.41706418991088867 72.78927302360535 0.26666666666666666 1.0
0 0.1 1.036313107341863 0.28305983543395996 73.0723328590393 0.26666666666666666 1.0
0 0.1 0.9026429214570189 0.8493218421936035 73.92165470123291 0.24242424242424243 1.0
0 0.1 0.786214357305898 0.7130448818206787 74.63469958305359 0.2352941176470588 1.0
0 0.1 0.6848034820193963 0.4989440441131592 75.13364362716675 0.2222222222222222 1.0
0 0.1 0.5964732195846044 1.2938029766082764 76.42744660377502 0.21621621621621623 1.0
0 0.1 0.5195363502423698 3.2688181400299072 79.69626474380493 0.19999999999999998 1.0
0 0.1 0.4525232824553942 5.372710943222046 85.06897568702698 0.19512195121951217 1.0
0 0.1 0.3941539818506903 1.5685360431671143 86.63751173019409 0.19512195121951217 1.0
0 0.1 0.34331352094368267 1.3834936618804932 88.02100539207458 0.19047619047619047 1.0
0 0.1 0.2990307826127625 7.936706066131592 95.95771145820618 0.25 1.0
0 0.1 0.2604599105337001 0.8904650211334229 96.8481764793396 0.25 1.0
0 0.1 0.22686415225376097 0.7041809558868408 97.55235743522644 0.24390243902439027 1.0
0 0.1 0.19760178628779224 0.8382511138916016 98.39060854911804 0.24390243902439027 1.0
0 0.1 0.17211386442601356 0.6705610752105713 99.06116962432861 0.24390243902439027 1.0
0 0.1 0.14991353511608546 0.5561110973358154 99.61728072166443 0.24390243902439027 1.0
0 0.01 28.211963230963963 0.006346940994262695 99.62362766265869 0.33333333333333337 1.0
0 0.01 24.573006681497752 0.04431295394897461 99.66794061660767 0.5714285714285715 1.0
0 0.01 21.403425646968028 0.03808999061584473 99.70603060722351 0.5714285714285715 1.0
0 0.01 18.642677119777133 0.0380549430847168 99.74408555030823 0.5714285714285715 1.0
0 0.01 16.238027310431736 0.037978172302246094 99.78206372261047 0.5714285714285715 1.0
0 0.01 14.143544365449966 0.03786492347717285 99.81992864608765 0.5714285714285715 1.0
0 0.01 12.319221010851523 0.037956953048706055 99.85788559913635 0.5714285714285715 1.0
0 0.01 10.730210362611421 0.03154706954956055 99.88943266868591 0.5714285714285715 1.0
0 0.01 9.346160307090315 0.05046391487121582 99.93989658355713 0.7499999999999999 1.0
0 0.01 8.140633737265514 0.03792309761047363 99.9778196811676 0.7499999999999999 1.0
0 0.01 7.090603570541246 0.03787589073181152 100.01569557189941 0.7499999999999999 1.0
0 0.01 6.176012902339531 0.03779196739196777 100.05348753929138 0.7499999999999999 1.0
0 0.01 5.379391893848717 0.03790783882141113 100.0913953781128 0.7499999999999999 1.0
0 0.01 4.685524076001097 0.037973642349243164 100.12936902046204 0.7499999999999999 1.0
0 0.01 4.081155695663349 0.03793811798095703 100.167307138443 0.7499999999999999 1.0
0 0.01 3.554742552184356 0.038153886795043945 100.20546102523804 0.7499999999999999 1.0
0 0.01 3.09622948855821 0.038110971450805664 100.24357199668884 0.7499999999999999 1.0
0 0.01 2.6968583252045994 0.05079793930053711 100.29436993598938 0.888888888888889 1.0
0 0.01 2.349000567658869 0.03385114669799805 100.32822108268738 0.888888888888889 1.0
0 0.01 2.046011692676912 0.05752301216125488 100.38574409484863 0.7272727272727272 1.0
0 0.01 1.7821042294352372 0.04477190971374512 100.43051600456238 0.7272727272727272 1.0
0 0.01 1.5522372115164986 0.08969593048095703 100.52021193504333 0.6666666666666666 1.0
0 0.01 1.3520198880735976 0.0836021900177002 100.60381412506104 0.5714285714285714 1.0
0 0.01 1.1776278549337647 0.1164860725402832 100.72030019760132 0.5000000000000001 1.0
0 0.01 1.0257300036406054 0.12862586975097656 100.8489260673523 0.47058823529411764 1.0
0 0.01 0.8934248930683893 0.12948226928710938 100.9784083366394 0.4444444444444444 1.0
0 0.01 0.7781853282259436 0.10431599617004395 101.08272433280945 0.4444444444444444 1.0
0 0.01 0.6778100876351608 0.16747212409973145 101.25019645690918 0.3478260869565218 1.0
0 0.01 0.590381877216004 0.12180685997009277 101.37200331687927 0.3478260869565218 1.0
0 0.01 0.5142307075440048 0.11585092544555664 101.48785424232483 0.3478260869565218 1.0
0 0.01 0.44790199493955546 0.22389888763427734 101.7117531299591 0.32000000000000006 1.0
0 0.01 0.39012877707943217 0.15379595756530762 101.86554908752441 0.32000000000000006 1.0
0 0.01 0.33980751241358653 0.14668703079223633 102.01223611831665 0.32000000000000006 1.0
0 0.01 0.2959770011254507 0.19414401054382324 102.20638012886047 0.32000000000000006 1.0
0 0.01 0.2578000249994245 0.1857619285583496 102.39214205741882 0.2962962962962963 1.0
0 0.01 0.22454735549379537 0.17252206802368164 102.5646641254425 0.2857142857142857 1.0
0 0.01 0.19558382455304058 0.14142990112304688 102.70609402656555 0.2857142857142857 1.0
0 0.01 0.1703561920944177 0.5457911491394043 103.25188517570496 0.24242424242424243 1.0
0 0.01 0.14838257842248037 0.3269009590148926 103.57878613471985 0.24242424242424243 1.0
0 0.01 0.12924325971726744 0.30140018463134766 103.8801863193512 0.24242424242424243 1.0
0 0.01 0.1125726507783501 0.28283023834228516 104.16301655769348 0.24242424242424243 1.0
0 0.01 0.09805232188500161 0.36498188972473145 104.52799844741821 0.2352941176470588 1.0
0 0.01 0.08540491638568569 0.24605917930603027 104.77405762672424 0.2352941176470588 1.0
0 0.01 0.07438885283512764 0.47754907608032227 105.25160670280457 0.2222222222222222 1.0
0 0.01 0.06479371048308594 0.4885730743408203 105.74017977714539 0.2105263157894737 1.0
0 0.01 0.056436209971818335 0.5196599960327148 106.2598397731781 0.20512820512820512 1.0
0 0.01 0.049156712468482675 0.33988285064697266 106.59972262382507 0.20512820512820512 1.0
0 0.01 0.0428161703614703 0.9048030376434326 107.5045256614685 0.19047619047619047 1.0
0 0.01 0.03729347127511503 0.5286085605621338 108.03313422203064 0.19047619047619047 1.0
0 0.01 0.032483124670098805 0.8274450302124023 108.86057925224304 0.18181818181818182 1.0
