[216.40736058 188.4937774  164.18066384 143.00360867 124.55810333
 108.49181534  94.49785828  82.30892987  71.69220614  62.44489425
  54.39035884  47.37474809  41.26405496  35.94155748  31.30558923
  27.26759733  23.75045104  20.68696841  18.01863304  15.69447636
  13.67010404  11.906848    10.37102782   9.03330739   7.86813455
   6.85325305   5.96927734   5.19932239   4.52868107   3.94454329
   3.43575127   2.99258645   2.60658382   2.27037024   1.9775236
   1.72245016   1.5002777    1.30676244   1.138208     0.99139477
   0.86351843   0.75213639   0.65512111   0.57061946   0.49701737
   0.43290895   0.37706963   0.32843281   0.28606948   0.24917044]0 1 312.2098259152708 0.006700992584228516 0.006700992584228516 0.0 1.0
0 1 271.93903789811014 0.00648188591003418 0.013182878494262695 0.0 1.0
0 1 236.8626295349813 0.0065250396728515625 0.019707918167114258 0.33333333333333337 1.0
0 1 206.31059705097118 0.05451178550720215 0.0742197036743164 0.5714285714285715 1.0
0 1 179.69935797424765 0.04538989067077637 0.11960959434509277 0.5714285714285715 1.0
0 1 156.52060397255676 0.03904986381530762 0.1586594581604004 0.5714285714285715 1.0
0 1 136.33159152101595 0.038719892501831055 0.19737935066223145 0.5714285714285715 1.0
0 1 118.74668494067365 0.04502391815185547 0.24240326881408691 0.7499999999999999 1.0
0 1 103.42999026917344 0.045139312744140625 0.28754258155822754 0.7499999999999999 1.0
0 1 90.08893926113359 0.04531216621398926 0.3328547477722168 0.7499999999999999 1.0
0 1 78.46870096453189 0.038874149322509766 0.37172889709472656 0.7499999999999999 1.0
0 1 68.34731412713553 0.03871893882751465 0.4104478359222412 0.7499999999999999 1.0
0 1 59.53144745577994 0.0451350212097168 0.455582857131958 0.6666666666666665 1.0
0 1 51.85270674408604 0.051406145095825195 0.5069890022277832 0.7272727272727272 1.0
0 1 45.16441833008278 0.04614710807800293 0.5531361103057861 0.7272727272727272 1.0
0 1 39.33882744370648 0.05977296829223633 0.6129090785980225 0.6153846153846154 1.0
0 1 34.26465792907022 0.11016225814819336 0.7230713367462158 0.47058823529411764 1.0
0 1 29.84498672911064 0.11643171310424805 0.8395030498504639 0.3636363636363636 1.0
0 1 25.99539253258091 0.1446666717529297 0.9841697216033936 0.3076923076923077 1.0
0 1 22.642343220204207 0.4524688720703125 1.436638593673706 0.26666666666666666 1.0
0 1 19.721791308170232 0.5311012268066406 1.9677398204803467 0.27586206896551724 1.0
0 1 17.177950560167822 0.8112828731536865 2.779022693634033 0.26666666666666666 1.0
0 1 14.962230399696251 0.6911139488220215 3.4701366424560547 0.24242424242424243 1.0
0 1 13.03230776858211 0.5556652545928955 4.02580189704895 0.2222222222222222 1.0
0 1 11.351318703025308 0.5990779399871826 4.624879837036133 0.2222222222222222 1.0
0 1 9.887154185253786 0.5308966636657715 5.155776500701904 0.21621621621621623 1.0
0 1 8.611846820663045 0.5299079418182373 5.685684442520142 0.20512820512820512 1.0
0 1 7.501036625197576 0.6434640884399414 6.329148530960083 0.19999999999999998 1.0
0 1 6.53350571883761 0.525202751159668 6.854351282119751 0.20512820512820512 1.0
0 1 5.69077303724795 0.6485271453857422 7.502878427505493 0.18604651162790697 1.0
0 1 4.956741320068812 0.5567450523376465 8.05962347984314 0.1777777777777778 1.0
0 1 4.317389632878279 0.6770119667053223 8.736635446548462 0.16666666666666666 1.0
0 1 3.7605055496069455 5.753197193145752 14.489832639694214 0.1702127659574468 1.0
0 1 3.2754518797500736 1.2270069122314453 15.71683955192566 0.1702127659574468 1.0
0 1 2.8529634845718124 0.5882830619812012 16.30512261390686 0.16666666666666666 1.0
0 1 2.4849703012340436 0.7131819725036621 17.018304586410522 0.163265306122449 1.0
0 1 2.1644431943866964 0.9694118499755859 17.98771643638611 0.163265306122449 1.0
0 1 1.8852596907900219 0.42823028564453125 18.41594672203064 0.163265306122449 1.0
0 1 1.6420870323301746 0.41271519660949707 18.828661918640137 0.163265306122449 1.0
0 1 1.4302803135927475 0.39654994010925293 19.22521185874939 0.163265306122449 1.0
0 1 1.2457937582930971 0.37490081787109375 19.600112676620483 0.163265306122449 1.0
0 1 1.0851034398309916 2.1895837783813477 21.78969645500183 0.1568627450980392 1.0
0 1 0.945139969834425 1.818861722946167 23.608558177947998 0.1568627450980392 1.0
0 1 0.823229868958621 3.125066041946411 26.73362421989441 0.1568627450980392 1.0
0 1 0.7170445000483404 6.260956048965454 32.99458026885986 0.15384615384615383 1.0
0 1 0.624555588222246 5.11313009262085 38.10771036148071 0.1509433962264151 1.0
0 1 0.5439964782567033 3.438408136367798 41.54611849784851 0.1509433962264151 1.0
0 1 0.4738283892360109 3.0530502796173096 44.59916877746582 0.1509433962264151 1.0
0 1 0.4127110218901976 3.0365099906921387 47.63567876815796 0.1481481481481481 1.0
0 1 0.3594769571833539 2.9795970916748047 50.615275859832764 0.1481481481481481 1.0
0 0.1 130.20161032759302 0.007111072540283203 50.62238693237305 0.0 1.0
0 0.1 113.40738729625762 0.006570100784301758 50.62895703315735 0.0 1.0
0 0.1 98.77938883400856 0.007151126861572266 50.63610816001892 0.0 1.0
0 0.1 86.03820166433057 0.0067310333251953125 50.642839193344116 0.0 1.0
0 0.1 74.9404529934022 0.006941318511962891 50.64978051185608 0.0 1.0
0 0.1 65.27416178184274 0.0068700313568115234 50.65665054321289 0.0 1.0
0 0.1 56.854689638682785 0.006962776184082031 50.66361331939697 0.0 1.0
0 0.1 49.52121399451067 0.04657912254333496 50.71019244194031 0.5714285714285715 1.0
0 0.1 43.13365618693992 0.03363680839538574 50.74382925033569 0.5714285714285715 1.0
0 0.1 37.570005780944214 0.03390908241271973 50.77773833274841 0.5714285714285715 1.0
0 0.1 32.7239900151928 0.033950090408325195 50.81168842315674 0.5714285714285715 1.0
0 0.1 28.503043857863506 0.03316092491149902 50.84484934806824 0.5714285714285715 1.0
0 0.1 24.826541897430772 0.03323698043823242 50.87808632850647 0.5714285714285715 1.0
0 0.1 21.624258295306348 0.0448460578918457 50.922932386398315 0.7499999999999999 1.0
0 0.1 18.835025383479486 0.038578033447265625 50.96151041984558 0.7499999999999999 1.0
0 0.1 16.405565284674683 0.032102108001708984 50.99361252784729 0.7499999999999999 1.0
0 0.1 14.289472237493916 0.032669782638549805 51.02628231048584 0.7499999999999999 1.0
0 0.1 12.446326187665905 0.0331418514251709 51.05942416191101 0.7499999999999999 1.0
0 0.1 10.840920713874212 0.03318667411804199 51.09261083602905 0.7499999999999999 1.0
0 0.1 9.44259054057033 0.033045053482055664 51.12565588951111 0.7499999999999999 1.0
0 0.1 8.224625792416147 0.03277778625488281 51.15843367576599 0.7499999999999999 1.0
0 0.1 7.163761801874259 0.04598569869995117 51.20441937446594 0.888888888888889 1.0
0 0.1 6.239734724625884 0.05938601493835449 51.2638053894043 0.7272727272727272 1.0
0 0.1 5.43489447450858 0.039354801177978516 51.303160190582275 0.7272727272727272 1.0
0 0.1 4.733867584541418 0.03960704803466797 51.34276723861694 0.7272727272727272 1.0
0 0.1 4.123263554256632 0.08557534217834473 51.42834258079529 0.6153846153846154 1.0
0 0.1 3.591419074200402 0.07853579521179199 51.50687837600708 0.5333333333333333 1.0
0 0.1 3.128175241967003 0.21030187606811523 51.717180252075195 0.4210526315789473 1.0
0 0.1 2.7246835143108377 0.17796778678894043 51.895148038864136 0.38095238095238093 1.0
0 0.1 2.373236688776134 0.10563778877258301 52.00078582763672 0.38095238095238093 1.0
0 0.1 2.0671216863796724 0.39242005348205566 52.393205881118774 0.3333333333333333 1.0
0 0.1 1.8004913233094775 0.3549668788909912 52.748172760009766 0.3076923076923077 1.0
0 0.1 1.5682526223167341 0.3663918972015381 53.114564657211304 0.2857142857142857 1.0
0 0.1 1.3659695304072161 0.4646308422088623 53.579195499420166 0.2962962962962963 1.0
0 0.1 1.1897781846170337 0.330031156539917 53.90922665596008 0.26666666666666666 1.0
0 0.1 1.036313107341863 0.22889304161071777 54.1381196975708 0.26666666666666666 1.0
0 0.1 0.9026429214570189 0.7642250061035156 54.902344703674316 0.24242424242424243 1.0
0 0.1 0.786214357305898 0.582679033279419 55.485023736953735 0.2352941176470588 1.0
0 0.1 0.6848034820193963 0.400036096572876 55.88505983352661 0.2222222222222222 1.0
0 0.1 0.5964732195846044 1.1571290493011475 57.04218888282776 0.21621621621621623 1.0
0 0.1 0.5195363502423698 2.820404052734375 59.862592935562134 0.19999999999999998 1.0
0 0.1 0.4525232824553942 4.374814033508301 64.23740696907043 0.19512195121951217 1.0
0 0.1 0.3941539818506903 1.0975580215454102 65.33496499061584 0.19512195121951217 1.0
0 0.1 0.34331352094368267 1.008073091506958 66.3430380821228 0.19047619047619047 1.0
0 0.1 0.2990307826127625 7.651102304458618 73.99414038658142 0.25 1.0
0 0.1 0.2604599105337001 0.660261869430542 74.65440225601196 0.25 1.0
0 0.1 0.22686415225376097 0.29766178131103516 74.952064037323 0.24390243902439027 1.0
0 0.1 0.19760178628779224 0.611234188079834 75.56329822540283 0.24390243902439027 1.0
0 0.1 0.17211386442601356 0.47226905822753906 76.03556728363037 0.24390243902439027 1.0
0 0.1 0.14991353511608546 0.37229299545288086 76.40786027908325 0.24390243902439027 1.0
0 0.01 28.211963230963963 0.006414890289306641 76.41427516937256 0.33333333333333337 1.0
0 0.01 24.573006681497752 0.03953409194946289 76.45380926132202 0.5714285714285715 1.0
0 0.01 21.403425646968028 0.03255295753479004 76.48636221885681 0.5714285714285715 1.0
0 0.01 18.642677119777133 0.03234386444091797 76.51870608329773 0.5714285714285715 1.0
0 0.01 16.238027310431736 0.0336759090423584 76.55238199234009 0.5714285714285715 1.0
0 0.01 14.143544365449966 0.0325319766998291 76.58491396903992 0.5714285714285715 1.0
0 0.01 12.319221010851523 0.03240180015563965 76.61731576919556 0.5714285714285715 1.0
0 0.01 10.730210362611421 0.0324549674987793 76.64977073669434 0.5714285714285715 1.0
0 0.01 9.346160307090315 0.04491686820983887 76.69468760490417 0.7499999999999999 1.0
0 0.01 8.140633737265514 0.03244900703430176 76.72713661193848 0.7499999999999999 1.0
0 0.01 7.090603570541246 0.03232073783874512 76.75945734977722 0.7499999999999999 1.0
0 0.01 6.176012902339531 0.03229093551635742 76.79174828529358 0.7499999999999999 1.0
0 0.01 5.379391893848717 0.03250312805175781 76.82425141334534 0.7499999999999999 1.0
0 0.01 4.685524076001097 0.03372526168823242 76.85797667503357 0.7499999999999999 1.0
0 0.01 4.081155695663349 0.0324249267578125 76.89040160179138 0.7499999999999999 1.0
0 0.01 3.554742552184356 0.03233790397644043 76.92273950576782 0.7499999999999999 1.0
0 0.01 3.09622948855821 0.03205299377441406 76.95479249954224 0.7499999999999999 1.0
0 0.01 2.6968583252045994 0.0453639030456543 77.00015640258789 0.888888888888889 1.0
0 0.01 2.349000567658869 0.026317119598388672 77.02647352218628 0.888888888888889 1.0
0 0.01 2.046011692676912 0.05175185203552246 77.0782253742218 0.7272727272727272 1.0
0 0.01 1.7821042294352372 0.03889799118041992 77.11712336540222 0.7272727272727272 1.0
0 0.01 1.5522372115164986 0.07769608497619629 77.19481945037842 0.6666666666666666 1.0
0 0.01 1.3520198880735976 0.07215690612792969 77.26697635650635 0.5714285714285714 1.0
0 0.01 1.1776278549337647 0.10401582717895508 77.3709921836853 0.5000000000000001 1.0
0 0.01 1.0257300036406054 0.1106259822845459 77.48161816596985 0.47058823529411764 1.0
0 0.01 0.8934248930683893 0.1117558479309082 77.59337401390076 0.4444444444444444 1.0
0 0.01 0.7781853282259436 0.07916998863220215 77.67254400253296 0.4444444444444444 1.0
0 0.01 0.6778100876351608 0.14353513717651367 77.81607913970947 0.3478260869565218 1.0
0 0.01 0.590381877216004 0.0972437858581543 77.91332292556763 0.3478260869565218 1.0
0 0.01 0.5142307075440048 0.09137582778930664 78.00469875335693 0.3478260869565218 1.0
0 0.01 0.44790199493955546 0.19367098808288574 78.19836974143982 0.32000000000000006 1.0
0 0.01 0.39012877707943217 0.12339377403259277 78.32176351547241 0.32000000000000006 1.0
0 0.01 0.33980751241358653 0.11576485633850098 78.43752837181091 0.32000000000000006 1.0
0 0.01 0.2959770011254507 0.11738991737365723 78.55491828918457 0.32000000000000006 1.0
0 0.01 0.2578000249994245 0.15493297576904297 78.70985126495361 0.2962962962962963 1.0
0 0.01 0.22454735549379537 0.14227676391601562 78.85212802886963 0.2857142857142857 1.0
0 0.01 0.19558382455304058 0.10961699485778809 78.96174502372742 0.2857142857142857 1.0
0 0.01 0.1703561920944177 0.4515087604522705 79.41325378417969 0.24242424242424243 1.0
0 0.01 0.14838257842248037 0.2414560317993164 79.654709815979 0.24242424242424243 1.0
0 0.01 0.12924325971726744 0.21833109855651855 79.87304091453552 0.24242424242424243 1.0
0 0.01 0.1125726507783501 0.20356011390686035 80.07660102844238 0.24242424242424243 1.0
0 0.01 0.09805232188500161 0.2880251407623291 80.36462616920471 0.2352941176470588 1.0
0 0.01 0.08540491638568569 0.16802692413330078 80.53265309333801 0.2352941176470588 1.0
0 0.01 0.07438885283512764 0.39490723609924316 80.92756032943726 0.2222222222222222 1.0
0 0.01 0.06479371048308594 0.3967249393463135 81.32428526878357 0.2105263157894737 1.0
0 0.01 0.056436209971818335 0.4639570713043213 81.78824234008789 0.20512820512820512 1.0
0 0.01 0.049156712468482675 0.2391221523284912 82.02736449241638 0.20512820512820512 1.0
0 0.01 0.0428161703614703 0.7405359745025635 82.76790046691895 0.19047619047619047 1.0
0 0.01 0.03729347127511503 0.3768918514251709 83.14479231834412 0.19047619047619047 1.0
0 0.01 0.032483124670098805 0.6725480556488037 83.81734037399292 0.18181818181818182 1.0
