[216.40736058 188.4937774  164.18066384 143.00360867 124.55810333
 108.49181534  94.49785828  82.30892987  71.69220614  62.44489425
  54.39035884  47.37474809  41.26405496  35.94155748  31.30558923
  27.26759733  23.75045104  20.68696841  18.01863304  15.69447636
  13.67010404  11.906848    10.37102782   9.03330739   7.86813455
   6.85325305   5.96927734   5.19932239   4.52868107   3.94454329
   3.43575127   2.99258645   2.60658382   2.27037024   1.9775236
   1.72245016   1.5002777    1.30676244   1.138208     0.99139477
   0.86351843   0.75213639   0.65512111   0.57061946   0.49701737
   0.43290895   0.37706963   0.32843281   0.28606948   0.24917044]0 1 312.2098259152708 0.0004978179931640625 0.0004978179931640625 0.0 1.0
0 1 271.93903789811014 0.0005288124084472656 0.0010266304016113281 0.0 1.0
0 1 236.8626295349813 0.005209922790527344 0.006236553192138672 0.33333333333333337 1.0
0 1 206.31059705097118 0.02538585662841797 0.03162240982055664 0.5714285714285715 1.0
0 1 179.69935797424765 0.017091751098632812 0.04871416091918945 0.5714285714285715 1.0
0 1 156.52060397255676 0.01338505744934082 0.06209921836853027 0.5714285714285715 1.0
0 1 136.33159152101595 0.01200413703918457 0.07410335540771484 0.5714285714285715 1.0
0 1 118.74668494067365 0.011713027954101562 0.0858163833618164 0.7499999999999999 1.0
0 1 103.42999026917344 0.011202096939086914 0.09701848030090332 0.7499999999999999 1.0
0 1 90.08893926113359 0.010587930679321289 0.10760641098022461 0.7499999999999999 1.0
0 1 78.46870096453189 0.010069847106933594 0.1176762580871582 0.7499999999999999 1.0
0 1 68.34731412713553 0.009812116622924805 0.127488374710083 0.7499999999999999 1.0
0 1 59.53144745577994 0.014320135116577148 0.14180850982666016 0.6666666666666665 1.0
0 1 51.85270674408604 0.0105438232421875 0.15235233306884766 0.7272727272727272 1.0
0 1 45.16441833008278 0.010967016220092773 0.16331934928894043 0.7272727272727272 1.0
0 1 39.33882744370648 0.014068126678466797 0.17738747596740723 0.6153846153846154 1.0
0 1 34.26465792907022 0.021120071411132812 0.19850754737854004 0.47058823529411764 1.0
0 1 29.84498672911064 0.03387904167175293 0.23238658905029297 0.3636363636363636 1.0
0 1 25.99539253258091 0.04084300994873047 0.27322959899902344 0.3076923076923077 1.0
0 1 22.642343220204207 0.11345934867858887 0.3866889476776123 0.26666666666666666 1.0
0 1 19.721791308170232 0.13933324813842773 0.52602219581604 0.27586206896551724 1.0
0 1 17.177950560167822 0.20720481872558594 0.733227014541626 0.26666666666666666 1.0
0 1 14.962230399696251 0.17961597442626953 0.9128429889678955 0.24242424242424243 1.0
0 1 13.03230776858211 0.16030573844909668 1.0731487274169922 0.2222222222222222 1.0
0 1 11.351318703025308 0.19210600852966309 1.2652547359466553 0.2222222222222222 1.0
0 1 9.887154185253786 0.1561422348022461 1.4213969707489014 0.21621621621621623 1.0
0 1 8.611846820663045 0.15242314338684082 1.5738201141357422 0.20512820512820512 1.0
0 1 7.501036625197576 0.17333078384399414 1.7471508979797363 0.19999999999999998 1.0
0 1 6.53350571883761 0.1454911231994629 1.8926420211791992 0.20512820512820512 1.0
0 1 5.69077303724795 0.20086884498596191 2.093510866165161 0.18604651162790697 1.0
0 1 4.956741320068812 0.16903281211853027 2.2625436782836914 0.1777777777777778 1.0
0 1 4.317389632878279 0.20639491081237793 2.4689385890960693 0.16666666666666666 1.0
0 1 3.7605055496069455 1.8772799968719482 4.346218585968018 0.1702127659574468 1.0
0 1 3.2754518797500736 0.4348630905151367 4.781081676483154 0.1702127659574468 1.0
0 1 2.8529634845718124 0.2409508228302002 5.0220324993133545 0.16666666666666666 1.0
0 1 2.4849703012340436 0.18571114540100098 5.2077436447143555 0.163265306122449 1.0
0 1 2.1644431943866964 0.3452160358428955 5.552959680557251 0.163265306122449 1.0
0 1 1.8852596907900219 0.19757795333862305 5.750537633895874 0.163265306122449 1.0
0 1 1.6420870323301746 0.1790149211883545 5.9295525550842285 0.163265306122449 1.0
0 1 1.4302803135927475 0.16885900497436523 6.098411560058594 0.163265306122449 1.0
0 1 1.2457937582930971 0.15721797943115234 6.255629539489746 0.163265306122449 1.0
0 1 1.0851034398309916 0.7021617889404297 6.957791328430176 0.1568627450980392 1.0
0 1 0.945139969834425 0.6790401935577393 7.636831521987915 0.1568627450980392 1.0
0 1 0.823229868958621 0.9120872020721436 8.548918724060059 0.1568627450980392 1.0
0 1 0.7170445000483404 1.5084879398345947 10.057406663894653 0.15384615384615383 1.0
0 1 0.624555588222246 1.6800968647003174 11.73750352859497 0.1509433962264151 1.0
0 1 0.5439964782567033 1.157120704650879 12.89462423324585 0.1509433962264151 1.0
0 1 0.4738283892360109 1.0055742263793945 13.900198459625244 0.1509433962264151 1.0
0 1 0.4127110218901976 1.0253891944885254 14.92558765411377 0.1481481481481481 1.0
0 1 0.3594769571833539 1.0032281875610352 15.928815841674805 0.1481481481481481 1.0
0 0.1 130.20161032759302 0.0004830360412597656 15.929298877716064 0.0 1.0
0 0.1 113.40738729625762 0.0004761219024658203 15.92977499961853 0.0 1.0
0 0.1 98.77938883400856 0.000514984130859375 15.93028998374939 0.0 1.0
0 0.1 86.03820166433057 0.0005099773406982422 15.930799961090088 0.0 1.0
0 0.1 74.9404529934022 0.0005660057067871094 15.931365966796875 0.0 1.0
0 0.1 65.27416178184274 0.0006041526794433594 15.931970119476318 0.0 1.0
0 0.1 56.854689638682785 0.0006399154663085938 15.932610034942627 0.0 1.0
0 0.1 49.52121399451067 0.01357889175415039 15.946188926696777 0.5714285714285715 1.0
0 0.1 43.13365618693992 0.009850740432739258 15.956039667129517 0.5714285714285715 1.0
0 0.1 37.570005780944214 0.00987386703491211 15.965913534164429 0.5714285714285715 1.0
0 0.1 32.7239900151928 0.008977174758911133 15.97489070892334 0.5714285714285715 1.0
0 0.1 28.503043857863506 0.008906841278076172 15.983797550201416 0.5714285714285715 1.0
0 0.1 24.826541897430772 0.007987260818481445 15.991784811019897 0.5714285714285715 1.0
0 0.1 21.624258295306348 0.0075609683990478516 15.999345779418945 0.5714285714285715 1.0
0 0.1 18.835025383479486 0.010558843612670898 16.009904623031616 0.7499999999999999 1.0
0 0.1 16.405565284674683 0.008481740951538086 16.018386363983154 0.7499999999999999 1.0
0 0.1 14.289472237493916 0.008536100387573242 16.026922464370728 0.7499999999999999 1.0
0 0.1 12.446326187665905 0.007832050323486328 16.034754514694214 0.7499999999999999 1.0
0 0.1 10.840920713874212 0.00783681869506836 16.042591333389282 0.7499999999999999 1.0
0 0.1 9.44259054057033 0.007955074310302734 16.050546407699585 0.7499999999999999 1.0
0 0.1 8.224625792416147 0.0064127445220947266 16.05695915222168 0.7499999999999999 1.0
0 0.1 7.163761801874259 0.008951902389526367 16.065911054611206 0.7499999999999999 1.0
0 0.1 6.239734724625884 0.011950016021728516 16.077861070632935 0.7272727272727272 1.0
0 0.1 5.43489447450858 0.009411811828613281 16.087272882461548 0.7272727272727272 1.0
0 0.1 4.733867584541418 0.008543014526367188 16.095815896987915 0.7272727272727272 1.0
0 0.1 4.123263554256632 0.025253772735595703 16.12106966972351 0.6153846153846154 1.0
0 0.1 3.591419074200402 0.02218484878540039 16.14325451850891 0.5714285714285714 1.0
0 0.1 3.128175241967003 0.04505205154418945 16.1883065700531 0.4210526315789473 1.0
0 0.1 2.7246835143108377 0.02272200584411621 16.211028575897217 0.4210526315789473 1.0
0 0.1 2.373236688776134 0.03713798522949219 16.24816656112671 0.38095238095238093 1.0
0 0.1 2.0671216863796724 0.06342697143554688 16.311593532562256 0.3478260869565218 1.0
0 0.1 1.8004913233094775 0.14708590507507324 16.45867943763733 0.32000000000000006 1.0
0 0.1 1.5682526223167341 0.1758251190185547 16.634504556655884 0.2857142857142857 1.0
0 0.1 1.3659695304072161 0.12669897079467773 16.76120352745056 0.27586206896551724 1.0
0 0.1 1.1897781846170337 0.15579700469970703 16.91700053215027 0.25806451612903225 1.0
0 0.1 1.036313107341863 0.08015203475952148 16.99715256690979 0.25806451612903225 1.0
0 0.1 0.9026429214570189 0.1089630126953125 17.106115579605103 0.24242424242424243 1.0
0 0.1 0.786214357305898 0.13193082809448242 17.238046407699585 0.2352941176470588 1.0
0 0.1 0.6848034820193963 0.07911896705627441 17.31716537475586 0.2352941176470588 1.0
0 0.1 0.5964732195846044 0.36728811264038086 17.68445348739624 0.2285714285714286 1.0
0 0.1 0.5195363502423698 0.4679989814758301 18.15245246887207 0.2222222222222222 1.0
0 0.1 0.4525232824553942 0.608069896697998 18.76052236557007 0.20512820512820512 1.0
0 0.1 0.3941539818506903 0.8798079490661621 19.64033031463623 0.19999999999999998 1.0
0 0.1 0.34331352094368267 0.427868127822876 20.068198442459106 0.19512195121951217 1.0
0 0.1 0.2990307826127625 0.36212706565856934 20.430325508117676 0.19047619047619047 1.0
0 0.1 0.2604599105337001 0.6424646377563477 21.072790145874023 0.18181818181818182 1.0
0 0.1 0.22686415225376097 0.37513089179992676 21.44792103767395 0.18181818181818182 1.0
0 0.1 0.19760178628779224 0.16832780838012695 21.616248846054077 0.18181818181818182 1.0
0 0.1 0.17211386442601356 0.11466121673583984 21.730910062789917 0.18181818181818182 1.0
0 0.1 0.14991353511608546 1.9402899742126465 23.671200037002563 0.1739130434782609 1.0
0 0.01 28.211963230963963 0.0006101131439208984 23.671810150146484 0.0 1.0
0 0.01 24.573006681497752 0.012089014053344727 23.68389916419983 0.5714285714285715 1.0
0 0.01 21.403425646968028 0.008298873901367188 23.692198038101196 0.5714285714285715 1.0
0 0.01 18.642677119777133 0.008909225463867188 23.701107263565063 0.5714285714285715 1.0
0 0.01 16.238027310431736 0.008584976196289062 23.709692239761353 0.5714285714285715 1.0
0 0.01 14.143544365449966 0.007951021194458008 23.71764326095581 0.5714285714285715 1.0
0 0.01 12.319221010851523 0.007384061813354492 23.725027322769165 0.5714285714285715 1.0
0 0.01 10.730210362611421 0.006969928741455078 23.73199725151062 0.5714285714285715 1.0
0 0.01 9.346160307090315 0.010016918182373047 23.742014169692993 0.7499999999999999 1.0
0 0.01 8.140633737265514 0.007984161376953125 23.749998331069946 0.7499999999999999 1.0
0 0.01 7.090603570541246 0.008936882019042969 23.75893521308899 0.7499999999999999 1.0
0 0.01 6.176012902339531 0.008246898651123047 23.767182111740112 0.7499999999999999 1.0
0 0.01 5.379391893848717 0.008011817932128906 23.77519392967224 0.7499999999999999 1.0
0 0.01 4.685524076001097 0.007478952407836914 23.782672882080078 0.7499999999999999 1.0
0 0.01 4.081155695663349 0.006963968276977539 23.789636850357056 0.7499999999999999 1.0
0 0.01 3.554742552184356 0.006806612014770508 23.796443462371826 0.7499999999999999 1.0
0 0.01 3.09622948855821 0.005203962326049805 23.801647424697876 0.7499999999999999 1.0
0 0.01 2.6968583252045994 0.0053920745849609375 23.807039499282837 0.7499999999999999 1.0
0 0.01 2.349000567658869 0.007464885711669922 23.814504384994507 0.7499999999999999 1.0
0 0.01 2.046011692676912 0.012023210525512695 23.82652759552002 0.7272727272727272 1.0
0 0.01 1.7821042294352372 0.007482767105102539 23.834010362625122 0.7272727272727272 1.0
0 0.01 1.5522372115164986 0.0075871944427490234 23.84159755706787 0.7272727272727272 1.0
0 0.01 1.3520198880735976 0.020451784133911133 23.862049341201782 0.6153846153846154 1.0
0 0.01 1.1776278549337647 0.01476287841796875 23.87681221961975 0.6153846153846154 1.0
0 0.01 1.0257300036406054 0.028311967849731445 23.905124187469482 0.4210526315789473 1.0
0 0.01 0.8934248930683893 0.01614093780517578 23.921265125274658 0.4210526315789473 1.0
0 0.01 0.7781853282259436 0.01520991325378418 23.936475038528442 0.4210526315789473 1.0
0 0.01 0.6778100876351608 0.015608072280883789 23.952083110809326 0.4210526315789473 1.0
0 0.01 0.590381877216004 0.03558206558227539 23.9876651763916 0.3636363636363636 1.0
0 0.01 0.5142307075440048 0.028686046600341797 24.016351222991943 0.3636363636363636 1.0
0 0.01 0.44790199493955546 0.055767059326171875 24.072118282318115 0.3076923076923077 1.0
0 0.01 0.39012877707943217 0.05153393745422363 24.12365221977234 0.2962962962962963 1.0
0 0.01 0.33980751241358653 0.051358938217163086 24.175011157989502 0.2857142857142857 1.0
0 0.01 0.2959770011254507 0.03387594223022461 24.208887100219727 0.2857142857142857 1.0
0 0.01 0.2578000249994245 0.033585309982299805 24.242472410202026 0.2857142857142857 1.0
0 0.01 0.22454735549379537 0.06192803382873535 24.30440044403076 0.25806451612903225 1.0
0 0.01 0.19558382455304058 0.04462599754333496 24.349026441574097 0.25806451612903225 1.0
0 0.01 0.1703561920944177 0.0435788631439209 24.392605304718018 0.25806451612903225 1.0
0 0.01 0.14838257842248037 0.04237699508666992 24.434982299804688 0.25806451612903225 1.0
0 0.01 0.12924325971726744 0.04147195816040039 24.476454257965088 0.25806451612903225 1.0
0 0.01 0.1125726507783501 0.04044318199157715 24.516897439956665 0.25806451612903225 1.0
0 0.01 0.09805232188500161 0.033833980560302734 24.550731420516968 0.25806451612903225 1.0
0 0.01 0.08540491638568569 0.21070003509521484 24.761431455612183 0.2105263157894737 1.0
0 0.01 0.07438885283512764 0.24785900115966797 25.00929045677185 0.21621621621621623 1.0
0 0.01 0.06479371048308594 0.0951089859008789 25.10439944267273 0.21621621621621623 1.0
0 0.01 0.056436209971818335 0.0852358341217041 25.189635276794434 0.21621621621621623 1.0
0 0.01 0.049156712468482675 0.13966703414916992 25.329302310943604 0.2105263157894737 1.0
0 0.01 0.0428161703614703 0.07481026649475098 25.404112577438354 0.2105263157894737 1.0
0 0.01 0.03729347127511503 0.14723801612854004 25.551350593566895 0.20512820512820512 1.0
0 0.01 0.032483124670098805 0.1554548740386963 25.70680546760559 0.19999999999999998 1.0
