[216.40736058 188.4937774  164.18066384 143.00360867 124.55810333
 108.49181534  94.49785828  82.30892987  71.69220614  62.44489425
  54.39035884  47.37474809  41.26405496  35.94155748  31.30558923
  27.26759733  23.75045104  20.68696841  18.01863304  15.69447636
  13.67010404  11.906848    10.37102782   9.03330739   7.86813455
   6.85325305   5.96927734   5.19932239   4.52868107   3.94454329
   3.43575127   2.99258645   2.60658382   2.27037024   1.9775236
   1.72245016   1.5002777    1.30676244   1.138208     0.99139477
   0.86351843   0.75213639   0.65512111   0.57061946   0.49701737
   0.43290895   0.37706963   0.32843281   0.28606948   0.24917044]0 1 312.2098259152708 0.0005068778991699219 0.0005068778991699219 0.0 1.0
0 1 271.93903789811014 0.0005428791046142578 0.0010497570037841797 0.0 1.0
0 1 236.8626295349813 0.00483393669128418 0.005883693695068359 0.33333333333333337 1.0
0 1 206.31059705097118 0.0215301513671875 0.02741384506225586 0.5714285714285715 1.0
0 1 179.69935797424765 0.013400793075561523 0.04081463813781738 0.5714285714285715 1.0
0 1 156.52060397255676 0.011451959609985352 0.052266597747802734 0.5714285714285715 1.0
0 1 136.33159152101595 0.00960993766784668 0.061876535415649414 0.5714285714285715 1.0
0 1 118.74668494067365 0.009440898895263672 0.07131743431091309 0.7499999999999999 1.0
0 1 103.42999026917344 0.00914621353149414 0.08046364784240723 0.7499999999999999 1.0
0 1 90.08893926113359 0.008620738983154297 0.08908438682556152 0.7499999999999999 1.0
0 1 78.46870096453189 0.008054971694946289 0.09713935852050781 0.7499999999999999 1.0
0 1 68.34731412713553 0.007930994033813477 0.10507035255432129 0.7499999999999999 1.0
0 1 59.53144745577994 0.011122941970825195 0.11619329452514648 0.6666666666666665 1.0
0 1 51.85270674408604 0.008244991302490234 0.12443828582763672 0.7272727272727272 1.0
0 1 45.16441833008278 0.008817911148071289 0.133256196975708 0.7272727272727272 1.0
0 1 39.33882744370648 0.01155400276184082 0.14481019973754883 0.6153846153846154 1.0
0 1 34.26465792907022 0.01568007469177246 0.1604902744293213 0.47058823529411764 1.0
0 1 29.84498672911064 0.026175975799560547 0.18666625022888184 0.3636363636363636 1.0
0 1 25.99539253258091 0.028757095336914062 0.2154233455657959 0.3076923076923077 1.0
0 1 22.642343220204207 0.07763361930847168 0.2930569648742676 0.26666666666666666 1.0
0 1 19.721791308170232 0.0981900691986084 0.391247034072876 0.27586206896551724 1.0
0 1 17.177950560167822 0.16162824630737305 0.552875280380249 0.26666666666666666 1.0
0 1 14.962230399696251 0.14023804664611816 0.6931133270263672 0.24242424242424243 1.0
0 1 13.03230776858211 0.12335896492004395 0.8164722919464111 0.2222222222222222 1.0
0 1 11.351318703025308 0.1350712776184082 0.9515435695648193 0.2222222222222222 1.0
0 1 9.887154185253786 0.1140739917755127 1.065617561340332 0.21621621621621623 1.0
0 1 8.611846820663045 0.12100100517272949 1.1866185665130615 0.20512820512820512 1.0
0 1 7.501036625197576 0.12347030639648438 1.310088872909546 0.19999999999999998 1.0
0 1 6.53350571883761 0.10132408142089844 1.4114129543304443 0.20512820512820512 1.0
0 1 5.69077303724795 0.13535070419311523 1.5467636585235596 0.18604651162790697 1.0
0 1 4.956741320068812 0.1123208999633789 1.6590845584869385 0.1777777777777778 1.0
0 1 4.317389632878279 0.13606977462768555 1.795154333114624 0.1702127659574468 1.0
0 1 3.7605055496069455 1.566493272781372 3.361647605895996 0.1702127659574468 1.0
0 1 3.2754518797500736 0.3394129276275635 3.7010605335235596 0.1702127659574468 1.0
0 1 2.8529634845718124 0.12611913681030273 3.8271796703338623 0.16666666666666666 1.0
0 1 2.4849703012340436 0.08669185638427734 3.9138715267181396 0.163265306122449 1.0
0 1 2.1644431943866964 0.24639511108398438 4.160266637802124 0.163265306122449 1.0
0 1 1.8852596907900219 0.11015176773071289 4.270418405532837 0.163265306122449 1.0
0 1 1.6420870323301746 0.0954141616821289 4.365832567214966 0.163265306122449 1.0
0 1 1.4302803135927475 0.08166003227233887 4.447492599487305 0.163265306122449 1.0
0 1 1.2457937582930971 0.07903909683227539 4.52653169631958 0.163265306122449 1.0
0 1 1.0851034398309916 0.39182591438293457 4.918357610702515 0.1568627450980392 1.0
0 1 0.945139969834425 0.3957219123840332 5.314079523086548 0.1568627450980392 1.0
0 1 0.823229868958621 0.6954271793365479 6.009506702423096 0.1568627450980392 1.0
0 1 0.7170445000483404 1.0241060256958008 7.0336127281188965 0.1509433962264151 1.0
0 1 0.624555588222246 1.101982831954956 8.135595560073853 0.1509433962264151 1.0
0 1 0.5439964782567033 0.6014857292175293 8.737081289291382 0.1509433962264151 1.0
0 1 0.4738283892360109 0.474761962890625 9.211843252182007 0.1509433962264151 1.0
0 1 0.4127110218901976 0.4478640556335449 9.659707307815552 0.1481481481481481 1.0
0 1 0.3594769571833539 0.45121216773986816 10.11091947555542 0.1481481481481481 1.0
0 0.1 130.20161032759302 0.0004980564117431641 10.111417531967163 0.0 1.0
0 0.1 113.40738729625762 0.00047707557678222656 10.111894607543945 0.0 1.0
0 0.1 98.77938883400856 0.0005118846893310547 10.112406492233276 0.0 1.0
0 0.1 86.03820166433057 0.0005450248718261719 10.112951517105103 0.0 1.0
0 0.1 74.9404529934022 0.0005471706390380859 10.11349868774414 0.0 1.0
0 0.1 65.27416178184274 0.0005488395690917969 10.114047527313232 0.0 1.0
0 0.1 56.854689638682785 0.0005900859832763672 10.114637613296509 0.0 1.0
0 0.1 49.52121399451067 0.011583089828491211 10.126220703125 0.5714285714285715 1.0
0 0.1 43.13365618693992 0.008439064025878906 10.134659767150879 0.5714285714285715 1.0
0 0.1 37.570005780944214 0.007869958877563477 10.142529726028442 0.5714285714285715 1.0
0 0.1 32.7239900151928 0.0074689388275146484 10.149998664855957 0.5714285714285715 1.0
0 0.1 28.503043857863506 0.006903886795043945 10.156902551651001 0.5714285714285715 1.0
0 0.1 24.826541897430772 0.005815982818603516 10.162718534469604 0.5714285714285715 1.0
0 0.1 21.624258295306348 0.0057430267333984375 10.168461561203003 0.5714285714285715 1.0
0 0.1 18.835025383479486 0.009037971496582031 10.177499532699585 0.7499999999999999 1.0
0 0.1 16.405565284674683 0.006721019744873047 10.184220552444458 0.7499999999999999 1.0
0 0.1 14.289472237493916 0.006333112716674805 10.190553665161133 0.7499999999999999 1.0
0 0.1 12.446326187665905 0.006390094757080078 10.196943759918213 0.7499999999999999 1.0
0 0.1 10.840920713874212 0.006278038024902344 10.203221797943115 0.7499999999999999 1.0
0 0.1 9.44259054057033 0.006213665008544922 10.20943546295166 0.7499999999999999 1.0
0 0.1 8.224625792416147 0.004693746566772461 10.214129209518433 0.7499999999999999 1.0
0 0.1 7.163761801874259 0.006343841552734375 10.220473051071167 0.7499999999999999 1.0
0 0.1 6.239734724625884 0.009235858917236328 10.229708909988403 0.7272727272727272 1.0
0 0.1 5.43489447450858 0.007083892822265625 10.236792802810669 0.7272727272727272 1.0
0 0.1 4.733867584541418 0.006002902984619141 10.242795705795288 0.7272727272727272 1.0
0 0.1 4.123263554256632 0.01894092559814453 10.261736631393433 0.6153846153846154 1.0
0 0.1 3.591419074200402 0.016727924346923828 10.278464555740356 0.5714285714285714 1.0
0 0.1 3.128175241967003 0.03741908073425293 10.31588363647461 0.4210526315789473 1.0
0 0.1 2.7246835143108377 0.0152130126953125 10.331096649169922 0.4210526315789473 1.0
0 0.1 2.373236688776134 0.03093409538269043 10.362030744552612 0.38095238095238093 1.0
0 0.1 2.0671216863796724 0.05000424385070801 10.41203498840332 0.3478260869565218 1.0
0 0.1 1.8004913233094775 0.12144184112548828 10.533476829528809 0.32000000000000006 1.0
0 0.1 1.5682526223167341 0.17637395858764648 10.709850788116455 0.2857142857142857 1.0
0 0.1 1.3659695304072161 0.09712409973144531 10.8069748878479 0.27586206896551724 1.0
0 0.1 1.1897781846170337 0.10368800163269043 10.91066288948059 0.25806451612903225 1.0
0 0.1 1.036313107341863 0.05795788764953613 10.968620777130127 0.25806451612903225 1.0
0 0.1 0.9026429214570189 0.07542300224304199 11.044043779373169 0.24242424242424243 1.0
0 0.1 0.786214357305898 0.10085391998291016 11.144897699356079 0.2352941176470588 1.0
0 0.1 0.6848034820193963 0.05475282669067383 11.199650526046753 0.2352941176470588 1.0
0 0.1 0.5964732195846044 0.28739404678344727 11.4870445728302 0.2285714285714286 1.0
0 0.1 0.5195363502423698 0.3466150760650635 11.833659648895264 0.2222222222222222 1.0
0 0.1 0.4525232824553942 0.5397140979766846 12.373373746871948 0.20512820512820512 1.0
0 0.1 0.3941539818506903 0.7894470691680908 13.162820816040039 0.19999999999999998 1.0
0 0.1 0.34331352094368267 0.26559901237487793 13.428419828414917 0.19512195121951217 1.0
0 0.1 0.2990307826127625 0.3121969699859619 13.740616798400879 0.19047619047619047 1.0
0 0.1 0.2604599105337001 0.3587930202484131 14.099409818649292 0.18604651162790697 1.0
0 0.1 0.22686415225376097 0.15750980377197266 14.256919622421265 0.18181818181818182 1.0
0 0.1 0.19760178628779224 0.07840108871459961 14.335320711135864 0.18181818181818182 1.0
0 0.1 0.17211386442601356 0.05447983741760254 14.389800548553467 0.18181818181818182 1.0
0 0.1 0.14991353511608546 1.0532829761505127 15.44308352470398 0.1739130434782609 1.0
0 0.01 28.211963230963963 0.000621795654296875 15.443705320358276 0.0 1.0
0 0.01 24.573006681497752 0.010046005249023438 15.4537513256073 0.5714285714285715 1.0
0 0.01 21.403425646968028 0.0072879791259765625 15.461039304733276 0.5714285714285715 1.0
0 0.01 18.642677119777133 0.006232738494873047 15.46727204322815 0.5714285714285715 1.0
0 0.01 16.238027310431736 0.006374835968017578 15.473646879196167 0.5714285714285715 1.0
0 0.01 14.143544365449966 0.0063359737396240234 15.479982852935791 0.5714285714285715 1.0
0 0.01 12.319221010851523 0.0060160160064697266 15.48599886894226 0.5714285714285715 1.0
0 0.01 10.730210362611421 0.0053119659423828125 15.491310834884644 0.5714285714285715 1.0
0 0.01 9.346160307090315 0.008126258850097656 15.499437093734741 0.7499999999999999 1.0
0 0.01 8.140633737265514 0.005835056304931641 15.505272150039673 0.7499999999999999 1.0
0 0.01 7.090603570541246 0.005756855010986328 15.51102900505066 0.7499999999999999 1.0
0 0.01 6.176012902339531 0.00574493408203125 15.51677393913269 0.7499999999999999 1.0
0 0.01 5.379391893848717 0.005733013153076172 15.522506952285767 0.7499999999999999 1.0
0 0.01 4.685524076001097 0.005316734313964844 15.527823686599731 0.7499999999999999 1.0
0 0.01 4.081155695663349 0.0053141117095947266 15.533137798309326 0.7499999999999999 1.0
0 0.01 3.554742552184356 0.0051479339599609375 15.538285732269287 0.7499999999999999 1.0
0 0.01 3.09622948855821 0.003856182098388672 15.542141914367676 0.7499999999999999 1.0
0 0.01 2.6968583252045994 0.0038111209869384766 15.545953035354614 0.7499999999999999 1.0
0 0.01 2.349000567658869 0.004971981048583984 15.550925016403198 0.7499999999999999 1.0
0 0.01 2.046011692676912 0.009382009506225586 15.560307025909424 0.7272727272727272 1.0
0 0.01 1.7821042294352372 0.00533604621887207 15.565643072128296 0.7272727272727272 1.0
0 0.01 1.5522372115164986 0.0054891109466552734 15.571132183074951 0.7272727272727272 1.0
0 0.01 1.3520198880735976 0.016705989837646484 15.587838172912598 0.6153846153846154 1.0
0 0.01 1.1776278549337647 0.010715961456298828 15.598554134368896 0.6153846153846154 1.0
0 0.01 1.0257300036406054 0.02426600456237793 15.622820138931274 0.4210526315789473 1.0
0 0.01 0.8934248930683893 0.011493921279907227 15.634314060211182 0.4210526315789473 1.0
0 0.01 0.7781853282259436 0.010415792465209961 15.644729852676392 0.4210526315789473 1.0
0 0.01 0.6778100876351608 0.011238813400268555 15.65596866607666 0.4210526315789473 1.0
0 0.01 0.590381877216004 0.02754497528076172 15.683513641357422 0.3636363636363636 1.0
0 0.01 0.5142307075440048 0.020006895065307617 15.70352053642273 0.3636363636363636 1.0
0 0.01 0.44790199493955546 0.0425410270690918 15.746061563491821 0.3076923076923077 1.0
0 0.01 0.39012877707943217 0.038561105728149414 15.78462266921997 0.2962962962962963 1.0
0 0.01 0.33980751241358653 0.04260563850402832 15.827228307723999 0.2857142857142857 1.0
0 0.01 0.2959770011254507 0.02343297004699707 15.850661277770996 0.2857142857142857 1.0
0 0.01 0.2578000249994245 0.02275991439819336 15.87342119216919 0.2857142857142857 1.0
0 0.01 0.22454735549379537 0.04784202575683594 15.921263217926025 0.25806451612903225 1.0
0 0.01 0.19558382455304058 0.031581878662109375 15.952845096588135 0.25806451612903225 1.0
0 0.01 0.1703561920944177 0.030420303344726562 15.983265399932861 0.25806451612903225 1.0
0 0.01 0.14838257842248037 0.029484033584594727 16.012749433517456 0.25806451612903225 1.0
0 0.01 0.12924325971726744 0.028220176696777344 16.040969610214233 0.25806451612903225 1.0
0 0.01 0.1125726507783501 0.02708911895751953 16.068058729171753 0.25806451612903225 1.0
0 0.01 0.09805232188500161 0.02212381362915039 16.090182542800903 0.25806451612903225 1.0
0 0.01 0.08540491638568569 0.1772139072418213 16.267396450042725 0.2105263157894737 1.0
0 0.01 0.07438885283512764 0.20308375358581543 16.47048020362854 0.21621621621621623 1.0
0 0.01 0.06479371048308594 0.052797794342041016 16.52327799797058 0.21621621621621623 1.0
0 0.01 0.056436209971818335 0.051980018615722656 16.575258016586304 0.21621621621621623 1.0
0 0.01 0.049156712468482675 0.10497403144836426 16.680232048034668 0.2105263157894737 1.0
0 0.01 0.0428161703614703 0.033049821853637695 16.713281869888306 0.2105263157894737 1.0
0 0.01 0.03729347127511503 0.10272789001464844 16.816009759902954 0.20512820512820512 1.0
0 0.01 0.032483124670098805 0.10861921310424805 16.924628973007202 0.19999999999999998 1.0
