[216.40736058 188.4937774  164.18066384 143.00360867 124.55810333
 108.49181534  94.49785828  82.30892987  71.69220614  62.44489425
  54.39035884  47.37474809  41.26405496  35.94155748  31.30558923
  27.26759733  23.75045104  20.68696841  18.01863304  15.69447636
  13.67010404  11.906848    10.37102782   9.03330739   7.86813455
   6.85325305   5.96927734   5.19932239   4.52868107   3.94454329
   3.43575127   2.99258645   2.60658382   2.27037024   1.9775236
   1.72245016   1.5002777    1.30676244   1.138208     0.99139477
   0.86351843   0.75213639   0.65512111   0.57061946   0.49701737
   0.43290895   0.37706963   0.32843281   0.28606948   0.24917044]0 1 312.2098259152708 0.0005147457122802734 0.0005147457122802734 0.0 1.0
0 1 271.93903789811014 0.0005240440368652344 0.0010387897491455078 0.0 1.0
0 1 236.8626295349813 0.006223201751708984 0.007261991500854492 0.33333333333333337 1.0
0 1 206.31059705097118 0.028654813766479492 0.035916805267333984 0.5714285714285715 1.0
0 1 179.69935797424765 0.018674850463867188 0.05459165573120117 0.5714285714285715 1.0
0 1 156.52060397255676 0.015588998794555664 0.07018065452575684 0.5714285714285715 1.0
0 1 136.33159152101595 0.014760255813598633 0.08494091033935547 0.5714285714285715 1.0
0 1 118.74668494067365 0.01466989517211914 0.09961080551147461 0.7499999999999999 1.0
0 1 103.42999026917344 0.012437105178833008 0.11204791069030762 0.7499999999999999 1.0
0 1 90.08893926113359 0.011996984481811523 0.12404489517211914 0.7499999999999999 1.0
0 1 78.46870096453189 0.011851072311401367 0.1358959674835205 0.7499999999999999 1.0
0 1 68.34731412713553 0.011443138122558594 0.1473391056060791 0.7499999999999999 1.0
0 1 59.53144745577994 0.01768803596496582 0.16502714157104492 0.6666666666666665 1.0
0 1 51.85270674408604 0.01235198974609375 0.17737913131713867 0.7272727272727272 1.0
0 1 45.16441833008278 0.012862920761108398 0.19024205207824707 0.7272727272727272 1.0
0 1 39.33882744370648 0.01705312728881836 0.20729517936706543 0.6153846153846154 1.0
0 1 34.26465792907022 0.026069164276123047 0.23336434364318848 0.47058823529411764 1.0
0 1 29.84498672911064 0.03948497772216797 0.27284932136535645 0.3636363636363636 1.0
0 1 25.99539253258091 0.05221700668334961 0.32506632804870605 0.3076923076923077 1.0
0 1 22.642343220204207 0.14771294593811035 0.4727792739868164 0.26666666666666666 1.0
0 1 19.721791308170232 0.19004583358764648 0.6628251075744629 0.27586206896551724 1.0
0 1 17.177950560167822 0.24703431129455566 0.9098594188690186 0.26666666666666666 1.0
0 1 14.962230399696251 0.224257230758667 1.1341166496276855 0.24242424242424243 1.0
0 1 13.03230776858211 0.19001030921936035 1.324126958847046 0.2222222222222222 1.0
0 1 11.351318703025308 0.2358391284942627 1.5599660873413086 0.2222222222222222 1.0
0 1 9.887154185253786 0.1951889991760254 1.755155086517334 0.21621621621621623 1.0
0 1 8.611846820663045 0.1946120262145996 1.9497671127319336 0.20512820512820512 1.0
0 1 7.501036625197576 0.22720122337341309 2.1769683361053467 0.19999999999999998 1.0
0 1 6.53350571883761 0.18928122520446777 2.3662495613098145 0.20512820512820512 1.0
0 1 5.69077303724795 0.2576420307159424 2.623891592025757 0.18604651162790697 1.0
0 1 4.956741320068812 0.22997474670410156 2.8538663387298584 0.1777777777777778 1.0
0 1 4.317389632878279 0.2915670871734619 3.1454334259033203 0.16666666666666666 1.0
0 1 3.7605055496069455 2.1869630813598633 5.332396507263184 0.1702127659574468 1.0
0 1 3.2754518797500736 0.5218961238861084 5.854292631149292 0.1702127659574468 1.0
0 1 2.8529634845718124 0.3624141216278076 6.2167067527771 0.16666666666666666 1.0
0 1 2.4849703012340436 0.2965400218963623 6.513246774673462 0.163265306122449 1.0
0 1 2.1644431943866964 0.44292712211608887 6.956173896789551 0.163265306122449 1.0
0 1 1.8852596907900219 0.28891801834106445 7.245091915130615 0.163265306122449 1.0
0 1 1.6420870323301746 0.2720909118652344 7.51718282699585 0.163265306122449 1.0
0 1 1.4302803135927475 0.24976682662963867 7.766949653625488 0.163265306122449 1.0
0 1 1.2457937582930971 0.23746299743652344 8.004412651062012 0.163265306122449 1.0
0 1 1.0851034398309916 1.005600929260254 9.010013580322266 0.1568627450980392 1.0
0 1 0.945139969834425 0.9830112457275391 9.993024826049805 0.1568627450980392 1.0
0 1 0.823229868958621 1.1281547546386719 11.121179580688477 0.1568627450980392 1.0
0 1 0.7170445000483404 1.9772186279296875 13.098398208618164 0.15384615384615383 1.0
0 1 0.624555588222246 2.3412890434265137 15.439687252044678 0.1509433962264151 1.0
0 1 0.5439964782567033 1.8214221000671387 17.261109352111816 0.1509433962264151 1.0
0 1 0.4738283892360109 1.6104366779327393 18.871546030044556 0.1509433962264151 1.0
0 1 0.4127110218901976 1.6619539260864258 20.53349995613098 0.1481481481481481 1.0
0 1 0.3594769571833539 1.5989470481872559 22.132447004318237 0.1481481481481481 1.0
0 0.1 130.20161032759302 0.0004773139953613281 22.1329243183136 0.0 1.0
0 0.1 113.40738729625762 0.00047516822814941406 22.133399486541748 0.0 1.0
0 0.1 98.77938883400856 0.0005056858062744141 22.133905172348022 0.0 1.0
0 0.1 86.03820166433057 0.0005061626434326172 22.134411334991455 0.0 1.0
0 0.1 74.9404529934022 0.0005469322204589844 22.134958267211914 0.0 1.0
0 0.1 65.27416178184274 0.0005362033843994141 22.135494470596313 0.0 1.0
0 0.1 56.854689638682785 0.0005838871002197266 22.136078357696533 0.0 1.0
0 0.1 49.52121399451067 0.0158541202545166 22.15193247795105 0.5714285714285715 1.0
0 0.1 43.13365618693992 0.011706113815307617 22.163638591766357 0.5714285714285715 1.0
0 0.1 37.570005780944214 0.011266946792602539 22.17490553855896 0.5714285714285715 1.0
0 0.1 32.7239900151928 0.010646820068359375 22.18555235862732 0.5714285714285715 1.0
0 0.1 28.503043857863506 0.011243104934692383 22.19679546356201 0.5714285714285715 1.0
0 0.1 24.826541897430772 0.009243965148925781 22.206039428710938 0.5714285714285715 1.0
0 0.1 21.624258295306348 0.009271860122680664 22.215311288833618 0.5714285714285715 1.0
0 0.1 18.835025383479486 0.012178897857666016 22.227490186691284 0.7499999999999999 1.0
0 0.1 16.405565284674683 0.009724140167236328 22.23721432685852 0.7499999999999999 1.0
0 0.1 14.289472237493916 0.009635210037231445 22.246849536895752 0.7499999999999999 1.0
0 0.1 12.446326187665905 0.009713172912597656 22.25656270980835 0.7499999999999999 1.0
0 0.1 10.840920713874212 0.009163856506347656 22.265726566314697 0.7499999999999999 1.0
0 0.1 9.44259054057033 0.009140253067016602 22.274866819381714 0.7499999999999999 1.0
0 0.1 8.224625792416147 0.007683753967285156 22.282550573349 0.7499999999999999 1.0
0 0.1 7.163761801874259 0.010960102081298828 22.293510675430298 0.7499999999999999 1.0
0 0.1 6.239734724625884 0.014224767684936523 22.307735443115234 0.7272727272727272 1.0
0 0.1 5.43489447450858 0.011046886444091797 22.318782329559326 0.7272727272727272 1.0
0 0.1 4.733867584541418 0.009414196014404297 22.32819652557373 0.7272727272727272 1.0
0 0.1 4.123263554256632 0.028447866439819336 22.35664439201355 0.6153846153846154 1.0
0 0.1 3.591419074200402 0.02550482749938965 22.38214921951294 0.5714285714285714 1.0
0 0.1 3.128175241967003 0.05166888236999512 22.433818101882935 0.4210526315789473 1.0
0 0.1 2.7246835143108377 0.028621196746826172 22.46243929862976 0.4210526315789473 1.0
0 0.1 2.373236688776134 0.04316997528076172 22.505609273910522 0.38095238095238093 1.0
0 0.1 2.0671216863796724 0.07809305191040039 22.583702325820923 0.3478260869565218 1.0
0 0.1 1.8004913233094775 0.16798090934753418 22.751683235168457 0.32000000000000006 1.0
0 0.1 1.5682526223167341 0.1836237907409668 22.935307025909424 0.2857142857142857 1.0
0 0.1 1.3659695304072161 0.1587369441986084 23.094043970108032 0.27586206896551724 1.0
0 0.1 1.1897781846170337 0.2049541473388672 23.2989981174469 0.25806451612903225 1.0
0 0.1 1.036313107341863 0.10490894317626953 23.40390706062317 0.25806451612903225 1.0
0 0.1 0.9026429214570189 0.14734482765197754 23.551251888275146 0.24242424242424243 1.0
0 0.1 0.786214357305898 0.16125988960266113 23.712511777877808 0.2352941176470588 1.0
0 0.1 0.6848034820193963 0.10534501075744629 23.817856788635254 0.2352941176470588 1.0
0 0.1 0.5964732195846044 0.44403505325317383 24.261891841888428 0.2285714285714286 1.0
0 0.1 0.5195363502423698 0.5854671001434326 24.84735894203186 0.2222222222222222 1.0
0 0.1 0.4525232824553942 0.6711289882659912 25.51848793029785 0.20512820512820512 1.0
0 0.1 0.3941539818506903 0.9745736122131348 26.493061542510986 0.19999999999999998 1.0
0 0.1 0.34331352094368267 0.5401530265808105 27.033214569091797 0.19512195121951217 1.0
0 0.1 0.2990307826127625 0.41280221939086914 27.446016788482666 0.19047619047619047 1.0
0 0.1 0.2604599105337001 1.3094432353973389 28.755460023880005 0.18181818181818182 1.0
0 0.1 0.22686415225376097 0.60595703125 29.361417055130005 0.18181818181818182 1.0
0 0.1 0.19760178628779224 0.3192288875579834 29.68064594268799 0.18181818181818182 1.0
0 0.1 0.17211386442601356 0.2021350860595703 29.88278102874756 0.18181818181818182 1.0
0 0.1 0.14991353511608546 2.7746598720550537 32.65744090080261 0.1739130434782609 1.0
0 0.01 28.211963230963963 0.000579833984375 32.65802073478699 0.0 1.0
0 0.01 24.573006681497752 0.013270854949951172 32.67129158973694 0.5714285714285715 1.0
0 0.01 21.403425646968028 0.009694099426269531 32.68098568916321 0.5714285714285715 1.0
0 0.01 18.642677119777133 0.009834051132202148 32.69081974029541 0.5714285714285715 1.0
0 0.01 16.238027310431736 0.009189128875732422 32.70000886917114 0.5714285714285715 1.0
0 0.01 14.143544365449966 0.009202003479003906 32.70921087265015 0.5714285714285715 1.0
0 0.01 12.319221010851523 0.009181976318359375 32.718392848968506 0.5714285714285715 1.0
0 0.01 10.730210362611421 0.008189916610717773 32.726582765579224 0.5714285714285715 1.0
0 0.01 9.346160307090315 0.011262893676757812 32.73784565925598 0.7499999999999999 1.0
0 0.01 8.140633737265514 0.009189844131469727 32.74703550338745 0.7499999999999999 1.0
0 0.01 7.090603570541246 0.00913095474243164 32.75616645812988 0.7499999999999999 1.0
0 0.01 6.176012902339531 0.008675813674926758 32.76484227180481 0.7499999999999999 1.0
0 0.01 5.379391893848717 0.008626222610473633 32.77346849441528 0.7499999999999999 1.0
0 0.01 4.685524076001097 0.008678913116455078 32.78214740753174 0.7499999999999999 1.0
0 0.01 4.081155695663349 0.008594036102294922 32.79074144363403 0.7499999999999999 1.0
0 0.01 3.554742552184356 0.008208990097045898 32.79895043373108 0.7499999999999999 1.0
0 0.01 3.09622948855821 0.0072062015533447266 32.806156635284424 0.7499999999999999 1.0
0 0.01 2.6968583252045994 0.0066509246826171875 32.81280755996704 0.7499999999999999 1.0
0 0.01 2.349000567658869 0.009333133697509766 32.82214069366455 0.7499999999999999 1.0
0 0.01 2.046011692676912 0.012647867202758789 32.83478856086731 0.7272727272727272 1.0
0 0.01 1.7821042294352372 0.009479761123657227 32.84426832199097 0.7272727272727272 1.0
0 0.01 1.5522372115164986 0.009543895721435547 32.8538122177124 0.7272727272727272 1.0
0 0.01 1.3520198880735976 0.023879289627075195 32.87769150733948 0.6153846153846154 1.0
0 0.01 1.1776278549337647 0.01755690574645996 32.89524841308594 0.6153846153846154 1.0
0 0.01 1.0257300036406054 0.03293895721435547 32.92818737030029 0.4210526315789473 1.0
0 0.01 0.8934248930683893 0.020704030990600586 32.948891401290894 0.4210526315789473 1.0
0 0.01 0.7781853282259436 0.019598007202148438 32.96848940849304 0.4210526315789473 1.0
0 0.01 0.6778100876351608 0.021365880966186523 32.98985528945923 0.4210526315789473 1.0
0 0.01 0.590381877216004 0.04228997230529785 33.032145261764526 0.3636363636363636 1.0
0 0.01 0.5142307075440048 0.03795814514160156 33.07010340690613 0.3636363636363636 1.0
0 0.01 0.44790199493955546 0.0701451301574707 33.1402485370636 0.3076923076923077 1.0
0 0.01 0.39012877707943217 0.06124401092529297 33.20149254798889 0.2962962962962963 1.0
0 0.01 0.33980751241358653 0.06035923957824707 33.26185178756714 0.2857142857142857 1.0
0 0.01 0.2959770011254507 0.04293704032897949 33.30478882789612 0.2857142857142857 1.0
0 0.01 0.2578000249994245 0.04198789596557617 33.346776723861694 0.2857142857142857 1.0
0 0.01 0.22454735549379537 0.07384991645812988 33.420626640319824 0.25806451612903225 1.0
0 0.01 0.19558382455304058 0.05858206748962402 33.47920870780945 0.25806451612903225 1.0
0 0.01 0.1703561920944177 0.05662083625793457 33.53582954406738 0.25806451612903225 1.0
0 0.01 0.14838257842248037 0.05527615547180176 33.591105699539185 0.25806451612903225 1.0
0 0.01 0.12924325971726744 0.054076194763183594 33.64518189430237 0.25806451612903225 1.0
0 0.01 0.1125726507783501 0.05317521095275879 33.69835710525513 0.25806451612903225 1.0
0 0.01 0.09805232188500161 0.045343875885009766 33.74370098114014 0.25806451612903225 1.0
0 0.01 0.08540491638568569 0.24872398376464844 33.992424964904785 0.2105263157894737 1.0
0 0.01 0.07438885283512764 0.28728604316711426 34.2797110080719 0.21621621621621623 1.0
0 0.01 0.06479371048308594 0.12801003456115723 34.40772104263306 0.21621621621621623 1.0
0 0.01 0.056436209971818335 0.12572121620178223 34.53344225883484 0.21621621621621623 1.0
0 0.01 0.049156712468482675 0.17959809303283691 34.713040351867676 0.2105263157894737 1.0
0 0.01 0.0428161703614703 0.10916709899902344 34.8222074508667 0.2105263157894737 1.0
0 0.01 0.03729347127511503 0.19330906867980957 35.01551651954651 0.20512820512820512 1.0
0 0.01 0.032483124670098805 0.20043587684631348 35.21595239639282 0.19999999999999998 1.0
