[216.40736058 188.4937774  164.18066384 143.00360867 124.55810333
 108.49181534  94.49785828  82.30892987  71.69220614  62.44489425
  54.39035884  47.37474809  41.26405496  35.94155748  31.30558923
  27.26759733  23.75045104  20.68696841  18.01863304  15.69447636
  13.67010404  11.906848    10.37102782   9.03330739   7.86813455
   6.85325305   5.96927734   5.19932239   4.52868107   3.94454329
   3.43575127   2.99258645   2.60658382   2.27037024   1.9775236
   1.72245016   1.5002777    1.30676244   1.138208     0.99139477
   0.86351843   0.75213639   0.65512111   0.57061946   0.49701737
   0.43290895   0.37706963   0.32843281   0.28606948   0.24917044]0 1 312.2098259152708 0.0011682510375976562 0.0011682510375976562 0.0 1.0
0 1 271.93903789811014 0.001149892807006836 0.002318143844604492 0.0 1.0
0 1 236.8626295349813 0.039340972900390625 0.04165911674499512 0.33333333333333337 1.0
0 1 206.31059705097118 0.028429031372070312 0.07008814811706543 0.5714285714285715 1.0
0 1 179.69935797424765 0.018611907958984375 0.0887000560760498 0.5714285714285715 1.0
0 1 156.52060397255676 0.014755964279174805 0.10345602035522461 0.5714285714285715 1.0
0 1 136.33159152101595 0.014431953430175781 0.11788797378540039 0.5714285714285715 1.0
0 1 118.74668494067365 0.03637290000915527 0.15426087379455566 0.7499999999999999 1.0
0 1 103.42999026917344 0.021551847457885742 0.1758127212524414 0.7499999999999999 1.0
0 1 90.08893926113359 0.01643991470336914 0.19225263595581055 0.7499999999999999 1.0
0 1 78.46870096453189 0.014570951461791992 0.20682358741760254 0.7499999999999999 1.0
0 1 68.34731412713553 0.012046098709106445 0.21886968612670898 0.7499999999999999 1.0
0 1 59.53144745577994 0.012532949447631836 0.23140263557434082 0.6666666666666665 1.0
0 1 51.85270674408604 0.018743038177490234 0.25014567375183105 0.7272727272727272 1.0
0 1 45.16441833008278 0.016330957412719727 0.2664766311645508 0.7272727272727272 1.0
0 1 39.33882744370648 0.01891183853149414 0.2853884696960449 0.6153846153846154 1.0
0 1 34.26465792907022 0.029757022857666016 0.31514549255371094 0.47058823529411764 1.0
0 1 29.84498672911064 0.036437034606933594 0.35158252716064453 0.3636363636363636 1.0
0 1 25.99539253258091 0.04997611045837402 0.40155863761901855 0.3076923076923077 1.0
0 1 22.642343220204207 0.13840103149414062 0.5399596691131592 0.26666666666666666 1.0
0 1 19.721791308170232 0.1655900478363037 0.7055497169494629 0.27586206896551724 1.0
0 1 17.177950560167822 0.29891204833984375 1.0044617652893066 0.26666666666666666 1.0
0 1 14.962230399696251 0.22809600830078125 1.232557773590088 0.24242424242424243 1.0
0 1 13.03230776858211 0.2080368995666504 1.4405946731567383 0.2222222222222222 1.0
0 1 11.351318703025308 0.20670270919799805 1.6472973823547363 0.2222222222222222 1.0
0 1 9.887154185253786 0.16611003875732422 1.8134074211120605 0.21621621621621623 1.0
0 1 8.611846820663045 0.16489100456237793 1.9782984256744385 0.20512820512820512 1.0
0 1 7.501036625197576 0.19165396690368652 2.169952392578125 0.19999999999999998 1.0
0 1 6.53350571883761 0.15888214111328125 2.3288345336914062 0.20512820512820512 1.0
0 1 5.69077303724795 0.21587395668029785 2.544708490371704 0.18604651162790697 1.0
0 1 4.956741320068812 0.1703188419342041 2.715027332305908 0.1777777777777778 1.0
0 1 4.317389632878279 0.22787785530090332 2.9429051876068115 0.16666666666666666 1.0
0 1 3.7605055496069455 1.9923832416534424 4.935288429260254 0.1702127659574468 1.0
0 1 3.2754518797500736 0.4089689254760742 5.344257354736328 0.1702127659574468 1.0
0 1 2.8529634845718124 0.22292399406433105 5.567181348800659 0.16666666666666666 1.0
0 1 2.4849703012340436 0.17880487442016602 5.745986223220825 0.163265306122449 1.0
0 1 2.1644431943866964 0.2925400733947754 6.038526296615601 0.163265306122449 1.0
0 1 1.8852596907900219 0.1684269905090332 6.206953287124634 0.163265306122449 1.0
0 1 1.6420870323301746 0.15545392036437988 6.362407207489014 0.163265306122449 1.0
0 1 1.4302803135927475 0.14632081985473633 6.50872802734375 0.163265306122449 1.0
0 1 1.2457937582930971 0.13550114631652832 6.644229173660278 0.163265306122449 1.0
0 1 1.0851034398309916 0.5047838687896729 7.149013042449951 0.1568627450980392 1.0
0 1 0.945139969834425 0.42588114738464355 7.574894189834595 0.1568627450980392 1.0
0 1 0.823229868958621 0.5604259967803955 8.13532018661499 0.1568627450980392 1.0
0 1 0.7170445000483404 0.976248025894165 9.111568212509155 0.15384615384615383 1.0
0 1 0.624555588222246 0.9719300270080566 10.083498239517212 0.1509433962264151 1.0
0 1 0.5439964782567033 0.7123332023620605 10.795831441879272 0.1509433962264151 1.0
0 1 0.4738283892360109 0.6281406879425049 11.423972129821777 0.1509433962264151 1.0
0 1 0.4127110218901976 0.6408660411834717 12.064838171005249 0.1481481481481481 1.0
0 1 0.3594769571833539 0.611102819442749 12.675940990447998 0.1481481481481481 1.0
0 0.1 130.20161032759302 0.001199960708618164 12.677140951156616 0.0 1.0
0 0.1 113.40738729625762 0.001155853271484375 12.6782968044281 0.0 1.0
0 0.1 98.77938883400856 0.001149892807006836 12.679446697235107 0.0 1.0
0 0.1 86.03820166433057 0.0012149810791015625 12.680661678314209 0.0 1.0
0 0.1 74.9404529934022 0.001241922378540039 12.681903600692749 0.0 1.0
0 0.1 65.27416178184274 0.0011529922485351562 12.683056592941284 0.0 1.0
0 0.1 56.854689638682785 0.001155853271484375 12.684212446212769 0.0 1.0
0 0.1 49.52121399451067 0.0012547969818115234 12.68546724319458 0.0 1.0
0 0.1 43.13365618693992 0.0011599063873291016 12.68662714958191 0.0 1.0
0 0.1 37.570005780944214 0.0012578964233398438 12.687885046005249 0.0 1.0
0 0.1 32.7239900151928 0.001165151596069336 12.689050197601318 0.0 1.0
0 0.1 28.503043857863506 0.0012309551239013672 12.69028115272522 0.0 1.0
0 0.1 24.826541897430772 0.017683982849121094 12.70796513557434 0.5714285714285715 1.0
0 0.1 21.624258295306348 0.007546901702880859 12.715512037277222 0.5714285714285715 1.0
0 0.1 18.835025383479486 0.006194114685058594 12.72170615196228 0.5714285714285715 1.0
0 0.1 16.405565284674683 0.006277799606323242 12.727983951568604 0.5714285714285715 1.0
0 0.1 14.289472237493916 0.00637507438659668 12.7343590259552 0.5714285714285715 1.0
0 0.1 12.446326187665905 0.00633692741394043 12.74069595336914 0.5714285714285715 1.0
0 0.1 10.840920713874212 0.013991832733154297 12.754687786102295 0.7499999999999999 1.0
0 0.1 9.44259054057033 0.00789499282836914 12.762582778930664 0.7499999999999999 1.0
0 0.1 8.224625792416147 0.006585121154785156 12.76916790008545 0.7499999999999999 1.0
0 0.1 7.163761801874259 0.006467103958129883 12.775635004043579 0.7499999999999999 1.0
0 0.1 6.239734724625884 0.006235837936401367 12.78187084197998 0.7499999999999999 1.0
0 0.1 5.43489447450858 0.03728890419006348 12.819159746170044 0.7272727272727272 1.0
0 0.1 4.733867584541418 0.014377117156982422 12.833536863327026 0.7272727272727272 1.0
0 0.1 4.123263554256632 0.013735771179199219 12.847272634506226 0.7272727272727272 1.0
0 0.1 3.591419074200402 0.06800413131713867 12.915276765823364 0.5714285714285714 1.0
0 0.1 3.128175241967003 0.15338802337646484 13.068664789199829 0.4444444444444444 1.0
0 0.1 2.7246835143108377 0.06610774993896484 13.134772539138794 0.4210526315789473 1.0
0 0.1 2.373236688776134 0.09489703178405762 13.229669570922852 0.38095238095238093 1.0
0 0.1 2.0671216863796724 0.5690391063690186 13.79870867729187 0.3333333333333333 1.0
0 0.1 1.8004913233094775 0.5941479206085205 14.39285659790039 0.32000000000000006 1.0
0 0.1 1.5682526223167341 0.6427528858184814 15.035609483718872 0.2857142857142857 1.0
0 0.1 1.3659695304072161 0.470844030380249 15.506453514099121 0.27586206896551724 1.0
0 0.1 1.1897781846170337 0.3449521064758301 15.851405620574951 0.25806451612903225 1.0
0 0.1 1.036313107341863 0.10793924331665039 15.959344863891602 0.25806451612903225 1.0
0 0.1 0.9026429214570189 0.2375040054321289 16.19684886932373 0.24242424242424243 1.0
0 0.1 0.786214357305898 0.22741222381591797 16.42426109313965 0.2352941176470588 1.0
0 0.1 0.6848034820193963 0.08083891868591309 16.50510001182556 0.2352941176470588 1.0
0 0.1 0.5964732195846044 0.7199890613555908 17.225089073181152 0.2285714285714286 1.0
0 0.1 0.5195363502423698 0.8039312362670898 18.029020309448242 0.2222222222222222 1.0
0 0.1 0.4525232824553942 2.6956000328063965 20.72462034225464 0.19999999999999998 1.0
0 0.1 0.3941539818506903 0.3918921947479248 21.116512537002563 0.19999999999999998 1.0
0 0.1 0.34331352094368267 0.6392011642456055 21.75571370124817 0.19512195121951217 1.0
0 0.1 0.2990307826127625 0.8089089393615723 22.56462264060974 0.19047619047619047 1.0
0 0.1 0.2604599105337001 1.2891552448272705 23.85377788543701 0.18181818181818182 1.0
0 0.1 0.22686415225376097 0.457230806350708 24.31100869178772 0.18181818181818182 1.0
0 0.1 0.19760178628779224 0.21504688262939453 24.526055574417114 0.18181818181818182 1.0
0 0.1 0.17211386442601356 0.14183878898620605 24.66789436340332 0.18181818181818182 1.0
0 0.1 0.14991353511608546 2.5417070388793945 27.209601402282715 0.1739130434782609 1.0
0 0.01 28.211963230963963 0.0011620521545410156 27.210763454437256 0.0 1.0
0 0.01 24.573006681497752 0.0011510848999023438 27.211914539337158 0.0 1.0
0 0.01 21.403425646968028 0.001149892807006836 27.213064432144165 0.0 1.0
0 0.01 18.642677119777133 0.0012080669403076172 27.214272499084473 0.0 1.0
0 0.01 16.238027310431736 0.0012850761413574219 27.21555757522583 0.0 1.0
0 0.01 14.143544365449966 0.001238107681274414 27.216795682907104 0.0 1.0
0 0.01 12.319221010851523 0.0011827945709228516 27.217978477478027 0.0 1.0
0 0.01 10.730210362611421 0.0011446475982666016 27.219123125076294 0.0 1.0
0 0.01 9.346160307090315 0.0011539459228515625 27.220277070999146 0.0 1.0
0 0.01 8.140633737265514 0.0012221336364746094 27.22149920463562 0.0 1.0
0 0.01 7.090603570541246 0.0011529922485351562 27.222652196884155 0.0 1.0
0 0.01 6.176012902339531 0.001149892807006836 27.223802089691162 0.0 1.0
0 0.01 5.379391893848717 0.0011692047119140625 27.224971294403076 0.0 1.0
0 0.01 4.685524076001097 0.0011718273162841797 27.22614312171936 0.0 1.0
0 0.01 4.081155695663349 0.0012307167053222656 27.227373838424683 0.0 1.0
0 0.01 3.554742552184356 0.0012171268463134766 27.228590965270996 0.0 1.0
0 0.01 3.09622948855821 0.001157999038696289 27.229748964309692 0.0 1.0
0 0.01 2.6968583252045994 0.0011720657348632812 27.230921030044556 0.0 1.0
0 0.01 2.349000567658869 0.012117147445678711 27.243038177490234 0.5714285714285715 1.0
0 0.01 2.046011692676912 0.0036389827728271484 27.24667716026306 0.5714285714285715 1.0
0 0.01 1.7821042294352372 0.0038042068481445312 27.250481367111206 0.5714285714285715 1.0
0 0.01 1.5522372115164986 0.0037429332733154297 27.25422430038452 0.5714285714285715 1.0
0 0.01 1.3520198880735976 0.0037119388580322266 27.257936239242554 0.5714285714285715 1.0
0 0.01 1.1776278549337647 0.0038318634033203125 27.261768102645874 0.5714285714285715 1.0
0 0.01 1.0257300036406054 0.011864900588989258 27.273633003234863 0.7499999999999999 1.0
0 0.01 0.8934248930683893 0.003732919692993164 27.277365922927856 0.7499999999999999 1.0
0 0.01 0.7781853282259436 0.0025060176849365234 27.279871940612793 0.7499999999999999 1.0
0 0.01 0.6778100876351608 0.0024650096893310547 27.282336950302124 0.7499999999999999 1.0
0 0.01 0.590381877216004 0.002691030502319336 27.285027980804443 0.7499999999999999 1.0
0 0.01 0.5142307075440048 0.019969940185546875 27.30499792098999 0.7272727272727272 1.0
0 0.01 0.44790199493955546 0.004225015640258789 27.30922293663025 0.7272727272727272 1.0
0 0.01 0.39012877707943217 0.04860091209411621 27.357823848724365 0.5000000000000001 1.0
0 0.01 0.33980751241358653 0.05771231651306152 27.415536165237427 0.4 1.0
0 0.01 0.2959770011254507 0.014994144439697266 27.430530309677124 0.4 1.0
0 0.01 0.2578000249994245 0.01450800895690918 27.445038318634033 0.4 1.0
0 0.01 0.22454735549379537 0.07593679428100586 27.52097511291504 0.3076923076923077 1.0
0 0.01 0.19558382455304058 0.017665624618530273 27.53864073753357 0.3076923076923077 1.0
0 0.01 0.1703561920944177 0.1911790370941162 27.729819774627686 0.26666666666666666 1.0
0 0.01 0.14838257842248037 0.07695627212524414 27.80677604675293 0.25806451612903225 1.0
0 0.01 0.12924325971726744 0.025213003158569336 27.8319890499115 0.25806451612903225 1.0
0 0.01 0.1125726507783501 0.07501912117004395 27.907008171081543 0.25 1.0
0 0.01 0.09805232188500161 0.0761868953704834 27.983195066452026 0.24242424242424243 1.0
0 0.01 0.08540491638568569 0.09914803504943848 28.082343101501465 0.2352941176470588 1.0
0 0.01 0.07438885283512764 0.026219844818115234 28.10856294631958 0.2352941176470588 1.0
0 0.01 0.06479371048308594 0.09321284294128418 28.201775789260864 0.2285714285714286 1.0
0 0.01 0.056436209971818335 0.25143909454345703 28.45321488380432 0.21621621621621623 1.0
0 0.01 0.049156712468482675 0.05079030990600586 28.504005193710327 0.21621621621621623 1.0
0 0.01 0.0428161703614703 0.22181296348571777 28.725818157196045 0.20512820512820512 1.0
0 0.01 0.03729347127511503 0.04903388023376465 28.77485203742981 0.20512820512820512 1.0
0 0.01 0.032483124670098805 0.04441499710083008 28.81926703453064 0.20512820512820512 1.0
