[216.40736058 188.4937774  164.18066384 143.00360867 124.55810333
 108.49181534  94.49785828  82.30892987  71.69220614  62.44489425
  54.39035884  47.37474809  41.26405496  35.94155748  31.30558923
  27.26759733  23.75045104  20.68696841  18.01863304  15.69447636
  13.67010404  11.906848    10.37102782   9.03330739   7.86813455
   6.85325305   5.96927734   5.19932239   4.52868107   3.94454329
   3.43575127   2.99258645   2.60658382   2.27037024   1.9775236
   1.72245016   1.5002777    1.30676244   1.138208     0.99139477
   0.86351843   0.75213639   0.65512111   0.57061946   0.49701737
   0.43290895   0.37706963   0.32843281   0.28606948   0.24917044]0 1 312.2098259152708 0.0006430149078369141 0.0006430149078369141 0.0 1.0
0 1 271.93903789811014 0.000640869140625 0.001283884048461914 0.0 1.0
0 1 236.8626295349813 0.006273984909057617 0.007557868957519531 0.33333333333333337 1.0
0 1 206.31059705097118 0.0075910091400146484 0.01514887809753418 0.5714285714285715 1.0
0 1 179.69935797424765 0.0039000511169433594 0.01904892921447754 0.5714285714285715 1.0
0 1 156.52060397255676 0.002974987030029297 0.022023916244506836 0.5714285714285715 1.0
0 1 136.33159152101595 0.0031359195709228516 0.025159835815429688 0.5714285714285715 1.0
0 1 118.74668494067365 0.008615970611572266 0.03377580642700195 0.7499999999999999 1.0
0 1 103.42999026917344 0.005582094192504883 0.039357900619506836 0.7499999999999999 1.0
0 1 90.08893926113359 0.004283905029296875 0.04364180564880371 0.7499999999999999 1.0
0 1 78.46870096453189 0.0045969486236572266 0.04823875427246094 0.7499999999999999 1.0
0 1 68.34731412713553 0.0045130252838134766 0.052751779556274414 0.7499999999999999 1.0
0 1 59.53144745577994 0.0050678253173828125 0.05781960487365723 0.6666666666666665 1.0
0 1 51.85270674408604 0.009079933166503906 0.06689953804016113 0.7272727272727272 1.0
0 1 45.16441833008278 0.010223150253295898 0.07712268829345703 0.7272727272727272 1.0
0 1 39.33882744370648 0.011754035949707031 0.08887672424316406 0.6153846153846154 1.0
0 1 34.26465792907022 0.01701807975769043 0.10589480400085449 0.47058823529411764 1.0
0 1 29.84498672911064 0.024370193481445312 0.1302649974822998 0.3636363636363636 1.0
0 1 25.99539253258091 0.030234813690185547 0.16049981117248535 0.3076923076923077 1.0
0 1 22.642343220204207 0.08956384658813477 0.2500636577606201 0.26666666666666666 1.0
0 1 19.721791308170232 0.10258316993713379 0.3526468276977539 0.27586206896551724 1.0
0 1 17.177950560167822 0.24149703979492188 0.5941438674926758 0.26666666666666666 1.0
0 1 14.962230399696251 0.17208075523376465 0.7662246227264404 0.24242424242424243 1.0
0 1 13.03230776858211 0.17551589012145996 0.9417405128479004 0.2222222222222222 1.0
0 1 11.351318703025308 0.15198206901550293 1.0937225818634033 0.2222222222222222 1.0
0 1 9.887154185253786 0.12538909912109375 1.219111680984497 0.21621621621621623 1.0
0 1 8.611846820663045 0.12472295761108398 1.343834638595581 0.20512820512820512 1.0
0 1 7.501036625197576 0.1443181037902832 1.4881527423858643 0.19999999999999998 1.0
0 1 6.53350571883761 0.12230491638183594 1.6104576587677002 0.20512820512820512 1.0
0 1 5.69077303724795 0.16482186317443848 1.7752795219421387 0.18604651162790697 1.0
0 1 4.956741320068812 0.12108302116394043 1.896362543106079 0.1777777777777778 1.0
0 1 4.317389632878279 0.1662919521331787 2.062654495239258 0.1702127659574468 1.0
0 1 3.7605055496069455 1.6693260669708252 3.731980562210083 0.1702127659574468 1.0
0 1 3.2754518797500736 0.3386549949645996 4.070635557174683 0.1702127659574468 1.0
0 1 2.8529634845718124 0.130418062210083 4.201053619384766 0.16666666666666666 1.0
0 1 2.4849703012340436 0.13043665885925293 4.3314902782440186 0.163265306122449 1.0
0 1 2.1644431943866964 0.22997283935546875 4.561463117599487 0.163265306122449 1.0
0 1 1.8852596907900219 0.09659790992736816 4.6580610275268555 0.163265306122449 1.0
0 1 1.6420870323301746 0.0962071418762207 4.754268169403076 0.163265306122449 1.0
0 1 1.4302803135927475 0.0938570499420166 4.848125219345093 0.163265306122449 1.0
0 1 1.2457937582930971 0.0932469367980957 4.9413721561431885 0.163265306122449 1.0
0 1 1.0851034398309916 0.22212886810302734 5.163501024246216 0.1568627450980392 1.0
0 1 0.945139969834425 0.22296595573425293 5.386466979980469 0.1568627450980392 1.0
0 1 0.823229868958621 0.3751192092895508 5.7615861892700195 0.1568627450980392 1.0
0 1 0.7170445000483404 0.6688182353973389 6.430404424667358 0.15384615384615383 1.0
0 1 0.624555588222246 0.4482002258300781 6.8786046504974365 0.1509433962264151 1.0
0 1 0.5439964782567033 0.2984633445739746 7.177067995071411 0.1509433962264151 1.0
0 1 0.4738283892360109 0.22994518280029297 7.407013177871704 0.1509433962264151 1.0
0 1 0.4127110218901976 0.22455668449401855 7.631569862365723 0.1481481481481481 1.0
0 1 0.3594769571833539 0.2248082160949707 7.856378078460693 0.1481481481481481 1.0
0 0.1 130.20161032759302 0.0006809234619140625 7.857059001922607 0.0 1.0
0 0.1 113.40738729625762 0.0006430149078369141 7.857702016830444 0.0 1.0
0 0.1 98.77938883400856 0.0006260871887207031 7.858328104019165 0.0 1.0
0 0.1 86.03820166433057 0.0006301403045654297 7.8589582443237305 0.0 1.0
0 0.1 74.9404529934022 0.0006451606750488281 7.859603404998779 0.0 1.0
0 0.1 65.27416178184274 0.0006690025329589844 7.860272407531738 0.0 1.0
0 0.1 56.854689638682785 0.0006570816040039062 7.860929489135742 0.0 1.0
0 0.1 49.52121399451067 0.0006260871887207031 7.861555576324463 0.0 1.0
0 0.1 43.13365618693992 0.0006399154663085938 7.8621954917907715 0.0 1.0
0 0.1 37.570005780944214 0.0006270408630371094 7.862822532653809 0.0 1.0
0 0.1 32.7239900151928 0.0006189346313476562 7.863441467285156 0.0 1.0
0 0.1 28.503043857863506 0.0006289482116699219 7.864070415496826 0.0 1.0
0 0.1 24.826541897430772 0.009109973907470703 7.873180389404297 0.5714285714285715 1.0
0 0.1 21.624258295306348 0.0015478134155273438 7.874728202819824 0.5714285714285715 1.0
0 0.1 18.835025383479486 0.0015139579772949219 7.876242160797119 0.5714285714285715 1.0
0 0.1 16.405565284674683 0.0015192031860351562 7.877761363983154 0.5714285714285715 1.0
0 0.1 14.289472237493916 0.0016319751739501953 7.8793933391571045 0.5714285714285715 1.0
0 0.1 12.446326187665905 0.001680135726928711 7.881073474884033 0.5714285714285715 1.0
0 0.1 10.840920713874212 0.00751805305480957 7.888591527938843 0.7499999999999999 1.0
0 0.1 9.44259054057033 0.0021860599517822266 7.890777587890625 0.7499999999999999 1.0
0 0.1 8.224625792416147 0.002490997314453125 7.893268585205078 0.7499999999999999 1.0
0 0.1 7.163761801874259 0.0025517940521240234 7.895820379257202 0.7499999999999999 1.0
0 0.1 6.239734724625884 0.0025179386138916016 7.898338317871094 0.7499999999999999 1.0
0 0.1 5.43489447450858 0.02584981918334961 7.924188137054443 0.7272727272727272 1.0
0 0.1 4.733867584541418 0.005994081497192383 7.930182218551636 0.7272727272727272 1.0
0 0.1 4.123263554256632 0.006639242172241211 7.936821460723877 0.7272727272727272 1.0
0 0.1 3.591419074200402 0.05408215522766113 7.990903615951538 0.5714285714285714 1.0
0 0.1 3.128175241967003 0.14074110984802246 8.13164472579956 0.4444444444444444 1.0
0 0.1 2.7246835143108377 0.04792189598083496 8.179566621780396 0.4210526315789473 1.0
0 0.1 2.373236688776134 0.08454084396362305 8.264107465744019 0.38095238095238093 1.0
0 0.1 2.0671216863796724 0.22928476333618164 8.4933922290802 0.3333333333333333 1.0
0 0.1 1.8004913233094775 0.46571969985961914 8.95911192893982 0.32000000000000006 1.0
0 0.1 1.5682526223167341 0.5430071353912354 9.502119064331055 0.2857142857142857 1.0
0 0.1 1.3659695304072161 0.41851091384887695 9.920629978179932 0.27586206896551724 1.0
0 0.1 1.1897781846170337 0.2538471221923828 10.174477100372314 0.25806451612903225 1.0
0 0.1 1.036313107341863 0.07593917846679688 10.250416278839111 0.25806451612903225 1.0
0 0.1 0.9026429214570189 0.16409993171691895 10.41451621055603 0.24242424242424243 1.0
0 0.1 0.786214357305898 0.19301605224609375 10.607532262802124 0.2352941176470588 1.0
0 0.1 0.6848034820193963 0.05990314483642578 10.66743540763855 0.2352941176470588 1.0
0 0.1 0.5964732195846044 0.6375248432159424 11.304960250854492 0.2285714285714286 1.0
0 0.1 0.5195363502423698 0.6343362331390381 11.93929648399353 0.2222222222222222 1.0
0 0.1 0.4525232824553942 2.359015941619873 14.298312425613403 0.19999999999999998 1.0
0 0.1 0.3941539818506903 0.28685593605041504 14.585168361663818 0.19999999999999998 1.0
0 0.1 0.34331352094368267 0.4710819721221924 15.05625033378601 0.19512195121951217 1.0
0 0.1 0.2990307826127625 0.7701671123504639 15.826417446136475 0.19047619047619047 1.0
0 0.1 0.2604599105337001 0.8139429092407227 16.640360355377197 0.18604651162790697 1.0
0 0.1 0.22686415225376097 0.24044585227966309 16.88080620765686 0.18181818181818182 1.0
0 0.1 0.19760178628779224 0.12881207466125488 17.009618282318115 0.18181818181818182 1.0
0 0.1 0.17211386442601356 0.11571812629699707 17.125336408615112 0.18181818181818182 1.0
0 0.1 0.14991353511608546 1.6454792022705078 18.77081561088562 0.1739130434782609 1.0
0 0.01 28.211963230963963 0.0006761550903320312 18.771491765975952 0.0 1.0
0 0.01 24.573006681497752 0.0006489753723144531 18.772140741348267 0.0 1.0
0 0.01 21.403425646968028 0.0006260871887207031 18.772766828536987 0.0 1.0
0 0.01 18.642677119777133 0.0006291866302490234 18.773396015167236 0.0 1.0
0 0.01 16.238027310431736 0.0006489753723144531 18.77404499053955 0.0 1.0
0 0.01 14.143544365449966 0.0006577968597412109 18.774702787399292 0.0 1.0
0 0.01 12.319221010851523 0.0006899833679199219 18.775392770767212 0.0 1.0
0 0.01 10.730210362611421 0.0006399154663085938 18.77603268623352 0.0 1.0
0 0.01 9.346160307090315 0.0006539821624755859 18.776686668395996 0.0 1.0
0 0.01 8.140633737265514 0.0006411075592041016 18.7773277759552 0.0 1.0
0 0.01 7.090603570541246 0.0006520748138427734 18.777979850769043 0.0 1.0
0 0.01 6.176012902339531 0.0006792545318603516 18.778659105300903 0.0 1.0
0 0.01 5.379391893848717 0.0006580352783203125 18.779317140579224 0.0 1.0
0 0.01 4.685524076001097 0.0006568431854248047 18.77997398376465 0.0 1.0
0 0.01 4.081155695663349 0.0006330013275146484 18.780606985092163 0.0 1.0
0 0.01 3.554742552184356 0.0006430149078369141 18.78125 0.0 1.0
0 0.01 3.09622948855821 0.0006539821624755859 18.781903982162476 0.0 1.0
0 0.01 2.6968583252045994 0.0006690025329589844 18.782572984695435 0.0 1.0
0 0.01 2.349000567658869 0.015902042388916016 18.79847502708435 0.5714285714285715 1.0
0 0.01 2.046011692676912 0.001107931137084961 18.799582958221436 0.5714285714285715 1.0
0 0.01 1.7821042294352372 0.0010609626770019531 18.800643920898438 0.5714285714285715 1.0
0 0.01 1.5522372115164986 0.0008718967437744141 18.801515817642212 0.5714285714285715 1.0
0 0.01 1.3520198880735976 0.0008409023284912109 18.802356719970703 0.5714285714285715 1.0
0 0.01 1.1776278549337647 0.0008749961853027344 18.803231716156006 0.5714285714285715 1.0
0 0.01 1.0257300036406054 0.005169868469238281 18.808401584625244 0.7499999999999999 1.0
0 0.01 0.8934248930683893 0.0011119842529296875 18.809513568878174 0.7499999999999999 1.0
0 0.01 0.7781853282259436 0.0011739730834960938 18.81068754196167 0.7499999999999999 1.0
0 0.01 0.6778100876351608 0.0009410381317138672 18.811628580093384 0.7499999999999999 1.0
0 0.01 0.590381877216004 0.0009551048278808594 18.812583684921265 0.7499999999999999 1.0
0 0.01 0.5142307075440048 0.012356281280517578 18.824939966201782 0.7272727272727272 1.0
0 0.01 0.44790199493955546 0.0020270347595214844 18.826967000961304 0.7272727272727272 1.0
0 0.01 0.39012877707943217 0.03969597816467285 18.866662979125977 0.5000000000000001 1.0
0 0.01 0.33980751241358653 0.045575857162475586 18.912238836288452 0.4 1.0
0 0.01 0.2959770011254507 0.007942914962768555 18.92018175125122 0.4 1.0
0 0.01 0.2578000249994245 0.007924079895019531 18.92810583114624 0.4 1.0
0 0.01 0.22454735549379537 0.06752586364746094 18.9956316947937 0.3076923076923077 1.0
0 0.01 0.19558382455304058 0.011934995651245117 19.007566690444946 0.3076923076923077 1.0
0 0.01 0.1703561920944177 0.18406295776367188 19.191629648208618 0.26666666666666666 1.0
0 0.01 0.14838257842248037 0.06021404266357422 19.251843690872192 0.25806451612903225 1.0
0 0.01 0.12924325971726744 0.016909122467041016 19.268752813339233 0.25806451612903225 1.0
0 0.01 0.1125726507783501 0.06151294708251953 19.330265760421753 0.25 1.0
0 0.01 0.09805232188500161 0.06279802322387695 19.39306378364563 0.24242424242424243 1.0
0 0.01 0.08540491638568569 0.08492302894592285 19.477986812591553 0.2352941176470588 1.0
0 0.01 0.07438885283512764 0.01755976676940918 19.495546579360962 0.2352941176470588 1.0
0 0.01 0.06479371048308594 0.08105897903442383 19.576605558395386 0.2285714285714286 1.0
0 0.01 0.056436209971818335 0.22298431396484375 19.79958987236023 0.21621621621621623 1.0
0 0.01 0.049156712468482675 0.031016111373901367 19.83060598373413 0.21621621621621623 1.0
0 0.01 0.0428161703614703 0.18951106071472168 20.020117044448853 0.20512820512820512 1.0
0 0.01 0.03729347127511503 0.028747081756591797 20.048864126205444 0.20512820512820512 1.0
0 0.01 0.032483124670098805 0.027703046798706055 20.07656717300415 0.20512820512820512 1.0
