[216.40736058 188.4937774  164.18066384 143.00360867 124.55810333
 108.49181534  94.49785828  82.30892987  71.69220614  62.44489425
  54.39035884  47.37474809  41.26405496  35.94155748  31.30558923
  27.26759733  23.75045104  20.68696841  18.01863304  15.69447636
  13.67010404  11.906848    10.37102782   9.03330739   7.86813455
   6.85325305   5.96927734   5.19932239   4.52868107   3.94454329
   3.43575127   2.99258645   2.60658382   2.27037024   1.9775236
   1.72245016   1.5002777    1.30676244   1.138208     0.99139477
   0.86351843   0.75213639   0.65512111   0.57061946   0.49701737
   0.43290895   0.37706963   0.32843281   0.28606948   0.24917044]0 1 312.2098259152708 0.0011932849884033203 0.0011932849884033203 0.0 1.0
0 1 271.93903789811014 0.0011610984802246094 0.0023543834686279297 0.0 1.0
0 1 236.8626295349813 0.03470420837402344 0.03705859184265137 0.33333333333333337 1.0
0 1 206.31059705097118 0.02512812614440918 0.06218671798706055 0.5714285714285715 1.0
0 1 179.69935797424765 0.015759944915771484 0.07794666290283203 0.5714285714285715 1.0
0 1 156.52060397255676 0.012994050979614258 0.09094071388244629 0.5714285714285715 1.0
0 1 136.33159152101595 0.010877132415771484 0.10181784629821777 0.5714285714285715 1.0
0 1 118.74668494067365 0.030106306076049805 0.13192415237426758 0.7499999999999999 1.0
0 1 103.42999026917344 0.018334150314331055 0.15025830268859863 0.7499999999999999 1.0
0 1 90.08893926113359 0.013480901718139648 0.16373920440673828 0.7499999999999999 1.0
0 1 78.46870096453189 0.011930227279663086 0.17566943168640137 0.7499999999999999 1.0
0 1 68.34731412713553 0.009724140167236328 0.1853935718536377 0.7499999999999999 1.0
0 1 59.53144745577994 0.010272979736328125 0.19566655158996582 0.6666666666666665 1.0
0 1 51.85270674408604 0.016295909881591797 0.21196246147155762 0.7272727272727272 1.0
0 1 45.16441833008278 0.013978242874145508 0.22594070434570312 0.7272727272727272 1.0
0 1 39.33882744370648 0.014991283416748047 0.24093198776245117 0.6153846153846154 1.0
0 1 34.26465792907022 0.02400994300842285 0.264941930770874 0.47058823529411764 1.0
0 1 29.84498672911064 0.02954387664794922 0.29448580741882324 0.3636363636363636 1.0
0 1 25.99539253258091 0.04144120216369629 0.33592700958251953 0.3076923076923077 1.0
0 1 22.642343220204207 0.11248278617858887 0.4484097957611084 0.26666666666666666 1.0
0 1 19.721791308170232 0.12865614891052246 0.5770659446716309 0.27586206896551724 1.0
0 1 17.177950560167822 0.2739889621734619 0.8510549068450928 0.26666666666666666 1.0
0 1 14.962230399696251 0.19541025161743164 1.0464651584625244 0.24242424242424243 1.0
0 1 13.03230776858211 0.19311809539794922 1.2395832538604736 0.2222222222222222 1.0
0 1 11.351318703025308 0.18592190742492676 1.4255051612854004 0.2222222222222222 1.0
0 1 9.887154185253786 0.1403498649597168 1.5658550262451172 0.21621621621621623 1.0
0 1 8.611846820663045 0.14182186126708984 1.707676887512207 0.20512820512820512 1.0
0 1 7.501036625197576 0.16435575485229492 1.872032642364502 0.19999999999999998 1.0
0 1 6.53350571883761 0.1412498950958252 2.013282537460327 0.20512820512820512 1.0
0 1 5.69077303724795 0.18304681777954102 2.196329355239868 0.18604651162790697 1.0
0 1 4.956741320068812 0.1555328369140625 2.3518621921539307 0.1777777777777778 1.0
0 1 4.317389632878279 0.19510889053344727 2.546971082687378 0.1702127659574468 1.0
0 1 3.7605055496069455 1.908385992050171 4.455357074737549 0.1702127659574468 1.0
0 1 3.2754518797500736 0.38075900077819824 4.836116075515747 0.1702127659574468 1.0
0 1 2.8529634845718124 0.18877601623535156 5.024892091751099 0.16666666666666666 1.0
0 1 2.4849703012340436 0.14995884895324707 5.174850940704346 0.163265306122449 1.0
0 1 2.1644431943866964 0.2556290626525879 5.430480003356934 0.163265306122449 1.0
0 1 1.8852596907900219 0.14335989952087402 5.573839902877808 0.163265306122449 1.0
0 1 1.6420870323301746 0.11992478370666504 5.693764686584473 0.163265306122449 1.0
0 1 1.4302803135927475 0.11734199523925781 5.8111066818237305 0.163265306122449 1.0
0 1 1.2457937582930971 0.11214423179626465 5.923250913619995 0.163265306122449 1.0
0 1 1.0851034398309916 0.40318775177001953 6.326438665390015 0.1568627450980392 1.0
0 1 0.945139969834425 0.3437201976776123 6.670158863067627 0.1568627450980392 1.0
0 1 0.823229868958621 0.48889708518981934 7.159055948257446 0.1568627450980392 1.0
0 1 0.7170445000483404 0.8039898872375488 7.963045835494995 0.15384615384615383 1.0
0 1 0.624555588222246 0.7467799186706543 8.70982575416565 0.1509433962264151 1.0
0 1 0.5439964782567033 0.5211310386657715 9.230956792831421 0.1509433962264151 1.0
0 1 0.4738283892360109 0.4544370174407959 9.685393810272217 0.1509433962264151 1.0
0 1 0.4127110218901976 0.4465601444244385 10.131953954696655 0.1481481481481481 1.0
0 1 0.3594769571833539 0.45157718658447266 10.583531141281128 0.1481481481481481 1.0
0 0.1 130.20161032759302 0.0011708736419677734 10.584702014923096 0.0 1.0
0 0.1 113.40738729625762 0.0012111663818359375 10.585913181304932 0.0 1.0
0 0.1 98.77938883400856 0.0011599063873291016 10.58707308769226 0.0 1.0
0 0.1 86.03820166433057 0.0012128353118896484 10.58828592300415 0.0 1.0
0 0.1 74.9404529934022 0.0011897087097167969 10.589475631713867 0.0 1.0
0 0.1 65.27416178184274 0.0011591911315917969 10.590634822845459 0.0 1.0
0 0.1 56.854689638682785 0.0012202262878417969 10.5918550491333 0.0 1.0
0 0.1 49.52121399451067 0.0012350082397460938 10.593090057373047 0.0 1.0
0 0.1 43.13365618693992 0.0011587142944335938 10.59424877166748 0.0 1.0
0 0.1 37.570005780944214 0.0011630058288574219 10.595411777496338 0.0 1.0
0 0.1 32.7239900151928 0.0011582374572753906 10.596570014953613 0.0 1.0
0 0.1 28.503043857863506 0.0012180805206298828 10.597788095474243 0.0 1.0
0 0.1 24.826541897430772 0.015442848205566406 10.61323094367981 0.5714285714285715 1.0
0 0.1 21.624258295306348 0.005110025405883789 10.618340969085693 0.5714285714285715 1.0
0 0.1 18.835025383479486 0.005295991897583008 10.623636960983276 0.5714285714285715 1.0
0 0.1 16.405565284674683 0.00513005256652832 10.628767013549805 0.5714285714285715 1.0
0 0.1 14.289472237493916 0.004974842071533203 10.633741855621338 0.5714285714285715 1.0
0 0.1 12.446326187665905 0.003916025161743164 10.637657880783081 0.5714285714285715 1.0
0 0.1 10.840920713874212 0.012624979019165039 10.650282859802246 0.7499999999999999 1.0
0 0.1 9.44259054057033 0.006285190582275391 10.656568050384521 0.7499999999999999 1.0
0 0.1 8.224625792416147 0.0051691532135009766 10.661737203598022 0.7499999999999999 1.0
0 0.1 7.163761801874259 0.005239725112915039 10.666976928710938 0.7499999999999999 1.0
0 0.1 6.239734724625884 0.005016803741455078 10.671993732452393 0.7499999999999999 1.0
0 0.1 5.43489447450858 0.03332662582397461 10.705320358276367 0.7272727272727272 1.0
0 0.1 4.733867584541418 0.01197504997253418 10.717295408248901 0.7272727272727272 1.0
0 0.1 4.123263554256632 0.011494874954223633 10.728790283203125 0.7272727272727272 1.0
0 0.1 3.591419074200402 0.06352782249450684 10.792318105697632 0.5714285714285714 1.0
0 0.1 3.128175241967003 0.15233421325683594 10.944652318954468 0.4444444444444444 1.0
0 0.1 2.7246835143108377 0.05869007110595703 11.003342390060425 0.4210526315789473 1.0
0 0.1 2.373236688776134 0.09138703346252441 11.09472942352295 0.38095238095238093 1.0
0 0.1 2.0671216863796724 0.43937110900878906 11.534100532531738 0.3333333333333333 1.0
0 0.1 1.8004913233094775 0.5515332221984863 12.085633754730225 0.32000000000000006 1.0
0 0.1 1.5682526223167341 0.6107058525085449 12.69633960723877 0.2857142857142857 1.0
0 0.1 1.3659695304072161 0.45737195014953613 13.153711557388306 0.27586206896551724 1.0
0 0.1 1.1897781846170337 0.30787205696105957 13.461583614349365 0.25806451612903225 1.0
0 0.1 1.036313107341863 0.09541511535644531 13.55699872970581 0.25806451612903225 1.0
0 0.1 0.9026429214570189 0.21599102020263672 13.772989749908447 0.24242424242424243 1.0
0 0.1 0.786214357305898 0.22198200225830078 13.994971752166748 0.2352941176470588 1.0
0 0.1 0.6848034820193963 0.07230281829833984 14.067274570465088 0.2352941176470588 1.0
0 0.1 0.5964732195846044 0.6838178634643555 14.751092433929443 0.2285714285714286 1.0
0 0.1 0.5195363502423698 0.7175238132476807 15.468616247177124 0.2222222222222222 1.0
0 0.1 0.4525232824553942 2.612910032272339 18.081526279449463 0.19999999999999998 1.0
0 0.1 0.3941539818506903 0.3689308166503906 18.450457096099854 0.19999999999999998 1.0
0 0.1 0.34331352094368267 0.5847170352935791 19.035174131393433 0.19512195121951217 1.0
0 0.1 0.2990307826127625 0.7940011024475098 19.829175233840942 0.19047619047619047 1.0
0 0.1 0.2604599105337001 0.9920949935913086 20.82127022743225 0.18181818181818182 1.0
0 0.1 0.22686415225376097 0.4023151397705078 21.22358536720276 0.18181818181818182 1.0
0 0.1 0.19760178628779224 0.16852831840515137 21.39211368560791 0.18181818181818182 1.0
0 0.1 0.17211386442601356 0.12862110137939453 21.520734786987305 0.18181818181818182 1.0
0 0.1 0.14991353511608546 2.171725034713745 23.69245982170105 0.1739130434782609 1.0
0 0.01 28.211963230963963 0.0011739730834960938 23.693633794784546 0.0 1.0
0 0.01 24.573006681497752 0.001154184341430664 23.694787979125977 0.0 1.0
0 0.01 21.403425646968028 0.0011479854583740234 23.69593596458435 0.0 1.0
0 0.01 18.642677119777133 0.0012066364288330078 23.697142601013184 0.0 1.0
0 0.01 16.238027310431736 0.001264810562133789 23.698407411575317 0.0 1.0
0 0.01 14.143544365449966 0.0011708736419677734 23.699578285217285 0.0 1.0
0 0.01 12.319221010851523 0.0011830329895019531 23.700761318206787 0.0 1.0
0 0.01 10.730210362611421 0.0011518001556396484 23.701913118362427 0.0 1.0
0 0.01 9.346160307090315 0.0011582374572753906 23.703071355819702 0.0 1.0
0 0.01 8.140633737265514 0.0012111663818359375 23.704282522201538 0.0 1.0
0 0.01 7.090603570541246 0.0011792182922363281 23.705461740493774 0.0 1.0
0 0.01 6.176012902339531 0.0012061595916748047 23.70666790008545 0.0 1.0
0 0.01 5.379391893848717 0.0012750625610351562 23.707942962646484 0.0 1.0
0 0.01 4.685524076001097 0.0011749267578125 23.709117889404297 0.0 1.0
0 0.01 4.081155695663349 0.00119781494140625 23.710315704345703 0.0 1.0
0 0.01 3.554742552184356 0.0011591911315917969 23.711474895477295 0.0 1.0
0 0.01 3.09622948855821 0.00115203857421875 23.712626934051514 0.0 1.0
0 0.01 2.6968583252045994 0.0011777877807617188 23.713804721832275 0.0 1.0
0 0.01 2.349000567658869 0.01111602783203125 23.724920749664307 0.5714285714285715 1.0
0 0.01 2.046011692676912 0.0025589466094970703 23.727479696273804 0.5714285714285715 1.0
0 0.01 1.7821042294352372 0.0025818347930908203 23.730061531066895 0.5714285714285715 1.0
0 0.01 1.5522372115164986 0.002513885498046875 23.73257541656494 0.5714285714285715 1.0
0 0.01 1.3520198880735976 0.0025069713592529297 23.735082387924194 0.5714285714285715 1.0
0 0.01 1.1776278549337647 0.0027008056640625 23.737783193588257 0.5714285714285715 1.0
0 0.01 1.0257300036406054 0.010575056076049805 23.748358249664307 0.7499999999999999 1.0
0 0.01 0.8934248930683893 0.0025110244750976562 23.750869274139404 0.7499999999999999 1.0
0 0.01 0.7781853282259436 0.002624034881591797 23.753493309020996 0.7499999999999999 1.0
0 0.01 0.6778100876351608 0.0024728775024414062 23.755966186523438 0.7499999999999999 1.0
0 0.01 0.590381877216004 0.0026960372924804688 23.758662223815918 0.7499999999999999 1.0
0 0.01 0.5142307075440048 0.020229816436767578 23.778892040252686 0.7272727272727272 1.0
0 0.01 0.44790199493955546 0.004333019256591797 23.783225059509277 0.7272727272727272 1.0
0 0.01 0.39012877707943217 0.04645204544067383 23.82967710494995 0.5000000000000001 1.0
0 0.01 0.33980751241358653 0.05273294448852539 23.882410049438477 0.4 1.0
0 0.01 0.2959770011254507 0.012674093246459961 23.895084142684937 0.4 1.0
0 0.01 0.2578000249994245 0.012136220932006836 23.907220363616943 0.4 1.0
0 0.01 0.22454735549379537 0.07457590103149414 23.981796264648438 0.3076923076923077 1.0
0 0.01 0.19558382455304058 0.016510963439941406 23.99830722808838 0.3076923076923077 1.0
0 0.01 0.1703561920944177 0.18914198875427246 24.18744921684265 0.26666666666666666 1.0
0 0.01 0.14838257842248037 0.07313394546508789 24.26058316230774 0.25806451612903225 1.0
0 0.01 0.12924325971726744 0.023929119110107422 24.284512281417847 0.25806451612903225 1.0
0 0.01 0.1125726507783501 0.07168006896972656 24.356192350387573 0.25 1.0
0 0.01 0.09805232188500161 0.07494401931762695 24.4311363697052 0.24242424242424243 1.0
0 0.01 0.08540491638568569 0.09479975700378418 24.525936126708984 0.2352941176470588 1.0
0 0.01 0.07438885283512764 0.02407693862915039 24.550013065338135 0.2352941176470588 1.0
0 0.01 0.06479371048308594 0.08983874320983887 24.639851808547974 0.2285714285714286 1.0
0 0.01 0.056436209971818335 0.24537086486816406 24.885222673416138 0.21621621621621623 1.0
0 0.01 0.049156712468482675 0.04467582702636719 24.929898500442505 0.21621621621621623 1.0
0 0.01 0.0428161703614703 0.2162001132965088 25.146098613739014 0.20512820512820512 1.0
0 0.01 0.03729347127511503 0.04369688034057617 25.18979549407959 0.20512820512820512 1.0
0 0.01 0.032483124670098805 0.04132413864135742 25.231119632720947 0.20512820512820512 1.0
