[216.40736058 188.4937774  164.18066384 143.00360867 124.55810333
 108.49181534  94.49785828  82.30892987  71.69220614  62.44489425
  54.39035884  47.37474809  41.26405496  35.94155748  31.30558923
  27.26759733  23.75045104  20.68696841  18.01863304  15.69447636
  13.67010404  11.906848    10.37102782   9.03330739   7.86813455
   6.85325305   5.96927734   5.19932239   4.52868107   3.94454329
   3.43575127   2.99258645   2.60658382   2.27037024   1.9775236
   1.72245016   1.5002777    1.30676244   1.138208     0.99139477
   0.86351843   0.75213639   0.65512111   0.57061946   0.49701737
   0.43290895   0.37706963   0.32843281   0.28606948   0.24917044]0 1 312.2098259152708 0.0011818408966064453 0.0011818408966064453 0.0 1.0
0 1 271.93903789811014 0.0011761188507080078 0.002357959747314453 0.0 1.0
0 1 236.8626295349813 0.027723073959350586 0.03008103370666504 0.33333333333333337 1.0
0 1 206.31059705097118 0.021780967712402344 0.05186200141906738 0.5714285714285715 1.0
0 1 179.69935797424765 0.012103080749511719 0.0639650821685791 0.5714285714285715 1.0
0 1 156.52060397255676 0.009327173233032227 0.07329225540161133 0.5714285714285715 1.0
0 1 136.33159152101595 0.008197307586669922 0.08148956298828125 0.5714285714285715 1.0
0 1 118.74668494067365 0.02475118637084961 0.10624074935913086 0.7499999999999999 1.0
0 1 103.42999026917344 0.014651060104370117 0.12089180946350098 0.7499999999999999 1.0
0 1 90.08893926113359 0.011114358901977539 0.13200616836547852 0.7499999999999999 1.0
0 1 78.46870096453189 0.009830951690673828 0.14183712005615234 0.7499999999999999 1.0
0 1 68.34731412713553 0.008545875549316406 0.15038299560546875 0.7499999999999999 1.0
0 1 59.53144745577994 0.008907794952392578 0.15929079055786133 0.6666666666666665 1.0
0 1 51.85270674408604 0.013230085372924805 0.17252087593078613 0.7272727272727272 1.0
0 1 45.16441833008278 0.012841224670410156 0.1853621006011963 0.7272727272727272 1.0
0 1 39.33882744370648 0.012997150421142578 0.19835925102233887 0.6153846153846154 1.0
0 1 34.26465792907022 0.019419193267822266 0.21777844429016113 0.47058823529411764 1.0
0 1 29.84498672911064 0.02780914306640625 0.24558758735656738 0.3636363636363636 1.0
0 1 25.99539253258091 0.03269696235656738 0.27828454971313477 0.3076923076923077 1.0
0 1 22.642343220204207 0.09354281425476074 0.3718273639678955 0.26666666666666666 1.0
0 1 19.721791308170232 0.10610198974609375 0.47792935371398926 0.27586206896551724 1.0
0 1 17.177950560167822 0.24629521369934082 0.7242245674133301 0.26666666666666666 1.0
0 1 14.962230399696251 0.17158818244934082 0.8958127498626709 0.24242424242424243 1.0
0 1 13.03230776858211 0.17699718475341797 1.0728099346160889 0.2222222222222222 1.0
0 1 11.351318703025308 0.15645313262939453 1.2292630672454834 0.2222222222222222 1.0
0 1 9.887154185253786 0.1252758502960205 1.354538917541504 0.21621621621621623 1.0
0 1 8.611846820663045 0.12418508529663086 1.4787240028381348 0.20512820512820512 1.0
0 1 7.501036625197576 0.14152979850769043 1.6202538013458252 0.19999999999999998 1.0
0 1 6.53350571883761 0.12265181541442871 1.742905616760254 0.20512820512820512 1.0
0 1 5.69077303724795 0.16418004035949707 1.907085657119751 0.18604651162790697 1.0
0 1 4.956741320068812 0.12124490737915039 2.0283305644989014 0.1777777777777778 1.0
0 1 4.317389632878279 0.1685638427734375 2.196894407272339 0.1702127659574468 1.0
0 1 3.7605055496069455 1.7154169082641602 3.912311315536499 0.1702127659574468 1.0
0 1 3.2754518797500736 0.3383641242980957 4.250675439834595 0.1702127659574468 1.0
0 1 2.8529634845718124 0.1311953067779541 4.381870746612549 0.16666666666666666 1.0
0 1 2.4849703012340436 0.13091731071472168 4.5127880573272705 0.163265306122449 1.0
0 1 2.1644431943866964 0.22943496704101562 4.742223024368286 0.163265306122449 1.0
0 1 1.8852596907900219 0.09529995918273926 4.837522983551025 0.163265306122449 1.0
0 1 1.6420870323301746 0.0941171646118164 4.931640148162842 0.163265306122449 1.0
0 1 1.4302803135927475 0.09349584579467773 5.0251359939575195 0.163265306122449 1.0
0 1 1.2457937582930971 0.09511089324951172 5.120246887207031 0.163265306122449 1.0
0 1 1.0851034398309916 0.2238941192626953 5.344141006469727 0.1568627450980392 1.0
0 1 0.945139969834425 0.223801851272583 5.56794285774231 0.1568627450980392 1.0
0 1 0.823229868958621 0.37597107887268066 5.94391393661499 0.1568627450980392 1.0
0 1 0.7170445000483404 0.6857678890228271 6.629681825637817 0.15384615384615383 1.0
0 1 0.624555588222246 0.4575459957122803 7.087227821350098 0.1509433962264151 1.0
0 1 0.5439964782567033 0.3018679618835449 7.389095783233643 0.1509433962264151 1.0
0 1 0.4738283892360109 0.226470947265625 7.615566730499268 0.1509433962264151 1.0
0 1 0.4127110218901976 0.22841501235961914 7.843981742858887 0.1481481481481481 1.0
0 1 0.3594769571833539 0.22651219367980957 8.070493936538696 0.1481481481481481 1.0
0 0.1 130.20161032759302 0.0011966228485107422 8.071690559387207 0.0 1.0
0 0.1 113.40738729625762 0.0011730194091796875 8.072863578796387 0.0 1.0
0 0.1 98.77938883400856 0.0011713504791259766 8.074034929275513 0.0 1.0
0 0.1 86.03820166433057 0.001232147216796875 8.07526707649231 0.0 1.0
0 0.1 74.9404529934022 0.0012829303741455078 8.076550006866455 0.0 1.0
0 0.1 65.27416178184274 0.0011692047119140625 8.07771921157837 0.0 1.0
0 0.1 56.854689638682785 0.0011887550354003906 8.07890796661377 0.0 1.0
0 0.1 49.52121399451067 0.0011959075927734375 8.080103874206543 0.0 1.0
0 0.1 43.13365618693992 0.0012431144714355469 8.081346988677979 0.0 1.0
0 0.1 37.570005780944214 0.0012547969818115234 8.08260178565979 0.0 1.0
0 0.1 32.7239900151928 0.0011680126190185547 8.083769798278809 0.0 1.0
0 0.1 28.503043857863506 0.0011658668518066406 8.084935665130615 0.0 1.0
0 0.1 24.826541897430772 0.014188051223754883 8.09912371635437 0.5714285714285715 1.0
0 0.1 21.624258295306348 0.0043637752532958984 8.103487491607666 0.5714285714285715 1.0
0 0.1 18.835025383479486 0.003930807113647461 8.107418298721313 0.5714285714285715 1.0
0 0.1 16.405565284674683 0.00434112548828125 8.111759424209595 0.5714285714285715 1.0
0 0.1 14.289472237493916 0.0038771629333496094 8.115636587142944 0.5714285714285715 1.0
0 0.1 12.446326187665905 0.004142045974731445 8.119778633117676 0.5714285714285715 1.0
0 0.1 10.840920713874212 0.011435985565185547 8.131214618682861 0.7499999999999999 1.0
0 0.1 9.44259054057033 0.005307912826538086 8.1365225315094 0.7499999999999999 1.0
0 0.1 8.224625792416147 0.004271030426025391 8.140793561935425 0.7499999999999999 1.0
0 0.1 7.163761801874259 0.003970623016357422 8.144764184951782 0.7499999999999999 1.0
0 0.1 6.239734724625884 0.004269838333129883 8.149034023284912 0.7499999999999999 1.0
0 0.1 5.43489447450858 0.03152322769165039 8.180557250976562 0.7272727272727272 1.0
0 0.1 4.733867584541418 0.009746313095092773 8.190303564071655 0.7272727272727272 1.0
0 0.1 4.123263554256632 0.00905919075012207 8.199362754821777 0.7272727272727272 1.0
0 0.1 3.591419074200402 0.06212615966796875 8.261488914489746 0.5714285714285714 1.0
0 0.1 3.128175241967003 0.1472618579864502 8.408750772476196 0.4444444444444444 1.0
0 0.1 2.7246835143108377 0.05516791343688965 8.463918685913086 0.4210526315789473 1.0
0 0.1 2.373236688776134 0.0887908935546875 8.552709579467773 0.38095238095238093 1.0
0 0.1 2.0671216863796724 0.28776097297668457 8.840470552444458 0.3333333333333333 1.0
0 0.1 1.8004913233094775 0.5126409530639648 9.353111505508423 0.32000000000000006 1.0
0 0.1 1.5682526223167341 0.5660128593444824 9.919124364852905 0.2857142857142857 1.0
0 0.1 1.3659695304072161 0.43421506881713867 10.353339433670044 0.27586206896551724 1.0
0 0.1 1.1897781846170337 0.27545714378356934 10.628796577453613 0.25806451612903225 1.0
0 0.1 1.036313107341863 0.08383321762084961 10.712629795074463 0.25806451612903225 1.0
0 0.1 0.9026429214570189 0.17941975593566895 10.892049551010132 0.24242424242424243 1.0
0 0.1 0.786214357305898 0.20192313194274902 11.09397268295288 0.2352941176470588 1.0
0 0.1 0.6848034820193963 0.06802201271057129 11.161994695663452 0.2352941176470588 1.0
0 0.1 0.5964732195846044 0.6466202735900879 11.80861496925354 0.2285714285714286 1.0
0 0.1 0.5195363502423698 0.6477313041687012 12.456346273422241 0.2222222222222222 1.0
0 0.1 0.4525232824553942 2.3822641372680664 14.838610410690308 0.19999999999999998 1.0
0 0.1 0.3941539818506903 0.3061180114746094 15.144728422164917 0.19999999999999998 1.0
0 0.1 0.34331352094368267 0.47969985008239746 15.624428272247314 0.19512195121951217 1.0
0 0.1 0.2990307826127625 0.7920932769775391 16.416521549224854 0.19047619047619047 1.0
0 0.1 0.2604599105337001 0.8352799415588379 17.25180149078369 0.18604651162790697 1.0
0 0.1 0.22686415225376097 0.2509639263153076 17.502765417099 0.18181818181818182 1.0
0 0.1 0.19760178628779224 0.1358041763305664 17.638569593429565 0.18181818181818182 1.0
0 0.1 0.17211386442601356 0.11649298667907715 17.755062580108643 0.18181818181818182 1.0
0 0.1 0.14991353511608546 1.6682660579681396 19.423328638076782 0.1739130434782609 1.0
0 0.01 28.211963230963963 0.0011861324310302734 19.424514770507812 0.0 1.0
0 0.01 24.573006681497752 0.001154184341430664 19.425668954849243 0.0 1.0
0 0.01 21.403425646968028 0.0011658668518066406 19.42683482170105 0.0 1.0
0 0.01 18.642677119777133 0.001207113265991211 19.42804193496704 0.0 1.0
0 0.01 16.238027310431736 0.0012729167938232422 19.429314851760864 0.0 1.0
0 0.01 14.143544365449966 0.0011661052703857422 19.43048095703125 0.0 1.0
0 0.01 12.319221010851523 0.0011630058288574219 19.431643962860107 0.0 1.0
0 0.01 10.730210362611421 0.0011568069458007812 19.432800769805908 0.0 1.0
0 0.01 9.346160307090315 0.00115203857421875 19.433952808380127 0.0 1.0
0 0.01 8.140633737265514 0.00119781494140625 19.435150623321533 0.0 1.0
0 0.01 7.090603570541246 0.0011739730834960938 19.43632459640503 0.0 1.0
0 0.01 6.176012902339531 0.0012149810791015625 19.43753957748413 0.0 1.0
0 0.01 5.379391893848717 0.001233816146850586 19.43877339363098 0.0 1.0
0 0.01 4.685524076001097 0.0011680126190185547 19.43994140625 0.0 1.0
0 0.01 4.081155695663349 0.0012369155883789062 19.44117832183838 0.0 1.0
0 0.01 3.554742552184356 0.001255035400390625 19.44243335723877 0.0 1.0
0 0.01 3.09622948855821 0.0011739730834960938 19.443607330322266 0.0 1.0
0 0.01 2.6968583252045994 0.0011608600616455078 19.44476819038391 0.0 1.0
0 0.01 2.349000567658869 0.00970005989074707 19.454468250274658 0.5714285714285715 1.0
0 0.01 2.046011692676912 0.0025882720947265625 19.457056522369385 0.5714285714285715 1.0
0 0.01 1.7821042294352372 0.002567768096923828 19.45962429046631 0.5714285714285715 1.0
0 0.01 1.5522372115164986 0.001413106918334961 19.461037397384644 0.5714285714285715 1.0
0 0.01 1.3520198880735976 0.0014882087707519531 19.462525606155396 0.5714285714285715 1.0
0 0.01 1.1776278549337647 0.0013530254364013672 19.463878631591797 0.5714285714285715 1.0
0 0.01 1.0257300036406054 0.010957956314086914 19.474836587905884 0.7499999999999999 1.0
0 0.01 0.8934248930683893 0.0024771690368652344 19.47731375694275 0.7499999999999999 1.0
0 0.01 0.7781853282259436 0.002610921859741211 19.47992467880249 0.7499999999999999 1.0
0 0.01 0.6778100876351608 0.0015070438385009766 19.48143172264099 0.7499999999999999 1.0
0 0.01 0.590381877216004 0.0014100074768066406 19.482841730117798 0.7499999999999999 1.0
0 0.01 0.5142307075440048 0.018831968307495117 19.501673698425293 0.7272727272727272 1.0
0 0.01 0.44790199493955546 0.003198862075805664 19.5048725605011 0.7272727272727272 1.0
0 0.01 0.39012877707943217 0.04541277885437012 19.55028533935547 0.5000000000000001 1.0
0 0.01 0.33980751241358653 0.051989078521728516 19.602274417877197 0.4 1.0
0 0.01 0.2959770011254507 0.011692047119140625 19.613966464996338 0.4 1.0
0 0.01 0.2578000249994245 0.01075291633605957 19.624719381332397 0.4 1.0
0 0.01 0.22454735549379537 0.07410717010498047 19.698826551437378 0.3076923076923077 1.0
0 0.01 0.19558382455304058 0.01484990119934082 19.71367645263672 0.3076923076923077 1.0
0 0.01 0.1703561920944177 0.18874502182006836 19.902421474456787 0.26666666666666666 1.0
0 0.01 0.14838257842248037 0.07087588310241699 19.973297357559204 0.25806451612903225 1.0
0 0.01 0.12924325971726744 0.02190709114074707 19.99520444869995 0.25806451612903225 1.0
0 0.01 0.1125726507783501 0.0712740421295166 20.066478490829468 0.25 1.0
0 0.01 0.09805232188500161 0.07347416877746582 20.139952659606934 0.24242424242424243 1.0
0 0.01 0.08540491638568569 0.09341907501220703 20.23337173461914 0.2352941176470588 1.0
0 0.01 0.07438885283512764 0.022294998168945312 20.255666732788086 0.2352941176470588 1.0
0 0.01 0.06479371048308594 0.08809995651245117 20.343766689300537 0.2285714285714286 1.0
0 0.01 0.056436209971818335 0.24016189575195312 20.58392858505249 0.21621621621621623 1.0
0 0.01 0.049156712468482675 0.03981304168701172 20.623741626739502 0.21621621621621623 1.0
0 0.01 0.0428161703614703 0.20699000358581543 20.830731630325317 0.20512820512820512 1.0
0 0.01 0.03729347127511503 0.04001784324645996 20.870749473571777 0.20512820512820512 1.0
0 0.01 0.032483124670098805 0.03867173194885254 20.90942120552063 0.20512820512820512 1.0
