[216.40736058 188.4937774  164.18066384 143.00360867 124.55810333
 108.49181534  94.49785828  82.30892987  71.69220614  62.44489425
  54.39035884  47.37474809  41.26405496  35.94155748  31.30558923
  27.26759733  23.75045104  20.68696841  18.01863304  15.69447636
  13.67010404  11.906848    10.37102782   9.03330739   7.86813455
   6.85325305   5.96927734   5.19932239   4.52868107   3.94454329
   3.43575127   2.99258645   2.60658382   2.27037024   1.9775236
   1.72245016   1.5002777    1.30676244   1.138208     0.99139477
   0.86351843   0.75213639   0.65512111   0.57061946   0.49701737
   0.43290895   0.37706963   0.32843281   0.28606948   0.24917044]0 1 312.2098259152708 0.0006630420684814453 0.0006630420684814453 0.0 1.0
0 1 271.93903789811014 0.0006747245788574219 0.0013377666473388672 0.0 1.0
0 1 236.8626295349813 0.00779271125793457 0.009130477905273438 0.33333333333333337 1.0
0 1 206.31059705097118 0.008679866790771484 0.017810344696044922 0.5714285714285715 1.0
0 1 179.69935797424765 0.0051152706146240234 0.022925615310668945 0.5714285714285715 1.0
0 1 156.52060397255676 0.0038368701934814453 0.02676248550415039 0.5714285714285715 1.0
0 1 136.33159152101595 0.0036077499389648438 0.030370235443115234 0.5714285714285715 1.0
0 1 118.74668494067365 0.01035308837890625 0.040723323822021484 0.7499999999999999 1.0
0 1 103.42999026917344 0.006453037261962891 0.047176361083984375 0.7499999999999999 1.0
0 1 90.08893926113359 0.0050201416015625 0.052196502685546875 0.7499999999999999 1.0
0 1 78.46870096453189 0.004789113998413086 0.05698561668395996 0.7499999999999999 1.0
0 1 68.34731412713553 0.004876136779785156 0.06186175346374512 0.7499999999999999 1.0
0 1 59.53144745577994 0.005349874496459961 0.06721162796020508 0.6666666666666665 1.0
0 1 51.85270674408604 0.009993791580200195 0.07720541954040527 0.7272727272727272 1.0
0 1 45.16441833008278 0.010523796081542969 0.08772921562194824 0.7272727272727272 1.0
0 1 39.33882744370648 0.012686014175415039 0.10041522979736328 0.6153846153846154 1.0
0 1 34.26465792907022 0.01976490020751953 0.12018013000488281 0.47058823529411764 1.0
0 1 29.84498672911064 0.027164936065673828 0.14734506607055664 0.3636363636363636 1.0
0 1 25.99539253258091 0.03747296333312988 0.18481802940368652 0.3076923076923077 1.0
0 1 22.642343220204207 0.10312891006469727 0.2879469394683838 0.26666666666666666 1.0
0 1 19.721791308170232 0.12211990356445312 0.4100668430328369 0.27586206896551724 1.0
0 1 17.177950560167822 0.26571011543273926 0.6757769584655762 0.26666666666666666 1.0
0 1 14.962230399696251 0.19451689720153809 0.8702938556671143 0.24242424242424243 1.0
0 1 13.03230776858211 0.18421101570129395 1.0545048713684082 0.2222222222222222 1.0
0 1 11.351318703025308 0.18192601203918457 1.2364308834075928 0.2222222222222222 1.0
0 1 9.887154185253786 0.14235424995422363 1.3787851333618164 0.21621621621621623 1.0
0 1 8.611846820663045 0.14225387573242188 1.5210390090942383 0.20512820512820512 1.0
0 1 7.501036625197576 0.1670701503753662 1.6881091594696045 0.19999999999999998 1.0
0 1 6.53350571883761 0.14186429977416992 1.8299734592437744 0.20512820512820512 1.0
0 1 5.69077303724795 0.18668484687805176 2.016658306121826 0.18604651162790697 1.0
0 1 4.956741320068812 0.15197491645812988 2.168633222579956 0.1777777777777778 1.0
0 1 4.317389632878279 0.19416594505310059 2.3627991676330566 0.1702127659574468 1.0
0 1 3.7605055496069455 1.8671879768371582 4.229987144470215 0.1702127659574468 1.0
0 1 3.2754518797500736 0.3800361156463623 4.610023260116577 0.1702127659574468 1.0
0 1 2.8529634845718124 0.18606019020080566 4.796083450317383 0.16666666666666666 1.0
0 1 2.4849703012340436 0.150223970413208 4.946307420730591 0.163265306122449 1.0
0 1 2.1644431943866964 0.2507450580596924 5.197052478790283 0.163265306122449 1.0
0 1 1.8852596907900219 0.1408371925354004 5.337889671325684 0.163265306122449 1.0
0 1 1.6420870323301746 0.12003302574157715 5.457922697067261 0.163265306122449 1.0
0 1 1.4302803135927475 0.11640119552612305 5.574323892593384 0.163265306122449 1.0
0 1 1.2457937582930971 0.11252689361572266 5.6868507862091064 0.163265306122449 1.0
0 1 1.0851034398309916 0.3891730308532715 6.076023817062378 0.1568627450980392 1.0
0 1 0.945139969834425 0.3922312259674072 6.468255043029785 0.1568627450980392 1.0
0 1 0.823229868958621 0.4911339282989502 6.959388971328735 0.1568627450980392 1.0
0 1 0.7170445000483404 0.8069040775299072 7.766293048858643 0.15384615384615383 1.0
0 1 0.624555588222246 0.7386000156402588 8.504893064498901 0.1509433962264151 1.0
0 1 0.5439964782567033 0.5172920227050781 9.02218508720398 0.1509433962264151 1.0
0 1 0.4738283892360109 0.4458889961242676 9.468074083328247 0.1509433962264151 1.0
0 1 0.4127110218901976 0.44657301902770996 9.914647102355957 0.1481481481481481 1.0
0 1 0.3594769571833539 0.4493129253387451 10.363960027694702 0.1481481481481481 1.0
0 0.1 130.20161032759302 0.000659942626953125 10.364619970321655 0.0 1.0
0 0.1 113.40738729625762 0.0006320476531982422 10.365252017974854 0.0 1.0
0 0.1 98.77938883400856 0.0006248950958251953 10.365876913070679 0.0 1.0
0 0.1 86.03820166433057 0.0006289482116699219 10.366505861282349 0.0 1.0
0 0.1 74.9404529934022 0.0006489753723144531 10.367154836654663 0.0 1.0
0 0.1 65.27416178184274 0.0006477832794189453 10.367802619934082 0.0 1.0
0 0.1 56.854689638682785 0.0006840229034423828 10.368486642837524 0.0 1.0
0 0.1 49.52121399451067 0.0006489753723144531 10.369135618209839 0.0 1.0
0 0.1 43.13365618693992 0.0006530284881591797 10.369788646697998 0.0 1.0
0 0.1 37.570005780944214 0.00063323974609375 10.370421886444092 0.0 1.0
0 0.1 32.7239900151928 0.0006768703460693359 10.371098756790161 0.0 1.0
0 0.1 28.503043857863506 0.0006792545318603516 10.371778011322021 0.0 1.0
0 0.1 24.826541897430772 0.010011672973632812 10.381789684295654 0.5714285714285715 1.0
0 0.1 21.624258295306348 0.0017848014831542969 10.383574485778809 0.5714285714285715 1.0
0 0.1 18.835025383479486 0.0017619132995605469 10.38533639907837 0.5714285714285715 1.0
0 0.1 16.405565284674683 0.0018529891967773438 10.387189388275146 0.5714285714285715 1.0
0 0.1 14.289472237493916 0.001870870590209961 10.389060258865356 0.5714285714285715 1.0
0 0.1 12.446326187665905 0.0018107891082763672 10.390871047973633 0.5714285714285715 1.0
0 0.1 10.840920713874212 0.00751185417175293 10.398382902145386 0.7499999999999999 1.0
0 0.1 9.44259054057033 0.0026700496673583984 10.401052951812744 0.7499999999999999 1.0
0 0.1 8.224625792416147 0.0024509429931640625 10.403503894805908 0.7499999999999999 1.0
0 0.1 7.163761801874259 0.0029761791229248047 10.406480073928833 0.7499999999999999 1.0
0 0.1 6.239734724625884 0.0028128623962402344 10.409292936325073 0.7499999999999999 1.0
0 0.1 5.43489447450858 0.026246070861816406 10.43553900718689 0.7272727272727272 1.0
0 0.1 4.733867584541418 0.006845951080322266 10.442384958267212 0.7272727272727272 1.0
0 0.1 4.123263554256632 0.007638692855834961 10.450023651123047 0.7272727272727272 1.0
0 0.1 3.591419074200402 0.05525517463684082 10.505278825759888 0.5714285714285714 1.0
0 0.1 3.128175241967003 0.141923189163208 10.647202014923096 0.4444444444444444 1.0
0 0.1 2.7246835143108377 0.04981231689453125 10.697014331817627 0.4210526315789473 1.0
0 0.1 2.373236688776134 0.08627510070800781 10.783289432525635 0.38095238095238093 1.0
0 0.1 2.0671216863796724 0.32583022117614746 11.109119653701782 0.3333333333333333 1.0
0 0.1 1.8004913233094775 0.48748111724853516 11.596600770950317 0.32000000000000006 1.0
0 0.1 1.5682526223167341 0.5593032836914062 12.155904054641724 0.2857142857142857 1.0
0 0.1 1.3659695304072161 0.43532800674438477 12.591232061386108 0.27586206896551724 1.0
0 0.1 1.1897781846170337 0.2806129455566406 12.871845006942749 0.25806451612903225 1.0
0 0.1 1.036313107341863 0.08505702018737793 12.956902027130127 0.25806451612903225 1.0
0 0.1 0.9026429214570189 0.19412469863891602 13.151026725769043 0.24242424242424243 1.0
0 0.1 0.786214357305898 0.20609498023986816 13.357121706008911 0.2352941176470588 1.0
0 0.1 0.6848034820193963 0.0664980411529541 13.423619747161865 0.2352941176470588 1.0
0 0.1 0.5964732195846044 0.6638259887695312 14.087445735931396 0.2285714285714286 1.0
0 0.1 0.5195363502423698 0.6954097747802734 14.78285551071167 0.2222222222222222 1.0
0 0.1 0.4525232824553942 2.547178030014038 17.330033540725708 0.19999999999999998 1.0
0 0.1 0.3941539818506903 0.3589661121368408 17.68899965286255 0.19999999999999998 1.0
0 0.1 0.34331352094368267 0.5568768978118896 18.24587655067444 0.19512195121951217 1.0
0 0.1 0.2990307826127625 0.7783291339874268 19.024205684661865 0.19047619047619047 1.0
0 0.1 0.2604599105337001 0.9561407566070557 19.98034644126892 0.18181818181818182 1.0
0 0.1 0.22686415225376097 0.3760221004486084 20.35636854171753 0.18181818181818182 1.0
0 0.1 0.19760178628779224 0.15671300888061523 20.513081550598145 0.18181818181818182 1.0
0 0.1 0.17211386442601356 0.11928606033325195 20.632367610931396 0.18181818181818182 1.0
0 0.1 0.14991353511608546 2.151566982269287 22.783934593200684 0.1739130434782609 1.0
0 0.01 28.211963230963963 0.0006330013275146484 22.7845675945282 0.0 1.0
0 0.01 24.573006681497752 0.0007159709930419922 22.78528356552124 0.0 1.0
0 0.01 21.403425646968028 0.0006411075592041016 22.785924673080444 0.0 1.0
0 0.01 18.642677119777133 0.0006620883941650391 22.78658676147461 0.0 1.0
0 0.01 16.238027310431736 0.0006709098815917969 22.7872576713562 0.0 1.0
0 0.01 14.143544365449966 0.0006349086761474609 22.78789258003235 0.0 1.0
0 0.01 12.319221010851523 0.0006289482116699219 22.78852152824402 0.0 1.0
0 0.01 10.730210362611421 0.0006561279296875 22.789177656173706 0.0 1.0
0 0.01 9.346160307090315 0.0006468296051025391 22.78982448577881 0.0 1.0
0 0.01 8.140633737265514 0.0006232261657714844 22.79044771194458 0.0 1.0
0 0.01 7.090603570541246 0.0006258487701416016 22.79107356071472 0.0 1.0
0 0.01 6.176012902339531 0.0006380081176757812 22.791711568832397 0.0 1.0
0 0.01 5.379391893848717 0.0007200241088867188 22.792431592941284 0.0 1.0
0 0.01 4.685524076001097 0.0006620883941650391 22.79309368133545 0.0 1.0
0 0.01 4.081155695663349 0.0006647109985351562 22.793758392333984 0.0 1.0
0 0.01 3.554742552184356 0.0006651878356933594 22.794423580169678 0.0 1.0
0 0.01 3.09622948855821 0.0006461143493652344 22.795069694519043 0.0 1.0
0 0.01 2.6968583252045994 0.0006821155548095703 22.795751810073853 0.0 1.0
0 0.01 2.349000567658869 0.016125917434692383 22.811877727508545 0.5714285714285715 1.0
0 0.01 2.046011692676912 0.0012009143829345703 22.81307864189148 0.5714285714285715 1.0
0 0.01 1.7821042294352372 0.0010521411895751953 22.814130783081055 0.5714285714285715 1.0
0 0.01 1.5522372115164986 0.001046895980834961 22.81517767906189 0.5714285714285715 1.0
0 0.01 1.3520198880735976 0.0011227130889892578 22.81630039215088 0.5714285714285715 1.0
0 0.01 1.1776278549337647 0.0011000633239746094 22.817400455474854 0.5714285714285715 1.0
0 0.01 1.0257300036406054 0.00521397590637207 22.822614431381226 0.7499999999999999 1.0
0 0.01 0.8934248930683893 0.0011069774627685547 22.823721408843994 0.7499999999999999 1.0
0 0.01 0.7781853282259436 0.0011167526245117188 22.824838161468506 0.7499999999999999 1.0
0 0.01 0.6778100876351608 0.0011267662048339844 22.82596492767334 0.7499999999999999 1.0
0 0.01 0.590381877216004 0.0012140274047851562 22.827178955078125 0.7499999999999999 1.0
0 0.01 0.5142307075440048 0.01284027099609375 22.84001922607422 0.7272727272727272 1.0
0 0.01 0.44790199493955546 0.0032460689544677734 22.843265295028687 0.7272727272727272 1.0
0 0.01 0.39012877707943217 0.041015625 22.884280920028687 0.5000000000000001 1.0
0 0.01 0.33980751241358653 0.04701399803161621 22.931294918060303 0.4 1.0
0 0.01 0.2959770011254507 0.008544921875 22.939839839935303 0.4 1.0
0 0.01 0.2578000249994245 0.009110689163208008 22.94895052909851 0.4 1.0
0 0.01 0.22454735549379537 0.06740212440490723 23.016352653503418 0.3076923076923077 1.0
0 0.01 0.19558382455304058 0.012522459030151367 23.02887511253357 0.3076923076923077 1.0
0 0.01 0.1703561920944177 0.18545913696289062 23.21433424949646 0.26666666666666666 1.0
0 0.01 0.14838257842248037 0.062004804611206055 23.276339054107666 0.25806451612903225 1.0
0 0.01 0.12924325971726744 0.018887996673583984 23.29522705078125 0.25806451612903225 1.0
0 0.01 0.1125726507783501 0.06272697448730469 23.357954025268555 0.25 1.0
0 0.01 0.09805232188500161 0.06609487533569336 23.424048900604248 0.24242424242424243 1.0
0 0.01 0.08540491638568569 0.08681607246398926 23.510864973068237 0.2352941176470588 1.0
0 0.01 0.07438885283512764 0.01890397071838379 23.52976894378662 0.2352941176470588 1.0
0 0.01 0.06479371048308594 0.08296918869018555 23.612738132476807 0.2285714285714286 1.0
0 0.01 0.056436209971818335 0.23749828338623047 23.850236415863037 0.21621621621621623 1.0
0 0.01 0.049156712468482675 0.03548789024353027 23.885724306106567 0.21621621621621623 1.0
0 0.01 0.0428161703614703 0.1997058391571045 24.085430145263672 0.20512820512820512 1.0
0 0.01 0.03729347127511503 0.03202104568481445 24.117451190948486 0.20512820512820512 1.0
0 0.01 0.032483124670098805 0.029872894287109375 24.147324085235596 0.20512820512820512 1.0
