[216.40736058 188.4937774  164.18066384 143.00360867 124.55810333
 108.49181534  94.49785828  82.30892987  71.69220614  62.44489425
  54.39035884  47.37474809  41.26405496  35.94155748  31.30558923
  27.26759733  23.75045104  20.68696841  18.01863304  15.69447636
  13.67010404  11.906848    10.37102782   9.03330739   7.86813455
   6.85325305   5.96927734   5.19932239   4.52868107   3.94454329
   3.43575127   2.99258645   2.60658382   2.27037024   1.9775236
   1.72245016   1.5002777    1.30676244   1.138208     0.99139477
   0.86351843   0.75213639   0.65512111   0.57061946   0.49701737
   0.43290895   0.37706963   0.32843281   0.28606948   0.24917044]0 1 312.2098259152708 0.0006339550018310547 0.0006339550018310547 0.0 1.0
0 1 271.93903789811014 0.0006380081176757812 0.001271963119506836 0.0 1.0
0 1 236.8626295349813 0.008935928344726562 0.010207891464233398 0.33333333333333337 1.0
0 1 206.31059705097118 0.009849786758422852 0.02005767822265625 0.5714285714285715 1.0
0 1 179.69935797424765 0.005451202392578125 0.025508880615234375 0.5714285714285715 1.0
0 1 156.52060397255676 0.004756927490234375 0.03026580810546875 0.5714285714285715 1.0
0 1 136.33159152101595 0.0039520263671875 0.03421783447265625 0.5714285714285715 1.0
0 1 118.74668494067365 0.011182069778442383 0.04539990425109863 0.7499999999999999 1.0
0 1 103.42999026917344 0.006970882415771484 0.05237078666687012 0.7499999999999999 1.0
0 1 90.08893926113359 0.00608515739440918 0.0584559440612793 0.7499999999999999 1.0
0 1 78.46870096453189 0.0057108402252197266 0.06416678428649902 0.7499999999999999 1.0
0 1 68.34731412713553 0.005387067794799805 0.06955385208129883 0.7499999999999999 1.0
0 1 59.53144745577994 0.006045818328857422 0.07559967041015625 0.6666666666666665 1.0
0 1 51.85270674408604 0.011275768280029297 0.08687543869018555 0.7272727272727272 1.0
0 1 45.16441833008278 0.011629104614257812 0.09850454330444336 0.7272727272727272 1.0
0 1 39.33882744370648 0.01459193229675293 0.11309647560119629 0.6153846153846154 1.0
0 1 34.26465792907022 0.02136397361755371 0.13446044921875 0.47058823529411764 1.0
0 1 29.84498672911064 0.030273914337158203 0.1647343635559082 0.3636363636363636 1.0
0 1 25.99539253258091 0.04111599922180176 0.20585036277770996 0.3076923076923077 1.0
0 1 22.642343220204207 0.11637616157531738 0.32222652435302734 0.26666666666666666 1.0
0 1 19.721791308170232 0.13615202903747559 0.45837855339050293 0.27586206896551724 1.0
0 1 17.177950560167822 0.2829020023345947 0.7412805557250977 0.26666666666666666 1.0
0 1 14.962230399696251 0.20364904403686523 0.9449295997619629 0.24242424242424243 1.0
0 1 13.03230776858211 0.19622302055358887 1.1411526203155518 0.2222222222222222 1.0
0 1 11.351318703025308 0.19968080520629883 1.3408334255218506 0.2222222222222222 1.0
0 1 9.887154185253786 0.15877699851989746 1.499610424041748 0.21621621621621623 1.0
0 1 8.611846820663045 0.15741395950317383 1.6570243835449219 0.20512820512820512 1.0
0 1 7.501036625197576 0.18360280990600586 1.8406271934509277 0.19999999999999998 1.0
0 1 6.53350571883761 0.1556532382965088 1.9962804317474365 0.20512820512820512 1.0
0 1 5.69077303724795 0.20648193359375 2.2027623653411865 0.18604651162790697 1.0
0 1 4.956741320068812 0.16738510131835938 2.370147466659546 0.1777777777777778 1.0
0 1 4.317389632878279 0.22444891929626465 2.5945963859558105 0.16666666666666666 1.0
0 1 3.7605055496069455 2.011643886566162 4.606240272521973 0.1702127659574468 1.0
0 1 3.2754518797500736 0.41901421546936035 5.025254487991333 0.1702127659574468 1.0
0 1 2.8529634845718124 0.2262897491455078 5.251544237136841 0.16666666666666666 1.0
0 1 2.4849703012340436 0.18755578994750977 5.439100027084351 0.163265306122449 1.0
0 1 2.1644431943866964 0.29679179191589355 5.735891819000244 0.163265306122449 1.0
0 1 1.8852596907900219 0.16766691207885742 5.903558731079102 0.163265306122449 1.0
0 1 1.6420870323301746 0.15809321403503418 6.061651945114136 0.163265306122449 1.0
0 1 1.4302803135927475 0.1468508243560791 6.208502769470215 0.163265306122449 1.0
0 1 1.2457937582930971 0.13444900512695312 6.342951774597168 0.163265306122449 1.0
0 1 1.0851034398309916 0.5008289813995361 6.843780755996704 0.1568627450980392 1.0
0 1 0.945139969834425 0.43634796142578125 7.280128717422485 0.1568627450980392 1.0
0 1 0.823229868958621 0.5640199184417725 7.844148635864258 0.1568627450980392 1.0
0 1 0.7170445000483404 0.974052906036377 8.818201541900635 0.15384615384615383 1.0
0 1 0.624555588222246 0.9727988243103027 9.791000366210938 0.1509433962264151 1.0
0 1 0.5439964782567033 0.7082197666168213 10.499220132827759 0.1509433962264151 1.0
0 1 0.4738283892360109 0.6280450820922852 11.127265214920044 0.1509433962264151 1.0
0 1 0.4127110218901976 0.6370351314544678 11.764300346374512 0.1481481481481481 1.0
0 1 0.3594769571833539 0.6155500411987305 12.379850387573242 0.1481481481481481 1.0
0 0.1 130.20161032759302 0.0006699562072753906 12.380520343780518 0.0 1.0
0 0.1 113.40738729625762 0.0007293224334716797 12.38124966621399 0.0 1.0
0 0.1 98.77938883400856 0.0007581710815429688 12.382007837295532 0.0 1.0
0 0.1 86.03820166433057 0.0006511211395263672 12.382658958435059 0.0 1.0
0 0.1 74.9404529934022 0.0006222724914550781 12.383281230926514 0.0 1.0
0 0.1 65.27416178184274 0.0006282329559326172 12.383909463882446 0.0 1.0
0 0.1 56.854689638682785 0.0006201267242431641 12.38452959060669 0.0 1.0
0 0.1 49.52121399451067 0.0006268024444580078 12.385156393051147 0.0 1.0
0 0.1 43.13365618693992 0.0007627010345458984 12.385919094085693 0.0 1.0
0 0.1 37.570005780944214 0.0007281303405761719 12.38664722442627 0.0 1.0
0 0.1 32.7239900151928 0.0006289482116699219 12.38727617263794 0.0 1.0
0 0.1 28.503043857863506 0.0006248950958251953 12.387901067733765 0.0 1.0
0 0.1 24.826541897430772 0.010321855545043945 12.398222923278809 0.5714285714285715 1.0
0 0.1 21.624258295306348 0.0025072097778320312 12.40073013305664 0.5714285714285715 1.0
0 0.1 18.835025383479486 0.0019850730895996094 12.40271520614624 0.5714285714285715 1.0
0 0.1 16.405565284674683 0.001943826675415039 12.404659032821655 0.5714285714285715 1.0
0 0.1 14.289472237493916 0.0020868778228759766 12.406745910644531 0.5714285714285715 1.0
0 0.1 12.446326187665905 0.0021407604217529297 12.408886671066284 0.5714285714285715 1.0
0 0.1 10.840920713874212 0.008086919784545898 12.41697359085083 0.7499999999999999 1.0
0 0.1 9.44259054057033 0.003197908401489258 12.42017149925232 0.7499999999999999 1.0
0 0.1 8.224625792416147 0.002880096435546875 12.423051595687866 0.7499999999999999 1.0
0 0.1 7.163761801874259 0.0031890869140625 12.426240682601929 0.7499999999999999 1.0
0 0.1 6.239734724625884 0.0031859874725341797 12.429426670074463 0.7499999999999999 1.0
0 0.1 5.43489447450858 0.028067827224731445 12.457494497299194 0.7272727272727272 1.0
0 0.1 4.733867584541418 0.007929086685180664 12.465423583984375 0.7272727272727272 1.0
0 0.1 4.123263554256632 0.009136199951171875 12.474559783935547 0.7272727272727272 1.0
0 0.1 3.591419074200402 0.0578157901763916 12.532375574111938 0.5714285714285714 1.0
0 0.1 3.128175241967003 0.1518840789794922 12.68425965309143 0.4444444444444444 1.0
0 0.1 2.7246835143108377 0.054508209228515625 12.738767862319946 0.4210526315789473 1.0
0 0.1 2.373236688776134 0.09177017211914062 12.830538034439087 0.38095238095238093 1.0
0 0.1 2.0671216863796724 0.39489173889160156 13.225429773330688 0.3333333333333333 1.0
0 0.1 1.8004913233094775 0.526198148727417 13.751627922058105 0.32000000000000006 1.0
0 0.1 1.5682526223167341 0.6180179119110107 14.369645833969116 0.2857142857142857 1.0
0 0.1 1.3659695304072161 0.46306395530700684 14.832709789276123 0.27586206896551724 1.0
0 0.1 1.1897781846170337 0.30658912658691406 15.139298915863037 0.25806451612903225 1.0
0 0.1 1.036313107341863 0.09630990028381348 15.23560881614685 0.25806451612903225 1.0
0 0.1 0.9026429214570189 0.20809292793273926 15.44370174407959 0.24242424242424243 1.0
0 0.1 0.786214357305898 0.21513819694519043 15.65883994102478 0.2352941176470588 1.0
0 0.1 0.6848034820193963 0.07375907897949219 15.732599020004272 0.2352941176470588 1.0
0 0.1 0.5964732195846044 0.7505648136138916 16.483163833618164 0.2285714285714286 1.0
0 0.1 0.5195363502423698 0.7543742656707764 17.23753809928894 0.2222222222222222 1.0
0 0.1 0.4525232824553942 2.7020928859710693 19.93963098526001 0.19999999999999998 1.0
0 0.1 0.3941539818506903 0.37075090408325195 20.31038188934326 0.19999999999999998 1.0
0 0.1 0.34331352094368267 0.6001291275024414 20.910511016845703 0.19512195121951217 1.0
0 0.1 0.2990307826127625 0.780937910079956 21.69144892692566 0.19047619047619047 1.0
0 0.1 0.2604599105337001 1.223402976989746 22.914851903915405 0.18181818181818182 1.0
0 0.1 0.22686415225376097 0.42867398262023926 23.343525886535645 0.18181818181818182 1.0
0 0.1 0.19760178628779224 0.20322728157043457 23.54675316810608 0.18181818181818182 1.0
0 0.1 0.17211386442601356 0.13183832168579102 23.67859148979187 0.18181818181818182 1.0
0 0.1 0.14991353511608546 2.4867169857025146 26.165308475494385 0.1739130434782609 1.0
0 0.01 28.211963230963963 0.0006389617919921875 26.165947437286377 0.0 1.0
0 0.01 24.573006681497752 0.0006380081176757812 26.166585445404053 0.0 1.0
0 0.01 21.403425646968028 0.0006279945373535156 26.167213439941406 0.0 1.0
0 0.01 18.642677119777133 0.0006420612335205078 26.167855501174927 0.0 1.0
0 0.01 16.238027310431736 0.0006401538848876953 26.168495655059814 0.0 1.0
0 0.01 14.143544365449966 0.0006930828094482422 26.169188737869263 0.0 1.0
0 0.01 12.319221010851523 0.0006232261657714844 26.169811964035034 0.0 1.0
0 0.01 10.730210362611421 0.0006318092346191406 26.170443773269653 0.0 1.0
0 0.01 9.346160307090315 0.0006268024444580078 26.17107057571411 0.0 1.0
0 0.01 8.140633737265514 0.0006239414215087891 26.17169451713562 0.0 1.0
0 0.01 7.090603570541246 0.0006148815155029297 26.172309398651123 0.0 1.0
0 0.01 6.176012902339531 0.0006289482116699219 26.172938346862793 0.0 1.0
0 0.01 5.379391893848717 0.0006167888641357422 26.17355513572693 0.0 1.0
0 0.01 4.685524076001097 0.0007669925689697266 26.1743221282959 0.0 1.0
0 0.01 4.081155695663349 0.0006730556488037109 26.174995183944702 0.0 1.0
0 0.01 3.554742552184356 0.0006849765777587891 26.17568016052246 0.0 1.0
0 0.01 3.09622948855821 0.0006561279296875 26.17633628845215 0.0 1.0
0 0.01 2.6968583252045994 0.0006432533264160156 26.176979541778564 0.0 1.0
0 0.01 2.349000567658869 0.016258955001831055 26.193238496780396 0.5714285714285715 1.0
0 0.01 2.046011692676912 0.0013051033020019531 26.194543600082397 0.5714285714285715 1.0
0 0.01 1.7821042294352372 0.0012850761413574219 26.195828676223755 0.5714285714285715 1.0
0 0.01 1.5522372115164986 0.0014081001281738281 26.19723677635193 0.5714285714285715 1.0
0 0.01 1.3520198880735976 0.0014331340789794922 26.198669910430908 0.5714285714285715 1.0
0 0.01 1.1776278549337647 0.0016887187957763672 26.200358629226685 0.5714285714285715 1.0
0 0.01 1.0257300036406054 0.005443096160888672 26.205801725387573 0.7499999999999999 1.0
0 0.01 0.8934248930683893 0.0017981529235839844 26.207599878311157 0.7499999999999999 1.0
0 0.01 0.7781853282259436 0.001077890396118164 26.208677768707275 0.7499999999999999 1.0
0 0.01 0.6778100876351608 0.0012481212615966797 26.209925889968872 0.7499999999999999 1.0
0 0.01 0.590381877216004 0.0012202262878417969 26.211146116256714 0.7499999999999999 1.0
0 0.01 0.5142307075440048 0.012839794158935547 26.22398591041565 0.7272727272727272 1.0
0 0.01 0.44790199493955546 0.003313302993774414 26.227299213409424 0.7272727272727272 1.0
0 0.01 0.39012877707943217 0.04480409622192383 26.272103309631348 0.5000000000000001 1.0
0 0.01 0.33980751241358653 0.04807305335998535 26.320176362991333 0.4 1.0
0 0.01 0.2959770011254507 0.01003408432006836 26.3302104473114 0.4 1.0
0 0.01 0.2578000249994245 0.010684728622436523 26.340895175933838 0.4 1.0
0 0.01 0.22454735549379537 0.0695500373840332 26.41044521331787 0.3076923076923077 1.0
0 0.01 0.19558382455304058 0.013163089752197266 26.42360830307007 0.3076923076923077 1.0
0 0.01 0.1703561920944177 0.18901991844177246 26.61262822151184 0.26666666666666666 1.0
0 0.01 0.14838257842248037 0.06351399421691895 26.67614221572876 0.25806451612903225 1.0
0 0.01 0.12924325971726744 0.019755125045776367 26.695897340774536 0.25806451612903225 1.0
0 0.01 0.1125726507783501 0.06505393981933594 26.760951280593872 0.25 1.0
0 0.01 0.09805232188500161 0.06709599494934082 26.828047275543213 0.24242424242424243 1.0
0 0.01 0.08540491638568569 0.08918309211730957 26.917230367660522 0.2352941176470588 1.0
0 0.01 0.07438885283512764 0.02022409439086914 26.93745446205139 0.2352941176470588 1.0
0 0.01 0.06479371048308594 0.08476686477661133 27.022221326828003 0.2285714285714286 1.0
0 0.01 0.056436209971818335 0.23453378677368164 27.256755113601685 0.21621621621621623 1.0
0 0.01 0.049156712468482675 0.039155006408691406 27.295910120010376 0.21621621621621623 1.0
0 0.01 0.0428161703614703 0.20366907119750977 27.499579191207886 0.20512820512820512 1.0
0 0.01 0.03729347127511503 0.03493070602416992 27.534509897232056 0.20512820512820512 1.0
0 0.01 0.032483124670098805 0.03199481964111328 27.56650471687317 0.20512820512820512 1.0
