[216.40736058 188.4937774  164.18066384 143.00360867 124.55810333
 108.49181534  94.49785828  82.30892987  71.69220614  62.44489425
  54.39035884  47.37474809  41.26405496  35.94155748  31.30558923
  27.26759733  23.75045104  20.68696841  18.01863304  15.69447636
  13.67010404  11.906848    10.37102782   9.03330739   7.86813455
   6.85325305   5.96927734   5.19932239   4.52868107   3.94454329
   3.43575127   2.99258645   2.60658382   2.27037024   1.9775236
   1.72245016   1.5002777    1.30676244   1.138208     0.99139477
   0.86351843   0.75213639   0.65512111   0.57061946   0.49701737
   0.43290895   0.37706963   0.32843281   0.28606948   0.24917044]0 1 312.2098259152708 0.006551027297973633 0.006551027297973633 0.0 1.0
0 1 271.93903789811014 0.006659030914306641 0.013210058212280273 0.0 1.0
0 1 236.8626295349813 0.006809234619140625 0.0200192928314209 0.33333333333333337 1.0
0 1 206.31059705097118 0.05181312561035156 0.07183241844177246 0.5714285714285715 1.0
0 1 179.69935797424765 0.04523015022277832 0.11706256866455078 0.5714285714285715 1.0
0 1 156.52060397255676 0.038600921630859375 0.15566349029541016 0.5714285714285715 1.0
0 1 136.33159152101595 0.03818511962890625 0.1938486099243164 0.5714285714285715 1.0
0 1 118.74668494067365 0.044677019119262695 0.2385256290435791 0.7499999999999999 1.0
0 1 103.42999026917344 0.044770002365112305 0.2832956314086914 0.7499999999999999 1.0
0 1 90.08893926113359 0.044464111328125 0.3277597427368164 0.7499999999999999 1.0
0 1 78.46870096453189 0.039407968521118164 0.36716771125793457 0.7499999999999999 1.0
0 1 68.34731412713553 0.04004716873168945 0.407214879989624 0.7499999999999999 1.0
0 1 59.53144745577994 0.04716014862060547 0.4543750286102295 0.6666666666666665 1.0
0 1 51.85270674408604 0.05131220817565918 0.5056872367858887 0.7272727272727272 1.0
0 1 45.16441833008278 0.0445561408996582 0.5502433776855469 0.7272727272727272 1.0
0 1 39.33882744370648 0.057379722595214844 0.6076231002807617 0.6153846153846154 1.0
0 1 34.26465792907022 0.10871386528015137 0.7163369655609131 0.47058823529411764 1.0
0 1 29.84498672911064 0.1136009693145752 0.8299379348754883 0.3636363636363636 1.0
0 1 25.99539253258091 0.14278602600097656 0.9727239608764648 0.3076923076923077 1.0
0 1 22.642343220204207 0.45320963859558105 1.425933599472046 0.26666666666666666 1.0
0 1 19.721791308170232 0.5323729515075684 1.9583065509796143 0.27586206896551724 1.0
0 1 17.177950560167822 0.8079361915588379 2.766242742538452 0.26666666666666666 1.0
0 1 14.962230399696251 0.6849689483642578 3.45121169090271 0.24242424242424243 1.0
0 1 13.03230776858211 0.5484769344329834 3.9996886253356934 0.2222222222222222 1.0
0 1 11.351318703025308 0.5937516689300537 4.593440294265747 0.2222222222222222 1.0
0 1 9.887154185253786 0.5278520584106445 5.121292352676392 0.21621621621621623 1.0
0 1 8.611846820663045 0.52913498878479 5.650427341461182 0.20512820512820512 1.0
0 1 7.501036625197576 0.6402559280395508 6.290683269500732 0.19999999999999998 1.0
0 1 6.53350571883761 0.5236737728118896 6.814357042312622 0.20512820512820512 1.0
0 1 5.69077303724795 0.6448440551757812 7.459201097488403 0.18604651162790697 1.0
0 1 4.956741320068812 0.5502490997314453 8.009450197219849 0.1777777777777778 1.0
0 1 4.317389632878279 0.6723289489746094 8.681779146194458 0.16666666666666666 1.0
0 1 3.7605055496069455 5.756035804748535 14.437814950942993 0.1702127659574468 1.0
0 1 3.2754518797500736 1.2135190963745117 15.651334047317505 0.1702127659574468 1.0
0 1 2.8529634845718124 0.5837161540985107 16.235050201416016 0.16666666666666666 1.0
0 1 2.4849703012340436 0.7085020542144775 16.943552255630493 0.163265306122449 1.0
0 1 2.1644431943866964 0.9591810703277588 17.902733325958252 0.163265306122449 1.0
0 1 1.8852596907900219 0.42615175247192383 18.328885078430176 0.163265306122449 1.0
0 1 1.6420870323301746 0.4063901901245117 18.735275268554688 0.163265306122449 1.0
0 1 1.4302803135927475 0.39444398880004883 19.129719257354736 0.163265306122449 1.0
0 1 1.2457937582930971 0.37510108947753906 19.504820346832275 0.163265306122449 1.0
0 1 1.0851034398309916 2.1154491901397705 21.620269536972046 0.1568627450980392 1.0
0 1 0.945139969834425 1.8545637130737305 23.474833250045776 0.1568627450980392 1.0
0 1 0.823229868958621 3.0952961444854736 26.57012939453125 0.1568627450980392 1.0
0 1 0.7170445000483404 6.185165166854858 32.75529456138611 0.15384615384615383 1.0
0 1 0.624555588222246 5.088146924972534 37.84344148635864 0.1509433962264151 1.0
0 1 0.5439964782567033 3.341621160507202 41.185062646865845 0.1509433962264151 1.0
0 1 0.4738283892360109 2.9144961833953857 44.09955883026123 0.1509433962264151 1.0
0 1 0.4127110218901976 2.9664998054504395 47.06605863571167 0.1481481481481481 1.0
0 1 0.3594769571833539 2.8742446899414062 49.940303325653076 0.1481481481481481 1.0
0 0.1 130.20161032759302 0.006356000900268555 49.946659326553345 0.0 1.0
0 0.1 113.40738729625762 0.0065729618072509766 49.953232288360596 0.0 1.0
0 0.1 98.77938883400856 0.0066721439361572266 49.95990443229675 0.0 1.0
0 0.1 86.03820166433057 0.0066182613372802734 49.96652269363403 0.0 1.0
0 0.1 74.9404529934022 0.006638050079345703 49.97316074371338 0.0 1.0
0 0.1 65.27416178184274 0.006789684295654297 49.97995042800903 0.0 1.0
0 0.1 56.854689638682785 0.006658077239990234 49.98660850524902 0.0 1.0
0 0.1 49.52121399451067 0.04538702964782715 50.03199553489685 0.5714285714285715 1.0
0 0.1 43.13365618693992 0.03234720230102539 50.064342737197876 0.5714285714285715 1.0
0 0.1 37.570005780944214 0.03238105773925781 50.096723794937134 0.5714285714285715 1.0
0 0.1 32.7239900151928 0.032138824462890625 50.128862619400024 0.5714285714285715 1.0
0 0.1 28.503043857863506 0.03209996223449707 50.16096258163452 0.5714285714285715 1.0
0 0.1 24.826541897430772 0.03230023384094238 50.193262815475464 0.5714285714285715 1.0
0 0.1 21.624258295306348 0.044775962829589844 50.238038778305054 0.7499999999999999 1.0
0 0.1 18.835025383479486 0.03838014602661133 50.276418924331665 0.7499999999999999 1.0
0 0.1 16.405565284674683 0.03195786476135254 50.30837678909302 0.7499999999999999 1.0
0 0.1 14.289472237493916 0.03213000297546387 50.34050679206848 0.7499999999999999 1.0
0 0.1 12.446326187665905 0.031989097595214844 50.372495889663696 0.7499999999999999 1.0
0 0.1 10.840920713874212 0.03217482566833496 50.40467071533203 0.7499999999999999 1.0
0 0.1 9.44259054057033 0.032826900482177734 50.43749761581421 0.7499999999999999 1.0
0 0.1 8.224625792416147 0.03235292434692383 50.46985054016113 0.7499999999999999 1.0
0 0.1 7.163761801874259 0.04468178749084473 50.51453232765198 0.888888888888889 1.0
0 0.1 6.239734724625884 0.05723309516906738 50.571765422821045 0.7272727272727272 1.0
0 0.1 5.43489447450858 0.038667917251586914 50.61043334007263 0.7272727272727272 1.0
0 0.1 4.733867584541418 0.038556814193725586 50.64899015426636 0.7272727272727272 1.0
0 0.1 4.123263554256632 0.08475303649902344 50.73374319076538 0.6153846153846154 1.0
0 0.1 3.591419074200402 0.07675004005432129 50.8104932308197 0.5333333333333333 1.0
0 0.1 3.128175241967003 0.2036738395690918 51.014167070388794 0.4210526315789473 1.0
0 0.1 2.7246835143108377 0.1726982593536377 51.18686532974243 0.38095238095238093 1.0
0 0.1 2.373236688776134 0.10222196578979492 51.28908729553223 0.38095238095238093 1.0
0 0.1 2.0671216863796724 0.3779728412628174 51.667060136795044 0.3333333333333333 1.0
0 0.1 1.8004913233094775 0.3380098342895508 52.005069971084595 0.3076923076923077 1.0
0 0.1 1.5682526223167341 0.3059849739074707 52.311054944992065 0.2857142857142857 1.0
0 0.1 1.3659695304072161 0.44458699226379395 52.75564193725586 0.2962962962962963 1.0
0 0.1 1.1897781846170337 0.31915998458862305 53.07480192184448 0.26666666666666666 1.0
0 0.1 1.036313107341863 0.21811604499816895 53.29291796684265 0.26666666666666666 1.0
0 0.1 0.9026429214570189 0.7416131496429443 54.034531116485596 0.24242424242424243 1.0
0 0.1 0.786214357305898 0.5695109367370605 54.604042053222656 0.2352941176470588 1.0
0 0.1 0.6848034820193963 0.383256196975708 54.987298250198364 0.2222222222222222 1.0
0 0.1 0.5964732195846044 1.1338708400726318 56.121169090270996 0.21621621621621623 1.0
0 0.1 0.5195363502423698 2.758202075958252 58.87937116622925 0.19999999999999998 1.0
0 0.1 0.4525232824553942 4.2238991260528564 63.103270292282104 0.19512195121951217 1.0
0 0.1 0.3941539818506903 1.078333854675293 64.1816041469574 0.19512195121951217 1.0
0 0.1 0.34331352094368267 1.0013301372528076 65.1829342842102 0.19047619047619047 1.0
0 0.1 0.2990307826127625 7.508311986923218 72.69124627113342 0.25 1.0
0 0.1 0.2604599105337001 0.663632869720459 73.35487914085388 0.25 1.0
0 0.1 0.22686415225376097 0.30418896675109863 73.65906810760498 0.24390243902439027 1.0
0 0.1 0.19760178628779224 0.6052041053771973 74.26427221298218 0.24390243902439027 1.0
0 0.1 0.17211386442601356 0.46565985679626465 74.72993206977844 0.24390243902439027 1.0
0 0.1 0.14991353511608546 0.3752748966217041 75.10520696640015 0.24390243902439027 1.0
0 0.01 28.211963230963963 0.006464719772338867 75.11167168617249 0.33333333333333337 1.0
0 0.01 24.573006681497752 0.03905200958251953 75.150723695755 0.5714285714285715 1.0
0 0.01 21.403425646968028 0.032768964767456055 75.18349266052246 0.5714285714285715 1.0
0 0.01 18.642677119777133 0.03247690200805664 75.21596956253052 0.5714285714285715 1.0
0 0.01 16.238027310431736 0.03228402137756348 75.24825358390808 0.5714285714285715 1.0
0 0.01 14.143544365449966 0.03239607810974121 75.28064966201782 0.5714285714285715 1.0
0 0.01 12.319221010851523 0.03219103813171387 75.31284070014954 0.5714285714285715 1.0
0 0.01 10.730210362611421 0.0321507453918457 75.34499144554138 0.5714285714285715 1.0
0 0.01 9.346160307090315 0.04484200477600098 75.38983345031738 0.7499999999999999 1.0
0 0.01 8.140633737265514 0.03216099739074707 75.42199444770813 0.7499999999999999 1.0
0 0.01 7.090603570541246 0.0320439338684082 75.45403838157654 0.7499999999999999 1.0
0 0.01 6.176012902339531 0.03244805335998535 75.48648643493652 0.7499999999999999 1.0
0 0.01 5.379391893848717 0.032434940338134766 75.51892137527466 0.7499999999999999 1.0
0 0.01 4.685524076001097 0.032804012298583984 75.55172538757324 0.7499999999999999 1.0
0 0.01 4.081155695663349 0.03233695030212402 75.58406233787537 0.7499999999999999 1.0
0 0.01 3.554742552184356 0.03283262252807617 75.61689496040344 0.7499999999999999 1.0
0 0.01 3.09622948855821 0.03245186805725098 75.6493468284607 0.7499999999999999 1.0
0 0.01 2.6968583252045994 0.04553484916687012 75.69488167762756 0.888888888888889 1.0
0 0.01 2.349000567658869 0.026098012924194336 75.72097969055176 0.888888888888889 1.0
0 0.01 2.046011692676912 0.051619768142700195 75.77259945869446 0.7272727272727272 1.0
0 0.01 1.7821042294352372 0.03887796401977539 75.81147742271423 0.7272727272727272 1.0
0 0.01 1.5522372115164986 0.07754015922546387 75.8890175819397 0.6666666666666666 1.0
0 0.01 1.3520198880735976 0.07174992561340332 75.9607675075531 0.5714285714285714 1.0
0 0.01 1.1776278549337647 0.10325813293457031 76.06402564048767 0.5000000000000001 1.0
0 0.01 1.0257300036406054 0.10969710350036621 76.17372274398804 0.47058823529411764 1.0
0 0.01 0.8934248930683893 0.11082816123962402 76.28455090522766 0.4444444444444444 1.0
0 0.01 0.7781853282259436 0.07872319221496582 76.36327409744263 0.4444444444444444 1.0
0 0.01 0.6778100876351608 0.14194917678833008 76.50522327423096 0.3478260869565218 1.0
0 0.01 0.590381877216004 0.09691596031188965 76.60213923454285 0.3478260869565218 1.0
0 0.01 0.5142307075440048 0.09101390838623047 76.69315314292908 0.3478260869565218 1.0
0 0.01 0.44790199493955546 0.19254183769226074 76.88569498062134 0.32000000000000006 1.0
0 0.01 0.39012877707943217 0.12200117111206055 77.0076961517334 0.32000000000000006 1.0
0 0.01 0.33980751241358653 0.11551904678344727 77.12321519851685 0.32000000000000006 1.0
0 0.01 0.2959770011254507 0.11828780174255371 77.2415030002594 0.32000000000000006 1.0
0 0.01 0.2578000249994245 0.15421295166015625 77.39571595191956 0.2962962962962963 1.0
0 0.01 0.22454735549379537 0.14182186126708984 77.53753781318665 0.2857142857142857 1.0
0 0.01 0.19558382455304058 0.11133790016174316 77.64887571334839 0.2857142857142857 1.0
0 0.01 0.1703561920944177 0.4483661651611328 78.09724187850952 0.24242424242424243 1.0
0 0.01 0.14838257842248037 0.24088406562805176 78.33812594413757 0.24242424242424243 1.0
0 0.01 0.12924325971726744 0.22463107109069824 78.56275701522827 0.24242424242424243 1.0
0 0.01 0.1125726507783501 0.20240092277526855 78.76515793800354 0.24242424242424243 1.0
0 0.01 0.09805232188500161 0.2861039638519287 79.05126190185547 0.2352941176470588 1.0
0 0.01 0.08540491638568569 0.1742088794708252 79.2254707813263 0.2352941176470588 1.0
0 0.01 0.07438885283512764 0.39742422103881836 79.62289500236511 0.2222222222222222 1.0
0 0.01 0.06479371048308594 0.4020698070526123 80.02496480941772 0.2105263157894737 1.0
0 0.01 0.056436209971818335 0.41866397857666016 80.44362878799438 0.20512820512820512 1.0
0 0.01 0.049156712468482675 0.241102933883667 80.68473172187805 0.20512820512820512 1.0
0 0.01 0.0428161703614703 0.7467031478881836 81.43143486976624 0.19047619047619047 1.0
0 0.01 0.03729347127511503 0.40193676948547363 81.83337163925171 0.19047619047619047 1.0
0 0.01 0.032483124670098805 0.6931338310241699 82.52650547027588 0.18181818181818182 1.0
