[216.40736058 188.4937774  164.18066384 143.00360867 124.55810333
 108.49181534  94.49785828  82.30892987  71.69220614  62.44489425
  54.39035884  47.37474809  41.26405496  35.94155748  31.30558923
  27.26759733  23.75045104  20.68696841  18.01863304  15.69447636
  13.67010404  11.906848    10.37102782   9.03330739   7.86813455
   6.85325305   5.96927734   5.19932239   4.52868107   3.94454329
   3.43575127   2.99258645   2.60658382   2.27037024   1.9775236
   1.72245016   1.5002777    1.30676244   1.138208     0.99139477
   0.86351843   0.75213639   0.65512111   0.57061946   0.49701737
   0.43290895   0.37706963   0.32843281   0.28606948   0.24917044]0 1 312.2098259152708 0.006722927093505859 0.006722927093505859 0.0 1.0
0 1 271.93903789811014 0.006447315216064453 0.013170242309570312 0.0 1.0
0 1 236.8626295349813 0.006781101226806641 0.019951343536376953 0.33333333333333337 1.0
0 1 206.31059705097118 0.05775117874145508 0.07770252227783203 0.5714285714285715 1.0
0 1 179.69935797424765 0.053182125091552734 0.13088464736938477 0.5714285714285715 1.0
0 1 156.52060397255676 0.04552412033081055 0.1764087677001953 0.5714285714285715 1.0
0 1 136.33159152101595 0.04528999328613281 0.22169876098632812 0.5714285714285715 1.0
0 1 118.74668494067365 0.05762910842895508 0.2793278694152832 0.7499999999999999 1.0
0 1 103.42999026917344 0.052169084548950195 0.3314969539642334 0.7499999999999999 1.0
0 1 90.08893926113359 0.05464601516723633 0.3861429691314697 0.7499999999999999 1.0
0 1 78.46870096453189 0.04773092269897461 0.43387389183044434 0.7499999999999999 1.0
0 1 68.34731412713553 0.046311140060424805 0.48018503189086914 0.7499999999999999 1.0
0 1 59.53144745577994 0.05259299278259277 0.5327780246734619 0.6666666666666665 1.0
0 1 51.85270674408604 0.05840897560119629 0.5911870002746582 0.7272727272727272 1.0
0 1 45.16441833008278 0.05177116394042969 0.6429581642150879 0.7272727272727272 1.0
0 1 39.33882744370648 0.07101678848266602 0.7139749526977539 0.6153846153846154 1.0
0 1 34.26465792907022 0.12581086158752441 0.8397858142852783 0.47058823529411764 1.0
0 1 29.84498672911064 0.13931679725646973 0.979102611541748 0.3636363636363636 1.0
0 1 25.99539253258091 0.1955106258392334 1.1746132373809814 0.3076923076923077 1.0
0 1 22.642343220204207 0.5970561504364014 1.7716693878173828 0.26666666666666666 1.0
0 1 19.721791308170232 0.7110178470611572 2.48268723487854 0.27586206896551724 1.0
0 1 17.177950560167822 0.9971451759338379 3.479832410812378 0.26666666666666666 1.0
0 1 14.962230399696251 0.842980146408081 4.322812557220459 0.24242424242424243 1.0
0 1 13.03230776858211 0.6570010185241699 4.979813575744629 0.2222222222222222 1.0
0 1 11.351318703025308 0.78470778465271 5.764521360397339 0.2222222222222222 1.0
0 1 9.887154185253786 0.67179274559021 6.436314105987549 0.21621621621621623 1.0
0 1 8.611846820663045 0.6697971820831299 7.106111288070679 0.20512820512820512 1.0
0 1 7.501036625197576 0.8367712497711182 7.942882537841797 0.19999999999999998 1.0
0 1 6.53350571883761 0.7063198089599609 8.649202346801758 0.20512820512820512 1.0
0 1 5.69077303724795 0.8557908535003662 9.504993200302124 0.18604651162790697 1.0
0 1 4.956741320068812 0.7478318214416504 10.252825021743774 0.1777777777777778 1.0
0 1 4.317389632878279 0.9584231376647949 11.21124815940857 0.16666666666666666 1.0
0 1 3.7605055496069455 6.763996124267578 17.975244283676147 0.1702127659574468 1.0
0 1 3.2754518797500736 1.5262837409973145 19.501528024673462 0.1702127659574468 1.0
0 1 2.8529634845718124 0.9614841938018799 20.463012218475342 0.16666666666666666 1.0
0 1 2.4849703012340436 1.0691277980804443 21.532140016555786 0.163265306122449 1.0
0 1 2.1644431943866964 1.2426471710205078 22.774787187576294 0.163265306122449 1.0
0 1 1.8852596907900219 0.6280200481414795 23.402807235717773 0.163265306122449 1.0
0 1 1.6420870323301746 0.5830268859863281 23.9858341217041 0.163265306122449 1.0
0 1 1.4302803135927475 0.5575559139251709 24.543390035629272 0.163265306122449 1.0
0 1 1.2457937582930971 0.5670971870422363 25.11048722267151 0.163265306122449 1.0
0 1 1.0851034398309916 3.103024959564209 28.213512182235718 0.1568627450980392 1.0
0 1 0.945139969834425 2.6993770599365234 30.91288924217224 0.1568627450980392 1.0
0 1 0.823229868958621 3.8837172985076904 34.79660654067993 0.1568627450980392 1.0
0 1 0.7170445000483404 7.798064231872559 42.59467077255249 0.15384615384615383 1.0
0 1 0.624555588222246 7.196198225021362 49.79086899757385 0.1509433962264151 1.0
0 1 0.5439964782567033 5.148845911026001 54.93971490859985 0.1509433962264151 1.0
0 1 0.4738283892360109 4.635943174362183 59.575658082962036 0.1509433962264151 1.0
0 1 0.4127110218901976 4.742981195449829 64.31863927841187 0.1481481481481481 1.0
0 1 0.3594769571833539 4.67156982421875 68.99020910263062 0.1481481481481481 1.0
0 0.1 130.20161032759302 0.006465911865234375 68.99667501449585 0.0 1.0
0 0.1 113.40738729625762 0.006451129913330078 69.00312614440918 0.0 1.0
0 0.1 98.77938883400856 0.006427764892578125 69.00955390930176 0.0 1.0
0 0.1 86.03820166433057 0.00639796257019043 69.01595187187195 0.0 1.0
0 0.1 74.9404529934022 0.006683826446533203 69.02263569831848 0.0 1.0
0 0.1 65.27416178184274 0.007092952728271484 69.02972865104675 0.0 1.0
0 0.1 56.854689638682785 0.006829977035522461 69.03655862808228 0.0 1.0
0 0.1 49.52121399451067 0.05136299133300781 69.08792161941528 0.5714285714285715 1.0
0 0.1 43.13365618693992 0.03859400749206543 69.12651562690735 0.5714285714285715 1.0
0 0.1 37.570005780944214 0.03889918327331543 69.16541481018066 0.5714285714285715 1.0
0 0.1 32.7239900151928 0.03849983215332031 69.20391464233398 0.5714285714285715 1.0
0 0.1 28.503043857863506 0.03876805305480957 69.2426826953888 0.5714285714285715 1.0
0 0.1 24.826541897430772 0.03871512413024902 69.28139781951904 0.5714285714285715 1.0
0 0.1 21.624258295306348 0.05158495903015137 69.3329827785492 0.7499999999999999 1.0
0 0.1 18.835025383479486 0.045227766036987305 69.37821054458618 0.7499999999999999 1.0
0 0.1 16.405565284674683 0.04618096351623535 69.42439150810242 0.7499999999999999 1.0
0 0.1 14.289472237493916 0.0398859977722168 69.46427750587463 0.7499999999999999 1.0
0 0.1 12.446326187665905 0.038427114486694336 69.50270462036133 0.7499999999999999 1.0
0 0.1 10.840920713874212 0.03862929344177246 69.5413339138031 0.7499999999999999 1.0
0 0.1 9.44259054057033 0.03809309005737305 69.57942700386047 0.7499999999999999 1.0
0 0.1 8.224625792416147 0.03817009925842285 69.6175971031189 0.7499999999999999 1.0
0 0.1 7.163761801874259 0.05176401138305664 69.66936111450195 0.888888888888889 1.0
0 0.1 6.239734724625884 0.06364226341247559 69.73300337791443 0.7272727272727272 1.0
0 0.1 5.43489447450858 0.05138087272644043 69.78438425064087 0.7272727272727272 1.0
0 0.1 4.733867584541418 0.05168795585632324 69.83607220649719 0.7272727272727272 1.0
0 0.1 4.123263554256632 0.10266613960266113 69.93873834609985 0.6153846153846154 1.0
0 0.1 3.591419074200402 0.08410906791687012 70.02284741401672 0.5333333333333333 1.0
0 0.1 3.128175241967003 0.23904991149902344 70.26189732551575 0.4210526315789473 1.0
0 0.1 2.7246835143108377 0.20070099830627441 70.46259832382202 0.38095238095238093 1.0
0 0.1 2.373236688776134 0.12981891632080078 70.59241724014282 0.38095238095238093 1.0
0 0.1 2.0671216863796724 0.44855785369873047 71.04097509384155 0.3333333333333333 1.0
0 0.1 1.8004913233094775 0.40187597274780273 71.44285106658936 0.3076923076923077 1.0
0 0.1 1.5682526223167341 0.3928201198577881 71.83567118644714 0.2857142857142857 1.0
0 0.1 1.3659695304072161 0.49680304527282715 72.33247423171997 0.2962962962962963 1.0
0 0.1 1.1897781846170337 0.42233800888061523 72.75481224060059 0.26666666666666666 1.0
0 0.1 1.036313107341863 0.28290700912475586 73.03771924972534 0.26666666666666666 1.0
0 0.1 0.9026429214570189 0.8654170036315918 73.90313625335693 0.24242424242424243 1.0
0 0.1 0.786214357305898 0.7278361320495605 74.6309723854065 0.2352941176470588 1.0
0 0.1 0.6848034820193963 0.5058159828186035 75.1367883682251 0.2222222222222222 1.0
0 0.1 0.5964732195846044 1.3109021186828613 76.44769048690796 0.21621621621621623 1.0
0 0.1 0.5195363502423698 3.3035788536071777 79.75126934051514 0.19999999999999998 1.0
0 0.1 0.4525232824553942 5.488249063491821 85.23951840400696 0.19512195121951217 1.0
0 0.1 0.3941539818506903 1.5949537754058838 86.83447217941284 0.19512195121951217 1.0
0 0.1 0.34331352094368267 1.3985400199890137 88.23301219940186 0.19047619047619047 1.0
0 0.1 0.2990307826127625 7.982107877731323 96.21512007713318 0.25 1.0
0 0.1 0.2604599105337001 0.9070372581481934 97.12215733528137 0.25 1.0
0 0.1 0.22686415225376097 0.7181298732757568 97.84028720855713 0.24390243902439027 1.0
0 0.1 0.19760178628779224 0.8609628677368164 98.70125007629395 0.24390243902439027 1.0
0 0.1 0.17211386442601356 0.6920180320739746 99.39326810836792 0.24390243902439027 1.0
0 0.1 0.14991353511608546 0.5692827701568604 99.96255087852478 0.24390243902439027 1.0
0 0.01 28.211963230963963 0.0064411163330078125 99.96899199485779 0.33333333333333337 1.0
0 0.01 24.573006681497752 0.044934988021850586 100.01392698287964 0.5714285714285715 1.0
0 0.01 21.403425646968028 0.038620948791503906 100.05254793167114 0.5714285714285715 1.0
0 0.01 18.642677119777133 0.03880500793457031 100.09135293960571 0.5714285714285715 1.0
0 0.01 16.238027310431736 0.03819704055786133 100.12954998016357 0.5714285714285715 1.0
0 0.01 14.143544365449966 0.03865313529968262 100.16820311546326 0.5714285714285715 1.0
0 0.01 12.319221010851523 0.038330078125 100.20653319358826 0.5714285714285715 1.0
0 0.01 10.730210362611421 0.03168320655822754 100.23821640014648 0.5714285714285715 1.0
0 0.01 9.346160307090315 0.05064821243286133 100.28886461257935 0.7499999999999999 1.0
0 0.01 8.140633737265514 0.0379939079284668 100.32685852050781 0.7499999999999999 1.0
0 0.01 7.090603570541246 0.03795886039733887 100.36481738090515 0.7499999999999999 1.0
0 0.01 6.176012902339531 0.03862285614013672 100.40344023704529 0.7499999999999999 1.0
0 0.01 5.379391893848717 0.04188394546508789 100.44532418251038 0.7499999999999999 1.0
0 0.01 4.685524076001097 0.0396420955657959 100.48496627807617 0.7499999999999999 1.0
0 0.01 4.081155695663349 0.03847098350524902 100.52343726158142 0.7499999999999999 1.0
0 0.01 3.554742552184356 0.03874921798706055 100.56218647956848 0.7499999999999999 1.0
0 0.01 3.09622948855821 0.03900313377380371 100.60118961334229 0.7499999999999999 1.0
0 0.01 2.6968583252045994 0.05198502540588379 100.65317463874817 0.888888888888889 1.0
0 0.01 2.349000567658869 0.03238415718078613 100.68555879592896 0.888888888888889 1.0
0 0.01 2.046011692676912 0.058182716369628906 100.74374151229858 0.7272727272727272 1.0
0 0.01 1.7821042294352372 0.04577493667602539 100.78951644897461 0.7272727272727272 1.0
0 0.01 1.5522372115164986 0.09177374839782715 100.88129019737244 0.6666666666666666 1.0
0 0.01 1.3520198880735976 0.08498525619506836 100.9662754535675 0.5714285714285714 1.0
0 0.01 1.1776278549337647 0.1191868782043457 101.08546233177185 0.5000000000000001 1.0
0 0.01 1.0257300036406054 0.13177490234375 101.2172372341156 0.47058823529411764 1.0
0 0.01 0.8934248930683893 0.12954497337341309 101.34678220748901 0.4444444444444444 1.0
0 0.01 0.7781853282259436 0.10599994659423828 101.45278215408325 0.4444444444444444 1.0
0 0.01 0.6778100876351608 0.1682417392730713 101.62102389335632 0.3478260869565218 1.0
0 0.01 0.590381877216004 0.12326693534851074 101.74429082870483 0.3478260869565218 1.0
0 0.01 0.5142307075440048 0.1192781925201416 101.86356902122498 0.3478260869565218 1.0
0 0.01 0.44790199493955546 0.22368168830871582 102.08725070953369 0.32000000000000006 1.0
0 0.01 0.39012877707943217 0.15424394607543945 102.24149465560913 0.32000000000000006 1.0
0 0.01 0.33980751241358653 0.1479778289794922 102.38947248458862 0.32000000000000006 1.0
0 0.01 0.2959770011254507 0.14737820625305176 102.53685069084167 0.32000000000000006 1.0
0 0.01 0.2578000249994245 0.1895008087158203 102.7263514995575 0.2962962962962963 1.0
0 0.01 0.22454735549379537 0.17319798469543457 102.89954948425293 0.2857142857142857 1.0
0 0.01 0.19558382455304058 0.14211678504943848 103.04166626930237 0.2857142857142857 1.0
0 0.01 0.1703561920944177 0.6021831035614014 103.64384937286377 0.24242424242424243 1.0
0 0.01 0.14838257842248037 0.3291890621185303 103.9730384349823 0.24242424242424243 1.0
0 0.01 0.12924325971726744 0.3079860210418701 104.28102445602417 0.24242424242424243 1.0
0 0.01 0.1125726507783501 0.2895948886871338 104.5706193447113 0.24242424242424243 1.0
0 0.01 0.09805232188500161 0.37447094917297363 104.94509029388428 0.2352941176470588 1.0
0 0.01 0.08540491638568569 0.25099897384643555 105.19608926773071 0.2352941176470588 1.0
0 0.01 0.07438885283512764 0.4865248203277588 105.68261408805847 0.2222222222222222 1.0
0 0.01 0.06479371048308594 0.4933969974517822 106.17601108551025 0.2105263157894737 1.0
0 0.01 0.056436209971818335 0.5289328098297119 106.70494389533997 0.20512820512820512 1.0
0 0.01 0.049156712468482675 0.3427910804748535 107.04773497581482 0.20512820512820512 1.0
0 0.01 0.0428161703614703 0.9261140823364258 107.97384905815125 0.19047619047619047 1.0
0 0.01 0.03729347127511503 0.5388979911804199 108.51274704933167 0.19047619047619047 1.0
0 0.01 0.032483124670098805 0.8304932117462158 109.34324026107788 0.18181818181818182 1.0
