[216.40736058 188.4937774  164.18066384 143.00360867 124.55810333
 108.49181534  94.49785828  82.30892987  71.69220614  62.44489425
  54.39035884  47.37474809  41.26405496  35.94155748  31.30558923
  27.26759733  23.75045104  20.68696841  18.01863304  15.69447636
  13.67010404  11.906848    10.37102782   9.03330739   7.86813455
   6.85325305   5.96927734   5.19932239   4.52868107   3.94454329
   3.43575127   2.99258645   2.60658382   2.27037024   1.9775236
   1.72245016   1.5002777    1.30676244   1.138208     0.99139477
   0.86351843   0.75213639   0.65512111   0.57061946   0.49701737
   0.43290895   0.37706963   0.32843281   0.28606948   0.24917044]0 1 312.2098259152708 0.007704973220825195 0.007704973220825195 0.0 1.0
0 1 271.93903789811014 0.00988316535949707 0.017588138580322266 0.0 1.0
0 1 236.8626295349813 0.007439851760864258 0.025027990341186523 0.33333333333333337 1.0
0 1 206.31059705097118 0.06255722045898438 0.0875852108001709 0.5714285714285715 1.0
0 1 179.69935797424765 0.040393829345703125 0.12797904014587402 0.5714285714285715 1.0
0 1 156.52060397255676 0.033586978912353516 0.16156601905822754 0.5714285714285715 1.0
0 1 136.33159152101595 0.0336000919342041 0.19516611099243164 0.5714285714285715 1.0
0 1 118.74668494067365 0.03973507881164551 0.23490118980407715 0.7499999999999999 1.0
0 1 103.42999026917344 0.03315114974975586 0.268052339553833 0.7499999999999999 1.0
0 1 90.08893926113359 0.03304600715637207 0.3010983467102051 0.7499999999999999 1.0
0 1 78.46870096453189 0.033331871032714844 0.3344302177429199 0.7499999999999999 1.0
0 1 68.34731412713553 0.03323483467102051 0.36766505241394043 0.7499999999999999 1.0
0 1 59.53144745577994 0.044512033462524414 0.41217708587646484 0.6666666666666665 1.0
0 1 51.85270674408604 0.03967404365539551 0.45185112953186035 0.7272727272727272 1.0
0 1 45.16441833008278 0.038739919662475586 0.49059104919433594 0.7272727272727272 1.0
0 1 39.33882744370648 0.04561209678649902 0.536203145980835 0.6153846153846154 1.0
0 1 34.26465792907022 0.08617115020751953 0.6223742961883545 0.47058823529411764 1.0
0 1 29.84498672911064 0.08572602272033691 0.7081003189086914 0.3636363636363636 1.0
0 1 25.99539253258091 0.1101691722869873 0.8182694911956787 0.3076923076923077 1.0
0 1 22.642343220204207 0.3205702304840088 1.1388397216796875 0.26666666666666666 1.0
0 1 19.721791308170232 0.35564684867858887 1.4944865703582764 0.27586206896551724 1.0
0 1 17.177950560167822 0.629345178604126 2.1238317489624023 0.26666666666666666 1.0
0 1 14.962230399696251 0.5146708488464355 2.638502597808838 0.24242424242424243 1.0
0 1 13.03230776858211 0.43576812744140625 3.074270725250244 0.2222222222222222 1.0
0 1 11.351318703025308 0.41921186447143555 3.4934825897216797 0.2222222222222222 1.0
0 1 9.887154185253786 0.3899097442626953 3.883392333984375 0.21621621621621623 1.0
0 1 8.611846820663045 0.39361095428466797 4.277003288269043 0.20512820512820512 1.0
0 1 7.501036625197576 0.44356203079223633 4.720565319061279 0.19999999999999998 1.0
0 1 6.53350571883761 0.3626058101654053 5.083171129226685 0.20512820512820512 1.0
0 1 5.69077303724795 0.43378305435180664 5.516954183578491 0.18604651162790697 1.0
0 1 4.956741320068812 0.3575313091278076 5.874485492706299 0.1777777777777778 1.0
0 1 4.317389632878279 0.4111778736114502 6.285663366317749 0.1702127659574468 1.0
0 1 3.7605055496069455 4.7491278648376465 11.034791231155396 0.1702127659574468 1.0
0 1 3.2754518797500736 0.9328629970550537 11.96765422821045 0.1702127659574468 1.0
0 1 2.8529634845718124 0.2147829532623291 12.182437181472778 0.16666666666666666 1.0
0 1 2.4849703012340436 0.2908339500427246 12.473271131515503 0.163265306122449 1.0
0 1 2.1644431943866964 0.647913932800293 13.121185064315796 0.163265306122449 1.0
0 1 1.8852596907900219 0.27721428871154785 13.398399353027344 0.163265306122449 1.0
0 1 1.6420870323301746 0.2654578685760498 13.663857221603394 0.163265306122449 1.0
0 1 1.4302803135927475 0.24751687049865723 13.91137409210205 0.163265306122449 1.0
0 1 1.2457937582930971 0.23343801498413086 14.144812107086182 0.163265306122449 1.0
0 1 1.0851034398309916 1.2211840152740479 15.36599612236023 0.1568627450980392 1.0
0 1 0.945139969834425 1.0871210098266602 16.45311713218689 0.1568627450980392 1.0
0 1 0.823229868958621 2.557910919189453 19.011028051376343 0.1568627450980392 1.0
0 1 0.7170445000483404 0.756354808807373 19.767382860183716 0.1481481481481481 1.0
0 1 0.624555588222246 7.631084680557251 27.398467540740967 0.15384615384615383 1.0
0 1 0.5439964782567033 0.8127129077911377 28.211180448532104 0.1481481481481481 1.0
0 1 0.4738283892360109 5.920010089874268 34.13119053840637 0.1509433962264151 1.0
0 1 0.4127110218901976 1.508026123046875 35.63921666145325 0.14545454545454545 1.0
0 1 0.3594769571833539 1.892819881439209 37.532036542892456 0.1481481481481481 1.0
0 0.1 130.20161032759302 0.006351947784423828 37.53838849067688 0.0 1.0
0 0.1 113.40738729625762 0.006643056869506836 37.54503154754639 0.0 1.0
0 0.1 98.77938883400856 0.0063762664794921875 37.55140781402588 0.0 1.0
0 0.1 86.03820166433057 0.006516933441162109 37.55792474746704 0.0 1.0
0 0.1 74.9404529934022 0.0066111087799072266 37.56453585624695 0.0 1.0
0 0.1 65.27416178184274 0.006524085998535156 37.57105994224548 0.0 1.0
0 0.1 56.854689638682785 0.006631135940551758 37.577691078186035 0.0 1.0
0 0.1 49.52121399451067 0.03902482986450195 37.61671590805054 0.5714285714285715 1.0
0 0.1 43.13365618693992 0.03213906288146973 37.64885497093201 0.5714285714285715 1.0
0 0.1 37.570005780944214 0.025833845138549805 37.67468881607056 0.5714285714285715 1.0
0 0.1 32.7239900151928 0.025713205337524414 37.70040202140808 0.5714285714285715 1.0
0 0.1 28.503043857863506 0.025729894638061523 37.72613191604614 0.5714285714285715 1.0
0 0.1 24.826541897430772 0.025668859481811523 37.751800775527954 0.5714285714285715 1.0
0 0.1 21.624258295306348 0.03854632377624512 37.7903470993042 0.7499999999999999 1.0
0 0.1 18.835025383479486 0.025931119918823242 37.81627821922302 0.7499999999999999 1.0
0 0.1 16.405565284674683 0.025792837142944336 37.84207105636597 0.7499999999999999 1.0
0 0.1 14.289472237493916 0.0256650447845459 37.86773610115051 0.7499999999999999 1.0
0 0.1 12.446326187665905 0.025825977325439453 37.89356207847595 0.7499999999999999 1.0
0 0.1 10.840920713874212 0.02564096450805664 37.91920304298401 0.7499999999999999 1.0
0 0.1 9.44259054057033 0.0258791446685791 37.94508218765259 0.7499999999999999 1.0
0 0.1 8.224625792416147 0.02554798126220703 37.970630168914795 0.7499999999999999 1.0
0 0.1 7.163761801874259 0.03869986534118652 38.00933003425598 0.888888888888889 1.0
0 0.1 6.239734724625884 0.04482102394104004 38.05415105819702 0.7272727272727272 1.0
0 0.1 5.43489447450858 0.03223824501037598 38.0863893032074 0.7272727272727272 1.0
0 0.1 4.733867584541418 0.03215599060058594 38.11854529380798 0.7272727272727272 1.0
0 0.1 4.123263554256632 0.07024836540222168 38.188793659210205 0.6153846153846154 1.0
0 0.1 3.591419074200402 0.06406235694885254 38.25285601615906 0.5333333333333333 1.0
0 0.1 3.128175241967003 0.17449021339416504 38.42734622955322 0.4210526315789473 1.0
0 0.1 2.7246835143108377 0.15314292907714844 38.58048915863037 0.38095238095238093 1.0
0 0.1 2.373236688776134 0.08314013481140137 38.66362929344177 0.38095238095238093 1.0
0 0.1 2.0671216863796724 0.3110780715942383 38.97470736503601 0.3333333333333333 1.0
0 0.1 1.8004913233094775 0.2807786464691162 39.25548601150513 0.3076923076923077 1.0
0 0.1 1.5682526223167341 0.23006725311279297 39.48555326461792 0.2857142857142857 1.0
0 0.1 1.3659695304072161 0.40968799591064453 39.895241260528564 0.2962962962962963 1.0
0 0.1 1.1897781846170337 0.26674675941467285 40.16198801994324 0.26666666666666666 1.0
0 0.1 1.036313107341863 0.16048789024353027 40.32247591018677 0.26666666666666666 1.0
0 0.1 0.9026429214570189 0.6375329494476318 40.9600088596344 0.24242424242424243 1.0
0 0.1 0.786214357305898 0.43677210807800293 41.3967809677124 0.2352941176470588 1.0
0 0.1 0.6848034820193963 0.26831817626953125 41.665099143981934 0.2222222222222222 1.0
0 0.1 0.5964732195846044 0.976081371307373 42.64118051528931 0.21621621621621623 1.0
0 0.1 0.5195363502423698 2.22172212600708 44.86290264129639 0.19999999999999998 1.0
0 0.1 0.4525232824553942 3.062251091003418 47.925153732299805 0.19512195121951217 1.0
0 0.1 0.3941539818506903 0.5624768733978271 48.48763060569763 0.19512195121951217 1.0
0 0.1 0.34331352094368267 0.6220958232879639 49.109726428985596 0.19047619047619047 1.0
0 0.1 0.2990307826127625 7.0029449462890625 56.11267137527466 0.25 1.0
0 0.1 0.2604599105337001 0.41904592514038086 56.53171730041504 0.25 1.0
0 0.1 0.22686415225376097 0.18832612037658691 56.720043420791626 0.24390243902439027 1.0
0 0.1 0.19760178628779224 0.3534679412841797 57.073511362075806 0.24390243902439027 1.0
0 0.1 0.17211386442601356 0.2448880672454834 57.31839942932129 0.24390243902439027 1.0
0 0.1 0.14991353511608546 0.1710798740386963 57.489479303359985 0.24390243902439027 1.0
0 0.01 28.211963230963963 0.006372928619384766 57.49585223197937 0.33333333333333337 1.0
0 0.01 24.573006681497752 0.032089948654174805 57.527942180633545 0.5714285714285715 1.0
0 0.01 21.403425646968028 0.025889158248901367 57.553831338882446 0.5714285714285715 1.0
0 0.01 18.642677119777133 0.025799989700317383 57.579631328582764 0.5714285714285715 1.0
0 0.01 16.238027310431736 0.025973796844482422 57.605605125427246 0.5714285714285715 1.0
0 0.01 14.143544365449966 0.02567315101623535 57.63127827644348 0.5714285714285715 1.0
0 0.01 12.319221010851523 0.0258939266204834 57.657172203063965 0.5714285714285715 1.0
0 0.01 10.730210362611421 0.02587103843688965 57.683043241500854 0.5714285714285715 1.0
0 0.01 9.346160307090315 0.038352251052856445 57.72139549255371 0.7499999999999999 1.0
0 0.01 8.140633737265514 0.026011228561401367 57.74740672111511 0.7499999999999999 1.0
0 0.01 7.090603570541246 0.0262908935546875 57.7736976146698 0.7499999999999999 1.0
0 0.01 6.176012902339531 0.02747511863708496 57.801172733306885 0.7499999999999999 1.0
0 0.01 5.379391893848717 0.02579808235168457 57.82697081565857 0.7499999999999999 1.0
0 0.01 4.685524076001097 0.026121854782104492 57.853092670440674 0.7499999999999999 1.0
0 0.01 4.081155695663349 0.026190996170043945 57.87928366661072 0.7499999999999999 1.0
0 0.01 3.554742552184356 0.026049137115478516 57.905332803726196 0.7499999999999999 1.0
0 0.01 3.09622948855821 0.019479036331176758 57.92481184005737 0.7499999999999999 1.0
0 0.01 2.6968583252045994 0.03893017768859863 57.96374201774597 0.888888888888889 1.0
0 0.01 2.349000567658869 0.019510984420776367 57.98325300216675 0.888888888888889 1.0
0 0.01 2.046011692676912 0.04514288902282715 58.028395891189575 0.7272727272727272 1.0
0 0.01 1.7821042294352372 0.02616095542907715 58.05455684661865 0.7272727272727272 1.0
0 0.01 1.5522372115164986 0.05825304985046387 58.112809896469116 0.6666666666666666 1.0
0 0.01 1.3520198880735976 0.06498217582702637 58.17779207229614 0.5714285714285714 1.0
0 0.01 1.1776278549337647 0.08434629440307617 58.26213836669922 0.5000000000000001 1.0
0 0.01 1.0257300036406054 0.09061598777770996 58.35275435447693 0.47058823529411764 1.0
0 0.01 0.8934248930683893 0.09273314476013184 58.44548749923706 0.4444444444444444 1.0
0 0.01 0.7781853282259436 0.0591733455657959 58.504660844802856 0.4444444444444444 1.0
0 0.01 0.6778100876351608 0.11641383171081543 58.62107467651367 0.3478260869565218 1.0
0 0.01 0.590381877216004 0.07111382484436035 58.69218850135803 0.3478260869565218 1.0
0 0.01 0.5142307075440048 0.07187390327453613 58.76406240463257 0.3478260869565218 1.0
0 0.01 0.44790199493955546 0.1608262062072754 58.924888610839844 0.32000000000000006 1.0
0 0.01 0.39012877707943217 0.0901498794555664 59.01503849029541 0.32000000000000006 1.0
0 0.01 0.33980751241358653 0.09074783325195312 59.10578632354736 0.32000000000000006 1.0
0 0.01 0.2959770011254507 0.08416485786437988 59.18995118141174 0.32000000000000006 1.0
0 0.01 0.2578000249994245 0.1225578784942627 59.312509059906006 0.2962962962962963 1.0
0 0.01 0.22454735549379537 0.10889101028442383 59.42140007019043 0.2857142857142857 1.0
0 0.01 0.19558382455304058 0.0779731273651123 59.49937319755554 0.2857142857142857 1.0
0 0.01 0.1703561920944177 0.3531782627105713 59.85255146026611 0.24242424242424243 1.0
0 0.01 0.14838257842248037 0.1579880714416504 60.010539531707764 0.24242424242424243 1.0
0 0.01 0.12924325971726744 0.13474607467651367 60.14528560638428 0.24242424242424243 1.0
0 0.01 0.1125726507783501 0.1220400333404541 60.26732563972473 0.24242424242424243 1.0
0 0.01 0.09805232188500161 0.20577192306518555 60.47309756278992 0.2352941176470588 1.0
0 0.01 0.08540491638568569 0.0975959300994873 60.570693492889404 0.2352941176470588 1.0
0 0.01 0.07438885283512764 0.30269908905029297 60.8733925819397 0.2222222222222222 1.0
0 0.01 0.06479371048308594 0.2949388027191162 61.16833138465881 0.2105263157894737 1.0
0 0.01 0.056436209971818335 0.30919504165649414 61.47752642631531 0.20512820512820512 1.0
0 0.01 0.049156712468482675 0.14156222343444824 61.619088649749756 0.20512820512820512 1.0
0 0.01 0.0428161703614703 0.5759508609771729 62.19503951072693 0.19047619047619047 1.0
0 0.01 0.03729347127511503 0.21913504600524902 62.41417455673218 0.19047619047619047 1.0
0 0.01 0.032483124670098805 0.4905359745025635 62.90471053123474 0.18181818181818182 1.0
