[216.40736058 188.4937774  164.18066384 143.00360867 124.55810333
 108.49181534  94.49785828  82.30892987  71.69220614  62.44489425
  54.39035884  47.37474809  41.26405496  35.94155748  31.30558923
  27.26759733  23.75045104  20.68696841  18.01863304  15.69447636
  13.67010404  11.906848    10.37102782   9.03330739   7.86813455
   6.85325305   5.96927734   5.19932239   4.52868107   3.94454329
   3.43575127   2.99258645   2.60658382   2.27037024   1.9775236
   1.72245016   1.5002777    1.30676244   1.138208     0.99139477
   0.86351843   0.75213639   0.65512111   0.57061946   0.49701737
   0.43290895   0.37706963   0.32843281   0.28606948   0.24917044]0 1 312.2098259152708 0.0005357265472412109 0.0005357265472412109 0.0 1.0
0 1 271.93903789811014 0.0005838871002197266 0.0011196136474609375 0.0 1.0
0 1 236.8626295349813 0.005329132080078125 0.0064487457275390625 0.33333333333333337 1.0
0 1 206.31059705097118 0.027043819427490234 0.0334925651550293 0.5714285714285715 1.0
0 1 179.69935797424765 0.017392873764038086 0.05088543891906738 0.5714285714285715 1.0
0 1 156.52060397255676 0.014130830764770508 0.06501626968383789 0.5714285714285715 1.0
0 1 136.33159152101595 0.012047052383422852 0.07706332206726074 0.5714285714285715 1.0
0 1 118.74668494067365 0.01194906234741211 0.08901238441467285 0.7499999999999999 1.0
0 1 103.42999026917344 0.011350870132446289 0.10036325454711914 0.7499999999999999 1.0
0 1 90.08893926113359 0.011138200759887695 0.11150145530700684 0.7499999999999999 1.0
0 1 78.46870096453189 0.010269880294799805 0.12177133560180664 0.7499999999999999 1.0
0 1 68.34731412713553 0.009959936141967773 0.13173127174377441 0.7499999999999999 1.0
0 1 59.53144745577994 0.01520085334777832 0.14693212509155273 0.6666666666666665 1.0
0 1 51.85270674408604 0.011195182800292969 0.1581273078918457 0.7272727272727272 1.0
0 1 45.16441833008278 0.011246681213378906 0.1693739891052246 0.7272727272727272 1.0
0 1 39.33882744370648 0.015228748321533203 0.1846027374267578 0.6153846153846154 1.0
0 1 34.26465792907022 0.02224111557006836 0.20684385299682617 0.47058823529411764 1.0
0 1 29.84498672911064 0.03501582145690918 0.24185967445373535 0.3636363636363636 1.0
0 1 25.99539253258091 0.04227805137634277 0.2841377258300781 0.3076923076923077 1.0
0 1 22.642343220204207 0.11844778060913086 0.402585506439209 0.26666666666666666 1.0
0 1 19.721791308170232 0.17040205001831055 0.5729875564575195 0.27586206896551724 1.0
0 1 17.177950560167822 0.2479550838470459 0.8209426403045654 0.26666666666666666 1.0
0 1 14.962230399696251 0.18808197975158691 1.0090246200561523 0.24242424242424243 1.0
0 1 13.03230776858211 0.16554498672485352 1.1745696067810059 0.2222222222222222 1.0
0 1 11.351318703025308 0.19440889358520508 1.368978500366211 0.2222222222222222 1.0
0 1 9.887154185253786 0.15892815589904785 1.5279066562652588 0.21621621621621623 1.0
0 1 8.611846820663045 0.1561143398284912 1.68402099609375 0.20512820512820512 1.0
0 1 7.501036625197576 0.17669296264648438 1.8607139587402344 0.19999999999999998 1.0
0 1 6.53350571883761 0.14616894721984863 2.006882905960083 0.20512820512820512 1.0
0 1 5.69077303724795 0.1988821029663086 2.2057650089263916 0.18604651162790697 1.0
0 1 4.956741320068812 0.17212510108947754 2.377890110015869 0.1777777777777778 1.0
0 1 4.317389632878279 0.20944786071777344 2.5873379707336426 0.16666666666666666 1.0
0 1 3.7605055496069455 1.8992950916290283 4.486633062362671 0.1702127659574468 1.0
0 1 3.2754518797500736 0.44002413749694824 4.926657199859619 0.1702127659574468 1.0
0 1 2.8529634845718124 0.2477421760559082 5.174399375915527 0.16666666666666666 1.0
0 1 2.4849703012340436 0.18660902976989746 5.361008405685425 0.163265306122449 1.0
0 1 2.1644431943866964 0.3508279323577881 5.711836338043213 0.163265306122449 1.0
0 1 1.8852596907900219 0.19728422164916992 5.909120559692383 0.163265306122449 1.0
0 1 1.6420870323301746 0.1815040111541748 6.090624570846558 0.163265306122449 1.0
0 1 1.4302803135927475 0.16966509819030762 6.260289669036865 0.163265306122449 1.0
0 1 1.2457937582930971 0.15592670440673828 6.4162163734436035 0.163265306122449 1.0
0 1 1.0851034398309916 0.7130730152130127 7.129289388656616 0.1568627450980392 1.0
0 1 0.945139969834425 0.6950631141662598 7.824352502822876 0.1568627450980392 1.0
0 1 0.823229868958621 0.9191019535064697 8.743454456329346 0.1568627450980392 1.0
0 1 0.7170445000483404 1.5331110954284668 10.276565551757812 0.15384615384615383 1.0
0 1 0.624555588222246 1.7111189365386963 11.987684488296509 0.1509433962264151 1.0
0 1 0.5439964782567033 1.1720073223114014 13.15969181060791 0.1509433962264151 1.0
0 1 0.4738283892360109 1.014503002166748 14.174194812774658 0.1509433962264151 1.0
0 1 0.4127110218901976 1.0408833026885986 15.215078115463257 0.1481481481481481 1.0
0 1 0.3594769571833539 1.0207951068878174 16.235873222351074 0.1481481481481481 1.0
0 0.1 130.20161032759302 0.000492095947265625 16.23636531829834 0.0 1.0
0 0.1 113.40738729625762 0.0005171298980712891 16.23688244819641 0.0 1.0
0 0.1 98.77938883400856 0.0005218982696533203 16.237404346466064 0.0 1.0
0 0.1 86.03820166433057 0.0005190372467041016 16.23792338371277 0.0 1.0
0 0.1 74.9404529934022 0.0005650520324707031 16.23848843574524 0.0 1.0
0 0.1 65.27416178184274 0.0005562305450439453 16.239044666290283 0.0 1.0
0 0.1 56.854689638682785 0.0005881786346435547 16.239632844924927 0.0 1.0
0 0.1 49.52121399451067 0.014001131057739258 16.253633975982666 0.5714285714285715 1.0
0 0.1 43.13365618693992 0.0101470947265625 16.26378107070923 0.5714285714285715 1.0
0 0.1 37.570005780944214 0.009884834289550781 16.27366590499878 0.5714285714285715 1.0
0 0.1 32.7239900151928 0.009407997131347656 16.283073902130127 0.5714285714285715 1.0
0 0.1 28.503043857863506 0.008995771408081055 16.292069673538208 0.5714285714285715 1.0
0 0.1 24.826541897430772 0.007995128631591797 16.3000648021698 0.5714285714285715 1.0
0 0.1 21.624258295306348 0.007626056671142578 16.307690858840942 0.5714285714285715 1.0
0 0.1 18.835025383479486 0.010694026947021484 16.318384885787964 0.7499999999999999 1.0
0 0.1 16.405565284674683 0.00861215591430664 16.32699704170227 0.7499999999999999 1.0
0 0.1 14.289472237493916 0.008582115173339844 16.33557915687561 0.7499999999999999 1.0
0 0.1 12.446326187665905 0.007922887802124023 16.343502044677734 0.7499999999999999 1.0
0 0.1 10.840920713874212 0.007979869842529297 16.351481914520264 0.7499999999999999 1.0
0 0.1 9.44259054057033 0.008089065551757812 16.35957098007202 0.7499999999999999 1.0
0 0.1 8.224625792416147 0.006433010101318359 16.36600399017334 0.7499999999999999 1.0
0 0.1 7.163761801874259 0.009225130081176758 16.375229120254517 0.7499999999999999 1.0
0 0.1 6.239734724625884 0.012083292007446289 16.387312412261963 0.7272727272727272 1.0
0 0.1 5.43489447450858 0.009338140487670898 16.396650552749634 0.7272727272727272 1.0
0 0.1 4.733867584541418 0.00857400894165039 16.405224561691284 0.7272727272727272 1.0
0 0.1 4.123263554256632 0.025815725326538086 16.431040287017822 0.6153846153846154 1.0
0 0.1 3.591419074200402 0.022309303283691406 16.453349590301514 0.5714285714285714 1.0
0 0.1 3.128175241967003 0.046363115310668945 16.499712705612183 0.4210526315789473 1.0
0 0.1 2.7246835143108377 0.023526906967163086 16.523239612579346 0.4210526315789473 1.0
0 0.1 2.373236688776134 0.03853797912597656 16.561777591705322 0.38095238095238093 1.0
0 0.1 2.0671216863796724 0.06496000289916992 16.626737594604492 0.3478260869565218 1.0
0 0.1 1.8004913233094775 0.15521883964538574 16.781956434249878 0.32000000000000006 1.0
0 0.1 1.5682526223167341 0.17797470092773438 16.959931135177612 0.2857142857142857 1.0
0 0.1 1.3659695304072161 0.12955117225646973 17.089482307434082 0.27586206896551724 1.0
0 0.1 1.1897781846170337 0.15848588943481445 17.247968196868896 0.25806451612903225 1.0
0 0.1 1.036313107341863 0.08294892311096191 17.33091711997986 0.25806451612903225 1.0
0 0.1 0.9026429214570189 0.1137237548828125 17.44464087486267 0.24242424242424243 1.0
0 0.1 0.786214357305898 0.13740992546081543 17.582050800323486 0.2352941176470588 1.0
0 0.1 0.6848034820193963 0.08246493339538574 17.664515733718872 0.2352941176470588 1.0
0 0.1 0.5964732195846044 0.3788468837738037 18.043362617492676 0.2285714285714286 1.0
0 0.1 0.5195363502423698 0.48177003860473633 18.525132656097412 0.2222222222222222 1.0
0 0.1 0.4525232824553942 0.6282339096069336 19.153366565704346 0.20512820512820512 1.0
0 0.1 0.3941539818506903 0.9010140895843506 20.054380655288696 0.19999999999999998 1.0
0 0.1 0.34331352094368267 0.4354848861694336 20.48986554145813 0.19512195121951217 1.0
0 0.1 0.2990307826127625 0.3836021423339844 20.873467683792114 0.19047619047619047 1.0
0 0.1 0.2604599105337001 0.6709699630737305 21.544437646865845 0.18181818181818182 1.0
0 0.1 0.22686415225376097 0.38351988792419434 21.92795753479004 0.18181818181818182 1.0
0 0.1 0.19760178628779224 0.17398619651794434 22.101943731307983 0.18181818181818182 1.0
0 0.1 0.17211386442601356 0.11867189407348633 22.22061562538147 0.18181818181818182 1.0
0 0.1 0.14991353511608546 1.9985888004302979 24.219204425811768 0.1739130434782609 1.0
0 0.01 28.211963230963963 0.0006136894226074219 24.219818115234375 0.0 1.0
0 0.01 24.573006681497752 0.012521028518676758 24.23233914375305 0.5714285714285715 1.0
0 0.01 21.403425646968028 0.008646011352539062 24.24098515510559 0.5714285714285715 1.0
0 0.01 18.642677119777133 0.008611202239990234 24.24959635734558 0.5714285714285715 1.0
0 0.01 16.238027310431736 0.007926702499389648 24.25752305984497 0.5714285714285715 1.0
0 0.01 14.143544365449966 0.008019208908081055 24.26554226875305 0.5714285714285715 1.0
0 0.01 12.319221010851523 0.007627010345458984 24.27316927909851 0.5714285714285715 1.0
0 0.01 10.730210362611421 0.007271766662597656 24.28044104576111 0.5714285714285715 1.0
0 0.01 9.346160307090315 0.010412931442260742 24.29085397720337 0.7499999999999999 1.0
0 0.01 8.140633737265514 0.008350849151611328 24.29920482635498 0.7499999999999999 1.0
0 0.01 7.090603570541246 0.007769107818603516 24.306973934173584 0.7499999999999999 1.0
0 0.01 6.176012902339531 0.0077970027923583984 24.314770936965942 0.7499999999999999 1.0
0 0.01 5.379391893848717 0.0075571537017822266 24.322328090667725 0.7499999999999999 1.0
0 0.01 4.685524076001097 0.007763862609863281 24.330091953277588 0.7499999999999999 1.0
0 0.01 4.081155695663349 0.006893157958984375 24.336985111236572 0.7499999999999999 1.0
0 0.01 3.554742552184356 0.007046222686767578 24.34403133392334 0.7499999999999999 1.0
0 0.01 3.09622948855821 0.0054492950439453125 24.349480628967285 0.7499999999999999 1.0
0 0.01 2.6968583252045994 0.005407810211181641 24.354888439178467 0.7499999999999999 1.0
0 0.01 2.349000567658869 0.007431983947753906 24.36232042312622 0.7499999999999999 1.0
0 0.01 2.046011692676912 0.012192964553833008 24.374513387680054 0.7272727272727272 1.0
0 0.01 1.7821042294352372 0.007768869400024414 24.382282257080078 0.7272727272727272 1.0
0 0.01 1.5522372115164986 0.007842063903808594 24.390124320983887 0.7272727272727272 1.0
0 0.01 1.3520198880735976 0.02103900909423828 24.411163330078125 0.6153846153846154 1.0
0 0.01 1.1776278549337647 0.014686107635498047 24.425849437713623 0.6153846153846154 1.0
0 0.01 1.0257300036406054 0.02904987335205078 24.454899311065674 0.4210526315789473 1.0
0 0.01 0.8934248930683893 0.016694068908691406 24.471593379974365 0.4210526315789473 1.0
0 0.01 0.7781853282259436 0.015578031539916992 24.487171411514282 0.4210526315789473 1.0
0 0.01 0.6778100876351608 0.016443967819213867 24.503615379333496 0.4210526315789473 1.0
0 0.01 0.590381877216004 0.037236928939819336 24.540852308273315 0.3636363636363636 1.0
0 0.01 0.5142307075440048 0.02986001968383789 24.570712327957153 0.3636363636363636 1.0
0 0.01 0.44790199493955546 0.05854010581970215 24.629252433776855 0.3076923076923077 1.0
0 0.01 0.39012877707943217 0.05283093452453613 24.68208336830139 0.2962962962962963 1.0
0 0.01 0.33980751241358653 0.05208015441894531 24.734163522720337 0.2857142857142857 1.0
0 0.01 0.2959770011254507 0.03442215919494629 24.768585681915283 0.2857142857142857 1.0
0 0.01 0.2578000249994245 0.03400421142578125 24.802589893341064 0.2857142857142857 1.0
0 0.01 0.22454735549379537 0.06532001495361328 24.867909908294678 0.25806451612903225 1.0
0 0.01 0.19558382455304058 0.04705309867858887 24.914963006973267 0.25806451612903225 1.0
0 0.01 0.1703561920944177 0.04488968849182129 24.959852695465088 0.25806451612903225 1.0
0 0.01 0.14838257842248037 0.04364895820617676 25.003501653671265 0.25806451612903225 1.0
0 0.01 0.12924325971726744 0.04293513298034668 25.04643678665161 0.25806451612903225 1.0
0 0.01 0.1125726507783501 0.041871070861816406 25.088307857513428 0.25806451612903225 1.0
0 0.01 0.09805232188500161 0.03532123565673828 25.123629093170166 0.25806451612903225 1.0
0 0.01 0.08540491638568569 0.2180619239807129 25.34169101715088 0.2105263157894737 1.0
0 0.01 0.07438885283512764 0.2599170207977295 25.60160803794861 0.21621621621621623 1.0
0 0.01 0.06479371048308594 0.09980487823486328 25.70141291618347 0.21621621621621623 1.0
0 0.01 0.056436209971818335 0.08793902397155762 25.78935194015503 0.21621621621621623 1.0
0 0.01 0.049156712468482675 0.14412689208984375 25.933478832244873 0.2105263157894737 1.0
0 0.01 0.0428161703614703 0.07848691940307617 26.01196575164795 0.2105263157894737 1.0
0 0.01 0.03729347127511503 0.15599298477172852 26.167958736419678 0.20512820512820512 1.0
0 0.01 0.032483124670098805 0.15875911712646484 26.326717853546143 0.19999999999999998 1.0
