[216.40736058 188.4937774  164.18066384 143.00360867 124.55810333
 108.49181534  94.49785828  82.30892987  71.69220614  62.44489425
  54.39035884  47.37474809  41.26405496  35.94155748  31.30558923
  27.26759733  23.75045104  20.68696841  18.01863304  15.69447636
  13.67010404  11.906848    10.37102782   9.03330739   7.86813455
   6.85325305   5.96927734   5.19932239   4.52868107   3.94454329
   3.43575127   2.99258645   2.60658382   2.27037024   1.9775236
   1.72245016   1.5002777    1.30676244   1.138208     0.99139477
   0.86351843   0.75213639   0.65512111   0.57061946   0.49701737
   0.43290895   0.37706963   0.32843281   0.28606948   0.24917044]0 1 312.2098259152708 0.0005071163177490234 0.0005071163177490234 0.0 1.0
0 1 271.93903789811014 0.0005278587341308594 0.0010349750518798828 0.0 1.0
0 1 236.8626295349813 0.0062656402587890625 0.007300615310668945 0.33333333333333337 1.0
0 1 206.31059705097118 0.02902388572692871 0.036324501037597656 0.5714285714285715 1.0
0 1 179.69935797424765 0.01907205581665039 0.05539655685424805 0.5714285714285715 1.0
0 1 156.52060397255676 0.015962839126586914 0.07135939598083496 0.5714285714285715 1.0
0 1 136.33159152101595 0.014156103134155273 0.08551549911499023 0.5714285714285715 1.0
0 1 118.74668494067365 0.013628959655761719 0.09914445877075195 0.7499999999999999 1.0
0 1 103.42999026917344 0.012492179870605469 0.11163663864135742 0.7499999999999999 1.0
0 1 90.08893926113359 0.012209892272949219 0.12384653091430664 0.7499999999999999 1.0
0 1 78.46870096453189 0.012130975723266602 0.13597750663757324 0.7499999999999999 1.0
0 1 68.34731412713553 0.011523008346557617 0.14750051498413086 0.7499999999999999 1.0
0 1 59.53144745577994 0.018101930618286133 0.165602445602417 0.6666666666666665 1.0
0 1 51.85270674408604 0.012735128402709961 0.17833757400512695 0.7272727272727272 1.0
0 1 45.16441833008278 0.01306915283203125 0.1914067268371582 0.7272727272727272 1.0
0 1 39.33882744370648 0.01747894287109375 0.20888566970825195 0.6153846153846154 1.0
0 1 34.26465792907022 0.026920080184936523 0.23580574989318848 0.47058823529411764 1.0
0 1 29.84498672911064 0.04110884666442871 0.2769145965576172 0.3636363636363636 1.0
0 1 25.99539253258091 0.05409097671508789 0.3310055732727051 0.3076923076923077 1.0
0 1 22.642343220204207 0.1516580581665039 0.482663631439209 0.26666666666666666 1.0
0 1 19.721791308170232 0.19582009315490723 0.6784837245941162 0.27586206896551724 1.0
0 1 17.177950560167822 0.2588310241699219 0.9373147487640381 0.26666666666666666 1.0
0 1 14.962230399696251 0.23231196403503418 1.1696267127990723 0.24242424242424243 1.0
0 1 13.03230776858211 0.19734692573547363 1.366973638534546 0.2222222222222222 1.0
0 1 11.351318703025308 0.24550819396972656 1.6124818325042725 0.2222222222222222 1.0
0 1 9.887154185253786 0.20090031623840332 1.8133821487426758 0.21621621621621623 1.0
0 1 8.611846820663045 0.20162391662597656 2.0150060653686523 0.20512820512820512 1.0
0 1 7.501036625197576 0.23625397682189941 2.2512600421905518 0.19999999999999998 1.0
0 1 6.53350571883761 0.19526410102844238 2.446524143218994 0.20512820512820512 1.0
0 1 5.69077303724795 0.2650179862976074 2.7115421295166016 0.18604651162790697 1.0
0 1 4.956741320068812 0.23789596557617188 2.9494380950927734 0.1777777777777778 1.0
0 1 4.317389632878279 0.3033792972564697 3.252817392349243 0.16666666666666666 1.0
0 1 3.7605055496069455 2.2636868953704834 5.516504287719727 0.1702127659574468 1.0
0 1 3.2754518797500736 0.5420060157775879 6.0585103034973145 0.1702127659574468 1.0
0 1 2.8529634845718124 0.3721489906311035 6.430659294128418 0.16666666666666666 1.0
0 1 2.4849703012340436 0.30743908882141113 6.738098382949829 0.163265306122449 1.0
0 1 2.1644431943866964 0.46056675910949707 7.198665142059326 0.163265306122449 1.0
0 1 1.8852596907900219 0.30040597915649414 7.49907112121582 0.163265306122449 1.0
0 1 1.6420870323301746 0.283099889755249 7.782171010971069 0.163265306122449 1.0
0 1 1.4302803135927475 0.2602508068084717 8.042421817779541 0.163265306122449 1.0
0 1 1.2457937582930971 0.24458789825439453 8.287009716033936 0.163265306122449 1.0
0 1 1.0851034398309916 1.0462329387664795 9.333242654800415 0.1568627450980392 1.0
0 1 0.945139969834425 1.025892972946167 10.359135627746582 0.1568627450980392 1.0
0 1 0.823229868958621 1.1724941730499268 11.531629800796509 0.1568627450980392 1.0
0 1 0.7170445000483404 2.06074595451355 13.592375755310059 0.15384615384615383 1.0
0 1 0.624555588222246 2.4066648483276367 15.999040603637695 0.1509433962264151 1.0
0 1 0.5439964782567033 1.843421220779419 17.842461824417114 0.1509433962264151 1.0
0 1 0.4738283892360109 1.6545047760009766 19.49696660041809 0.1509433962264151 1.0
0 1 0.4127110218901976 1.7219393253326416 21.218905925750732 0.1481481481481481 1.0
0 1 0.3594769571833539 1.6449978351593018 22.863903760910034 0.1481481481481481 1.0
0 0.1 130.20161032759302 0.0004930496215820312 22.864396810531616 0.0 1.0
0 0.1 113.40738729625762 0.0005130767822265625 22.864909887313843 0.0 1.0
0 0.1 98.77938883400856 0.0005290508270263672 22.86543893814087 0.0 1.0
0 0.1 86.03820166433057 0.0005218982696533203 22.865960836410522 0.0 1.0
0 0.1 74.9404529934022 0.0005550384521484375 22.86651587486267 0.0 1.0
0 0.1 65.27416178184274 0.0005540847778320312 22.867069959640503 0.0 1.0
0 0.1 56.854689638682785 0.0006010532379150391 22.867671012878418 0.0 1.0
0 0.1 49.52121399451067 0.01637101173400879 22.884042024612427 0.5714285714285715 1.0
0 0.1 43.13365618693992 0.012039899826049805 22.896081924438477 0.5714285714285715 1.0
0 0.1 37.570005780944214 0.011624813079833984 22.90770673751831 0.5714285714285715 1.0
0 0.1 32.7239900151928 0.010898828506469727 22.91860556602478 0.5714285714285715 1.0
0 0.1 28.503043857863506 0.010378837585449219 22.92898440361023 0.5714285714285715 1.0
0 0.1 24.826541897430772 0.009299993515014648 22.938284397125244 0.5714285714285715 1.0
0 0.1 21.624258295306348 0.009301900863647461 22.94758629798889 0.5714285714285715 1.0
0 0.1 18.835025383479486 0.012505292892456055 22.960091590881348 0.7499999999999999 1.0
0 0.1 16.405565284674683 0.009984016418457031 22.970075607299805 0.7499999999999999 1.0
0 0.1 14.289472237493916 0.00993490219116211 22.980010509490967 0.7499999999999999 1.0
0 0.1 12.446326187665905 0.009984016418457031 22.989994525909424 0.7499999999999999 1.0
0 0.1 10.840920713874212 0.009439945220947266 22.99943447113037 0.7499999999999999 1.0
0 0.1 9.44259054057033 0.009449958801269531 23.00888442993164 0.7499999999999999 1.0
0 0.1 8.224625792416147 0.007965803146362305 23.016850233078003 0.7499999999999999 1.0
0 0.1 7.163761801874259 0.011302947998046875 23.02815318107605 0.7499999999999999 1.0
0 0.1 6.239734724625884 0.014648199081420898 23.04280138015747 0.7272727272727272 1.0
0 0.1 5.43489447450858 0.01139211654663086 23.0541934967041 0.7272727272727272 1.0
0 0.1 4.733867584541418 0.009797096252441406 23.063990592956543 0.7272727272727272 1.0
0 0.1 4.123263554256632 0.029273033142089844 23.093263626098633 0.6153846153846154 1.0
0 0.1 3.591419074200402 0.026399850845336914 23.11966347694397 0.5714285714285714 1.0
0 0.1 3.128175241967003 0.05388474464416504 23.173548221588135 0.4210526315789473 1.0
0 0.1 2.7246835143108377 0.02975177764892578 23.20329999923706 0.4210526315789473 1.0
0 0.1 2.373236688776134 0.04475593566894531 23.248055934906006 0.38095238095238093 1.0
0 0.1 2.0671216863796724 0.08118486404418945 23.329240798950195 0.3478260869565218 1.0
0 0.1 1.8004913233094775 0.17510008811950684 23.504340887069702 0.32000000000000006 1.0
0 0.1 1.5682526223167341 0.19092416763305664 23.69526505470276 0.2857142857142857 1.0
0 0.1 1.3659695304072161 0.1602458953857422 23.8555109500885 0.27586206896551724 1.0
0 0.1 1.1897781846170337 0.2109661102294922 24.066477060317993 0.25806451612903225 1.0
0 0.1 1.036313107341863 0.10588693618774414 24.172363996505737 0.25806451612903225 1.0
0 0.1 0.9026429214570189 0.15085172653198242 24.32321572303772 0.24242424242424243 1.0
0 0.1 0.786214357305898 0.16671299934387207 24.489928722381592 0.2352941176470588 1.0
0 0.1 0.6848034820193963 0.10861492156982422 24.598543643951416 0.2352941176470588 1.0
0 0.1 0.5964732195846044 0.4565579891204834 25.0551016330719 0.2285714285714286 1.0
0 0.1 0.5195363502423698 0.6036560535430908 25.65875768661499 0.2222222222222222 1.0
0 0.1 0.4525232824553942 0.6967470645904541 26.355504751205444 0.20512820512820512 1.0
0 0.1 0.3941539818506903 1.0048460960388184 27.360350847244263 0.19999999999999998 1.0
0 0.1 0.34331352094368267 0.5608727931976318 27.921223640441895 0.19512195121951217 1.0
0 0.1 0.2990307826127625 0.4334118366241455 28.35463547706604 0.19047619047619047 1.0
0 0.1 0.2604599105337001 1.361943006515503 29.716578483581543 0.18181818181818182 1.0
0 0.1 0.22686415225376097 0.6326332092285156 30.34921169281006 0.18181818181818182 1.0
0 0.1 0.19760178628779224 0.3310856819152832 30.680297374725342 0.18181818181818182 1.0
0 0.1 0.17211386442601356 0.21121597290039062 30.891513347625732 0.18181818181818182 1.0
0 0.1 0.14991353511608546 2.8769378662109375 33.76845121383667 0.1739130434782609 1.0
0 0.01 28.211963230963963 0.0006072521209716797 33.76905846595764 0.0 1.0
0 0.01 24.573006681497752 0.013689994812011719 33.78274846076965 0.5714285714285715 1.0
0 0.01 21.403425646968028 0.009979009628295898 33.79272747039795 0.5714285714285715 1.0
0 0.01 18.642677119777133 0.00999307632446289 33.80272054672241 0.5714285714285715 1.0
0 0.01 16.238027310431736 0.009479761123657227 33.81220030784607 0.5714285714285715 1.0
0 0.01 14.143544365449966 0.009550809860229492 33.8217511177063 0.5714285714285715 1.0
0 0.01 12.319221010851523 0.009418964385986328 33.831170082092285 0.5714285714285715 1.0
0 0.01 10.730210362611421 0.00835108757019043 33.839521169662476 0.5714285714285715 1.0
0 0.01 9.346160307090315 0.011590242385864258 33.85111141204834 0.7499999999999999 1.0
0 0.01 8.140633737265514 0.009479045867919922 33.86059045791626 0.7499999999999999 1.0
0 0.01 7.090603570541246 0.009287118911743164 33.869877576828 0.7499999999999999 1.0
0 0.01 6.176012902339531 0.008848905563354492 33.87872648239136 0.7499999999999999 1.0
0 0.01 5.379391893848717 0.008873939514160156 33.88760042190552 0.7499999999999999 1.0
0 0.01 4.685524076001097 0.008903026580810547 33.89650344848633 0.7499999999999999 1.0
0 0.01 4.081155695663349 0.008908987045288086 33.905412435531616 0.7499999999999999 1.0
0 0.01 3.554742552184356 0.008439064025878906 33.913851499557495 0.7499999999999999 1.0
0 0.01 3.09622948855821 0.007428884506225586 33.92128038406372 0.7499999999999999 1.0
0 0.01 2.6968583252045994 0.006930828094482422 33.9282112121582 0.7499999999999999 1.0
0 0.01 2.349000567658869 0.009585142135620117 33.93779635429382 0.7499999999999999 1.0
0 0.01 2.046011692676912 0.013093948364257812 33.95089030265808 0.7272727272727272 1.0
0 0.01 1.7821042294352372 0.00977778434753418 33.960668087005615 0.7272727272727272 1.0
0 0.01 1.5522372115164986 0.009792089462280273 33.970460176467896 0.7272727272727272 1.0
0 0.01 1.3520198880735976 0.02464580535888672 33.99510598182678 0.6153846153846154 1.0
0 0.01 1.1776278549337647 0.018059968948364258 34.01316595077515 0.6153846153846154 1.0
0 0.01 1.0257300036406054 0.03369593620300293 34.04686188697815 0.4210526315789473 1.0
0 0.01 0.8934248930683893 0.02154397964477539 34.068405866622925 0.4210526315789473 1.0
0 0.01 0.7781853282259436 0.020797014236450195 34.089202880859375 0.4210526315789473 1.0
0 0.01 0.6778100876351608 0.022019147872924805 34.1112220287323 0.4210526315789473 1.0
0 0.01 0.590381877216004 0.04606795310974121 34.15728998184204 0.3636363636363636 1.0
0 0.01 0.5142307075440048 0.03925895690917969 34.19654893875122 0.3636363636363636 1.0
0 0.01 0.44790199493955546 0.07187485694885254 34.26842379570007 0.3076923076923077 1.0
0 0.01 0.39012877707943217 0.06263923645019531 34.33106303215027 0.2962962962962963 1.0
0 0.01 0.33980751241358653 0.06250381469726562 34.393566846847534 0.2857142857142857 1.0
0 0.01 0.2959770011254507 0.044400930404663086 34.4379677772522 0.2857142857142857 1.0
0 0.01 0.2578000249994245 0.043205976486206055 34.4811737537384 0.2857142857142857 1.0
0 0.01 0.22454735549379537 0.07664108276367188 34.557814836502075 0.25806451612903225 1.0
0 0.01 0.19558382455304058 0.06009101867675781 34.61790585517883 0.25806451612903225 1.0
0 0.01 0.1703561920944177 0.05827212333679199 34.676177978515625 0.25806451612903225 1.0
0 0.01 0.14838257842248037 0.057359933853149414 34.733537912368774 0.25806451612903225 1.0
0 0.01 0.12924325971726744 0.05601382255554199 34.789551734924316 0.25806451612903225 1.0
0 0.01 0.1125726507783501 0.05468130111694336 34.84423303604126 0.25806451612903225 1.0
0 0.01 0.09805232188500161 0.047396183013916016 34.891629219055176 0.25806451612903225 1.0
0 0.01 0.08540491638568569 0.2609877586364746 35.15261697769165 0.2105263157894737 1.0
0 0.01 0.07438885283512764 0.29844021797180176 35.45105719566345 0.21621621621621623 1.0
0 0.01 0.06479371048308594 0.13366985321044922 35.5847270488739 0.21621621621621623 1.0
0 0.01 0.056436209971818335 0.1316690444946289 35.71639609336853 0.21621621621621623 1.0
0 0.01 0.049156712468482675 0.18722891807556152 35.90362501144409 0.2105263157894737 1.0
0 0.01 0.0428161703614703 0.1195688247680664 36.02319383621216 0.2105263157894737 1.0
0 0.01 0.03729347127511503 0.20038485527038574 36.223578691482544 0.20512820512820512 1.0
0 0.01 0.032483124670098805 0.20861077308654785 36.43218946456909 0.19999999999999998 1.0
