[216.40736058 188.4937774  164.18066384 143.00360867 124.55810333
 108.49181534  94.49785828  82.30892987  71.69220614  62.44489425
  54.39035884  47.37474809  41.26405496  35.94155748  31.30558923
  27.26759733  23.75045104  20.68696841  18.01863304  15.69447636
  13.67010404  11.906848    10.37102782   9.03330739   7.86813455
   6.85325305   5.96927734   5.19932239   4.52868107   3.94454329
   3.43575127   2.99258645   2.60658382   2.27037024   1.9775236
   1.72245016   1.5002777    1.30676244   1.138208     0.99139477
   0.86351843   0.75213639   0.65512111   0.57061946   0.49701737
   0.43290895   0.37706963   0.32843281   0.28606948   0.24917044]0 1 312.2098259152708 0.0005590915679931641 0.0005590915679931641 0.0 1.0
0 1 271.93903789811014 0.0005681514739990234 0.0011272430419921875 0.0 1.0
0 1 236.8626295349813 0.004714012145996094 0.005841255187988281 0.33333333333333337 1.0
0 1 206.31059705097118 0.02192997932434082 0.0277712345123291 0.5714285714285715 1.0
0 1 179.69935797424765 0.013638973236083984 0.041410207748413086 0.5714285714285715 1.0
0 1 156.52060397255676 0.011434078216552734 0.05284428596496582 0.5714285714285715 1.0
0 1 136.33159152101595 0.009920120239257812 0.06276440620422363 0.5714285714285715 1.0
0 1 118.74668494067365 0.009794235229492188 0.07255864143371582 0.7499999999999999 1.0
0 1 103.42999026917344 0.009357929229736328 0.08191657066345215 0.7499999999999999 1.0
0 1 90.08893926113359 0.008761167526245117 0.09067773818969727 0.7499999999999999 1.0
0 1 78.46870096453189 0.00814199447631836 0.09881973266601562 0.7499999999999999 1.0
0 1 68.34731412713553 0.008128166198730469 0.1069478988647461 0.7499999999999999 1.0
0 1 59.53144745577994 0.01140594482421875 0.11835384368896484 0.6666666666666665 1.0
0 1 51.85270674408604 0.008733987808227539 0.12708783149719238 0.7272727272727272 1.0
0 1 45.16441833008278 0.009021759033203125 0.1361095905303955 0.7272727272727272 1.0
0 1 39.33882744370648 0.011827945709228516 0.14793753623962402 0.6153846153846154 1.0
0 1 34.26465792907022 0.016059160232543945 0.16399669647216797 0.47058823529411764 1.0
0 1 29.84498672911064 0.02686905860900879 0.19086575508117676 0.3636363636363636 1.0
0 1 25.99539253258091 0.029281139373779297 0.22014689445495605 0.3076923076923077 1.0
0 1 22.642343220204207 0.08257818222045898 0.30272507667541504 0.26666666666666666 1.0
0 1 19.721791308170232 0.09937310218811035 0.4020981788635254 0.27586206896551724 1.0
0 1 17.177950560167822 0.1627957820892334 0.5648939609527588 0.26666666666666666 1.0
0 1 14.962230399696251 0.14048314094543457 0.7053771018981934 0.24242424242424243 1.0
0 1 13.03230776858211 0.1243131160736084 0.8296902179718018 0.2222222222222222 1.0
0 1 11.351318703025308 0.13731598854064941 0.9670062065124512 0.2222222222222222 1.0
0 1 9.887154185253786 0.11574125289916992 1.082747459411621 0.21621621621621623 1.0
0 1 8.611846820663045 0.12264800071716309 1.2053954601287842 0.20512820512820512 1.0
0 1 7.501036625197576 0.1257781982421875 1.3311736583709717 0.19999999999999998 1.0
0 1 6.53350571883761 0.10298800468444824 1.43416166305542 0.20512820512820512 1.0
0 1 5.69077303724795 0.13465595245361328 1.5688176155090332 0.18604651162790697 1.0
0 1 4.956741320068812 0.11305093765258789 1.681868553161621 0.1777777777777778 1.0
0 1 4.317389632878279 0.13756203651428223 1.8194305896759033 0.1702127659574468 1.0
0 1 3.7605055496069455 1.5858979225158691 3.4053285121917725 0.1702127659574468 1.0
0 1 3.2754518797500736 0.3442208766937256 3.749549388885498 0.1702127659574468 1.0
0 1 2.8529634845718124 0.1268479824066162 3.8763973712921143 0.16666666666666666 1.0
0 1 2.4849703012340436 0.08715391159057617 3.9635512828826904 0.163265306122449 1.0
0 1 2.1644431943866964 0.2495579719543457 4.213109254837036 0.163265306122449 1.0
0 1 1.8852596907900219 0.10966110229492188 4.322770357131958 0.163265306122449 1.0
0 1 1.6420870323301746 0.09555983543395996 4.418330192565918 0.163265306122449 1.0
0 1 1.4302803135927475 0.08292603492736816 4.501256227493286 0.163265306122449 1.0
0 1 1.2457937582930971 0.08060693740844727 4.581863164901733 0.163265306122449 1.0
0 1 1.0851034398309916 0.3968987464904785 4.978761911392212 0.1568627450980392 1.0
0 1 0.945139969834425 0.4000101089477539 5.378772020339966 0.1568627450980392 1.0
0 1 0.823229868958621 0.7093040943145752 6.088076114654541 0.1568627450980392 1.0
0 1 0.7170445000483404 1.0385141372680664 7.126590251922607 0.1509433962264151 1.0
0 1 0.624555588222246 1.1174259185791016 8.244016170501709 0.1509433962264151 1.0
0 1 0.5439964782567033 0.6035771369934082 8.847593307495117 0.1509433962264151 1.0
0 1 0.4738283892360109 0.4814138412475586 9.329007148742676 0.1509433962264151 1.0
0 1 0.4127110218901976 0.45673489570617676 9.785742044448853 0.1481481481481481 1.0
0 1 0.3594769571833539 0.45691871643066406 10.242660760879517 0.1481481481481481 1.0
0 0.1 130.20161032759302 0.0004968643188476562 10.243157625198364 0.0 1.0
0 0.1 113.40738729625762 0.0004911422729492188 10.243648767471313 0.0 1.0
0 0.1 98.77938883400856 0.0005209445953369141 10.24416971206665 0.0 1.0
0 0.1 86.03820166433057 0.000518798828125 10.244688510894775 0.0 1.0
0 0.1 74.9404529934022 0.0005741119384765625 10.245262622833252 0.0 1.0
0 0.1 65.27416178184274 0.0006189346313476562 10.2458815574646 0.0 1.0
0 0.1 56.854689638682785 0.00060272216796875 10.246484279632568 0.0 1.0
0 0.1 49.52121399451067 0.011950254440307617 10.258434534072876 0.5714285714285715 1.0
0 0.1 43.13365618693992 0.00854182243347168 10.266976356506348 0.5714285714285715 1.0
0 0.1 37.570005780944214 0.008108854293823242 10.275085210800171 0.5714285714285715 1.0
0 0.1 32.7239900151928 0.007730960845947266 10.282816171646118 0.5714285714285715 1.0
0 0.1 28.503043857863506 0.0070459842681884766 10.289862155914307 0.5714285714285715 1.0
0 0.1 24.826541897430772 0.0058481693267822266 10.295710325241089 0.5714285714285715 1.0
0 0.1 21.624258295306348 0.005935192108154297 10.301645517349243 0.5714285714285715 1.0
0 0.1 18.835025383479486 0.009070158004760742 10.310715675354004 0.7499999999999999 1.0
0 0.1 16.405565284674683 0.006851911544799805 10.317567586898804 0.7499999999999999 1.0
0 0.1 14.289472237493916 0.006259918212890625 10.323827505111694 0.7499999999999999 1.0
0 0.1 12.446326187665905 0.0063629150390625 10.330190420150757 0.7499999999999999 1.0
0 0.1 10.840920713874212 0.0065538883209228516 10.33674430847168 0.7499999999999999 1.0
0 0.1 9.44259054057033 0.006533145904541016 10.34327745437622 0.7499999999999999 1.0
0 0.1 8.224625792416147 0.00492095947265625 10.348198413848877 0.7499999999999999 1.0
0 0.1 7.163761801874259 0.006181240081787109 10.354379653930664 0.7499999999999999 1.0
0 0.1 6.239734724625884 0.009474039077758789 10.363853693008423 0.7272727272727272 1.0
0 0.1 5.43489447450858 0.007289886474609375 10.371143579483032 0.7272727272727272 1.0
0 0.1 4.733867584541418 0.006057024002075195 10.377200603485107 0.7272727272727272 1.0
0 0.1 4.123263554256632 0.019703149795532227 10.39690375328064 0.6153846153846154 1.0
0 0.1 3.591419074200402 0.017391204833984375 10.414294958114624 0.5714285714285714 1.0
0 0.1 3.128175241967003 0.03869485855102539 10.45298981666565 0.4210526315789473 1.0
0 0.1 2.7246835143108377 0.015625 10.46861481666565 0.4210526315789473 1.0
0 0.1 2.373236688776134 0.031461238861083984 10.500076055526733 0.38095238095238093 1.0
0 0.1 2.0671216863796724 0.050927162170410156 10.551003217697144 0.3478260869565218 1.0
0 0.1 1.8004913233094775 0.12344908714294434 10.674452304840088 0.32000000000000006 1.0
0 0.1 1.5682526223167341 0.17939209938049316 10.853844404220581 0.2857142857142857 1.0
0 0.1 1.3659695304072161 0.0985562801361084 10.95240068435669 0.27586206896551724 1.0
0 0.1 1.1897781846170337 0.10513710975646973 11.05753779411316 0.25806451612903225 1.0
0 0.1 1.036313107341863 0.0589909553527832 11.116528749465942 0.25806451612903225 1.0
0 0.1 0.9026429214570189 0.07701396942138672 11.193542718887329 0.24242424242424243 1.0
0 0.1 0.786214357305898 0.10209798812866211 11.295640707015991 0.2352941176470588 1.0
0 0.1 0.6848034820193963 0.05540895462036133 11.351049661636353 0.2352941176470588 1.0
0 0.1 0.5964732195846044 0.2924010753631592 11.643450736999512 0.2285714285714286 1.0
0 0.1 0.5195363502423698 0.3503601551055908 11.993810892105103 0.2222222222222222 1.0
0 0.1 0.4525232824553942 0.5482611656188965 12.542072057723999 0.20512820512820512 1.0
0 0.1 0.3941539818506903 0.8010849952697754 13.343157052993774 0.19999999999999998 1.0
0 0.1 0.34331352094368267 0.2697908878326416 13.612947940826416 0.19512195121951217 1.0
0 0.1 0.2990307826127625 0.31643009185791016 13.929378032684326 0.19047619047619047 1.0
0 0.1 0.2604599105337001 0.365185022354126 14.294563055038452 0.18604651162790697 1.0
0 0.1 0.22686415225376097 0.15776777267456055 14.452330827713013 0.18181818181818182 1.0
0 0.1 0.19760178628779224 0.07935810089111328 14.531688928604126 0.18181818181818182 1.0
0 0.1 0.17211386442601356 0.055191993713378906 14.586880922317505 0.18181818181818182 1.0
0 0.1 0.14991353511608546 1.0667140483856201 15.653594970703125 0.1739130434782609 1.0
0 0.01 28.211963230963963 0.0006000995635986328 15.654195070266724 0.0 1.0
0 0.01 24.573006681497752 0.010102987289428711 15.664298057556152 0.5714285714285715 1.0
0 0.01 21.403425646968028 0.00677037239074707 15.6710684299469 0.5714285714285715 1.0
0 0.01 18.642677119777133 0.006429910659790039 15.67749834060669 0.5714285714285715 1.0
0 0.01 16.238027310431736 0.0067560672760009766 15.68425440788269 0.5714285714285715 1.0
0 0.01 14.143544365449966 0.006632804870605469 15.690887212753296 0.5714285714285715 1.0
0 0.01 12.319221010851523 0.005977630615234375 15.69686484336853 0.5714285714285715 1.0
0 0.01 10.730210362611421 0.005232095718383789 15.702096939086914 0.5714285714285715 1.0
0 0.01 9.346160307090315 0.008109092712402344 15.710206031799316 0.7499999999999999 1.0
0 0.01 8.140633737265514 0.005714893341064453 15.71592092514038 0.7499999999999999 1.0
0 0.01 7.090603570541246 0.005797863006591797 15.721718788146973 0.7499999999999999 1.0
0 0.01 6.176012902339531 0.006081819534301758 15.727800607681274 0.7499999999999999 1.0
0 0.01 5.379391893848717 0.005952119827270508 15.733752727508545 0.7499999999999999 1.0
0 0.01 4.685524076001097 0.005254030227661133 15.739006757736206 0.7499999999999999 1.0
0 0.01 4.081155695663349 0.0052852630615234375 15.74429202079773 0.7499999999999999 1.0
0 0.01 3.554742552184356 0.00552821159362793 15.749820232391357 0.7499999999999999 1.0
0 0.01 3.09622948855821 0.0038177967071533203 15.75363802909851 0.7499999999999999 1.0
0 0.01 2.6968583252045994 0.003762960433959961 15.75740098953247 0.7499999999999999 1.0
0 0.01 2.349000567658869 0.005274057388305664 15.762675046920776 0.7499999999999999 1.0
0 0.01 2.046011692676912 0.009315729141235352 15.771990776062012 0.7272727272727272 1.0
0 0.01 1.7821042294352372 0.005529880523681641 15.777520656585693 0.7272727272727272 1.0
0 0.01 1.5522372115164986 0.00533604621887207 15.782856702804565 0.7272727272727272 1.0
0 0.01 1.3520198880735976 0.01694178581237793 15.799798488616943 0.6153846153846154 1.0
0 0.01 1.1776278549337647 0.010746002197265625 15.810544490814209 0.6153846153846154 1.0
0 0.01 1.0257300036406054 0.02412700653076172 15.83467149734497 0.4210526315789473 1.0
0 0.01 0.8934248930683893 0.011690139770507812 15.846361637115479 0.4210526315789473 1.0
0 0.01 0.7781853282259436 0.010492086410522461 15.856853723526001 0.4210526315789473 1.0
0 0.01 0.6778100876351608 0.011328935623168945 15.86818265914917 0.4210526315789473 1.0
0 0.01 0.590381877216004 0.027785301208496094 15.895967960357666 0.3636363636363636 1.0
0 0.01 0.5142307075440048 0.01961803436279297 15.915585994720459 0.3636363636363636 1.0
0 0.01 0.44790199493955546 0.0431208610534668 15.958706855773926 0.3076923076923077 1.0
0 0.01 0.39012877707943217 0.038968801498413086 15.997675657272339 0.2962962962962963 1.0
0 0.01 0.33980751241358653 0.043111324310302734 16.04078698158264 0.2857142857142857 1.0
0 0.01 0.2959770011254507 0.0234982967376709 16.064285278320312 0.2857142857142857 1.0
0 0.01 0.2578000249994245 0.02309894561767578 16.08738422393799 0.2857142857142857 1.0
0 0.01 0.22454735549379537 0.04804420471191406 16.135428428649902 0.25806451612903225 1.0
0 0.01 0.19558382455304058 0.03194093704223633 16.16736936569214 0.25806451612903225 1.0
0 0.01 0.1703561920944177 0.030719995498657227 16.198089361190796 0.25806451612903225 1.0
0 0.01 0.14838257842248037 0.029623031616210938 16.227712392807007 0.25806451612903225 1.0
0 0.01 0.12924325971726744 0.028590917587280273 16.256303310394287 0.25806451612903225 1.0
0 0.01 0.1125726507783501 0.027364730834960938 16.283668041229248 0.25806451612903225 1.0
0 0.01 0.09805232188500161 0.021981239318847656 16.305649280548096 0.25806451612903225 1.0
0 0.01 0.08540491638568569 0.17982697486877441 16.48547625541687 0.2105263157894737 1.0
0 0.01 0.07438885283512764 0.20565199851989746 16.691128253936768 0.21621621621621623 1.0
0 0.01 0.06479371048308594 0.05595111846923828 16.747079372406006 0.21621621621621623 1.0
0 0.01 0.056436209971818335 0.05205988883972168 16.799139261245728 0.21621621621621623 1.0
0 0.01 0.049156712468482675 0.10441303253173828 16.903552293777466 0.2105263157894737 1.0
0 0.01 0.0428161703614703 0.03348708152770996 16.937039375305176 0.2105263157894737 1.0
0 0.01 0.03729347127511503 0.10405111312866211 17.041090488433838 0.20512820512820512 1.0
0 0.01 0.032483124670098805 0.11121821403503418 17.152308702468872 0.19999999999999998 1.0
