[216.40736058 188.4937774  164.18066384 143.00360867 124.55810333
 108.49181534  94.49785828  82.30892987  71.69220614  62.44489425
  54.39035884  47.37474809  41.26405496  35.94155748  31.30558923
  27.26759733  23.75045104  20.68696841  18.01863304  15.69447636
  13.67010404  11.906848    10.37102782   9.03330739   7.86813455
   6.85325305   5.96927734   5.19932239   4.52868107   3.94454329
   3.43575127   2.99258645   2.60658382   2.27037024   1.9775236
   1.72245016   1.5002777    1.30676244   1.138208     0.99139477
   0.86351843   0.75213639   0.65512111   0.57061946   0.49701737
   0.43290895   0.37706963   0.32843281   0.28606948   0.24917044]0 1 312.2098259152708 0.0012056827545166016 0.0012056827545166016 0.0 1.0
0 1 271.93903789811014 0.0011820793151855469 0.0023877620697021484 0.0 1.0
0 1 236.8626295349813 0.040284156799316406 0.042671918869018555 0.33333333333333337 1.0
0 1 206.31059705097118 0.03025197982788086 0.07292389869689941 0.5714285714285715 1.0
0 1 179.69935797424765 0.018501996994018555 0.09142589569091797 0.5714285714285715 1.0
0 1 156.52060397255676 0.015166044235229492 0.10659193992614746 0.5714285714285715 1.0
0 1 136.33159152101595 0.013163089752197266 0.11975502967834473 0.5714285714285715 1.0
0 1 118.74668494067365 0.03476595878601074 0.15452098846435547 0.7499999999999999 1.0
0 1 103.42999026917344 0.021957874298095703 0.17647886276245117 0.7499999999999999 1.0
0 1 90.08893926113359 0.01747894287109375 0.19395780563354492 0.7499999999999999 1.0
0 1 78.46870096453189 0.014660120010375977 0.2086179256439209 0.7499999999999999 1.0
0 1 68.34731412713553 0.012954950332641602 0.2215728759765625 0.7499999999999999 1.0
0 1 59.53144745577994 0.012969970703125 0.2345428466796875 0.6666666666666665 1.0
0 1 51.85270674408604 0.01922917366027832 0.2537720203399658 0.7272727272727272 1.0
0 1 45.16441833008278 0.01675891876220703 0.27053093910217285 0.7272727272727272 1.0
0 1 39.33882744370648 0.020944833755493164 0.291475772857666 0.6153846153846154 1.0
0 1 34.26465792907022 0.03080606460571289 0.3222818374633789 0.47058823529411764 1.0
0 1 29.84498672911064 0.037915706634521484 0.3601975440979004 0.3636363636363636 1.0
0 1 25.99539253258091 0.05156111717224121 0.4117586612701416 0.3076923076923077 1.0
0 1 22.642343220204207 0.1413109302520752 0.5530695915222168 0.26666666666666666 1.0
0 1 19.721791308170232 0.16805291175842285 0.7211225032806396 0.27586206896551724 1.0
0 1 17.177950560167822 0.3074638843536377 1.0285863876342773 0.26666666666666666 1.0
0 1 14.962230399696251 0.23736190795898438 1.2659482955932617 0.24242424242424243 1.0
0 1 13.03230776858211 0.21811985969543457 1.4840681552886963 0.2222222222222222 1.0
0 1 11.351318703025308 0.21877813339233398 1.7028462886810303 0.2222222222222222 1.0
0 1 9.887154185253786 0.1732189655303955 1.8760652542114258 0.21621621621621623 1.0
0 1 8.611846820663045 0.17142868041992188 2.0474939346313477 0.20512820512820512 1.0
0 1 7.501036625197576 0.20929694175720215 2.25679087638855 0.19999999999999998 1.0
0 1 6.53350571883761 0.16419076919555664 2.4209816455841064 0.20512820512820512 1.0
0 1 5.69077303724795 0.22391390800476074 2.644895553588867 0.18604651162790697 1.0
0 1 4.956741320068812 0.1789560317993164 2.8238515853881836 0.1777777777777778 1.0
0 1 4.317389632878279 0.23476099967956543 3.058612585067749 0.16666666666666666 1.0
0 1 3.7605055496069455 2.0593619346618652 5.117974519729614 0.1702127659574468 1.0
0 1 3.2754518797500736 0.4262709617614746 5.544245481491089 0.1702127659574468 1.0
0 1 2.8529634845718124 0.2291710376739502 5.773416519165039 0.16666666666666666 1.0
0 1 2.4849703012340436 0.18680667877197266 5.960223197937012 0.163265306122449 1.0
0 1 2.1644431943866964 0.30072975158691406 6.260952949523926 0.163265306122449 1.0
0 1 1.8852596907900219 0.17653393745422363 6.437486886978149 0.163265306122449 1.0
0 1 1.6420870323301746 0.15933489799499512 6.5968217849731445 0.163265306122449 1.0
0 1 1.4302803135927475 0.14913487434387207 6.745956659317017 0.163265306122449 1.0
0 1 1.2457937582930971 0.13774895668029785 6.8837056159973145 0.163265306122449 1.0
0 1 1.0851034398309916 0.5218150615692139 7.405520677566528 0.1568627450980392 1.0
0 1 0.945139969834425 0.44094109535217285 7.846461772918701 0.1568627450980392 1.0
0 1 0.823229868958621 0.5778810977935791 8.42434287071228 0.1568627450980392 1.0
0 1 0.7170445000483404 1.013355016708374 9.437697887420654 0.15384615384615383 1.0
0 1 0.624555588222246 1.0175580978393555 10.45525598526001 0.1509433962264151 1.0
0 1 0.5439964782567033 0.7336130142211914 11.188868999481201 0.1509433962264151 1.0
0 1 0.4738283892360109 0.6539461612701416 11.842815160751343 0.1509433962264151 1.0
0 1 0.4127110218901976 0.6599099636077881 12.50272512435913 0.1481481481481481 1.0
0 1 0.3594769571833539 0.6299259662628174 13.132651090621948 0.1481481481481481 1.0
0 0.1 130.20161032759302 0.0011820793151855469 13.133833169937134 0.0 1.0
0 0.1 113.40738729625762 0.0011761188507080078 13.135009288787842 0.0 1.0
0 0.1 98.77938883400856 0.0011589527130126953 13.136168241500854 0.0 1.0
0 0.1 86.03820166433057 0.0012297630310058594 13.13739800453186 0.0 1.0
0 0.1 74.9404529934022 0.0012040138244628906 13.138602018356323 0.0 1.0
0 0.1 65.27416178184274 0.0012540817260742188 13.139856100082397 0.0 1.0
0 0.1 56.854689638682785 0.0012238025665283203 13.141079902648926 0.0 1.0
0 0.1 49.52121399451067 0.0014028549194335938 13.14248275756836 0.0 1.0
0 0.1 43.13365618693992 0.0011761188507080078 13.143658876419067 0.0 1.0
0 0.1 37.570005780944214 0.0011670589447021484 13.14482593536377 0.0 1.0
0 0.1 32.7239900151928 0.0011601448059082031 13.145986080169678 0.0 1.0
0 0.1 28.503043857863506 0.001260995864868164 13.147247076034546 0.0 1.0
0 0.1 24.826541897430772 0.0189208984375 13.166167974472046 0.5714285714285715 1.0
0 0.1 21.624258295306348 0.008609771728515625 13.174777746200562 0.5714285714285715 1.0
0 0.1 18.835025383479486 0.006663322448730469 13.181441068649292 0.5714285714285715 1.0
0 0.1 16.405565284674683 0.006499290466308594 13.1879403591156 0.5714285714285715 1.0
0 0.1 14.289472237493916 0.006312131881713867 13.194252490997314 0.5714285714285715 1.0
0 0.1 12.446326187665905 0.006391048431396484 13.200643539428711 0.5714285714285715 1.0
0 0.1 10.840920713874212 0.013955116271972656 13.214598655700684 0.7499999999999999 1.0
0 0.1 9.44259054057033 0.007456064224243164 13.222054719924927 0.7499999999999999 1.0
0 0.1 8.224625792416147 0.006592750549316406 13.228647470474243 0.7499999999999999 1.0
0 0.1 7.163761801874259 0.006407737731933594 13.235055208206177 0.7499999999999999 1.0
0 0.1 6.239734724625884 0.006371974945068359 13.241427183151245 0.7499999999999999 1.0
0 0.1 5.43489447450858 0.03757190704345703 13.278999090194702 0.7272727272727272 1.0
0 0.1 4.733867584541418 0.014534950256347656 13.29353404045105 0.7272727272727272 1.0
0 0.1 4.123263554256632 0.014095067977905273 13.307629108428955 0.7272727272727272 1.0
0 0.1 3.591419074200402 0.06902813911437988 13.376657247543335 0.5714285714285714 1.0
0 0.1 3.128175241967003 0.1574997901916504 13.534157037734985 0.4444444444444444 1.0
0 0.1 2.7246835143108377 0.06620216369628906 13.600359201431274 0.4210526315789473 1.0
0 0.1 2.373236688776134 0.09778594970703125 13.698145151138306 0.38095238095238093 1.0
0 0.1 2.0671216863796724 0.579016923904419 14.277162075042725 0.3333333333333333 1.0
0 0.1 1.8004913233094775 0.6095082759857178 14.886670351028442 0.32000000000000006 1.0
0 0.1 1.5682526223167341 0.6634612083435059 15.550131559371948 0.2857142857142857 1.0
0 0.1 1.3659695304072161 0.48497581481933594 16.035107374191284 0.27586206896551724 1.0
0 0.1 1.1897781846170337 0.3592839241027832 16.394391298294067 0.25806451612903225 1.0
0 0.1 1.036313107341863 0.11184000968933105 16.5062313079834 0.25806451612903225 1.0
0 0.1 0.9026429214570189 0.2468891143798828 16.75312042236328 0.24242424242424243 1.0
0 0.1 0.786214357305898 0.2353978157043457 16.988518238067627 0.2352941176470588 1.0
0 0.1 0.6848034820193963 0.08327007293701172 17.07178831100464 0.2352941176470588 1.0
0 0.1 0.5964732195846044 0.8044869899749756 17.876275300979614 0.2285714285714286 1.0
0 0.1 0.5195363502423698 0.7949450016021729 18.671220302581787 0.2222222222222222 1.0
0 0.1 0.4525232824553942 2.7993621826171875 21.470582485198975 0.19999999999999998 1.0
0 0.1 0.3941539818506903 0.4075000286102295 21.878082513809204 0.19999999999999998 1.0
0 0.1 0.34331352094368267 0.6621410846710205 22.540223598480225 0.19512195121951217 1.0
0 0.1 0.2990307826127625 0.8320870399475098 23.372310638427734 0.19047619047619047 1.0
0 0.1 0.2604599105337001 1.322998046875 24.695308685302734 0.18181818181818182 1.0
0 0.1 0.22686415225376097 0.47185182571411133 25.167160511016846 0.18181818181818182 1.0
0 0.1 0.19760178628779224 0.22056293487548828 25.387723445892334 0.18181818181818182 1.0
0 0.1 0.17211386442601356 0.14456701278686523 25.5322904586792 0.18181818181818182 1.0
0 0.1 0.14991353511608546 2.680543899536133 28.212834358215332 0.1739130434782609 1.0
0 0.01 28.211963230963963 0.0012078285217285156 28.21404218673706 0.0 1.0
0 0.01 24.573006681497752 0.0011739730834960938 28.215216159820557 0.0 1.0
0 0.01 21.403425646968028 0.0011830329895019531 28.21639919281006 0.0 1.0
0 0.01 18.642677119777133 0.0012230873107910156 28.21762228012085 0.0 1.0
0 0.01 16.238027310431736 0.0013020038604736328 28.218924283981323 0.0 1.0
0 0.01 14.143544365449966 0.0012562274932861328 28.22018051147461 0.0 1.0
0 0.01 12.319221010851523 0.0011668205261230469 28.221347332000732 0.0 1.0
0 0.01 10.730210362611421 0.0011539459228515625 28.222501277923584 0.0 1.0
0 0.01 9.346160307090315 0.0011670589447021484 28.223668336868286 0.0 1.0
0 0.01 8.140633737265514 0.0012500286102294922 28.224918365478516 0.0 1.0
0 0.01 7.090603570541246 0.0012178421020507812 28.226136207580566 0.0 1.0
0 0.01 6.176012902339531 0.001178741455078125 28.227314949035645 0.0 1.0
0 0.01 5.379391893848717 0.0012087821960449219 28.22852373123169 0.0 1.0
0 0.01 4.685524076001097 0.0012328624725341797 28.229756593704224 0.0 1.0
0 0.01 4.081155695663349 0.0011911392211914062 28.230947732925415 0.0 1.0
0 0.01 3.554742552184356 0.0012218952178955078 28.23216962814331 0.0 1.0
0 0.01 3.09622948855821 0.0012078285217285156 28.23337745666504 0.0 1.0
0 0.01 2.6968583252045994 0.0011739730834960938 28.234551429748535 0.0 1.0
0 0.01 2.349000567658869 0.012366056442260742 28.246917486190796 0.5714285714285715 1.0
0 0.01 2.046011692676912 0.003637075424194336 28.25055456161499 0.5714285714285715 1.0
0 0.01 1.7821042294352372 0.0038700103759765625 28.254424571990967 0.5714285714285715 1.0
0 0.01 1.5522372115164986 0.003805875778198242 28.258230447769165 0.5714285714285715 1.0
0 0.01 1.3520198880735976 0.003927946090698242 28.262158393859863 0.5714285714285715 1.0
0 0.01 1.1776278549337647 0.004039287567138672 28.266197681427002 0.5714285714285715 1.0
0 0.01 1.0257300036406054 0.01223301887512207 28.278430700302124 0.7499999999999999 1.0
0 0.01 0.8934248930683893 0.0038919448852539062 28.282322645187378 0.7499999999999999 1.0
0 0.01 0.7781853282259436 0.0025038719177246094 28.284826517105103 0.7499999999999999 1.0
0 0.01 0.6778100876351608 0.002848386764526367 28.28767490386963 0.7499999999999999 1.0
0 0.01 0.590381877216004 0.002621173858642578 28.29029607772827 0.7499999999999999 1.0
0 0.01 0.5142307075440048 0.021294832229614258 28.311590909957886 0.7272727272727272 1.0
0 0.01 0.44790199493955546 0.004194736480712891 28.3157856464386 0.7272727272727272 1.0
0 0.01 0.39012877707943217 0.049397945404052734 28.36518359184265 0.5000000000000001 1.0
0 0.01 0.33980751241358653 0.05681204795837402 28.421995639801025 0.4 1.0
0 0.01 0.2959770011254507 0.015306949615478516 28.437302589416504 0.4 1.0
0 0.01 0.2578000249994245 0.014978885650634766 28.45228147506714 0.4 1.0
0 0.01 0.22454735549379537 0.07746672630310059 28.52974820137024 0.3076923076923077 1.0
0 0.01 0.19558382455304058 0.017925262451171875 28.54767346382141 0.3076923076923077 1.0
0 0.01 0.1703561920944177 0.19864511489868164 28.746318578720093 0.26666666666666666 1.0
0 0.01 0.14838257842248037 0.08039283752441406 28.826711416244507 0.25806451612903225 1.0
0 0.01 0.12924325971726744 0.02682018280029297 28.8535315990448 0.25806451612903225 1.0
0 0.01 0.1125726507783501 0.07953667640686035 28.93306827545166 0.25 1.0
0 0.01 0.09805232188500161 0.08014678955078125 29.01321506500244 0.24242424242424243 1.0
0 0.01 0.08540491638568569 0.11905908584594727 29.13227415084839 0.2352941176470588 1.0
0 0.01 0.07438885283512764 0.027688026428222656 29.15996217727661 0.2352941176470588 1.0
0 0.01 0.06479371048308594 0.09664297103881836 29.25660514831543 0.2285714285714286 1.0
0 0.01 0.056436209971818335 0.2614579200744629 29.518063068389893 0.21621621621621623 1.0
0 0.01 0.049156712468482675 0.052284955978393555 29.570348024368286 0.21621621621621623 1.0
0 0.01 0.0428161703614703 0.2286522388458252 29.79900026321411 0.20512820512820512 1.0
0 0.01 0.03729347127511503 0.050157785415649414 29.84915804862976 0.20512820512820512 1.0
0 0.01 0.032483124670098805 0.04513812065124512 29.894296169281006 0.20512820512820512 1.0
