[216.40736058 188.4937774  164.18066384 143.00360867 124.55810333
 108.49181534  94.49785828  82.30892987  71.69220614  62.44489425
  54.39035884  47.37474809  41.26405496  35.94155748  31.30558923
  27.26759733  23.75045104  20.68696841  18.01863304  15.69447636
  13.67010404  11.906848    10.37102782   9.03330739   7.86813455
   6.85325305   5.96927734   5.19932239   4.52868107   3.94454329
   3.43575127   2.99258645   2.60658382   2.27037024   1.9775236
   1.72245016   1.5002777    1.30676244   1.138208     0.99139477
   0.86351843   0.75213639   0.65512111   0.57061946   0.49701737
   0.43290895   0.37706963   0.32843281   0.28606948   0.24917044]0 1 312.2098259152708 0.0006489753723144531 0.0006489753723144531 0.0 1.0
0 1 271.93903789811014 0.0006630420684814453 0.0013120174407958984 0.0 1.0
0 1 236.8626295349813 0.006318807601928711 0.007630825042724609 0.33333333333333337 1.0
0 1 206.31059705097118 0.007553815841674805 0.015184640884399414 0.5714285714285715 1.0
0 1 179.69935797424765 0.0038709640502929688 0.019055604934692383 0.5714285714285715 1.0
0 1 156.52060397255676 0.0029931068420410156 0.0220487117767334 0.5714285714285715 1.0
0 1 136.33159152101595 0.0030379295349121094 0.025086641311645508 0.5714285714285715 1.0
0 1 118.74668494067365 0.008548974990844727 0.033635616302490234 0.7499999999999999 1.0
0 1 103.42999026917344 0.0059528350830078125 0.03958845138549805 0.7499999999999999 1.0
0 1 90.08893926113359 0.0043489933013916016 0.04393744468688965 0.7499999999999999 1.0
0 1 78.46870096453189 0.004514217376708984 0.04845166206359863 0.7499999999999999 1.0
0 1 68.34731412713553 0.004754781723022461 0.053206443786621094 0.7499999999999999 1.0
0 1 59.53144745577994 0.004914045333862305 0.0581204891204834 0.6666666666666665 1.0
0 1 51.85270674408604 0.009387969970703125 0.06750845909118652 0.7272727272727272 1.0
0 1 45.16441833008278 0.010203123092651367 0.07771158218383789 0.7272727272727272 1.0
0 1 39.33882744370648 0.011103153228759766 0.08881473541259766 0.6153846153846154 1.0
0 1 34.26465792907022 0.016810894012451172 0.10562562942504883 0.47058823529411764 1.0
0 1 29.84498672911064 0.024729013442993164 0.130354642868042 0.3636363636363636 1.0
0 1 25.99539253258091 0.03076004981994629 0.16111469268798828 0.3076923076923077 1.0
0 1 22.642343220204207 0.09047913551330566 0.25159382820129395 0.26666666666666666 1.0
0 1 19.721791308170232 0.10685896873474121 0.35845279693603516 0.27586206896551724 1.0
0 1 17.177950560167822 0.24190998077392578 0.6003627777099609 0.26666666666666666 1.0
0 1 14.962230399696251 0.1770172119140625 0.7773799896240234 0.24242424242424243 1.0
0 1 13.03230776858211 0.18240809440612793 0.9597880840301514 0.2222222222222222 1.0
0 1 11.351318703025308 0.15860295295715332 1.1183910369873047 0.2222222222222222 1.0
0 1 9.887154185253786 0.12611103057861328 1.244502067565918 0.21621621621621623 1.0
0 1 8.611846820663045 0.12583398818969727 1.3703360557556152 0.20512820512820512 1.0
0 1 7.501036625197576 0.1438140869140625 1.5141501426696777 0.19999999999999998 1.0
0 1 6.53350571883761 0.12333011627197266 1.6374802589416504 0.20512820512820512 1.0
0 1 5.69077303724795 0.16752195358276367 1.805002212524414 0.18604651162790697 1.0
0 1 4.956741320068812 0.12653183937072754 1.9315340518951416 0.1777777777777778 1.0
0 1 4.317389632878279 0.17060303688049316 2.1021370887756348 0.1702127659574468 1.0
0 1 3.7605055496069455 1.6732978820800781 3.775434970855713 0.1702127659574468 1.0
0 1 3.2754518797500736 0.3428981304168701 4.118333101272583 0.1702127659574468 1.0
0 1 2.8529634845718124 0.1324779987335205 4.2508111000061035 0.16666666666666666 1.0
0 1 2.4849703012340436 0.13355183601379395 4.3843629360198975 0.163265306122449 1.0
0 1 2.1644431943866964 0.23180413246154785 4.616167068481445 0.163265306122449 1.0
0 1 1.8852596907900219 0.09711408615112305 4.713281154632568 0.163265306122449 1.0
0 1 1.6420870323301746 0.09516334533691406 4.808444499969482 0.163265306122449 1.0
0 1 1.4302803135927475 0.09507918357849121 4.903523683547974 0.163265306122449 1.0
0 1 1.2457937582930971 0.09332609176635742 4.996849775314331 0.163265306122449 1.0
0 1 1.0851034398309916 0.22671222686767578 5.223562002182007 0.1568627450980392 1.0
0 1 0.945139969834425 0.22600722312927246 5.449569225311279 0.1568627450980392 1.0
0 1 0.823229868958621 0.37757182121276855 5.827141046524048 0.1568627450980392 1.0
0 1 0.7170445000483404 0.6823499202728271 6.509490966796875 0.15384615384615383 1.0
0 1 0.624555588222246 0.45557093620300293 6.965061902999878 0.1509433962264151 1.0
0 1 0.5439964782567033 0.30218076705932617 7.267242670059204 0.1509433962264151 1.0
0 1 0.4738283892360109 0.2291550636291504 7.4963977336883545 0.1509433962264151 1.0
0 1 0.4127110218901976 0.22889995574951172 7.725297689437866 0.1481481481481481 1.0
0 1 0.3594769571833539 0.2289130687713623 7.9542107582092285 0.1481481481481481 1.0
0 0.1 130.20161032759302 0.0006349086761474609 7.954845666885376 0.0 1.0
0 0.1 113.40738729625762 0.0006392002105712891 7.955484867095947 0.0 1.0
0 0.1 98.77938883400856 0.0006613731384277344 7.956146240234375 0.0 1.0
0 0.1 86.03820166433057 0.0006299018859863281 7.956776142120361 0.0 1.0
0 0.1 74.9404529934022 0.0006489753723144531 7.957425117492676 0.0 1.0
0 0.1 65.27416178184274 0.0007138252258300781 7.958138942718506 0.0 1.0
0 0.1 56.854689638682785 0.0006740093231201172 7.958812952041626 0.0 1.0
0 0.1 49.52121399451067 0.0006380081176757812 7.959450960159302 0.0 1.0
0 0.1 43.13365618693992 0.0006463527679443359 7.960097312927246 0.0 1.0
0 0.1 37.570005780944214 0.0006330013275146484 7.960730314254761 0.0 1.0
0 0.1 32.7239900151928 0.0006220340728759766 7.961352348327637 0.0 1.0
0 0.1 28.503043857863506 0.0006327629089355469 7.961985111236572 0.0 1.0
0 0.1 24.826541897430772 0.00927281379699707 7.971257925033569 0.5714285714285715 1.0
0 0.1 21.624258295306348 0.0017032623291015625 7.972961187362671 0.5714285714285715 1.0
0 0.1 18.835025383479486 0.001531839370727539 7.974493026733398 0.5714285714285715 1.0
0 0.1 16.405565284674683 0.0015208721160888672 7.976013898849487 0.5714285714285715 1.0
0 0.1 14.289472237493916 0.0016319751739501953 7.9776458740234375 0.5714285714285715 1.0
0 0.1 12.446326187665905 0.00179290771484375 7.979438781738281 0.5714285714285715 1.0
0 0.1 10.840920713874212 0.0074710845947265625 7.986909866333008 0.7499999999999999 1.0
0 0.1 9.44259054057033 0.002355813980102539 7.98926568031311 0.7499999999999999 1.0
0 0.1 8.224625792416147 0.0024709701538085938 7.991736650466919 0.7499999999999999 1.0
0 0.1 7.163761801874259 0.002485990524291992 7.994222640991211 0.7499999999999999 1.0
0 0.1 6.239734724625884 0.0026819705963134766 7.996904611587524 0.7499999999999999 1.0
0 0.1 5.43489447450858 0.026427268981933594 8.023331880569458 0.7272727272727272 1.0
0 0.1 4.733867584541418 0.006061077117919922 8.029392957687378 0.7272727272727272 1.0
0 0.1 4.123263554256632 0.0068721771240234375 8.036265134811401 0.7272727272727272 1.0
0 0.1 3.591419074200402 0.056790828704833984 8.093055963516235 0.5714285714285714 1.0
0 0.1 3.128175241967003 0.1429901123046875 8.236046075820923 0.4444444444444444 1.0
0 0.1 2.7246835143108377 0.04936099052429199 8.285407066345215 0.4210526315789473 1.0
0 0.1 2.373236688776134 0.08482217788696289 8.370229244232178 0.38095238095238093 1.0
0 0.1 2.0671216863796724 0.2335050106048584 8.603734254837036 0.3333333333333333 1.0
0 0.1 1.8004913233094775 0.4707510471343994 9.074485301971436 0.32000000000000006 1.0
0 0.1 1.5682526223167341 0.5455448627471924 9.620030164718628 0.2857142857142857 1.0
0 0.1 1.3659695304072161 0.42464518547058105 10.044675350189209 0.27586206896551724 1.0
0 0.1 1.1897781846170337 0.2597939968109131 10.304469347000122 0.25806451612903225 1.0
0 0.1 1.036313107341863 0.07697892189025879 10.38144826889038 0.25806451612903225 1.0
0 0.1 0.9026429214570189 0.16771578788757324 10.549164056777954 0.24242424242424243 1.0
0 0.1 0.786214357305898 0.19397330284118652 10.74313735961914 0.2352941176470588 1.0
0 0.1 0.6848034820193963 0.06104087829589844 10.804178237915039 0.2352941176470588 1.0
0 0.1 0.5964732195846044 0.639984130859375 11.444162368774414 0.2285714285714286 1.0
0 0.1 0.5195363502423698 0.6536061763763428 12.097768545150757 0.2222222222222222 1.0
0 0.1 0.4525232824553942 2.371408224105835 14.469176769256592 0.19999999999999998 1.0
0 0.1 0.3941539818506903 0.2927696704864502 14.761946439743042 0.19999999999999998 1.0
0 0.1 0.34331352094368267 0.477794885635376 15.239741325378418 0.19512195121951217 1.0
0 0.1 0.2990307826127625 0.7774519920349121 16.01719331741333 0.19047619047619047 1.0
0 0.1 0.2604599105337001 0.8246188163757324 16.841812133789062 0.18604651162790697 1.0
0 0.1 0.22686415225376097 0.24788308143615723 17.08969521522522 0.18181818181818182 1.0
0 0.1 0.19760178628779224 0.13175511360168457 17.221450328826904 0.18181818181818182 1.0
0 0.1 0.17211386442601356 0.11374092102050781 17.335191249847412 0.18181818181818182 1.0
0 0.1 0.14991353511608546 1.6879732608795166 19.02316451072693 0.1739130434782609 1.0
0 0.01 28.211963230963963 0.000640869140625 19.023805379867554 0.0 1.0
0 0.01 24.573006681497752 0.0006361007690429688 19.024441480636597 0.0 1.0
0 0.01 21.403425646968028 0.0006239414215087891 19.025065422058105 0.0 1.0
0 0.01 18.642677119777133 0.0006327629089355469 19.02569818496704 0.0 1.0
0 0.01 16.238027310431736 0.000701904296875 19.026400089263916 0.0 1.0
0 0.01 14.143544365449966 0.0006759166717529297 19.02707600593567 0.0 1.0
0 0.01 12.319221010851523 0.0006630420684814453 19.02773904800415 0.0 1.0
0 0.01 10.730210362611421 0.0006582736968994141 19.02839732170105 0.0 1.0
0 0.01 9.346160307090315 0.0006468296051025391 19.029044151306152 0.0 1.0
0 0.01 8.140633737265514 0.0006320476531982422 19.02967619895935 0.0 1.0
0 0.01 7.090603570541246 0.0006277561187744141 19.030303955078125 0.0 1.0
0 0.01 6.176012902339531 0.0006232261657714844 19.030927181243896 0.0 1.0
0 0.01 5.379391893848717 0.0006489753723144531 19.03157615661621 0.0 1.0
0 0.01 4.685524076001097 0.0006418228149414062 19.032217979431152 0.0 1.0
0 0.01 4.081155695663349 0.0006442070007324219 19.032862186431885 0.0 1.0
0 0.01 3.554742552184356 0.0006771087646484375 19.033539295196533 0.0 1.0
0 0.01 3.09622948855821 0.0006558895111083984 19.03419518470764 0.0 1.0
0 0.01 2.6968583252045994 0.0008018016815185547 19.03499698638916 0.0 1.0
0 0.01 2.349000567658869 0.017509937286376953 19.052506923675537 0.5714285714285715 1.0
0 0.01 2.046011692676912 0.001116037368774414 19.05362296104431 0.5714285714285715 1.0
0 0.01 1.7821042294352372 0.0011997222900390625 19.05482268333435 0.5714285714285715 1.0
0 0.01 1.5522372115164986 0.0008270740509033203 19.055649757385254 0.5714285714285715 1.0
0 0.01 1.3520198880735976 0.0008127689361572266 19.05646252632141 0.5714285714285715 1.0
0 0.01 1.1776278549337647 0.0008938312530517578 19.057356357574463 0.5714285714285715 1.0
0 0.01 1.0257300036406054 0.00544285774230957 19.062799215316772 0.7499999999999999 1.0
0 0.01 0.8934248930683893 0.0010540485382080078 19.06385326385498 0.7499999999999999 1.0
0 0.01 0.7781853282259436 0.0010600090026855469 19.064913272857666 0.7499999999999999 1.0
0 0.01 0.6778100876351608 0.0009129047393798828 19.065826177597046 0.7499999999999999 1.0
0 0.01 0.590381877216004 0.0009918212890625 19.06681799888611 0.7499999999999999 1.0
0 0.01 0.5142307075440048 0.012566089630126953 19.079384088516235 0.7272727272727272 1.0
0 0.01 0.44790199493955546 0.0020148754119873047 19.081398963928223 0.7272727272727272 1.0
0 0.01 0.39012877707943217 0.04055500030517578 19.1219539642334 0.5000000000000001 1.0
0 0.01 0.33980751241358653 0.04617905616760254 19.168133020401 0.4 1.0
0 0.01 0.2959770011254507 0.00803828239440918 19.17617130279541 0.4 1.0
0 0.01 0.2578000249994245 0.00807809829711914 19.18424940109253 0.4 1.0
0 0.01 0.22454735549379537 0.06728601455688477 19.251535415649414 0.3076923076923077 1.0
0 0.01 0.19558382455304058 0.011520862579345703 19.26305627822876 0.3076923076923077 1.0
0 0.01 0.1703561920944177 0.1858670711517334 19.448923349380493 0.26666666666666666 1.0
0 0.01 0.14838257842248037 0.061995744705200195 19.510919094085693 0.25806451612903225 1.0
0 0.01 0.12924325971726744 0.017256975173950195 19.528176069259644 0.25806451612903225 1.0
0 0.01 0.1125726507783501 0.06269383430480957 19.590869903564453 0.25 1.0
0 0.01 0.09805232188500161 0.06456995010375977 19.655439853668213 0.24242424242424243 1.0
0 0.01 0.08540491638568569 0.0861821174621582 19.74162197113037 0.2352941176470588 1.0
0 0.01 0.07438885283512764 0.017688274383544922 19.759310245513916 0.2352941176470588 1.0
0 0.01 0.06479371048308594 0.0828409194946289 19.842151165008545 0.2285714285714286 1.0
0 0.01 0.056436209971818335 0.2256760597229004 20.067827224731445 0.21621621621621623 1.0
0 0.01 0.049156712468482675 0.031893014907836914 20.099720239639282 0.21621621621621623 1.0
0 0.01 0.0428161703614703 0.19962215423583984 20.299342393875122 0.20512820512820512 1.0
0 0.01 0.03729347127511503 0.02932596206665039 20.328668355941772 0.20512820512820512 1.0
0 0.01 0.032483124670098805 0.028311967849731445 20.356980323791504 0.20512820512820512 1.0
