[216.40736058 188.4937774  164.18066384 143.00360867 124.55810333
 108.49181534  94.49785828  82.30892987  71.69220614  62.44489425
  54.39035884  47.37474809  41.26405496  35.94155748  31.30558923
  27.26759733  23.75045104  20.68696841  18.01863304  15.69447636
  13.67010404  11.906848    10.37102782   9.03330739   7.86813455
   6.85325305   5.96927734   5.19932239   4.52868107   3.94454329
   3.43575127   2.99258645   2.60658382   2.27037024   1.9775236
   1.72245016   1.5002777    1.30676244   1.138208     0.99139477
   0.86351843   0.75213639   0.65512111   0.57061946   0.49701737
   0.43290895   0.37706963   0.32843281   0.28606948   0.24917044]0 1 312.2098259152708 0.0012018680572509766 0.0012018680572509766 0.0 1.0
0 1 271.93903789811014 0.0011849403381347656 0.002386808395385742 0.0 1.0
0 1 236.8626295349813 0.027976036071777344 0.030362844467163086 0.33333333333333337 1.0
0 1 206.31059705097118 0.021800994873046875 0.05216383934020996 0.5714285714285715 1.0
0 1 179.69935797424765 0.012278079986572266 0.06444191932678223 0.5714285714285715 1.0
0 1 156.52060397255676 0.009385824203491211 0.07382774353027344 0.5714285714285715 1.0
0 1 136.33159152101595 0.008418798446655273 0.08224654197692871 0.5714285714285715 1.0
0 1 118.74668494067365 0.024739742279052734 0.10698628425598145 0.7499999999999999 1.0
0 1 103.42999026917344 0.015244007110595703 0.12223029136657715 0.7499999999999999 1.0
0 1 90.08893926113359 0.011345148086547852 0.133575439453125 0.7499999999999999 1.0
0 1 78.46870096453189 0.009949207305908203 0.1435246467590332 0.7499999999999999 1.0
0 1 68.34731412713553 0.008845090866088867 0.15236973762512207 0.7499999999999999 1.0
0 1 59.53144745577994 0.009126901626586914 0.16149663925170898 0.6666666666666665 1.0
0 1 51.85270674408604 0.013251781463623047 0.17474842071533203 0.7272727272727272 1.0
0 1 45.16441833008278 0.012941837310791016 0.18769025802612305 0.7272727272727272 1.0
0 1 39.33882744370648 0.012749910354614258 0.2004401683807373 0.6153846153846154 1.0
0 1 34.26465792907022 0.01995706558227539 0.2203972339630127 0.47058823529411764 1.0
0 1 29.84498672911064 0.027936697006225586 0.24833393096923828 0.3636363636363636 1.0
0 1 25.99539253258091 0.03288125991821289 0.28121519088745117 0.3076923076923077 1.0
0 1 22.642343220204207 0.09475207328796387 0.37596726417541504 0.26666666666666666 1.0
0 1 19.721791308170232 0.10753417015075684 0.4835014343261719 0.27586206896551724 1.0
0 1 17.177950560167822 0.25496602058410645 0.7384674549102783 0.26666666666666666 1.0
0 1 14.962230399696251 0.17331480979919434 0.9117822647094727 0.24242424242424243 1.0
0 1 13.03230776858211 0.1814591884613037 1.0932414531707764 0.2222222222222222 1.0
0 1 11.351318703025308 0.15967416763305664 1.252915620803833 0.2222222222222222 1.0
0 1 9.887154185253786 0.12622499465942383 1.3791406154632568 0.21621621621621623 1.0
0 1 8.611846820663045 0.12741804122924805 1.5065586566925049 0.20512820512820512 1.0
0 1 7.501036625197576 0.14480209350585938 1.6513607501983643 0.19999999999999998 1.0
0 1 6.53350571883761 0.12546300888061523 1.7768237590789795 0.20512820512820512 1.0
0 1 5.69077303724795 0.16647100448608398 1.9432947635650635 0.18604651162790697 1.0
0 1 4.956741320068812 0.12257003784179688 2.0658648014068604 0.1777777777777778 1.0
0 1 4.317389632878279 0.1695699691772461 2.2354347705841064 0.1702127659574468 1.0
0 1 3.7605055496069455 1.6858959197998047 3.921330690383911 0.1702127659574468 1.0
0 1 3.2754518797500736 0.3436291217803955 4.264959812164307 0.1702127659574468 1.0
0 1 2.8529634845718124 0.13272309303283691 4.3976829051971436 0.16666666666666666 1.0
0 1 2.4849703012340436 0.13245606422424316 4.530138969421387 0.163265306122449 1.0
0 1 2.1644431943866964 0.23311424255371094 4.763253211975098 0.163265306122449 1.0
0 1 1.8852596907900219 0.09626173973083496 4.859514951705933 0.163265306122449 1.0
0 1 1.6420870323301746 0.13355112075805664 4.993066072463989 0.163265306122449 1.0
0 1 1.4302803135927475 0.12279605865478516 5.115862131118774 0.163265306122449 1.0
0 1 1.2457937582930971 0.09393191337585449 5.209794044494629 0.163265306122449 1.0
0 1 1.0851034398309916 0.22812485694885254 5.4379189014434814 0.1568627450980392 1.0
0 1 0.945139969834425 0.22791075706481934 5.665829658508301 0.1568627450980392 1.0
0 1 0.823229868958621 0.3803420066833496 6.04617166519165 0.1568627450980392 1.0
0 1 0.7170445000483404 0.6821041107177734 6.728275775909424 0.15384615384615383 1.0
0 1 0.624555588222246 0.45799708366394043 7.186272859573364 0.1509433962264151 1.0
0 1 0.5439964782567033 0.30592894554138184 7.492201805114746 0.1509433962264151 1.0
0 1 0.4738283892360109 0.22864508628845215 7.720846891403198 0.1509433962264151 1.0
0 1 0.4127110218901976 0.22710609436035156 7.94795298576355 0.1481481481481481 1.0
0 1 0.3594769571833539 0.2283320426940918 8.176285028457642 0.1481481481481481 1.0
0 0.1 130.20161032759302 0.0012269020080566406 8.177511930465698 0.0 1.0
0 0.1 113.40738729625762 0.0012118816375732422 8.178723812103271 0.0 1.0
0 0.1 98.77938883400856 0.0012118816375732422 8.179935693740845 0.0 1.0
0 0.1 86.03820166433057 0.0012481212615966797 8.181183815002441 0.0 1.0
0 0.1 74.9404529934022 0.0012750625610351562 8.182458877563477 0.0 1.0
0 0.1 65.27416178184274 0.0012161731719970703 8.183675050735474 0.0 1.0
0 0.1 56.854689638682785 0.0012080669403076172 8.184883117675781 0.0 1.0
0 0.1 49.52121399451067 0.0012521743774414062 8.186135292053223 0.0 1.0
0 0.1 43.13365618693992 0.0012102127075195312 8.187345504760742 0.0 1.0
0 0.1 37.570005780944214 0.0012559890747070312 8.18860149383545 0.0 1.0
0 0.1 32.7239900151928 0.0012230873107910156 8.18982458114624 0.0 1.0
0 0.1 28.503043857863506 0.001355886459350586 8.19118046760559 0.0 1.0
0 0.1 24.826541897430772 0.014606952667236328 8.205787420272827 0.5714285714285715 1.0
0 0.1 21.624258295306348 0.004040956497192383 8.20982837677002 0.5714285714285715 1.0
0 0.1 18.835025383479486 0.004013776779174805 8.213842153549194 0.5714285714285715 1.0
0 0.1 16.405565284674683 0.00397181510925293 8.217813968658447 0.5714285714285715 1.0
0 0.1 14.289472237493916 0.004171848297119141 8.221985816955566 0.5714285714285715 1.0
0 0.1 12.446326187665905 0.003932952880859375 8.225918769836426 0.5714285714285715 1.0
0 0.1 10.840920713874212 0.01160287857055664 8.237521648406982 0.7499999999999999 1.0
0 0.1 9.44259054057033 0.005160093307495117 8.242681741714478 0.7499999999999999 1.0
0 0.1 8.224625792416147 0.004094839096069336 8.246776580810547 0.7499999999999999 1.0
0 0.1 7.163761801874259 0.004014730453491211 8.250791311264038 0.7499999999999999 1.0
0 0.1 6.239734724625884 0.003973245620727539 8.254764556884766 0.7499999999999999 1.0
0 0.1 5.43489447450858 0.031106233596801758 8.285870790481567 0.7272727272727272 1.0
0 0.1 4.733867584541418 0.009875059127807617 8.295745849609375 0.7272727272727272 1.0
0 0.1 4.123263554256632 0.009206056594848633 8.304951906204224 0.7272727272727272 1.0
0 0.1 3.591419074200402 0.06257200241088867 8.367523908615112 0.5714285714285714 1.0
0 0.1 3.128175241967003 0.14876890182495117 8.516292810440063 0.4444444444444444 1.0
0 0.1 2.7246835143108377 0.05565524101257324 8.571948051452637 0.4210526315789473 1.0
0 0.1 2.373236688776134 0.09068918228149414 8.66263723373413 0.38095238095238093 1.0
0 0.1 2.0671216863796724 0.28884291648864746 8.951480150222778 0.3333333333333333 1.0
0 0.1 1.8004913233094775 0.5200138092041016 9.47149395942688 0.32000000000000006 1.0
0 0.1 1.5682526223167341 0.5729589462280273 10.044452905654907 0.2857142857142857 1.0
0 0.1 1.3659695304072161 0.43970298767089844 10.484155893325806 0.27586206896551724 1.0
0 0.1 1.1897781846170337 0.28115415573120117 10.765310049057007 0.25806451612903225 1.0
0 0.1 1.036313107341863 0.0851590633392334 10.85046911239624 0.25806451612903225 1.0
0 0.1 0.9026429214570189 0.18030309677124023 11.03077220916748 0.24242424242424243 1.0
0 0.1 0.786214357305898 0.2056429386138916 11.236415147781372 0.2352941176470588 1.0
0 0.1 0.6848034820193963 0.0654902458190918 11.301905393600464 0.2352941176470588 1.0
0 0.1 0.5964732195846044 0.6618139743804932 11.963719367980957 0.2285714285714286 1.0
0 0.1 0.5195363502423698 0.6562552452087402 12.619974613189697 0.2222222222222222 1.0
0 0.1 0.4525232824553942 2.4171760082244873 15.037150621414185 0.19999999999999998 1.0
0 0.1 0.3941539818506903 0.30830883979797363 15.345459461212158 0.19999999999999998 1.0
0 0.1 0.34331352094368267 0.48772406578063965 15.833183526992798 0.19512195121951217 1.0
0 0.1 0.2990307826127625 0.802466869354248 16.635650396347046 0.19047619047619047 1.0
0 0.1 0.2604599105337001 0.8452029228210449 17.48085331916809 0.18604651162790697 1.0
0 0.1 0.22686415225376097 0.25355076789855957 17.73440408706665 0.18181818181818182 1.0
0 0.1 0.19760178628779224 0.1369471549987793 17.87135124206543 0.18181818181818182 1.0
0 0.1 0.17211386442601356 0.11885213851928711 17.990203380584717 0.18181818181818182 1.0
0 0.1 0.14991353511608546 1.6949450969696045 19.68514847755432 0.1739130434782609 1.0
0 0.01 28.211963230963963 0.0011858940124511719 19.686334371566772 0.0 1.0
0 0.01 24.573006681497752 0.0011758804321289062 19.6875102519989 0.0 1.0
0 0.01 21.403425646968028 0.0011699199676513672 19.688680171966553 0.0 1.0
0 0.01 18.642677119777133 0.001190185546875 19.689870357513428 0.0 1.0
0 0.01 16.238027310431736 0.0011610984802246094 19.691031455993652 0.0 1.0
0 0.01 14.143544365449966 0.0011892318725585938 19.69222068786621 0.0 1.0
0 0.01 12.319221010851523 0.0012679100036621094 19.693488597869873 0.0 1.0
0 0.01 10.730210362611421 0.0011990070343017578 19.694687604904175 0.0 1.0
0 0.01 9.346160307090315 0.0011692047119140625 19.69585680961609 0.0 1.0
0 0.01 8.140633737265514 0.0012371540069580078 19.697093963623047 0.0 1.0
0 0.01 7.090603570541246 0.001257181167602539 19.69835114479065 0.0 1.0
0 0.01 6.176012902339531 0.001313924789428711 19.699665069580078 0.0 1.0
0 0.01 5.379391893848717 0.001377105712890625 19.70104217529297 0.0 1.0
0 0.01 4.685524076001097 0.0013608932495117188 19.70240306854248 0.0 1.0
0 0.01 4.081155695663349 0.0012521743774414062 19.703655242919922 0.0 1.0
0 0.01 3.554742552184356 0.0012240409851074219 19.70487928390503 0.0 1.0
0 0.01 3.09622948855821 0.0012128353118896484 19.70609211921692 0.0 1.0
0 0.01 2.6968583252045994 0.001416921615600586 19.70750904083252 0.0 1.0
0 0.01 2.349000567658869 0.009923934936523438 19.717432975769043 0.5714285714285715 1.0
0 0.01 2.046011692676912 0.0025441646575927734 19.719977140426636 0.5714285714285715 1.0
0 0.01 1.7821042294352372 0.0026769638061523438 19.722654104232788 0.5714285714285715 1.0
0 0.01 1.5522372115164986 0.0014922618865966797 19.724146366119385 0.5714285714285715 1.0
0 0.01 1.3520198880735976 0.0013928413391113281 19.725539207458496 0.5714285714285715 1.0
0 0.01 1.1776278549337647 0.0013740062713623047 19.72691321372986 0.5714285714285715 1.0
0 0.01 1.0257300036406054 0.011152029037475586 19.738065242767334 0.7499999999999999 1.0
0 0.01 0.8934248930683893 0.0025479793548583984 19.740613222122192 0.7499999999999999 1.0
0 0.01 0.7781853282259436 0.002778768539428711 19.74339199066162 0.7499999999999999 1.0
0 0.01 0.6778100876351608 0.0013539791107177734 19.74474596977234 0.7499999999999999 1.0
0 0.01 0.590381877216004 0.0013990402221679688 19.746145009994507 0.7499999999999999 1.0
0 0.01 0.5142307075440048 0.01947808265686035 19.765623092651367 0.7272727272727272 1.0
0 0.01 0.44790199493955546 0.003000974655151367 19.76862406730652 0.7272727272727272 1.0
0 0.01 0.39012877707943217 0.04588127136230469 19.814505338668823 0.5000000000000001 1.0
0 0.01 0.33980751241358653 0.05514097213745117 19.869646310806274 0.4 1.0
0 0.01 0.2959770011254507 0.011723041534423828 19.8813693523407 0.4 1.0
0 0.01 0.2578000249994245 0.010933876037597656 19.892303228378296 0.4 1.0
0 0.01 0.22454735549379537 0.07487893104553223 19.967182159423828 0.3076923076923077 1.0
0 0.01 0.19558382455304058 0.015079021453857422 19.982261180877686 0.3076923076923077 1.0
0 0.01 0.1703561920944177 0.19080495834350586 20.17306613922119 0.26666666666666666 1.0
0 0.01 0.14838257842248037 0.07391691207885742 20.24698305130005 0.25806451612903225 1.0
0 0.01 0.12924325971726744 0.02193617820739746 20.268919229507446 0.25806451612903225 1.0
0 0.01 0.1125726507783501 0.07168722152709961 20.340606451034546 0.25 1.0
0 0.01 0.09805232188500161 0.07363104820251465 20.41423749923706 0.24242424242424243 1.0
0 0.01 0.08540491638568569 0.09458613395690918 20.50882363319397 0.2352941176470588 1.0
0 0.01 0.07438885283512764 0.022555828094482422 20.531379461288452 0.2352941176470588 1.0
0 0.01 0.06479371048308594 0.09019804000854492 20.621577501296997 0.2285714285714286 1.0
0 0.01 0.056436209971818335 0.24394607543945312 20.86552357673645 0.21621621621621623 1.0
0 0.01 0.049156712468482675 0.03992295265197754 20.905446529388428 0.21621621621621623 1.0
0 0.01 0.0428161703614703 0.2100660800933838 21.11551260948181 0.20512820512820512 1.0
0 0.01 0.03729347127511503 0.04061603546142578 21.156128644943237 0.20512820512820512 1.0
0 0.01 0.032483124670098805 0.03926992416381836 21.195398569107056 0.20512820512820512 1.0
