[216.40736058 188.4937774  164.18066384 143.00360867 124.55810333
 108.49181534  94.49785828  82.30892987  71.69220614  62.44489425
  54.39035884  47.37474809  41.26405496  35.94155748  31.30558923
  27.26759733  23.75045104  20.68696841  18.01863304  15.69447636
  13.67010404  11.906848    10.37102782   9.03330739   7.86813455
   6.85325305   5.96927734   5.19932239   4.52868107   3.94454329
   3.43575127   2.99258645   2.60658382   2.27037024   1.9775236
   1.72245016   1.5002777    1.30676244   1.138208     0.99139477
   0.86351843   0.75213639   0.65512111   0.57061946   0.49701737
   0.43290895   0.37706963   0.32843281   0.28606948   0.24917044]0 1 312.2098259152708 0.0006508827209472656 0.0006508827209472656 0.0 1.0
0 1 271.93903789811014 0.0006489753723144531 0.0012998580932617188 0.0 1.0
0 1 236.8626295349813 0.010399103164672852 0.01169896125793457 0.33333333333333337 1.0
0 1 206.31059705097118 0.011209964752197266 0.022908926010131836 0.5714285714285715 1.0
0 1 179.69935797424765 0.005630016326904297 0.028538942337036133 0.5714285714285715 1.0
0 1 156.52060397255676 0.0048792362213134766 0.03341817855834961 0.5714285714285715 1.0
0 1 136.33159152101595 0.004117012023925781 0.03753519058227539 0.5714285714285715 1.0
0 1 118.74668494067365 0.011301755905151367 0.04883694648742676 0.7499999999999999 1.0
0 1 103.42999026917344 0.007256269454956055 0.05609321594238281 0.7499999999999999 1.0
0 1 90.08893926113359 0.006251096725463867 0.06234431266784668 0.7499999999999999 1.0
0 1 78.46870096453189 0.0065042972564697266 0.0688486099243164 0.7499999999999999 1.0
0 1 68.34731412713553 0.005419731140136719 0.07426834106445312 0.7499999999999999 1.0
0 1 59.53144745577994 0.006185054779052734 0.08045339584350586 0.6666666666666665 1.0
0 1 51.85270674408604 0.011723995208740234 0.0921773910522461 0.7272727272727272 1.0
0 1 45.16441833008278 0.012015104293823242 0.10419249534606934 0.7272727272727272 1.0
0 1 39.33882744370648 0.01515817642211914 0.11935067176818848 0.6153846153846154 1.0
0 1 34.26465792907022 0.021973133087158203 0.14132380485534668 0.47058823529411764 1.0
0 1 29.84498672911064 0.03131914138793945 0.17264294624328613 0.3636363636363636 1.0
0 1 25.99539253258091 0.042938947677612305 0.21558189392089844 0.3076923076923077 1.0
0 1 22.642343220204207 0.11982417106628418 0.3354060649871826 0.26666666666666666 1.0
0 1 19.721791308170232 0.14136886596679688 0.4767749309539795 0.27586206896551724 1.0
0 1 17.177950560167822 0.2921721935272217 0.7689471244812012 0.26666666666666666 1.0
0 1 14.962230399696251 0.21037888526916504 0.9793260097503662 0.24242424242424243 1.0
0 1 13.03230776858211 0.20160198211669922 1.1809279918670654 0.2222222222222222 1.0
0 1 11.351318703025308 0.20341086387634277 1.3843388557434082 0.2222222222222222 1.0
0 1 9.887154185253786 0.15909886360168457 1.5434377193450928 0.21621621621621623 1.0
0 1 8.611846820663045 0.16081500053405762 1.7042527198791504 0.20512820512820512 1.0
0 1 7.501036625197576 0.18670105934143066 1.890953779220581 0.19999999999999998 1.0
0 1 6.53350571883761 0.1590421199798584 2.0499958992004395 0.20512820512820512 1.0
0 1 5.69077303724795 0.21217679977416992 2.2621726989746094 0.18604651162790697 1.0
0 1 4.956741320068812 0.1733870506286621 2.4355597496032715 0.1777777777777778 1.0
0 1 4.317389632878279 0.2271099090576172 2.6626696586608887 0.16666666666666666 1.0
0 1 3.7605055496069455 2.0333969593048096 4.696066617965698 0.1702127659574468 1.0
0 1 3.2754518797500736 0.4192471504211426 5.115313768386841 0.1702127659574468 1.0
0 1 2.8529634845718124 0.22622084617614746 5.341534614562988 0.16666666666666666 1.0
0 1 2.4849703012340436 0.18255090713500977 5.524085521697998 0.163265306122449 1.0
0 1 2.1644431943866964 0.2937290668487549 5.817814588546753 0.163265306122449 1.0
0 1 1.8852596907900219 0.16715073585510254 5.9849653244018555 0.163265306122449 1.0
0 1 1.6420870323301746 0.1551978588104248 6.14016318321228 0.163265306122449 1.0
0 1 1.4302803135927475 0.14595293998718262 6.286116123199463 0.163265306122449 1.0
0 1 1.2457937582930971 0.13702607154846191 6.423142194747925 0.163265306122449 1.0
0 1 1.0851034398309916 0.5005278587341309 6.923670053482056 0.1568627450980392 1.0
0 1 0.945139969834425 0.4328179359436035 7.356487989425659 0.1568627450980392 1.0
0 1 0.823229868958621 0.5679669380187988 7.924454927444458 0.1568627450980392 1.0
0 1 0.7170445000483404 0.9924988746643066 8.916953802108765 0.15384615384615383 1.0
0 1 0.624555588222246 1.0002119541168213 9.917165756225586 0.1509433962264151 1.0
0 1 0.5439964782567033 0.728057861328125 10.645223617553711 0.1509433962264151 1.0
0 1 0.4738283892360109 0.6448140144348145 11.290037631988525 0.1509433962264151 1.0
0 1 0.4127110218901976 0.6585409641265869 11.948578596115112 0.1481481481481481 1.0
0 1 0.3594769571833539 0.6445848941802979 12.59316349029541 0.1481481481481481 1.0
0 0.1 130.20161032759302 0.0006339550018310547 12.593797445297241 0.0 1.0
0 0.1 113.40738729625762 0.0006451606750488281 12.59444260597229 0.0 1.0
0 0.1 98.77938883400856 0.0006799697875976562 12.595122575759888 0.0 1.0
0 0.1 86.03820166433057 0.0006427764892578125 12.595765352249146 0.0 1.0
0 0.1 74.9404529934022 0.0006561279296875 12.596421480178833 0.0 1.0
0 0.1 65.27416178184274 0.0006592273712158203 12.597080707550049 0.0 1.0
0 0.1 56.854689638682785 0.0006508827209472656 12.597731590270996 0.0 1.0
0 0.1 49.52121399451067 0.0006320476531982422 12.598363637924194 0.0 1.0
0 0.1 43.13365618693992 0.0006439685821533203 12.599007606506348 0.0 1.0
0 0.1 37.570005780944214 0.000659942626953125 12.5996675491333 0.0 1.0
0 0.1 32.7239900151928 0.0006380081176757812 12.600305557250977 0.0 1.0
0 0.1 28.503043857863506 0.0007033348083496094 12.601008892059326 0.0 1.0
0 0.1 24.826541897430772 0.010427713394165039 12.611436605453491 0.5714285714285715 1.0
0 0.1 21.624258295306348 0.0022821426391601562 12.613718748092651 0.5714285714285715 1.0
0 0.1 18.835025383479486 0.0021381378173828125 12.615856885910034 0.5714285714285715 1.0
0 0.1 16.405565284674683 0.0021250247955322266 12.617981910705566 0.5714285714285715 1.0
0 0.1 14.289472237493916 0.0021049976348876953 12.620086908340454 0.5714285714285715 1.0
0 0.1 12.446326187665905 0.002213001251220703 12.622299909591675 0.5714285714285715 1.0
0 0.1 10.840920713874212 0.008203983306884766 12.63050389289856 0.7499999999999999 1.0
0 0.1 9.44259054057033 0.002682209014892578 12.633186101913452 0.7499999999999999 1.0
0 0.1 8.224625792416147 0.002843141555786133 12.636029243469238 0.7499999999999999 1.0
0 0.1 7.163761801874259 0.0029761791229248047 12.639005422592163 0.7499999999999999 1.0
0 0.1 6.239734724625884 0.0031747817993164062 12.64218020439148 0.7499999999999999 1.0
0 0.1 5.43489447450858 0.02831101417541504 12.670491218566895 0.7272727272727272 1.0
0 0.1 4.733867584541418 0.007891178131103516 12.678382396697998 0.7272727272727272 1.0
0 0.1 4.123263554256632 0.009508848190307617 12.687891244888306 0.7272727272727272 1.0
0 0.1 3.591419074200402 0.059166908264160156 12.747058153152466 0.5714285714285714 1.0
0 0.1 3.128175241967003 0.15061712265014648 12.897675275802612 0.4444444444444444 1.0
0 0.1 2.7246835143108377 0.054492950439453125 12.952168226242065 0.4210526315789473 1.0
0 0.1 2.373236688776134 0.09081506729125977 13.042983293533325 0.38095238095238093 1.0
0 0.1 2.0671216863796724 0.3893239498138428 13.432307243347168 0.3333333333333333 1.0
0 0.1 1.8004913233094775 0.5204880237579346 13.952795267105103 0.32000000000000006 1.0
0 0.1 1.5682526223167341 0.600836992263794 14.553632259368896 0.2857142857142857 1.0
0 0.1 1.3659695304072161 0.4869239330291748 15.040556192398071 0.27586206896551724 1.0
0 0.1 1.1897781846170337 0.3103601932525635 15.350916385650635 0.25806451612903225 1.0
0 0.1 1.036313107341863 0.09515094757080078 15.446067333221436 0.25806451612903225 1.0
0 0.1 0.9026429214570189 0.21421217918395996 15.660279512405396 0.24242424242424243 1.0
0 0.1 0.786214357305898 0.23634910583496094 15.896628618240356 0.2352941176470588 1.0
0 0.1 0.6848034820193963 0.0767660140991211 15.973394632339478 0.2352941176470588 1.0
0 0.1 0.5964732195846044 0.7205491065979004 16.693943738937378 0.2285714285714286 1.0
0 0.1 0.5195363502423698 0.7567591667175293 17.450702905654907 0.2222222222222222 1.0
0 0.1 0.4525232824553942 2.696633815765381 20.147336721420288 0.19999999999999998 1.0
0 0.1 0.3941539818506903 0.3755788803100586 20.522915601730347 0.19999999999999998 1.0
0 0.1 0.34331352094368267 0.6128320693969727 21.13574767112732 0.19512195121951217 1.0
0 0.1 0.2990307826127625 0.8045690059661865 21.940316677093506 0.19047619047619047 1.0
0 0.1 0.2604599105337001 1.2350280284881592 23.175344705581665 0.18181818181818182 1.0
0 0.1 0.22686415225376097 0.4355788230895996 23.610923528671265 0.18181818181818182 1.0
0 0.1 0.19760178628779224 0.20195412635803223 23.812877655029297 0.18181818181818182 1.0
0 0.1 0.17211386442601356 0.13581609725952148 23.94869375228882 0.18181818181818182 1.0
0 0.1 0.14991353511608546 2.494997024536133 26.44369077682495 0.1739130434782609 1.0
0 0.01 28.211963230963963 0.0006959438323974609 26.44438672065735 0.0 1.0
0 0.01 24.573006681497752 0.0006530284881591797 26.445039749145508 0.0 1.0
0 0.01 21.403425646968028 0.0006270408630371094 26.445666790008545 0.0 1.0
0 0.01 18.642677119777133 0.0006289482116699219 26.446295738220215 0.0 1.0
0 0.01 16.238027310431736 0.000640869140625 26.44693660736084 0.0 1.0
0 0.01 14.143544365449966 0.0006489753723144531 26.447585582733154 0.0 1.0
0 0.01 12.319221010851523 0.0006482601165771484 26.44823384284973 0.0 1.0
0 0.01 10.730210362611421 0.0006611347198486328 26.44889497756958 0.0 1.0
0 0.01 9.346160307090315 0.0006279945373535156 26.449522972106934 0.0 1.0
0 0.01 8.140633737265514 0.0006520748138427734 26.450175046920776 0.0 1.0
0 0.01 7.090603570541246 0.00061798095703125 26.450793027877808 0.0 1.0
0 0.01 6.176012902339531 0.0006618499755859375 26.451454877853394 0.0 1.0
0 0.01 5.379391893848717 0.0006852149963378906 26.45214009284973 0.0 1.0
0 0.01 4.685524076001097 0.0006389617919921875 26.452779054641724 0.0 1.0
0 0.01 4.081155695663349 0.0006289482116699219 26.453408002853394 0.0 1.0
0 0.01 3.554742552184356 0.0006268024444580078 26.45403480529785 0.0 1.0
0 0.01 3.09622948855821 0.0006358623504638672 26.454670667648315 0.0 1.0
0 0.01 2.6968583252045994 0.0006380081176757812 26.45530867576599 0.0 1.0
0 0.01 2.349000567658869 0.016536712646484375 26.471845388412476 0.5714285714285715 1.0
0 0.01 2.046011692676912 0.001405954360961914 26.473251342773438 0.5714285714285715 1.0
0 0.01 1.7821042294352372 0.0013039112091064453 26.474555253982544 0.5714285714285715 1.0
0 0.01 1.5522372115164986 0.0013239383697509766 26.475879192352295 0.5714285714285715 1.0
0 0.01 1.3520198880735976 0.0013661384582519531 26.477245330810547 0.5714285714285715 1.0
0 0.01 1.1776278549337647 0.0017740726470947266 26.47901940345764 0.5714285714285715 1.0
0 0.01 1.0257300036406054 0.005324125289916992 26.48434352874756 0.7499999999999999 1.0
0 0.01 0.8934248930683893 0.0019249916076660156 26.486268520355225 0.7499999999999999 1.0
0 0.01 0.7781853282259436 0.001068115234375 26.4873366355896 0.7499999999999999 1.0
0 0.01 0.6778100876351608 0.001180887222290039 26.48851752281189 0.7499999999999999 1.0
0 0.01 0.590381877216004 0.0012359619140625 26.489753484725952 0.7499999999999999 1.0
0 0.01 0.5142307075440048 0.013251066207885742 26.503004550933838 0.7272727272727272 1.0
0 0.01 0.44790199493955546 0.0031707286834716797 26.50617527961731 0.7272727272727272 1.0
0 0.01 0.39012877707943217 0.0423431396484375 26.548518419265747 0.5000000000000001 1.0
0 0.01 0.33980751241358653 0.04772615432739258 26.59624457359314 0.4 1.0
0 0.01 0.2959770011254507 0.009547710418701172 26.60579228401184 0.4 1.0
0 0.01 0.2578000249994245 0.010517120361328125 26.61630940437317 0.4 1.0
0 0.01 0.22454735549379537 0.07286405563354492 26.689173460006714 0.3076923076923077 1.0
0 0.01 0.19558382455304058 0.013303756713867188 26.70247721672058 0.3076923076923077 1.0
0 0.01 0.1703561920944177 0.19063091278076172 26.893108129501343 0.26666666666666666 1.0
0 0.01 0.14838257842248037 0.06480169296264648 26.95790982246399 0.25806451612903225 1.0
0 0.01 0.12924325971726744 0.01992011070251465 26.977829933166504 0.25806451612903225 1.0
0 0.01 0.1125726507783501 0.06721210479736328 27.045042037963867 0.25 1.0
0 0.01 0.09805232188500161 0.06905603408813477 27.114098072052002 0.24242424242424243 1.0
0 0.01 0.08540491638568569 0.09123682975769043 27.205334901809692 0.2352941176470588 1.0
0 0.01 0.07438885283512764 0.02046823501586914 27.22580313682556 0.2352941176470588 1.0
0 0.01 0.06479371048308594 0.08979320526123047 27.315596342086792 0.2285714285714286 1.0
0 0.01 0.056436209971818335 0.23911499977111816 27.55471134185791 0.21621621621621623 1.0
0 0.01 0.049156712468482675 0.039942026138305664 27.594653367996216 0.21621621621621623 1.0
0 0.01 0.0428161703614703 0.20662975311279297 27.80128312110901 0.20512820512820512 1.0
0 0.01 0.03729347127511503 0.03567385673522949 27.83695697784424 0.20512820512820512 1.0
0 0.01 0.032483124670098805 0.032302141189575195 27.869259119033813 0.20512820512820512 1.0
