[216.40736058 188.4937774  164.18066384 143.00360867 124.55810333
 108.49181534  94.49785828  82.30892987  71.69220614  62.44489425
  54.39035884  47.37474809  41.26405496  35.94155748  31.30558923
  27.26759733  23.75045104  20.68696841  18.01863304  15.69447636
  13.67010404  11.906848    10.37102782   9.03330739   7.86813455
   6.85325305   5.96927734   5.19932239   4.52868107   3.94454329
   3.43575127   2.99258645   2.60658382   2.27037024   1.9775236
   1.72245016   1.5002777    1.30676244   1.138208     0.99139477
   0.86351843   0.75213639   0.65512111   0.57061946   0.49701737
   0.43290895   0.37706963   0.32843281   0.28606948   0.24917044]0 1 312.2098259152708 0.0006361007690429688 0.0006361007690429688 0.0 1.0
0 1 271.93903789811014 0.0006420612335205078 0.0012781620025634766 0.0 1.0
0 1 236.8626295349813 0.007617950439453125 0.008896112442016602 0.33333333333333337 1.0
0 1 206.31059705097118 0.008291959762573242 0.017188072204589844 0.5714285714285715 1.0
0 1 179.69935797424765 0.004849910736083984 0.022037982940673828 0.5714285714285715 1.0
0 1 156.52060397255676 0.003665924072265625 0.025703907012939453 0.5714285714285715 1.0
0 1 136.33159152101595 0.0034008026123046875 0.02910470962524414 0.5714285714285715 1.0
0 1 118.74668494067365 0.010019779205322266 0.039124488830566406 0.7499999999999999 1.0
0 1 103.42999026917344 0.006230831146240234 0.04535531997680664 0.7499999999999999 1.0
0 1 90.08893926113359 0.0048677921295166016 0.05022311210632324 0.7499999999999999 1.0
0 1 78.46870096453189 0.004986763000488281 0.05520987510681152 0.7499999999999999 1.0
0 1 68.34731412713553 0.004797935485839844 0.06000781059265137 0.7499999999999999 1.0
0 1 59.53144745577994 0.0052721500396728516 0.06527996063232422 0.6666666666666665 1.0
0 1 51.85270674408604 0.010775089263916016 0.07605504989624023 0.7272727272727272 1.0
0 1 45.16441833008278 0.010763168334960938 0.08681821823120117 0.7272727272727272 1.0
0 1 39.33882744370648 0.012756109237670898 0.09957432746887207 0.6153846153846154 1.0
0 1 34.26465792907022 0.020308971405029297 0.11988329887390137 0.47058823529411764 1.0
0 1 29.84498672911064 0.029065847396850586 0.14894914627075195 0.3636363636363636 1.0
0 1 25.99539253258091 0.038298845291137695 0.18724799156188965 0.3076923076923077 1.0
0 1 22.642343220204207 0.10448193550109863 0.2917299270629883 0.26666666666666666 1.0
0 1 19.721791308170232 0.12323904037475586 0.41496896743774414 0.27586206896551724 1.0
0 1 17.177950560167822 0.27505922317504883 0.690028190612793 0.26666666666666666 1.0
0 1 14.962230399696251 0.19433188438415527 0.8843600749969482 0.24242424242424243 1.0
0 1 13.03230776858211 0.18679475784301758 1.0711548328399658 0.2222222222222222 1.0
0 1 11.351318703025308 0.1854710578918457 1.2566258907318115 0.2222222222222222 1.0
0 1 9.887154185253786 0.14293599128723145 1.399561882019043 0.21621621621621623 1.0
0 1 8.611846820663045 0.1427919864654541 1.542353868484497 0.20512820512820512 1.0
0 1 7.501036625197576 0.16633200645446777 1.7086858749389648 0.19999999999999998 1.0
0 1 6.53350571883761 0.14164090156555176 1.8503267765045166 0.20512820512820512 1.0
0 1 5.69077303724795 0.18615198135375977 2.0364787578582764 0.18604651162790697 1.0
0 1 4.956741320068812 0.15489602088928223 2.1913747787475586 0.1777777777777778 1.0
0 1 4.317389632878279 0.20020198822021484 2.3915767669677734 0.1702127659574468 1.0
0 1 3.7605055496069455 1.917064905166626 4.308641672134399 0.1702127659574468 1.0
0 1 3.2754518797500736 0.38820934295654297 4.696851015090942 0.1702127659574468 1.0
0 1 2.8529634845718124 0.18304109573364258 4.879892110824585 0.16666666666666666 1.0
0 1 2.4849703012340436 0.1490039825439453 5.02889609336853 0.163265306122449 1.0
0 1 2.1644431943866964 0.2545599937438965 5.283456087112427 0.163265306122449 1.0
0 1 1.8852596907900219 0.14443707466125488 5.427893161773682 0.163265306122449 1.0
0 1 1.6420870323301746 0.12218379974365234 5.550076961517334 0.163265306122449 1.0
0 1 1.4302803135927475 0.11981701850891113 5.669893980026245 0.163265306122449 1.0
0 1 1.2457937582930971 0.1139678955078125 5.783861875534058 0.163265306122449 1.0
0 1 1.0851034398309916 0.4009850025177002 6.184846878051758 0.1568627450980392 1.0
0 1 0.945139969834425 0.34600329399108887 6.530850172042847 0.1568627450980392 1.0
0 1 0.823229868958621 0.49362778663635254 7.024477958679199 0.1568627450980392 1.0
0 1 0.7170445000483404 0.8090341091156006 7.8335120677948 0.15384615384615383 1.0
0 1 0.624555588222246 0.8155968189239502 8.64910888671875 0.1509433962264151 1.0
0 1 0.5439964782567033 0.5246701240539551 9.173779010772705 0.1509433962264151 1.0
0 1 0.4738283892360109 0.45279598236083984 9.626574993133545 0.1509433962264151 1.0
0 1 0.4127110218901976 0.45618486404418945 10.082759857177734 0.1481481481481481 1.0
0 1 0.3594769571833539 0.4511868953704834 10.533946752548218 0.1481481481481481 1.0
0 0.1 130.20161032759302 0.0006520748138427734 10.53459882736206 0.0 1.0
0 0.1 113.40738729625762 0.0006382465362548828 10.535237073898315 0.0 1.0
0 0.1 98.77938883400856 0.0006229877471923828 10.535860061645508 0.0 1.0
0 0.1 86.03820166433057 0.0006260871887207031 10.536486148834229 0.0 1.0
0 0.1 74.9404529934022 0.0006499290466308594 10.53713607788086 0.0 1.0
0 0.1 65.27416178184274 0.0006577968597412109 10.5377938747406 0.0 1.0
0 0.1 56.854689638682785 0.0006520748138427734 10.538445949554443 0.0 1.0
0 0.1 49.52121399451067 0.0006361007690429688 10.539082050323486 0.0 1.0
0 0.1 43.13365618693992 0.0006551742553710938 10.539737224578857 0.0 1.0
0 0.1 37.570005780944214 0.0006620883941650391 10.540399312973022 0.0 1.0
0 0.1 32.7239900151928 0.0006310939788818359 10.541030406951904 0.0 1.0
0 0.1 28.503043857863506 0.0006279945373535156 10.541658401489258 0.0 1.0
0 0.1 24.826541897430772 0.009809255599975586 10.551467657089233 0.5714285714285715 1.0
0 0.1 21.624258295306348 0.0018239021301269531 10.55329155921936 0.5714285714285715 1.0
0 0.1 18.835025383479486 0.0018889904022216797 10.555180549621582 0.5714285714285715 1.0
0 0.1 16.405565284674683 0.001741170883178711 10.55692172050476 0.5714285714285715 1.0
0 0.1 14.289472237493916 0.0017518997192382812 10.558673620223999 0.5714285714285715 1.0
0 0.1 12.446326187665905 0.001795053482055664 10.560468673706055 0.5714285714285715 1.0
0 0.1 10.840920713874212 0.007502079010009766 10.567970752716064 0.7499999999999999 1.0
0 0.1 9.44259054057033 0.002496957778930664 10.570467710494995 0.7499999999999999 1.0
0 0.1 8.224625792416147 0.002483844757080078 10.572951555252075 0.7499999999999999 1.0
0 0.1 7.163761801874259 0.002841949462890625 10.575793504714966 0.7499999999999999 1.0
0 0.1 6.239734724625884 0.002897024154663086 10.578690528869629 0.7499999999999999 1.0
0 0.1 5.43489447450858 0.02668905258178711 10.605379581451416 0.7272727272727272 1.0
0 0.1 4.733867584541418 0.006958961486816406 10.612338542938232 0.7272727272727272 1.0
0 0.1 4.123263554256632 0.007714033126831055 10.620052576065063 0.7272727272727272 1.0
0 0.1 3.591419074200402 0.05564522743225098 10.675697803497314 0.5714285714285714 1.0
0 0.1 3.128175241967003 0.14344024658203125 10.819138050079346 0.4444444444444444 1.0
0 0.1 2.7246835143108377 0.0522310733795166 10.871369123458862 0.4210526315789473 1.0
0 0.1 2.373236688776134 0.08593201637268066 10.957301139831543 0.38095238095238093 1.0
0 0.1 2.0671216863796724 0.32446813583374023 11.281769275665283 0.3333333333333333 1.0
0 0.1 1.8004913233094775 0.4946737289428711 11.776443004608154 0.32000000000000006 1.0
0 0.1 1.5682526223167341 0.5674200057983398 12.343863010406494 0.2857142857142857 1.0
0 0.1 1.3659695304072161 0.4453859329223633 12.789248943328857 0.27586206896551724 1.0
0 0.1 1.1897781846170337 0.2834939956665039 13.072742938995361 0.25806451612903225 1.0
0 0.1 1.036313107341863 0.08579492568969727 13.158537864685059 0.25806451612903225 1.0
0 0.1 0.9026429214570189 0.19950222969055176 13.35804009437561 0.24242424242424243 1.0
0 0.1 0.786214357305898 0.21447300910949707 13.572513103485107 0.2352941176470588 1.0
0 0.1 0.6848034820193963 0.06968402862548828 13.642197132110596 0.2352941176470588 1.0
0 0.1 0.5964732195846044 0.6861679553985596 14.328365087509155 0.2285714285714286 1.0
0 0.1 0.5195363502423698 0.7419829368591309 15.070348024368286 0.2222222222222222 1.0
0 0.1 0.4525232824553942 2.6415600776672363 17.711908102035522 0.19999999999999998 1.0
0 0.1 0.3941539818506903 0.36968278884887695 18.0815908908844 0.19999999999999998 1.0
0 0.1 0.34331352094368267 0.5658009052276611 18.64739179611206 0.19512195121951217 1.0
0 0.1 0.2990307826127625 0.8054409027099609 19.45283269882202 0.19047619047619047 1.0
0 0.1 0.2604599105337001 0.9726788997650146 20.425511598587036 0.18181818181818182 1.0
0 0.1 0.22686415225376097 0.38158702850341797 20.807098627090454 0.18181818181818182 1.0
0 0.1 0.19760178628779224 0.16080403327941895 20.967902660369873 0.18181818181818182 1.0
0 0.1 0.17211386442601356 0.12286686897277832 21.09076952934265 0.18181818181818182 1.0
0 0.1 0.14991353511608546 2.213512897491455 23.304282426834106 0.1739130434782609 1.0
0 0.01 28.211963230963963 0.0006401538848876953 23.304922580718994 0.0 1.0
0 0.01 24.573006681497752 0.0006349086761474609 23.30555748939514 0.0 1.0
0 0.01 21.403425646968028 0.0006439685821533203 23.306201457977295 0.0 1.0
0 0.01 18.642677119777133 0.0006520748138427734 23.306853532791138 0.0 1.0
0 0.01 16.238027310431736 0.0006570816040039062 23.30751061439514 0.0 1.0
0 0.01 14.143544365449966 0.0006861686706542969 23.308196783065796 0.0 1.0
0 0.01 12.319221010851523 0.0006279945373535156 23.30882477760315 0.0 1.0
0 0.01 10.730210362611421 0.0006330013275146484 23.309457778930664 0.0 1.0
0 0.01 9.346160307090315 0.0006568431854248047 23.31011462211609 0.0 1.0
0 0.01 8.140633737265514 0.0006649494171142578 23.310779571533203 0.0 1.0
0 0.01 7.090603570541246 0.0006361007690429688 23.311415672302246 0.0 1.0
0 0.01 6.176012902339531 0.0006461143493652344 23.31206178665161 0.0 1.0
0 0.01 5.379391893848717 0.0006389617919921875 23.312700748443604 0.0 1.0
0 0.01 4.685524076001097 0.0006310939788818359 23.313331842422485 0.0 1.0
0 0.01 4.081155695663349 0.0006608963012695312 23.313992738723755 0.0 1.0
0 0.01 3.554742552184356 0.0006279945373535156 23.31462073326111 0.0 1.0
0 0.01 3.09622948855821 0.0006427764892578125 23.315263509750366 0.0 1.0
0 0.01 2.6968583252045994 0.0007081031799316406 23.315971612930298 0.0 1.0
0 0.01 2.349000567658869 0.01637101173400879 23.332342624664307 0.5714285714285715 1.0
0 0.01 2.046011692676912 0.001085042953491211 23.333427667617798 0.5714285714285715 1.0
0 0.01 1.7821042294352372 0.0010671615600585938 23.334494829177856 0.5714285714285715 1.0
0 0.01 1.5522372115164986 0.0011739730834960938 23.335668802261353 0.5714285714285715 1.0
0 0.01 1.3520198880735976 0.0010633468627929688 23.336732149124146 0.5714285714285715 1.0
0 0.01 1.1776278549337647 0.0011339187622070312 23.337866067886353 0.5714285714285715 1.0
0 0.01 1.0257300036406054 0.005221843719482422 23.343087911605835 0.7499999999999999 1.0
0 0.01 0.8934248930683893 0.001094818115234375 23.34418272972107 0.7499999999999999 1.0
0 0.01 0.7781853282259436 0.0011210441589355469 23.345303773880005 0.7499999999999999 1.0
0 0.01 0.6778100876351608 0.0011379718780517578 23.346441745758057 0.7499999999999999 1.0
0 0.01 0.590381877216004 0.0012428760528564453 23.347684621810913 0.7499999999999999 1.0
0 0.01 0.5142307075440048 0.0131378173828125 23.360822439193726 0.7272727272727272 1.0
0 0.01 0.44790199493955546 0.0033838748931884766 23.364206314086914 0.7272727272727272 1.0
0 0.01 0.39012877707943217 0.042407989501953125 23.406614303588867 0.5000000000000001 1.0
0 0.01 0.33980751241358653 0.047338008880615234 23.453952312469482 0.4 1.0
0 0.01 0.2959770011254507 0.00877523422241211 23.462727546691895 0.4 1.0
0 0.01 0.2578000249994245 0.009293079376220703 23.472020626068115 0.4 1.0
0 0.01 0.22454735549379537 0.07024478912353516 23.54226541519165 0.3076923076923077 1.0
0 0.01 0.19558382455304058 0.012845039367675781 23.555110454559326 0.3076923076923077 1.0
0 0.01 0.1703561920944177 0.1935410499572754 23.7486515045166 0.26666666666666666 1.0
0 0.01 0.14838257842248037 0.06447696685791016 23.81312847137451 0.25806451612903225 1.0
0 0.01 0.12924325971726744 0.019090890884399414 23.83221936225891 0.25806451612903225 1.0
0 0.01 0.1125726507783501 0.06577086448669434 23.897990226745605 0.25 1.0
0 0.01 0.09805232188500161 0.0668783187866211 23.964868545532227 0.24242424242424243 1.0
0 0.01 0.08540491638568569 0.08996987342834473 24.05483841896057 0.2352941176470588 1.0
0 0.01 0.07438885283512764 0.01935601234436035 24.07419443130493 0.2352941176470588 1.0
0 0.01 0.06479371048308594 0.0870659351348877 24.16126036643982 0.2285714285714286 1.0
0 0.01 0.056436209971818335 0.23882484436035156 24.40008521080017 0.21621621621621623 1.0
0 0.01 0.049156712468482675 0.0368349552154541 24.436920166015625 0.21621621621621623 1.0
0 0.01 0.0428161703614703 0.2141430377960205 24.651063203811646 0.20512820512820512 1.0
0 0.01 0.03729347127511503 0.03322410583496094 24.684287309646606 0.20512820512820512 1.0
0 0.01 0.032483124670098805 0.030659198760986328 24.714946508407593 0.20512820512820512 1.0
