[216.40736058 188.4937774  164.18066384 143.00360867 124.55810333
 108.49181534  94.49785828  82.30892987  71.69220614  62.44489425
  54.39035884  47.37474809  41.26405496  35.94155748  31.30558923
  27.26759733  23.75045104  20.68696841  18.01863304  15.69447636
  13.67010404  11.906848    10.37102782   9.03330739   7.86813455
   6.85325305   5.96927734   5.19932239   4.52868107   3.94454329
   3.43575127   2.99258645   2.60658382   2.27037024   1.9775236
   1.72245016   1.5002777    1.30676244   1.138208     0.99139477
   0.86351843   0.75213639   0.65512111   0.57061946   0.49701737
   0.43290895   0.37706963   0.32843281   0.28606948   0.24917044]0 1 312.2098259152708 0.0011849403381347656 0.0011849403381347656 0.0 1.0
0 1 271.93903789811014 0.001177072525024414 0.0023620128631591797 0.0 1.0
0 1 236.8626295349813 0.035125017166137695 0.037487030029296875 0.33333333333333337 1.0
0 1 206.31059705097118 0.025468826293945312 0.06295585632324219 0.5714285714285715 1.0
0 1 179.69935797424765 0.016099929809570312 0.0790557861328125 0.5714285714285715 1.0
0 1 156.52060397255676 0.013036012649536133 0.09209179878234863 0.5714285714285715 1.0
0 1 136.33159152101595 0.01112818717956543 0.10321998596191406 0.5714285714285715 1.0
0 1 118.74668494067365 0.030707120895385742 0.1339271068572998 0.7499999999999999 1.0
0 1 103.42999026917344 0.019092082977294922 0.15301918983459473 0.7499999999999999 1.0
0 1 90.08893926113359 0.013684988021850586 0.1667041778564453 0.7499999999999999 1.0
0 1 78.46870096453189 0.012455940246582031 0.17916011810302734 0.7499999999999999 1.0
0 1 68.34731412713553 0.010046958923339844 0.1892070770263672 0.7499999999999999 1.0
0 1 59.53144745577994 0.01090097427368164 0.20010805130004883 0.6666666666666665 1.0
0 1 51.85270674408604 0.015778064727783203 0.21588611602783203 0.7272727272727272 1.0
0 1 45.16441833008278 0.01419687271118164 0.23008298873901367 0.7272727272727272 1.0
0 1 39.33882744370648 0.015239238739013672 0.24532222747802734 0.6153846153846154 1.0
0 1 34.26465792907022 0.0244598388671875 0.26978206634521484 0.47058823529411764 1.0
0 1 29.84498672911064 0.030214786529541016 0.29999685287475586 0.3636363636363636 1.0
0 1 25.99539253258091 0.042334794998168945 0.3423316478729248 0.3076923076923077 1.0
0 1 22.642343220204207 0.12033295631408691 0.4626646041870117 0.26666666666666666 1.0
0 1 19.721791308170232 0.1359081268310547 0.5985727310180664 0.27586206896551724 1.0
0 1 17.177950560167822 0.2830328941345215 0.8816056251525879 0.26666666666666666 1.0
0 1 14.962230399696251 0.20156002044677734 1.0831656455993652 0.24242424242424243 1.0
0 1 13.03230776858211 0.24761486053466797 1.3307805061340332 0.2222222222222222 1.0
0 1 11.351318703025308 0.19025683403015137 1.5210373401641846 0.2222222222222222 1.0
0 1 9.887154185253786 0.1479651927947998 1.6690025329589844 0.21621621621621623 1.0
0 1 8.611846820663045 0.1516437530517578 1.8206462860107422 0.20512820512820512 1.0
0 1 7.501036625197576 0.1686110496520996 1.9892573356628418 0.19999999999999998 1.0
0 1 6.53350571883761 0.1432037353515625 2.1324610710144043 0.20512820512820512 1.0
0 1 5.69077303724795 0.18830275535583496 2.3207638263702393 0.18604651162790697 1.0
0 1 4.956741320068812 0.16131997108459473 2.482083797454834 0.1777777777777778 1.0
0 1 4.317389632878279 0.20268702507019043 2.6847708225250244 0.1702127659574468 1.0
0 1 3.7605055496069455 1.9391000270843506 4.623870849609375 0.1702127659574468 1.0
0 1 3.2754518797500736 0.386991024017334 5.010861873626709 0.1702127659574468 1.0
0 1 2.8529634845718124 0.18570804595947266 5.196569919586182 0.16666666666666666 1.0
0 1 2.4849703012340436 0.152634859085083 5.349204778671265 0.163265306122449 1.0
0 1 2.1644431943866964 0.2591109275817871 5.608315706253052 0.163265306122449 1.0
0 1 1.8852596907900219 0.14548802375793457 5.753803730010986 0.163265306122449 1.0
0 1 1.6420870323301746 0.12468504905700684 5.878488779067993 0.163265306122449 1.0
0 1 1.4302803135927475 0.1201629638671875 5.998651742935181 0.163265306122449 1.0
0 1 1.2457937582930971 0.11632609367370605 6.114977836608887 0.163265306122449 1.0
0 1 1.0851034398309916 0.4058523178100586 6.520830154418945 0.1568627450980392 1.0
0 1 0.945139969834425 0.3548400402069092 6.8756701946258545 0.1568627450980392 1.0
0 1 0.823229868958621 0.5007619857788086 7.376432180404663 0.1568627450980392 1.0
0 1 0.7170445000483404 0.8311171531677246 8.207549333572388 0.15384615384615383 1.0
0 1 0.624555588222246 0.7669751644134521 8.97452449798584 0.1509433962264151 1.0
0 1 0.5439964782567033 0.5358247756958008 9.51034927368164 0.1509433962264151 1.0
0 1 0.4738283892360109 0.45729923248291016 9.96764850616455 0.1509433962264151 1.0
0 1 0.4127110218901976 0.4673171043395996 10.43496561050415 0.1481481481481481 1.0
0 1 0.3594769571833539 0.4595940113067627 10.894559621810913 0.1481481481481481 1.0
0 0.1 130.20161032759302 0.0012388229370117188 10.895798444747925 0.0 1.0
0 0.1 113.40738729625762 0.0012040138244628906 10.897002458572388 0.0 1.0
0 0.1 98.77938883400856 0.0012121200561523438 10.89821457862854 0.0 1.0
0 0.1 86.03820166433057 0.001363992691040039 10.89957857131958 0.0 1.0
0 0.1 74.9404529934022 0.0011730194091796875 10.90075159072876 0.0 1.0
0 0.1 65.27416178184274 0.0012059211730957031 10.901957511901855 0.0 1.0
0 0.1 56.854689638682785 0.0011591911315917969 10.903116703033447 0.0 1.0
0 0.1 49.52121399451067 0.0011582374572753906 10.904274940490723 0.0 1.0
0 0.1 43.13365618693992 0.0014371871948242188 10.905712127685547 0.0 1.0
0 0.1 37.570005780944214 0.002277851104736328 10.907989978790283 0.0 1.0
0 0.1 32.7239900151928 0.0028259754180908203 10.910815954208374 0.0 1.0
0 0.1 28.503043857863506 0.001207113265991211 10.912023067474365 0.0 1.0
0 0.1 24.826541897430772 0.015864849090576172 10.927887916564941 0.5714285714285715 1.0
0 0.1 21.624258295306348 0.0052700042724609375 10.933157920837402 0.5714285714285715 1.0
0 0.1 18.835025383479486 0.005337715148925781 10.938495635986328 0.5714285714285715 1.0
0 0.1 16.405565284674683 0.005023956298828125 10.943519592285156 0.5714285714285715 1.0
0 0.1 14.289472237493916 0.005212068557739258 10.948731660842896 0.5714285714285715 1.0
0 0.1 12.446326187665905 0.003874063491821289 10.952605724334717 0.5714285714285715 1.0
0 0.1 10.840920713874212 0.012634992599487305 10.965240716934204 0.7499999999999999 1.0
0 0.1 9.44259054057033 0.00625300407409668 10.9714937210083 0.7499999999999999 1.0
0 0.1 8.224625792416147 0.005410194396972656 10.976903915405273 0.7499999999999999 1.0
0 0.1 7.163761801874259 0.005113124847412109 10.982017040252686 0.7499999999999999 1.0
0 0.1 6.239734724625884 0.005112171173095703 10.987129211425781 0.7499999999999999 1.0
0 0.1 5.43489447450858 0.03372907638549805 11.02085828781128 0.7272727272727272 1.0
0 0.1 4.733867584541418 0.012328863143920898 11.0331871509552 0.7272727272727272 1.0
0 0.1 4.123263554256632 0.01184391975402832 11.045031070709229 0.7272727272727272 1.0
0 0.1 3.591419074200402 0.06722092628479004 11.112251996994019 0.5714285714285714 1.0
0 0.1 3.128175241967003 0.1569671630859375 11.269219160079956 0.4444444444444444 1.0
0 0.1 2.7246835143108377 0.06105804443359375 11.33027720451355 0.4210526315789473 1.0
0 0.1 2.373236688776134 0.09315991401672363 11.423437118530273 0.38095238095238093 1.0
0 0.1 2.0671216863796724 0.448336124420166 11.87177324295044 0.3333333333333333 1.0
0 0.1 1.8004913233094775 0.5653519630432129 12.437125205993652 0.32000000000000006 1.0
0 0.1 1.5682526223167341 0.6204752922058105 13.057600498199463 0.2857142857142857 1.0
0 0.1 1.3659695304072161 0.45633983612060547 13.513940334320068 0.27586206896551724 1.0
0 0.1 1.1897781846170337 0.3123619556427002 13.826302289962769 0.25806451612903225 1.0
0 0.1 1.036313107341863 0.09717416763305664 13.923476457595825 0.25806451612903225 1.0
0 0.1 0.9026429214570189 0.2607111930847168 14.184187650680542 0.24242424242424243 1.0
0 0.1 0.786214357305898 0.2207350730895996 14.404922723770142 0.2352941176470588 1.0
0 0.1 0.6848034820193963 0.07221484184265137 14.477137565612793 0.2352941176470588 1.0
0 0.1 0.5964732195846044 0.7413067817687988 15.218444347381592 0.2285714285714286 1.0
0 0.1 0.5195363502423698 0.729193925857544 15.947638273239136 0.2222222222222222 1.0
0 0.1 0.4525232824553942 2.6958348751068115 18.643473148345947 0.19999999999999998 1.0
0 0.1 0.3941539818506903 0.37658023834228516 19.020053386688232 0.19999999999999998 1.0
0 0.1 0.34331352094368267 0.5806581974029541 19.600711584091187 0.19512195121951217 1.0
0 0.1 0.2990307826127625 0.8177587985992432 20.41847038269043 0.19047619047619047 1.0
0 0.1 0.2604599105337001 0.9955880641937256 21.414058446884155 0.18181818181818182 1.0
0 0.1 0.22686415225376097 0.39930081367492676 21.813359260559082 0.18181818181818182 1.0
0 0.1 0.19760178628779224 0.1700448989868164 21.9834041595459 0.18181818181818182 1.0
0 0.1 0.17211386442601356 0.12976598739624023 22.11317014694214 0.18181818181818182 1.0
0 0.1 0.14991353511608546 2.2817811965942383 24.394951343536377 0.1739130434782609 1.0
0 0.01 28.211963230963963 0.001194000244140625 24.396145343780518 0.0 1.0
0 0.01 24.573006681497752 0.0011796951293945312 24.397325038909912 0.0 1.0
0 0.01 21.403425646968028 0.0011589527130126953 24.398483991622925 0.0 1.0
0 0.01 18.642677119777133 0.0012238025665283203 24.399707794189453 0.0 1.0
0 0.01 16.238027310431736 0.0012350082397460938 24.4009428024292 0.0 1.0
0 0.01 14.143544365449966 0.0012269020080566406 24.402169704437256 0.0 1.0
0 0.01 12.319221010851523 0.0011777877807617188 24.403347492218018 0.0 1.0
0 0.01 10.730210362611421 0.0011739730834960938 24.404521465301514 0.0 1.0
0 0.01 9.346160307090315 0.0011551380157470703 24.40567660331726 0.0 1.0
0 0.01 8.140633737265514 0.0011620521545410156 24.4068386554718 0.0 1.0
0 0.01 7.090603570541246 0.0011510848999023438 24.407989740371704 0.0 1.0
0 0.01 6.176012902339531 0.001264810562133789 24.409254550933838 0.0 1.0
0 0.01 5.379391893848717 0.0012500286102294922 24.410504579544067 0.0 1.0
0 0.01 4.685524076001097 0.0011646747589111328 24.41166925430298 0.0 1.0
0 0.01 4.081155695663349 0.001165151596069336 24.412834405899048 0.0 1.0
0 0.01 3.554742552184356 0.0011780261993408203 24.41401243209839 0.0 1.0
0 0.01 3.09622948855821 0.0012369155883789062 24.415249347686768 0.0 1.0
0 0.01 2.6968583252045994 0.0011990070343017578 24.41644835472107 0.0 1.0
0 0.01 2.349000567658869 0.011015892028808594 24.427464246749878 0.5714285714285715 1.0
0 0.01 2.046011692676912 0.0025451183319091797 24.430009365081787 0.5714285714285715 1.0
0 0.01 1.7821042294352372 0.002721071243286133 24.432730436325073 0.5714285714285715 1.0
0 0.01 1.5522372115164986 0.0025157928466796875 24.435246229171753 0.5714285714285715 1.0
0 0.01 1.3520198880735976 0.002657651901245117 24.437903881072998 0.5714285714285715 1.0
0 0.01 1.1776278549337647 0.0025527477264404297 24.44045662879944 0.5714285714285715 1.0
0 0.01 1.0257300036406054 0.010792970657348633 24.451249599456787 0.7499999999999999 1.0
0 0.01 0.8934248930683893 0.002521038055419922 24.453770637512207 0.7499999999999999 1.0
0 0.01 0.7781853282259436 0.002476930618286133 24.456247568130493 0.7499999999999999 1.0
0 0.01 0.6778100876351608 0.0025610923767089844 24.458808660507202 0.7499999999999999 1.0
0 0.01 0.590381877216004 0.002580881118774414 24.461389541625977 0.7499999999999999 1.0
0 0.01 0.5142307075440048 0.020277976989746094 24.481667518615723 0.7272727272727272 1.0
0 0.01 0.44790199493955546 0.004220247268676758 24.4858877658844 0.7272727272727272 1.0
0 0.01 0.39012877707943217 0.046425819396972656 24.532313585281372 0.5000000000000001 1.0
0 0.01 0.33980751241358653 0.053320884704589844 24.585634469985962 0.4 1.0
0 0.01 0.2959770011254507 0.012784957885742188 24.598419427871704 0.4 1.0
0 0.01 0.2578000249994245 0.012497901916503906 24.610917329788208 0.4 1.0
0 0.01 0.22454735549379537 0.07665109634399414 24.687568426132202 0.3076923076923077 1.0
0 0.01 0.19558382455304058 0.016785860061645508 24.704354286193848 0.3076923076923077 1.0
0 0.01 0.1703561920944177 0.1910698413848877 24.895424127578735 0.26666666666666666 1.0
0 0.01 0.14838257842248037 0.07406401634216309 24.9694881439209 0.25806451612903225 1.0
0 0.01 0.12924325971726744 0.024238109588623047 24.99372625350952 0.25806451612903225 1.0
0 0.01 0.1125726507783501 0.0725250244140625 25.066251277923584 0.25 1.0
0 0.01 0.09805232188500161 0.07546210289001465 25.1417133808136 0.24242424242424243 1.0
0 0.01 0.08540491638568569 0.09589910507202148 25.23761248588562 0.2352941176470588 1.0
0 0.01 0.07438885283512764 0.024280786514282227 25.261893272399902 0.2352941176470588 1.0
0 0.01 0.06479371048308594 0.09055685997009277 25.352450132369995 0.2285714285714286 1.0
0 0.01 0.056436209971818335 0.25248003005981445 25.60493016242981 0.21621621621621623 1.0
0 0.01 0.049156712468482675 0.04510807991027832 25.650038242340088 0.21621621621621623 1.0
0 0.01 0.0428161703614703 0.219390869140625 25.869429111480713 0.20512820512820512 1.0
0 0.01 0.03729347127511503 0.04446291923522949 25.913892030715942 0.20512820512820512 1.0
0 0.01 0.032483124670098805 0.0420222282409668 25.95591425895691 0.20512820512820512 1.0
