[216.40736058 188.4937774  164.18066384 143.00360867 124.55810333
 108.49181534  94.49785828  82.30892987  71.69220614  62.44489425
  54.39035884  47.37474809  41.26405496  35.94155748  31.30558923
  27.26759733  23.75045104  20.68696841  18.01863304  15.69447636
  13.67010404  11.906848    10.37102782   9.03330739   7.86813455
   6.85325305   5.96927734   5.19932239   4.52868107   3.94454329
   3.43575127   2.99258645   2.60658382   2.27037024   1.9775236
   1.72245016   1.5002777    1.30676244   1.138208     0.99139477
   0.86351843   0.75213639   0.65512111   0.57061946   0.49701737
   0.43290895   0.37706963   0.32843281   0.28606948   0.24917044]0 1 312.2098259152708 0.006699085235595703 0.006699085235595703 0.0 1.0
0 1 271.93903789811014 0.006807804107666016 0.013506889343261719 0.0 1.0
0 1 236.8626295349813 0.006724834442138672 0.02023172378540039 0.33333333333333337 1.0
0 1 206.31059705097118 0.06190013885498047 0.08213186264038086 0.5714285714285715 1.0
0 1 179.69935797424765 0.055155277252197266 0.13728713989257812 0.5714285714285715 1.0
0 1 156.52060397255676 0.04621720314025879 0.18350434303283691 0.5714285714285715 1.0
0 1 136.33159152101595 0.045266151428222656 0.22877049446105957 0.5714285714285715 1.0
0 1 118.74668494067365 0.059642791748046875 0.28841328620910645 0.7499999999999999 1.0
0 1 103.42999026917344 0.05246329307556152 0.34087657928466797 0.7499999999999999 1.0
0 1 90.08893926113359 0.05333304405212402 0.394209623336792 0.7499999999999999 1.0
0 1 78.46870096453189 0.04684782028198242 0.4410574436187744 0.7499999999999999 1.0
0 1 68.34731412713553 0.04645395278930664 0.48751139640808105 0.7499999999999999 1.0
0 1 59.53144745577994 0.05303502082824707 0.5405464172363281 0.6666666666666665 1.0
0 1 51.85270674408604 0.058136940002441406 0.5986833572387695 0.7272727272727272 1.0
0 1 45.16441833008278 0.05269885063171387 0.6513822078704834 0.7272727272727272 1.0
0 1 39.33882744370648 0.07413411140441895 0.7255163192749023 0.6153846153846154 1.0
0 1 34.26465792907022 0.1303389072418213 0.8558552265167236 0.47058823529411764 1.0
0 1 29.84498672911064 0.1404726505279541 0.9963278770446777 0.3636363636363636 1.0
0 1 25.99539253258091 0.19949007034301758 1.1958179473876953 0.3076923076923077 1.0
0 1 22.642343220204207 0.5873010158538818 1.7831189632415771 0.26666666666666666 1.0
0 1 19.721791308170232 0.7115049362182617 2.494623899459839 0.27586206896551724 1.0
0 1 17.177950560167822 1.0125739574432373 3.507197856903076 0.26666666666666666 1.0
0 1 14.962230399696251 0.8798427581787109 4.387040615081787 0.24242424242424243 1.0
0 1 13.03230776858211 0.7688698768615723 5.155910491943359 0.2222222222222222 1.0
0 1 11.351318703025308 0.7880220413208008 5.94393253326416 0.2222222222222222 1.0
0 1 9.887154185253786 0.6764500141143799 6.62038254737854 0.21621621621621623 1.0
0 1 8.611846820663045 0.6917970180511475 7.3121795654296875 0.20512820512820512 1.0
0 1 7.501036625197576 0.85430908203125 8.166488647460938 0.19999999999999998 1.0
0 1 6.53350571883761 0.7261340618133545 8.892622709274292 0.20512820512820512 1.0
0 1 5.69077303724795 0.9023001194000244 9.794922828674316 0.18604651162790697 1.0
0 1 4.956741320068812 0.7639079093933105 10.558830738067627 0.1777777777777778 1.0
0 1 4.317389632878279 0.9718372821807861 11.530668020248413 0.16666666666666666 1.0
0 1 3.7605055496069455 6.784713983535767 18.31538200378418 0.1702127659574468 1.0
0 1 3.2754518797500736 1.5162420272827148 19.831624031066895 0.1702127659574468 1.0
0 1 2.8529634845718124 0.945728063583374 20.77735209465027 0.16666666666666666 1.0
0 1 2.4849703012340436 1.0765221118927002 21.85387420654297 0.163265306122449 1.0
0 1 2.1644431943866964 1.2508718967437744 23.104746103286743 0.163265306122449 1.0
0 1 1.8852596907900219 0.634181022644043 23.738927125930786 0.163265306122449 1.0
0 1 1.6420870323301746 0.5823230743408203 24.321250200271606 0.163265306122449 1.0
0 1 1.4302803135927475 0.5611300468444824 24.88238024711609 0.163265306122449 1.0
0 1 1.2457937582930971 0.56032395362854 25.44270420074463 0.163265306122449 1.0
0 1 1.0851034398309916 3.0149178504943848 28.457622051239014 0.1568627450980392 1.0
0 1 0.945139969834425 2.6588690280914307 31.116491079330444 0.1568627450980392 1.0
0 1 0.823229868958621 3.774693012237549 34.89118409156799 0.1568627450980392 1.0
0 1 0.7170445000483404 7.648412704467773 42.53959679603577 0.15384615384615383 1.0
0 1 0.624555588222246 6.9303138256073 49.469910621643066 0.1509433962264151 1.0
0 1 0.5439964782567033 5.056294918060303 54.52620553970337 0.1509433962264151 1.0
0 1 0.4738283892360109 4.4925150871276855 59.018720626831055 0.1509433962264151 1.0
0 1 0.4127110218901976 4.6567442417144775 63.67546486854553 0.1481481481481481 1.0
0 1 0.3594769571833539 4.46579122543335 68.14125609397888 0.1481481481481481 1.0
0 0.1 130.20161032759302 0.006337881088256836 68.14759397506714 0.0 1.0
0 0.1 113.40738729625762 0.006334066390991211 68.15392804145813 0.0 1.0
0 0.1 98.77938883400856 0.006304025650024414 68.16023206710815 0.0 1.0
0 0.1 86.03820166433057 0.0063571929931640625 68.16658926010132 0.0 1.0
0 0.1 74.9404529934022 0.006373882293701172 68.17296314239502 0.0 1.0
0 0.1 65.27416178184274 0.006456613540649414 68.17941975593567 0.0 1.0
0 0.1 56.854689638682785 0.006361961364746094 68.18578171730042 0.0 1.0
0 0.1 49.52121399451067 0.05050086975097656 68.23628258705139 0.5714285714285715 1.0
0 0.1 43.13365618693992 0.03776693344116211 68.27404952049255 0.5714285714285715 1.0
0 0.1 37.570005780944214 0.037715911865234375 68.31176543235779 0.5714285714285715 1.0
0 0.1 32.7239900151928 0.037689924240112305 68.3494553565979 0.5714285714285715 1.0
0 0.1 28.503043857863506 0.03844308853149414 68.3878984451294 0.5714285714285715 1.0
0 0.1 24.826541897430772 0.03837013244628906 68.42626857757568 0.5714285714285715 1.0
0 0.1 21.624258295306348 0.051056861877441406 68.47732543945312 0.7499999999999999 1.0
0 0.1 18.835025383479486 0.04516100883483887 68.52248644828796 0.7499999999999999 1.0
0 0.1 16.405565284674683 0.0446929931640625 68.56717944145203 0.7499999999999999 1.0
0 0.1 14.289472237493916 0.038327932357788086 68.60550737380981 0.7499999999999999 1.0
0 0.1 12.446326187665905 0.038240909576416016 68.64374828338623 0.7499999999999999 1.0
0 0.1 10.840920713874212 0.037715911865234375 68.68146419525146 0.7499999999999999 1.0
0 0.1 9.44259054057033 0.03830981254577637 68.71977400779724 0.7499999999999999 1.0
0 0.1 8.224625792416147 0.0384371280670166 68.75821113586426 0.7499999999999999 1.0
0 0.1 7.163761801874259 0.050891876220703125 68.80910301208496 0.888888888888889 1.0
0 0.1 6.239734724625884 0.06355786323547363 68.87266087532043 0.7272727272727272 1.0
0 0.1 5.43489447450858 0.05106711387634277 68.92372798919678 0.7272727272727272 1.0
0 0.1 4.733867584541418 0.05115914344787598 68.97488713264465 0.7272727272727272 1.0
0 0.1 4.123263554256632 0.10167789459228516 69.07656502723694 0.6153846153846154 1.0
0 0.1 3.591419074200402 0.08260893821716309 69.1591739654541 0.5333333333333333 1.0
0 0.1 3.128175241967003 0.2343459129333496 69.39351987838745 0.4210526315789473 1.0
0 0.1 2.7246835143108377 0.1973569393157959 69.59087681770325 0.38095238095238093 1.0
0 0.1 2.373236688776134 0.12742209434509277 69.71829891204834 0.38095238095238093 1.0
0 0.1 2.0671216863796724 0.4399240016937256 70.15822291374207 0.3333333333333333 1.0
0 0.1 1.8004913233094775 0.40716099739074707 70.56538391113281 0.3076923076923077 1.0
0 0.1 1.5682526223167341 0.3890559673309326 70.95443987846375 0.2857142857142857 1.0
0 0.1 1.3659695304072161 0.49472737312316895 71.44916725158691 0.2962962962962963 1.0
0 0.1 1.1897781846170337 0.4150199890136719 71.86418724060059 0.26666666666666666 1.0
0 0.1 1.036313107341863 0.28435206413269043 72.14853930473328 0.26666666666666666 1.0
0 0.1 0.9026429214570189 0.8486721515655518 72.99721145629883 0.24242424242424243 1.0
0 0.1 0.786214357305898 0.7114911079406738 73.7087025642395 0.2352941176470588 1.0
0 0.1 0.6848034820193963 0.5022752285003662 74.21097779273987 0.2222222222222222 1.0
0 0.1 0.5964732195846044 1.2863640785217285 75.4973418712616 0.21621621621621623 1.0
0 0.1 0.5195363502423698 3.2605419158935547 78.75788378715515 0.19999999999999998 1.0
0 0.1 0.4525232824553942 5.393035173416138 84.15091896057129 0.19512195121951217 1.0
0 0.1 0.3941539818506903 1.5816049575805664 85.73252391815186 0.19512195121951217 1.0
0 0.1 0.34331352094368267 1.4430100917816162 87.17553400993347 0.19047619047619047 1.0
0 0.1 0.2990307826127625 7.9567530155181885 95.13228702545166 0.25 1.0
0 0.1 0.2604599105337001 0.8925468921661377 96.0248339176178 0.25 1.0
0 0.1 0.22686415225376097 0.7073819637298584 96.73221588134766 0.24390243902439027 1.0
0 0.1 0.19760178628779224 0.8412699699401855 97.57348585128784 0.24390243902439027 1.0
0 0.1 0.17211386442601356 0.6717827320098877 98.24526858329773 0.24390243902439027 1.0
0 0.1 0.14991353511608546 0.559345006942749 98.80461359024048 0.24390243902439027 1.0
0 0.01 28.211963230963963 0.006707191467285156 98.81132078170776 0.33333333333333337 1.0
0 0.01 24.573006681497752 0.04703998565673828 98.8583607673645 0.5714285714285715 1.0
0 0.01 21.403425646968028 0.03827786445617676 98.89663863182068 0.5714285714285715 1.0
0 0.01 18.642677119777133 0.03863215446472168 98.9352707862854 0.5714285714285715 1.0
0 0.01 16.238027310431736 0.038599252700805664 98.9738700389862 0.5714285714285715 1.0
0 0.01 14.143544365449966 0.03870391845703125 99.01257395744324 0.5714285714285715 1.0
0 0.01 12.319221010851523 0.03832221031188965 99.05089616775513 0.5714285714285715 1.0
0 0.01 10.730210362611421 0.03180694580078125 99.08270311355591 0.5714285714285715 1.0
0 0.01 9.346160307090315 0.05086922645568848 99.1335723400116 0.7499999999999999 1.0
0 0.01 8.140633737265514 0.03833317756652832 99.17190551757812 0.7499999999999999 1.0
0 0.01 7.090603570541246 0.03845405578613281 99.21035957336426 0.7499999999999999 1.0
0 0.01 6.176012902339531 0.03825497627258301 99.24861454963684 0.7499999999999999 1.0
0 0.01 5.379391893848717 0.03845024108886719 99.28706479072571 0.7499999999999999 1.0
0 0.01 4.685524076001097 0.03832292556762695 99.32538771629333 0.7499999999999999 1.0
0 0.01 4.081155695663349 0.038558244705200195 99.36394596099854 0.7499999999999999 1.0
0 0.01 3.554742552184356 0.037995100021362305 99.4019410610199 0.7499999999999999 1.0
0 0.01 3.09622948855821 0.038001060485839844 99.43994212150574 0.7499999999999999 1.0
0 0.01 2.6968583252045994 0.05093502998352051 99.49087715148926 0.888888888888889 1.0
0 0.01 2.349000567658869 0.031790971755981445 99.52266812324524 0.888888888888889 1.0
0 0.01 2.046011692676912 0.05714297294616699 99.5798110961914 0.7272727272727272 1.0
0 0.01 1.7821042294352372 0.0455479621887207 99.62535905838013 0.7272727272727272 1.0
0 0.01 1.5522372115164986 0.08948826789855957 99.71484732627869 0.6666666666666666 1.0
0 0.01 1.3520198880735976 0.08341717720031738 99.798264503479 0.5714285714285714 1.0
0 0.01 1.1776278549337647 0.1159510612487793 99.91421556472778 0.5000000000000001 1.0
0 0.01 1.0257300036406054 0.12881898880004883 100.04303455352783 0.47058823529411764 1.0
0 0.01 0.8934248930683893 0.12965726852416992 100.172691822052 0.4444444444444444 1.0
0 0.01 0.7781853282259436 0.10432791709899902 100.277019739151 0.4444444444444444 1.0
0 0.01 0.6778100876351608 0.16719985008239746 100.4442195892334 0.3478260869565218 1.0
0 0.01 0.590381877216004 0.12223100662231445 100.56645059585571 0.3478260869565218 1.0
0 0.01 0.5142307075440048 0.11655116081237793 100.68300175666809 0.3478260869565218 1.0
0 0.01 0.44790199493955546 0.22400689125061035 100.9070086479187 0.32000000000000006 1.0
0 0.01 0.39012877707943217 0.15317320823669434 101.0601818561554 0.32000000000000006 1.0
0 0.01 0.33980751241358653 0.14872431755065918 101.20890617370605 0.32000000000000006 1.0
0 0.01 0.2959770011254507 0.14783310890197754 101.35673928260803 0.32000000000000006 1.0
0 0.01 0.2578000249994245 0.1910552978515625 101.5477945804596 0.2962962962962963 1.0
0 0.01 0.22454735549379537 0.17323899269104004 101.72103357315063 0.2857142857142857 1.0
0 0.01 0.19558382455304058 0.14176678657531738 101.86280035972595 0.2857142857142857 1.0
0 0.01 0.1703561920944177 0.5476431846618652 102.41044354438782 0.24242424242424243 1.0
0 0.01 0.14838257842248037 0.32705092430114746 102.73749446868896 0.24242424242424243 1.0
0 0.01 0.12924325971726744 0.30304503440856934 103.04053950309753 0.24242424242424243 1.0
0 0.01 0.1125726507783501 0.28218603134155273 103.32272553443909 0.24242424242424243 1.0
0 0.01 0.09805232188500161 0.3649280071258545 103.68765354156494 0.2352941176470588 1.0
0 0.01 0.08540491638568569 0.24411296844482422 103.93176651000977 0.2352941176470588 1.0
0 0.01 0.07438885283512764 0.47590088844299316 104.40766739845276 0.2222222222222222 1.0
0 0.01 0.06479371048308594 0.48770809173583984 104.8953754901886 0.2105263157894737 1.0
0 0.01 0.056436209971818335 0.5199599266052246 105.41533541679382 0.20512820512820512 1.0
0 0.01 0.049156712468482675 0.34093785285949707 105.75627326965332 0.20512820512820512 1.0
0 0.01 0.0428161703614703 0.9015860557556152 106.65785932540894 0.19047619047619047 1.0
0 0.01 0.03729347127511503 0.5275881290435791 107.18544745445251 0.19047619047619047 1.0
0 0.01 0.032483124670098805 0.8233449459075928 108.00879240036011 0.18181818181818182 1.0
