[216.40736058 188.4937774  164.18066384 143.00360867 124.55810333
 108.49181534  94.49785828  82.30892987  71.69220614  62.44489425
  54.39035884  47.37474809  41.26405496  35.94155748  31.30558923
  27.26759733  23.75045104  20.68696841  18.01863304  15.69447636
  13.67010404  11.906848    10.37102782   9.03330739   7.86813455
   6.85325305   5.96927734   5.19932239   4.52868107   3.94454329
   3.43575127   2.99258645   2.60658382   2.27037024   1.9775236
   1.72245016   1.5002777    1.30676244   1.138208     0.99139477
   0.86351843   0.75213639   0.65512111   0.57061946   0.49701737
   0.43290895   0.37706963   0.32843281   0.28606948   0.24917044]0 1 312.2098259152708 0.007238149642944336 0.007238149642944336 0.0 1.0
0 1 271.93903789811014 0.0069370269775390625 0.014175176620483398 0.0 1.0
0 1 236.8626295349813 0.007233858108520508 0.021409034729003906 0.33333333333333337 1.0
0 1 206.31059705097118 0.04636096954345703 0.06777000427246094 0.5714285714285715 1.0
0 1 179.69935797424765 0.03958702087402344 0.10735702514648438 0.5714285714285715 1.0
0 1 156.52060397255676 0.032788991928100586 0.14014601707458496 0.5714285714285715 1.0
0 1 136.33159152101595 0.032624244689941406 0.17277026176452637 0.5714285714285715 1.0
0 1 118.74668494067365 0.03961801528930664 0.212388277053833 0.7499999999999999 1.0
0 1 103.42999026917344 0.03310370445251465 0.24549198150634766 0.7499999999999999 1.0
0 1 90.08893926113359 0.03268313407897949 0.27817511558532715 0.7499999999999999 1.0
0 1 78.46870096453189 0.03266596794128418 0.31084108352661133 0.7499999999999999 1.0
0 1 68.34731412713553 0.03301095962524414 0.34385204315185547 0.7499999999999999 1.0
0 1 59.53144745577994 0.03920292854309082 0.3830549716949463 0.6666666666666665 1.0
0 1 51.85270674408604 0.03929615020751953 0.4223511219024658 0.7272727272727272 1.0
0 1 45.16441833008278 0.03910493850708008 0.4614560604095459 0.7272727272727272 1.0
0 1 39.33882744370648 0.045883893966674805 0.5073399543762207 0.6153846153846154 1.0
0 1 34.26465792907022 0.08739113807678223 0.5947310924530029 0.47058823529411764 1.0
0 1 29.84498672911064 0.08620905876159668 0.6809401512145996 0.3636363636363636 1.0
0 1 25.99539253258091 0.1124579906463623 0.7933981418609619 0.3076923076923077 1.0
0 1 22.642343220204207 0.32245922088623047 1.1158573627471924 0.26666666666666666 1.0
0 1 19.721791308170232 0.3597278594970703 1.4755852222442627 0.27586206896551724 1.0
0 1 17.177950560167822 0.6393108367919922 2.114896059036255 0.26666666666666666 1.0
0 1 14.962230399696251 0.5208020210266113 2.635698080062866 0.24242424242424243 1.0
0 1 13.03230776858211 0.44066810607910156 3.0763661861419678 0.2222222222222222 1.0
0 1 11.351318703025308 0.41955113410949707 3.495917320251465 0.2222222222222222 1.0
0 1 9.887154185253786 0.45241284370422363 3.9483301639556885 0.21621621621621623 1.0
0 1 8.611846820663045 0.42085719108581543 4.369187355041504 0.20512820512820512 1.0
0 1 7.501036625197576 0.5026519298553467 4.871839284896851 0.19999999999999998 1.0
0 1 6.53350571883761 0.37836408615112305 5.250203371047974 0.20512820512820512 1.0
0 1 5.69077303724795 0.44471192359924316 5.694915294647217 0.18604651162790697 1.0
0 1 4.956741320068812 0.36478376388549805 6.059699058532715 0.1777777777777778 1.0
0 1 4.317389632878279 0.4237511157989502 6.483450174331665 0.1702127659574468 1.0
0 1 3.7605055496069455 4.89160680770874 11.375056982040405 0.1702127659574468 1.0
0 1 3.2754518797500736 0.9383461475372314 12.313403129577637 0.1702127659574468 1.0
0 1 2.8529634845718124 0.21742010116577148 12.530823230743408 0.16666666666666666 1.0
0 1 2.4849703012340436 0.29114627838134766 12.821969509124756 0.163265306122449 1.0
0 1 2.1644431943866964 0.6498749256134033 13.47184443473816 0.163265306122449 1.0
0 1 1.8852596907900219 0.27859997749328613 13.750444412231445 0.163265306122449 1.0
0 1 1.6420870323301746 0.26521968841552734 14.015664100646973 0.163265306122449 1.0
0 1 1.4302803135927475 0.25006532669067383 14.265729427337646 0.163265306122449 1.0
0 1 1.2457937582930971 0.23379206657409668 14.499521493911743 0.163265306122449 1.0
0 1 1.0851034398309916 1.2345690727233887 15.734090566635132 0.1568627450980392 1.0
0 1 0.945139969834425 1.0909600257873535 16.825050592422485 0.1568627450980392 1.0
0 1 0.823229868958621 2.5951030254364014 19.420153617858887 0.1568627450980392 1.0
0 1 0.7170445000483404 0.7543759346008301 20.174529552459717 0.1481481481481481 1.0
0 1 0.624555588222246 7.705446004867554 27.87997555732727 0.15384615384615383 1.0
0 1 0.5439964782567033 0.8307108879089355 28.710686445236206 0.1481481481481481 1.0
0 1 0.4738283892360109 6.003357887268066 34.71404433250427 0.1509433962264151 1.0
0 1 0.4127110218901976 1.5583441257476807 36.27238845825195 0.14545454545454545 1.0
0 1 0.3594769571833539 1.8985950946807861 38.17098355293274 0.1481481481481481 1.0
0 0.1 130.20161032759302 0.006366252899169922 38.17734980583191 0.0 1.0
0 0.1 113.40738729625762 0.0065538883209228516 38.18390369415283 0.0 1.0
0 0.1 98.77938883400856 0.0066907405853271484 38.19059443473816 0.0 1.0
0 0.1 86.03820166433057 0.006342887878417969 38.19693732261658 0.0 1.0
0 0.1 74.9404529934022 0.006737232208251953 38.20367455482483 0.0 1.0
0 0.1 65.27416178184274 0.007301807403564453 38.210976362228394 0.0 1.0
0 0.1 56.854689638682785 0.00660395622253418 38.21758031845093 0.0 1.0
0 0.1 49.52121399451067 0.03995704650878906 38.25753736495972 0.5714285714285715 1.0
0 0.1 43.13365618693992 0.03241109848022461 38.28994846343994 0.5714285714285715 1.0
0 0.1 37.570005780944214 0.025896310806274414 38.315844774246216 0.5714285714285715 1.0
0 0.1 32.7239900151928 0.0257260799407959 38.34157085418701 0.5714285714285715 1.0
0 0.1 28.503043857863506 0.025925874710083008 38.367496728897095 0.5714285714285715 1.0
0 0.1 24.826541897430772 0.025868892669677734 38.39336562156677 0.5714285714285715 1.0
0 0.1 21.624258295306348 0.038522958755493164 38.431888580322266 0.7499999999999999 1.0
0 0.1 18.835025383479486 0.026504993438720703 38.458393573760986 0.7499999999999999 1.0
0 0.1 16.405565284674683 0.026842832565307617 38.485236406326294 0.7499999999999999 1.0
0 0.1 14.289472237493916 0.02611088752746582 38.51134729385376 0.7499999999999999 1.0
0 0.1 12.446326187665905 0.02610492706298828 38.53745222091675 0.7499999999999999 1.0
0 0.1 10.840920713874212 0.026234149932861328 38.56368637084961 0.7499999999999999 1.0
0 0.1 9.44259054057033 0.0260012149810791 38.58968758583069 0.7499999999999999 1.0
0 0.1 8.224625792416147 0.02596879005432129 38.61565637588501 0.7499999999999999 1.0
0 0.1 7.163761801874259 0.03857421875 38.65423059463501 0.888888888888889 1.0
0 0.1 6.239734724625884 0.0449826717376709 38.69921326637268 0.7272727272727272 1.0
0 0.1 5.43489447450858 0.032186031341552734 38.73139929771423 0.7272727272727272 1.0
0 0.1 4.733867584541418 0.0320439338684082 38.76344323158264 0.7272727272727272 1.0
0 0.1 4.123263554256632 0.07030010223388672 38.83374333381653 0.6153846153846154 1.0
0 0.1 3.591419074200402 0.06401896476745605 38.897762298583984 0.5333333333333333 1.0
0 0.1 3.128175241967003 0.17240405082702637 39.07016634941101 0.4210526315789473 1.0
0 0.1 2.7246835143108377 0.15524888038635254 39.22541522979736 0.38095238095238093 1.0
0 0.1 2.373236688776134 0.08384895324707031 39.309264183044434 0.38095238095238093 1.0
0 0.1 2.0671216863796724 0.3127140998840332 39.62197828292847 0.3333333333333333 1.0
0 0.1 1.8004913233094775 0.280728816986084 39.90270709991455 0.3076923076923077 1.0
0 0.1 1.5682526223167341 0.2601938247680664 40.16290092468262 0.2857142857142857 1.0
0 0.1 1.3659695304072161 0.4100761413574219 40.57297706604004 0.2962962962962963 1.0
0 0.1 1.1897781846170337 0.26287198066711426 40.83584904670715 0.26666666666666666 1.0
0 0.1 1.036313107341863 0.1598970890045166 40.99574613571167 0.26666666666666666 1.0
0 0.1 0.9026429214570189 0.6470038890838623 41.64275002479553 0.24242424242424243 1.0
0 0.1 0.786214357305898 0.43474578857421875 42.07749581336975 0.2352941176470588 1.0
0 0.1 0.6848034820193963 0.2705967426300049 42.348092555999756 0.2222222222222222 1.0
0 0.1 0.5964732195846044 0.9814498424530029 43.32954239845276 0.21621621621621623 1.0
0 0.1 0.5195363502423698 2.2284958362579346 45.55803823471069 0.19999999999999998 1.0
0 0.1 0.4525232824553942 3.0906050205230713 48.648643255233765 0.19512195121951217 1.0
0 0.1 0.3941539818506903 0.5648431777954102 49.213486433029175 0.19512195121951217 1.0
0 0.1 0.34331352094368267 0.6082208156585693 49.821707248687744 0.19047619047619047 1.0
0 0.1 0.2990307826127625 7.029441833496094 56.85114908218384 0.25 1.0
0 0.1 0.2604599105337001 0.4249846935272217 57.27613377571106 0.25 1.0
0 0.1 0.22686415225376097 0.18824505805969238 57.46437883377075 0.24390243902439027 1.0
0 0.1 0.19760178628779224 0.35431504249572754 57.81869387626648 0.24390243902439027 1.0
0 0.1 0.17211386442601356 0.24512505531311035 58.06381893157959 0.24390243902439027 1.0
0 0.1 0.14991353511608546 0.17068982124328613 58.234508752822876 0.24390243902439027 1.0
0 0.01 28.211963230963963 0.006425142288208008 58.240933895111084 0.33333333333333337 1.0
0 0.01 24.573006681497752 0.03288006782531738 58.2738139629364 0.5714285714285715 1.0
0 0.01 21.403425646968028 0.026662826538085938 58.30047678947449 0.5714285714285715 1.0
0 0.01 18.642677119777133 0.025938987731933594 58.32641577720642 0.5714285714285715 1.0
0 0.01 16.238027310431736 0.025838136672973633 58.352253913879395 0.5714285714285715 1.0
0 0.01 14.143544365449966 0.026002883911132812 58.37825679779053 0.5714285714285715 1.0
0 0.01 12.319221010851523 0.025686979293823242 58.40394377708435 0.5714285714285715 1.0
0 0.01 10.730210362611421 0.025742053985595703 58.429685831069946 0.5714285714285715 1.0
0 0.01 9.346160307090315 0.038548946380615234 58.46823477745056 0.7499999999999999 1.0
0 0.01 8.140633737265514 0.02584695816040039 58.49408173561096 0.7499999999999999 1.0
0 0.01 7.090603570541246 0.02608203887939453 58.520163774490356 0.7499999999999999 1.0
0 0.01 6.176012902339531 0.02590012550354004 58.5460638999939 0.7499999999999999 1.0
0 0.01 5.379391893848717 0.025998830795288086 58.572062730789185 0.7499999999999999 1.0
0 0.01 4.685524076001097 0.02594900131225586 58.59801173210144 0.7499999999999999 1.0
0 0.01 4.081155695663349 0.02591085433959961 58.62392258644104 0.7499999999999999 1.0
0 0.01 3.554742552184356 0.026038169860839844 58.64996075630188 0.7499999999999999 1.0
0 0.01 3.09622948855821 0.01927924156188965 58.66923999786377 0.7499999999999999 1.0
0 0.01 2.6968583252045994 0.03895211219787598 58.708192110061646 0.888888888888889 1.0
0 0.01 2.349000567658869 0.01971292495727539 58.72790503501892 0.888888888888889 1.0
0 0.01 2.046011692676912 0.04517674446105957 58.77308177947998 0.7272727272727272 1.0
0 0.01 1.7821042294352372 0.026167869567871094 58.79924964904785 0.7272727272727272 1.0
0 0.01 1.5522372115164986 0.058406829833984375 58.857656478881836 0.6666666666666666 1.0
0 0.01 1.3520198880735976 0.06645703315734863 58.924113512039185 0.5714285714285714 1.0
0 0.01 1.1776278549337647 0.08493494987487793 59.00904846191406 0.5000000000000001 1.0
0 0.01 1.0257300036406054 0.09065699577331543 59.09970545768738 0.47058823529411764 1.0
0 0.01 0.8934248930683893 0.09259271621704102 59.19229817390442 0.4444444444444444 1.0
0 0.01 0.7781853282259436 0.059925079345703125 59.25222325325012 0.4444444444444444 1.0
0 0.01 0.6778100876351608 0.11642909049987793 59.36865234375 0.3478260869565218 1.0
0 0.01 0.590381877216004 0.07099199295043945 59.43964433670044 0.3478260869565218 1.0
0 0.01 0.5142307075440048 0.07185912132263184 59.51150345802307 0.3478260869565218 1.0
0 0.01 0.44790199493955546 0.16050195693969727 59.67200541496277 0.32000000000000006 1.0
0 0.01 0.39012877707943217 0.09043574333190918 59.76244115829468 0.32000000000000006 1.0
0 0.01 0.33980751241358653 0.09009790420532227 59.8525390625 0.32000000000000006 1.0
0 0.01 0.2959770011254507 0.08422708511352539 59.936766147613525 0.32000000000000006 1.0
0 0.01 0.2578000249994245 0.12237215042114258 60.05913829803467 0.2962962962962963 1.0
0 0.01 0.22454735549379537 0.10968208312988281 60.16882038116455 0.2857142857142857 1.0
0 0.01 0.19558382455304058 0.07754898071289062 60.24636936187744 0.2857142857142857 1.0
0 0.01 0.1703561920944177 0.3536708354949951 60.60004019737244 0.24242424242424243 1.0
0 0.01 0.14838257842248037 0.15460205078125 60.75464224815369 0.24242424242424243 1.0
0 0.01 0.12924325971726744 0.1353931427001953 60.89003539085388 0.24242424242424243 1.0
0 0.01 0.1125726507783501 0.12242412567138672 61.01245951652527 0.24242424242424243 1.0
0 0.01 0.09805232188500161 0.20662331581115723 61.219082832336426 0.2352941176470588 1.0
0 0.01 0.08540491638568569 0.09731912612915039 61.316401958465576 0.2352941176470588 1.0
0 0.01 0.07438885283512764 0.3026912212371826 61.61909317970276 0.2222222222222222 1.0
0 0.01 0.06479371048308594 0.2959721088409424 61.9150652885437 0.2105263157894737 1.0
0 0.01 0.056436209971818335 0.310028076171875 62.225093364715576 0.20512820512820512 1.0
0 0.01 0.049156712468482675 0.14223790168762207 62.3673312664032 0.20512820512820512 1.0
0 0.01 0.0428161703614703 0.5672800540924072 62.934611320495605 0.19047619047619047 1.0
0 0.01 0.03729347127511503 0.21947908401489258 63.1540904045105 0.19047619047619047 1.0
0 0.01 0.032483124670098805 0.4942140579223633 63.64830446243286 0.18181818181818182 1.0
