[216.40736058 188.4937774  164.18066384 143.00360867 124.55810333
 108.49181534  94.49785828  82.30892987  71.69220614  62.44489425
  54.39035884  47.37474809  41.26405496  35.94155748  31.30558923
  27.26759733  23.75045104  20.68696841  18.01863304  15.69447636
  13.67010404  11.906848    10.37102782   9.03330739   7.86813455
   6.85325305   5.96927734   5.19932239   4.52868107   3.94454329
   3.43575127   2.99258645   2.60658382   2.27037024   1.9775236
   1.72245016   1.5002777    1.30676244   1.138208     0.99139477
   0.86351843   0.75213639   0.65512111   0.57061946   0.49701737
   0.43290895   0.37706963   0.32843281   0.28606948   0.24917044]0 1 312.2098259152708 0.006880044937133789 0.006880044937133789 0.0 1.0
0 1 271.93903789811014 0.0069577693939208984 0.013837814331054688 0.0 1.0
0 1 236.8626295349813 0.007003068923950195 0.020840883255004883 0.33333333333333337 1.0
0 1 206.31059705097118 0.05310988426208496 0.07395076751708984 0.5714285714285715 1.0
0 1 179.69935797424765 0.04633903503417969 0.12028980255126953 0.5714285714285715 1.0
0 1 156.52060397255676 0.03946399688720703 0.15975379943847656 0.5714285714285715 1.0
0 1 136.33159152101595 0.03984570503234863 0.1995995044708252 0.5714285714285715 1.0
0 1 118.74668494067365 0.04727911949157715 0.24687862396240234 0.7499999999999999 1.0
0 1 103.42999026917344 0.058991193771362305 0.30586981773376465 0.7499999999999999 1.0
0 1 90.08893926113359 0.04732012748718262 0.35318994522094727 0.7499999999999999 1.0
0 1 78.46870096453189 0.04129600524902344 0.3944859504699707 0.7499999999999999 1.0
0 1 68.34731412713553 0.04510188102722168 0.4395878314971924 0.7499999999999999 1.0
0 1 59.53144745577994 0.047386884689331055 0.48697471618652344 0.6666666666666665 1.0
0 1 51.85270674408604 0.05380082130432129 0.5407755374908447 0.7272727272727272 1.0
0 1 45.16441833008278 0.04791378974914551 0.5886893272399902 0.7272727272727272 1.0
0 1 39.33882744370648 0.06036210060119629 0.6490514278411865 0.6153846153846154 1.0
0 1 34.26465792907022 0.11221599578857422 0.7612674236297607 0.47058823529411764 1.0
0 1 29.84498672911064 0.11603188514709473 0.8772993087768555 0.3636363636363636 1.0
0 1 25.99539253258091 0.14835715293884277 1.0256564617156982 0.3076923076923077 1.0
0 1 22.642343220204207 0.4622468948364258 1.487903356552124 0.26666666666666666 1.0
0 1 19.721791308170232 0.5653717517852783 2.0532751083374023 0.27586206896551724 1.0
0 1 17.177950560167822 0.8355450630187988 2.888820171356201 0.26666666666666666 1.0
0 1 14.962230399696251 0.734076976776123 3.622897148132324 0.24242424242424243 1.0
0 1 13.03230776858211 0.5625557899475098 4.185452938079834 0.2222222222222222 1.0
0 1 11.351318703025308 0.6151590347290039 4.800611972808838 0.2222222222222222 1.0
0 1 9.887154185253786 0.5421488285064697 5.342760801315308 0.21621621621621623 1.0
0 1 8.611846820663045 0.535161018371582 5.87792181968689 0.20512820512820512 1.0
0 1 7.501036625197576 0.6383728981018066 6.516294717788696 0.19999999999999998 1.0
0 1 6.53350571883761 0.5234019756317139 7.03969669342041 0.20512820512820512 1.0
0 1 5.69077303724795 0.6437170505523682 7.683413743972778 0.18604651162790697 1.0
0 1 4.956741320068812 0.5588998794555664 8.242313623428345 0.1777777777777778 1.0
0 1 4.317389632878279 0.678415060043335 8.92072868347168 0.16666666666666666 1.0
0 1 3.7605055496069455 5.923005104064941 14.843733787536621 0.1702127659574468 1.0
0 1 3.2754518797500736 1.2372798919677734 16.081013679504395 0.1702127659574468 1.0
0 1 2.8529634845718124 0.5895087718963623 16.670522451400757 0.16666666666666666 1.0
0 1 2.4849703012340436 0.7118542194366455 17.382376670837402 0.163265306122449 1.0
0 1 2.1644431943866964 1.0205872058868408 18.402963876724243 0.163265306122449 1.0
0 1 1.8852596907900219 0.44131994247436523 18.84428381919861 0.163265306122449 1.0
0 1 1.6420870323301746 0.4490208625793457 19.293304681777954 0.163265306122449 1.0
0 1 1.4302803135927475 0.40099191665649414 19.69429659843445 0.163265306122449 1.0
0 1 1.2457937582930971 0.38088297843933105 20.07517957687378 0.163265306122449 1.0
0 1 1.0851034398309916 2.139503240585327 22.214682817459106 0.1568627450980392 1.0
0 1 0.945139969834425 1.8370013236999512 24.051684141159058 0.1568627450980392 1.0
0 1 0.823229868958621 3.1636621952056885 27.215346336364746 0.1568627450980392 1.0
0 1 0.7170445000483404 6.326647996902466 33.54199433326721 0.15384615384615383 1.0
0 1 0.624555588222246 5.166573762893677 38.70856809616089 0.1509433962264151 1.0
0 1 0.5439964782567033 3.4531118869781494 42.16167998313904 0.1509433962264151 1.0
0 1 0.4738283892360109 2.960932731628418 45.122612714767456 0.1509433962264151 1.0
0 1 0.4127110218901976 2.9912030696868896 48.113815784454346 0.1481481481481481 1.0
0 1 0.3594769571833539 2.891439914703369 51.005255699157715 0.1481481481481481 1.0
0 0.1 130.20161032759302 0.006460905075073242 51.01171660423279 0.0 1.0
0 0.1 113.40738729625762 0.006353855133056641 51.018070459365845 0.0 1.0
0 0.1 98.77938883400856 0.006667137145996094 51.02473759651184 0.0 1.0
0 0.1 86.03820166433057 0.00656890869140625 51.03130650520325 0.0 1.0
0 0.1 74.9404529934022 0.00687718391418457 51.03818368911743 0.0 1.0
0 0.1 65.27416178184274 0.006760835647583008 51.044944524765015 0.0 1.0
0 0.1 56.854689638682785 0.006781101226806641 51.05172562599182 0.0 1.0
0 0.1 49.52121399451067 0.04488515853881836 51.09661078453064 0.5714285714285715 1.0
0 0.1 43.13365618693992 0.0322270393371582 51.1288378238678 0.5714285714285715 1.0
0 0.1 37.570005780944214 0.03214907646179199 51.16098690032959 0.5714285714285715 1.0
0 0.1 32.7239900151928 0.03219914436340332 51.19318604469299 0.5714285714285715 1.0
0 0.1 28.503043857863506 0.03238201141357422 51.22556805610657 0.5714285714285715 1.0
0 0.1 24.826541897430772 0.031852006912231445 51.2574200630188 0.5714285714285715 1.0
0 0.1 21.624258295306348 0.04443693161010742 51.301856994628906 0.7499999999999999 1.0
0 0.1 18.835025383479486 0.038118839263916016 51.33997583389282 0.7499999999999999 1.0
0 0.1 16.405565284674683 0.03196382522583008 51.37193965911865 0.7499999999999999 1.0
0 0.1 14.289472237493916 0.03378772735595703 51.40572738647461 0.7499999999999999 1.0
0 0.1 12.446326187665905 0.03259086608886719 51.43831825256348 0.7499999999999999 1.0
0 0.1 10.840920713874212 0.032454729080200195 51.47077298164368 0.7499999999999999 1.0
0 0.1 9.44259054057033 0.031948089599609375 51.502721071243286 0.7499999999999999 1.0
0 0.1 8.224625792416147 0.03212690353393555 51.53484797477722 0.7499999999999999 1.0
0 0.1 7.163761801874259 0.04542374610900879 51.58027172088623 0.888888888888889 1.0
0 0.1 6.239734724625884 0.05734515190124512 51.637616872787476 0.7272727272727272 1.0
0 0.1 5.43489447450858 0.038565874099731445 51.67618274688721 0.7272727272727272 1.0
0 0.1 4.733867584541418 0.038369178771972656 51.71455192565918 0.7272727272727272 1.0
0 0.1 4.123263554256632 0.08401679992675781 51.79856872558594 0.6153846153846154 1.0
0 0.1 3.591419074200402 0.07659602165222168 51.87516474723816 0.5333333333333333 1.0
0 0.1 3.128175241967003 0.20365190505981445 52.078816652297974 0.4210526315789473 1.0
0 0.1 2.7246835143108377 0.17256426811218262 52.251380920410156 0.38095238095238093 1.0
0 0.1 2.373236688776134 0.10304617881774902 52.354427099227905 0.38095238095238093 1.0
0 0.1 2.0671216863796724 0.3838489055633545 52.73827600479126 0.3333333333333333 1.0
0 0.1 1.8004913233094775 0.3383972644805908 53.07667326927185 0.3076923076923077 1.0
0 0.1 1.5682526223167341 0.3232235908508301 53.39989686012268 0.2857142857142857 1.0
0 0.1 1.3659695304072161 0.4555082321166992 53.85540509223938 0.2962962962962963 1.0
0 0.1 1.1897781846170337 0.32076215744018555 54.176167249679565 0.26666666666666666 1.0
0 0.1 1.036313107341863 0.2228238582611084 54.398991107940674 0.26666666666666666 1.0
0 0.1 0.9026429214570189 0.7500529289245605 55.149044036865234 0.24242424242424243 1.0
0 0.1 0.786214357305898 0.575664758682251 55.724708795547485 0.2352941176470588 1.0
0 0.1 0.6848034820193963 0.3894219398498535 56.11413073539734 0.2222222222222222 1.0
0 0.1 0.5964732195846044 1.1771769523620605 57.2913076877594 0.21621621621621623 1.0
0 0.1 0.5195363502423698 2.752991199493408 60.04429888725281 0.19999999999999998 1.0
0 0.1 0.4525232824553942 4.233104944229126 64.27740383148193 0.19512195121951217 1.0
0 0.1 0.3941539818506903 1.086529016494751 65.36393284797668 0.19512195121951217 1.0
0 0.1 0.34331352094368267 0.9980168342590332 66.36194968223572 0.19047619047619047 1.0
0 0.1 0.2990307826127625 7.508055925369263 73.87000560760498 0.25 1.0
0 0.1 0.2604599105337001 0.660938024520874 74.53094363212585 0.25 1.0
0 0.1 0.22686415225376097 0.2993462085723877 74.83028984069824 0.24390243902439027 1.0
0 0.1 0.19760178628779224 0.6063997745513916 75.43668961524963 0.24390243902439027 1.0
0 0.1 0.17211386442601356 0.46732306480407715 75.90401268005371 0.24390243902439027 1.0
0 0.1 0.14991353511608546 0.36844396591186523 76.27245664596558 0.24390243902439027 1.0
0 0.01 28.211963230963963 0.006329774856567383 76.27878642082214 0.33333333333333337 1.0
0 0.01 24.573006681497752 0.039064884185791016 76.31785130500793 0.5714285714285715 1.0
0 0.01 21.403425646968028 0.03266000747680664 76.35051131248474 0.5714285714285715 1.0
0 0.01 18.642677119777133 0.03260326385498047 76.38311457633972 0.5714285714285715 1.0
0 0.01 16.238027310431736 0.03230714797973633 76.41542172431946 0.5714285714285715 1.0
0 0.01 14.143544365449966 0.0318760871887207 76.44729781150818 0.5714285714285715 1.0
0 0.01 12.319221010851523 0.031880855560302734 76.47917866706848 0.5714285714285715 1.0
0 0.01 10.730210362611421 0.031829833984375 76.51100850105286 0.5714285714285715 1.0
0 0.01 9.346160307090315 0.04587817192077637 76.55688667297363 0.7499999999999999 1.0
0 0.01 8.140633737265514 0.032527923583984375 76.58941459655762 0.7499999999999999 1.0
0 0.01 7.090603570541246 0.0319828987121582 76.62139749526978 0.7499999999999999 1.0
0 0.01 6.176012902339531 0.03189396858215332 76.65329146385193 0.7499999999999999 1.0
0 0.01 5.379391893848717 0.032058000564575195 76.6853494644165 0.7499999999999999 1.0
0 0.01 4.685524076001097 0.03296613693237305 76.71831560134888 0.7499999999999999 1.0
0 0.01 4.081155695663349 0.0343172550201416 76.75263285636902 0.7499999999999999 1.0
0 0.01 3.554742552184356 0.03317093849182129 76.78580379486084 0.7499999999999999 1.0
0 0.01 3.09622948855821 0.03307390213012695 76.81887769699097 0.7499999999999999 1.0
0 0.01 2.6968583252045994 0.046401023864746094 76.86527872085571 0.888888888888889 1.0
0 0.01 2.349000567658869 0.026620149612426758 76.89189887046814 0.888888888888889 1.0
0 0.01 2.046011692676912 0.05260777473449707 76.94450664520264 0.7272727272727272 1.0
0 0.01 1.7821042294352372 0.04160475730895996 76.9861114025116 0.7272727272727272 1.0
0 0.01 1.5522372115164986 0.08496785163879395 77.07107925415039 0.6666666666666666 1.0
0 0.01 1.3520198880735976 0.07257699966430664 77.1436562538147 0.5714285714285714 1.0
0 0.01 1.1776278549337647 0.10539412498474121 77.24905037879944 0.5000000000000001 1.0
0 0.01 1.0257300036406054 0.11083292961120605 77.35988330841064 0.47058823529411764 1.0
0 0.01 0.8934248930683893 0.11246418952941895 77.47234749794006 0.4444444444444444 1.0
0 0.01 0.7781853282259436 0.0810246467590332 77.5533721446991 0.4444444444444444 1.0
0 0.01 0.6778100876351608 0.14284396171569824 77.6962161064148 0.3478260869565218 1.0
0 0.01 0.590381877216004 0.0973517894744873 77.79356789588928 0.3478260869565218 1.0
0 0.01 0.5142307075440048 0.09253215789794922 77.88610005378723 0.3478260869565218 1.0
0 0.01 0.44790199493955546 0.1956160068511963 78.08171606063843 0.32000000000000006 1.0
0 0.01 0.39012877707943217 0.12509632110595703 78.20681238174438 0.32000000000000006 1.0
0 0.01 0.33980751241358653 0.11682915687561035 78.32364153862 0.32000000000000006 1.0
0 0.01 0.2959770011254507 0.11834216117858887 78.44198369979858 0.32000000000000006 1.0
0 0.01 0.2578000249994245 0.15781879425048828 78.59980249404907 0.2962962962962963 1.0
0 0.01 0.22454735549379537 0.14163827896118164 78.74144077301025 0.2857142857142857 1.0
0 0.01 0.19558382455304058 0.11018204689025879 78.85162281990051 0.2857142857142857 1.0
0 0.01 0.1703561920944177 0.4541630744934082 79.30578589439392 0.24242424242424243 1.0
0 0.01 0.14838257842248037 0.23906874656677246 79.5448546409607 0.24242424242424243 1.0
0 0.01 0.12924325971726744 0.22047805786132812 79.76533269882202 0.24242424242424243 1.0
0 0.01 0.1125726507783501 0.20004892349243164 79.96538162231445 0.24242424242424243 1.0
0 0.01 0.09805232188500161 0.28371405601501465 80.24909567832947 0.2352941176470588 1.0
0 0.01 0.08540491638568569 0.16771793365478516 80.41681361198425 0.2352941176470588 1.0
0 0.01 0.07438885283512764 0.39754700660705566 80.81436061859131 0.2222222222222222 1.0
0 0.01 0.06479371048308594 0.39473509788513184 81.20909571647644 0.2105263157894737 1.0
0 0.01 0.056436209971818335 0.41492390632629395 81.62401962280273 0.20512820512820512 1.0
0 0.01 0.049156712468482675 0.23999500274658203 81.86401462554932 0.20512820512820512 1.0
0 0.01 0.0428161703614703 0.7425537109375 82.60656833648682 0.19047619047619047 1.0
0 0.01 0.03729347127511503 0.3980698585510254 83.00463819503784 0.19047619047619047 1.0
0 0.01 0.032483124670098805 0.7336490154266357 83.73828721046448 0.18181818181818182 1.0
