[216.40736058 188.4937774  164.18066384 143.00360867 124.55810333
 108.49181534  94.49785828  82.30892987  71.69220614  62.44489425
  54.39035884  47.37474809  41.26405496  35.94155748  31.30558923
  27.26759733  23.75045104  20.68696841  18.01863304  15.69447636
  13.67010404  11.906848    10.37102782   9.03330739   7.86813455
   6.85325305   5.96927734   5.19932239   4.52868107   3.94454329
   3.43575127   2.99258645   2.60658382   2.27037024   1.9775236
   1.72245016   1.5002777    1.30676244   1.138208     0.99139477
   0.86351843   0.75213639   0.65512111   0.57061946   0.49701737
   0.43290895   0.37706963   0.32843281   0.28606948   0.24917044]0 1 312.2098259152708 0.0004980564117431641 0.0004980564117431641 0.0 1.0
0 1 271.93903789811014 0.0005280971527099609 0.001026153564453125 0.0 1.0
0 1 236.8626295349813 0.0052721500396728516 0.0062983036041259766 0.33333333333333337 1.0
0 1 206.31059705097118 0.039467811584472656 0.04576611518859863 0.5714285714285715 1.0
0 1 179.69935797424765 0.019021034240722656 0.06478714942932129 0.5714285714285715 1.0
0 1 156.52060397255676 0.014703035354614258 0.07949018478393555 0.5714285714285715 1.0
0 1 136.33159152101595 0.011894941329956055 0.0913851261138916 0.5714285714285715 1.0
0 1 118.74668494067365 0.011792898178100586 0.10317802429199219 0.7499999999999999 1.0
0 1 103.42999026917344 0.011215925216674805 0.11439394950866699 0.7499999999999999 1.0
0 1 90.08893926113359 0.01077127456665039 0.12516522407531738 0.7499999999999999 1.0
0 1 78.46870096453189 0.010061025619506836 0.13522624969482422 0.7499999999999999 1.0
0 1 68.34731412713553 0.010254144668579102 0.14548039436340332 0.7499999999999999 1.0
0 1 59.53144745577994 0.015503168106079102 0.16098356246948242 0.6666666666666665 1.0
0 1 51.85270674408604 0.011388063430786133 0.17237162590026855 0.7272727272727272 1.0
0 1 45.16441833008278 0.014214277267456055 0.1865859031677246 0.7272727272727272 1.0
0 1 39.33882744370648 0.013864994049072266 0.20045089721679688 0.6153846153846154 1.0
0 1 34.26465792907022 0.021043062210083008 0.22149395942687988 0.47058823529411764 1.0
0 1 29.84498672911064 0.03379988670349121 0.2552938461303711 0.3636363636363636 1.0
0 1 25.99539253258091 0.040804147720336914 0.296097993850708 0.3076923076923077 1.0
0 1 22.642343220204207 0.11505293846130371 0.4111509323120117 0.26666666666666666 1.0
0 1 19.721791308170232 0.1433122158050537 0.5544631481170654 0.27586206896551724 1.0
0 1 17.177950560167822 0.2068009376525879 0.7612640857696533 0.26666666666666666 1.0
0 1 14.962230399696251 0.180037260055542 0.9413013458251953 0.24242424242424243 1.0
0 1 13.03230776858211 0.15790915489196777 1.099210500717163 0.2222222222222222 1.0
0 1 11.351318703025308 0.1893310546875 1.288541555404663 0.2222222222222222 1.0
0 1 9.887154185253786 0.15612483024597168 1.4446663856506348 0.21621621621621623 1.0
0 1 8.611846820663045 0.15349388122558594 1.5981602668762207 0.20512820512820512 1.0
0 1 7.501036625197576 0.17486882209777832 1.773029088973999 0.19999999999999998 1.0
0 1 6.53350571883761 0.14549875259399414 1.9185278415679932 0.20512820512820512 1.0
0 1 5.69077303724795 0.19869613647460938 2.1172239780426025 0.18604651162790697 1.0
0 1 4.956741320068812 0.16947221755981445 2.286696195602417 0.1777777777777778 1.0
0 1 4.317389632878279 0.21020793914794922 2.496904134750366 0.16666666666666666 1.0
0 1 3.7605055496069455 1.8974089622497559 4.394313097000122 0.1702127659574468 1.0
0 1 3.2754518797500736 0.43654823303222656 4.830861330032349 0.1702127659574468 1.0
0 1 2.8529634845718124 0.24320697784423828 5.074068307876587 0.16666666666666666 1.0
0 1 2.4849703012340436 0.18474817276000977 5.258816480636597 0.163265306122449 1.0
0 1 2.1644431943866964 0.3467421531677246 5.605558633804321 0.163265306122449 1.0
0 1 1.8852596907900219 0.1967458724975586 5.80230450630188 0.163265306122449 1.0
0 1 1.6420870323301746 0.17961597442626953 5.981920480728149 0.163265306122449 1.0
0 1 1.4302803135927475 0.16620993614196777 6.148130416870117 0.163265306122449 1.0
0 1 1.2457937582930971 0.15465497970581055 6.302785396575928 0.163265306122449 1.0
0 1 1.0851034398309916 0.7063958644866943 7.009181261062622 0.1568627450980392 1.0
0 1 0.945139969834425 0.689640998840332 7.698822259902954 0.1568627450980392 1.0
0 1 0.823229868958621 0.9096431732177734 8.608465433120728 0.1568627450980392 1.0
0 1 0.7170445000483404 1.522650957107544 10.131116390228271 0.15384615384615383 1.0
0 1 0.624555588222246 1.705826997756958 11.83694338798523 0.1509433962264151 1.0
0 1 0.5439964782567033 1.1832911968231201 13.02023458480835 0.1509433962264151 1.0
0 1 0.4738283892360109 1.0113329887390137 14.031567573547363 0.1509433962264151 1.0
0 1 0.4127110218901976 1.0350141525268555 15.066581726074219 0.1481481481481481 1.0
0 1 0.3594769571833539 1.0055973529815674 16.072179079055786 0.1481481481481481 1.0
0 0.1 130.20161032759302 0.0005118846893310547 16.072690963745117 0.0 1.0
0 0.1 113.40738729625762 0.0005118846893310547 16.07320284843445 0.0 1.0
0 0.1 98.77938883400856 0.0005388259887695312 16.073741674423218 0.0 1.0
0 0.1 86.03820166433057 0.0005240440368652344 16.074265718460083 0.0 1.0
0 0.1 74.9404529934022 0.0005791187286376953 16.07484483718872 0.0 1.0
0 0.1 65.27416178184274 0.0005750656127929688 16.075419902801514 0.0 1.0
0 0.1 56.854689638682785 0.0006341934204101562 16.076054096221924 0.0 1.0
0 0.1 49.52121399451067 0.014081001281738281 16.090135097503662 0.5714285714285715 1.0
0 0.1 43.13365618693992 0.010251045227050781 16.100386142730713 0.5714285714285715 1.0
0 0.1 37.570005780944214 0.009629964828491211 16.110016107559204 0.5714285714285715 1.0
0 0.1 32.7239900151928 0.00895380973815918 16.118969917297363 0.5714285714285715 1.0
0 0.1 28.503043857863506 0.008784055709838867 16.127753973007202 0.5714285714285715 1.0
0 0.1 24.826541897430772 0.007798910140991211 16.135552883148193 0.5714285714285715 1.0
0 0.1 21.624258295306348 0.007298946380615234 16.14285182952881 0.5714285714285715 1.0
0 0.1 18.835025383479486 0.010274887084960938 16.15312671661377 0.7499999999999999 1.0
0 0.1 16.405565284674683 0.008299112319946289 16.161425828933716 0.7499999999999999 1.0
0 0.1 14.289472237493916 0.008281230926513672 16.16970705986023 0.7499999999999999 1.0
0 0.1 12.446326187665905 0.007745981216430664 16.17745304107666 0.7499999999999999 1.0
0 0.1 10.840920713874212 0.007854938507080078 16.18530797958374 0.7499999999999999 1.0
0 0.1 9.44259054057033 0.007951021194458008 16.1932590007782 0.7499999999999999 1.0
0 0.1 8.224625792416147 0.00626683235168457 16.199525833129883 0.7499999999999999 1.0
0 0.1 7.163761801874259 0.009121179580688477 16.20864701271057 0.7499999999999999 1.0
0 0.1 6.239734724625884 0.012071847915649414 16.22071886062622 0.7272727272727272 1.0
0 0.1 5.43489447450858 0.009216070175170898 16.22993493080139 0.7272727272727272 1.0
0 0.1 4.733867584541418 0.008193016052246094 16.238127946853638 0.7272727272727272 1.0
0 0.1 4.123263554256632 0.0248410701751709 16.26296901702881 0.6153846153846154 1.0
0 0.1 3.591419074200402 0.021506786346435547 16.284475803375244 0.5714285714285714 1.0
0 0.1 3.128175241967003 0.045060157775878906 16.329535961151123 0.4210526315789473 1.0
0 0.1 2.7246835143108377 0.022902965545654297 16.352438926696777 0.4210526315789473 1.0
0 0.1 2.373236688776134 0.03764772415161133 16.39008665084839 0.38095238095238093 1.0
0 0.1 2.0671216863796724 0.06379294395446777 16.453879594802856 0.3478260869565218 1.0
0 0.1 1.8004913233094775 0.1479790210723877 16.601858615875244 0.32000000000000006 1.0
0 0.1 1.5682526223167341 0.17586278915405273 16.777721405029297 0.2857142857142857 1.0
0 0.1 1.3659695304072161 0.12671422958374023 16.904435634613037 0.27586206896551724 1.0
0 0.1 1.1897781846170337 0.15517687797546387 17.0596125125885 0.25806451612903225 1.0
0 0.1 1.036313107341863 0.08112907409667969 17.14074158668518 0.25806451612903225 1.0
0 0.1 0.9026429214570189 0.1100149154663086 17.25075650215149 0.24242424242424243 1.0
0 0.1 0.786214357305898 0.131972074508667 17.382728576660156 0.2352941176470588 1.0
0 0.1 0.6848034820193963 0.08026695251464844 17.462995529174805 0.2352941176470588 1.0
0 0.1 0.5964732195846044 0.3655118942260742 17.82850742340088 0.2285714285714286 1.0
0 0.1 0.5195363502423698 0.4731941223144531 18.301701545715332 0.2222222222222222 1.0
0 0.1 0.4525232824553942 0.6194159984588623 18.921117544174194 0.20512820512820512 1.0
0 0.1 0.3941539818506903 0.877173900604248 19.798291444778442 0.19999999999999998 1.0
0 0.1 0.34331352094368267 0.4273509979248047 20.225642442703247 0.19512195121951217 1.0
0 0.1 0.2990307826127625 0.36580801010131836 20.591450452804565 0.19047619047619047 1.0
0 0.1 0.2604599105337001 0.6503901481628418 21.241840600967407 0.18181818181818182 1.0
0 0.1 0.22686415225376097 0.3748748302459717 21.61671543121338 0.18181818181818182 1.0
0 0.1 0.19760178628779224 0.16842317581176758 21.785138607025146 0.18181818181818182 1.0
0 0.1 0.17211386442601356 0.11407113075256348 21.89920973777771 0.18181818181818182 1.0
0 0.1 0.14991353511608546 1.9536662101745605 23.85287594795227 0.1739130434782609 1.0
0 0.01 28.211963230963963 0.0005939006805419922 23.853469848632812 0.0 1.0
0 0.01 24.573006681497752 0.012135982513427734 23.86560583114624 0.5714285714285715 1.0
0 0.01 21.403425646968028 0.008719921112060547 23.8743257522583 0.5714285714285715 1.0
0 0.01 18.642677119777133 0.008530855178833008 23.882856607437134 0.5714285714285715 1.0
0 0.01 16.238027310431736 0.008099794387817383 23.89095640182495 0.5714285714285715 1.0
0 0.01 14.143544365449966 0.008016824722290039 23.89897322654724 0.5714285714285715 1.0
0 0.01 12.319221010851523 0.007469892501831055 23.906443119049072 0.5714285714285715 1.0
0 0.01 10.730210362611421 0.006947994232177734 23.91339111328125 0.5714285714285715 1.0
0 0.01 9.346160307090315 0.010190248489379883 23.92358136177063 0.7499999999999999 1.0
0 0.01 8.140633737265514 0.008056879043579102 23.93163824081421 0.7499999999999999 1.0
0 0.01 7.090603570541246 0.007252931594848633 23.938891172409058 0.7499999999999999 1.0
0 0.01 6.176012902339531 0.00724482536315918 23.946135997772217 0.7499999999999999 1.0
0 0.01 5.379391893848717 0.007356166839599609 23.953492164611816 0.7499999999999999 1.0
0 0.01 4.685524076001097 0.007367849349975586 23.960860013961792 0.7499999999999999 1.0
0 0.01 4.081155695663349 0.006829977035522461 23.967689990997314 0.7499999999999999 1.0
0 0.01 3.554742552184356 0.0067861080169677734 23.974476099014282 0.7499999999999999 1.0
0 0.01 3.09622948855821 0.0052568912506103516 23.979732990264893 0.7499999999999999 1.0
0 0.01 2.6968583252045994 0.005547046661376953 23.98528003692627 0.7499999999999999 1.0
0 0.01 2.349000567658869 0.0072498321533203125 23.99252986907959 0.7499999999999999 1.0
0 0.01 2.046011692676912 0.012012004852294922 24.004541873931885 0.7272727272727272 1.0
0 0.01 1.7821042294352372 0.00767207145690918 24.012213945388794 0.7272727272727272 1.0
0 0.01 1.5522372115164986 0.007601022720336914 24.01981496810913 0.7272727272727272 1.0
0 0.01 1.3520198880735976 0.021045207977294922 24.040860176086426 0.6153846153846154 1.0
0 0.01 1.1776278549337647 0.014729976654052734 24.05559015274048 0.6153846153846154 1.0
0 0.01 1.0257300036406054 0.028275251388549805 24.08386540412903 0.4210526315789473 1.0
0 0.01 0.8934248930683893 0.016311168670654297 24.100176572799683 0.4210526315789473 1.0
0 0.01 0.7781853282259436 0.01539301872253418 24.115569591522217 0.4210526315789473 1.0
0 0.01 0.6778100876351608 0.015720367431640625 24.131289958953857 0.4210526315789473 1.0
0 0.01 0.590381877216004 0.03561711311340332 24.16690707206726 0.3636363636363636 1.0
0 0.01 0.5142307075440048 0.028931140899658203 24.19583821296692 0.3636363636363636 1.0
0 0.01 0.44790199493955546 0.0565340518951416 24.25237226486206 0.3076923076923077 1.0
0 0.01 0.39012877707943217 0.05176401138305664 24.304136276245117 0.2962962962962963 1.0
0 0.01 0.33980751241358653 0.051796913146972656 24.35593318939209 0.2857142857142857 1.0
0 0.01 0.2959770011254507 0.03351402282714844 24.38944721221924 0.2857142857142857 1.0
0 0.01 0.2578000249994245 0.03295707702636719 24.422404289245605 0.2857142857142857 1.0
0 0.01 0.22454735549379537 0.06194615364074707 24.484350442886353 0.25806451612903225 1.0
0 0.01 0.19558382455304058 0.044901132583618164 24.52925157546997 0.25806451612903225 1.0
0 0.01 0.1703561920944177 0.04383373260498047 24.57308530807495 0.25806451612903225 1.0
0 0.01 0.14838257842248037 0.04254913330078125 24.615634441375732 0.25806451612903225 1.0
0 0.01 0.12924325971726744 0.04171895980834961 24.657353401184082 0.25806451612903225 1.0
0 0.01 0.1125726507783501 0.04041695594787598 24.697770357131958 0.25806451612903225 1.0
0 0.01 0.09805232188500161 0.03391695022583008 24.731687307357788 0.25806451612903225 1.0
0 0.01 0.08540491638568569 0.2123579978942871 24.944045305252075 0.2105263157894737 1.0
0 0.01 0.07438885283512764 0.25252389907836914 25.196569204330444 0.21621621621621623 1.0
0 0.01 0.06479371048308594 0.09678125381469727 25.29335045814514 0.21621621621621623 1.0
0 0.01 0.056436209971818335 0.0875542163848877 25.38090467453003 0.21621621621621623 1.0
0 0.01 0.049156712468482675 0.14514517784118652 25.526049852371216 0.2105263157894737 1.0
0 0.01 0.0428161703614703 0.07775402069091797 25.603803873062134 0.2105263157894737 1.0
0 0.01 0.03729347127511503 0.1645371913909912 25.768341064453125 0.20512820512820512 1.0
0 0.01 0.032483124670098805 0.1588129997253418 25.927154064178467 0.19999999999999998 1.0
