[216.40736058 188.4937774  164.18066384 143.00360867 124.55810333
 108.49181534  94.49785828  82.30892987  71.69220614  62.44489425
  54.39035884  47.37474809  41.26405496  35.94155748  31.30558923
  27.26759733  23.75045104  20.68696841  18.01863304  15.69447636
  13.67010404  11.906848    10.37102782   9.03330739   7.86813455
   6.85325305   5.96927734   5.19932239   4.52868107   3.94454329
   3.43575127   2.99258645   2.60658382   2.27037024   1.9775236
   1.72245016   1.5002777    1.30676244   1.138208     0.99139477
   0.86351843   0.75213639   0.65512111   0.57061946   0.49701737
   0.43290895   0.37706963   0.32843281   0.28606948   0.24917044]0 1 312.2098259152708 0.0005118846893310547 0.0005118846893310547 0.0 1.0
0 1 271.93903789811014 0.0005309581756591797 0.0010428428649902344 0.0 1.0
0 1 236.8626295349813 0.006376028060913086 0.00741887092590332 0.33333333333333337 1.0
0 1 206.31059705097118 0.02955317497253418 0.0369720458984375 0.5714285714285715 1.0
0 1 179.69935797424765 0.020123004913330078 0.05709505081176758 0.5714285714285715 1.0
0 1 156.52060397255676 0.01620030403137207 0.07329535484313965 0.5714285714285715 1.0
0 1 136.33159152101595 0.01453709602355957 0.08783245086669922 0.5714285714285715 1.0
0 1 118.74668494067365 0.014044761657714844 0.10187721252441406 0.7499999999999999 1.0
0 1 103.42999026917344 0.012794017791748047 0.11467123031616211 0.7499999999999999 1.0
0 1 90.08893926113359 0.01223611831665039 0.1269073486328125 0.7499999999999999 1.0
0 1 78.46870096453189 0.012076139450073242 0.13898348808288574 0.7499999999999999 1.0
0 1 68.34731412713553 0.011729955673217773 0.15071344375610352 0.7499999999999999 1.0
0 1 59.53144745577994 0.01813197135925293 0.16884541511535645 0.6666666666666665 1.0
0 1 51.85270674408604 0.013062238693237305 0.18190765380859375 0.7272727272727272 1.0
0 1 45.16441833008278 0.013193845748901367 0.19510149955749512 0.7272727272727272 1.0
0 1 39.33882744370648 0.017442941665649414 0.21254444122314453 0.6153846153846154 1.0
0 1 34.26465792907022 0.026850223541259766 0.2393946647644043 0.47058823529411764 1.0
0 1 29.84498672911064 0.04065704345703125 0.28005170822143555 0.3636363636363636 1.0
0 1 25.99539253258091 0.05305194854736328 0.33310365676879883 0.3076923076923077 1.0
0 1 22.642343220204207 0.14870882034301758 0.4818124771118164 0.26666666666666666 1.0
0 1 19.721791308170232 0.19346308708190918 0.6752755641937256 0.27586206896551724 1.0
0 1 17.177950560167822 0.250194787979126 0.9254703521728516 0.26666666666666666 1.0
0 1 14.962230399696251 0.22772479057312012 1.1531951427459717 0.24242424242424243 1.0
0 1 13.03230776858211 0.19681096076965332 1.350006103515625 0.2222222222222222 1.0
0 1 11.351318703025308 0.23926997184753418 1.5892760753631592 0.2222222222222222 1.0
0 1 9.887154185253786 0.19458794593811035 1.7838640213012695 0.21621621621621623 1.0
0 1 8.611846820663045 0.19628000259399414 1.9801440238952637 0.20512820512820512 1.0
0 1 7.501036625197576 0.23893404006958008 2.2190780639648438 0.19999999999999998 1.0
0 1 6.53350571883761 0.1912860870361328 2.4103641510009766 0.20512820512820512 1.0
0 1 5.69077303724795 0.26486802101135254 2.675232172012329 0.18604651162790697 1.0
0 1 4.956741320068812 0.23305702209472656 2.9082891941070557 0.1777777777777778 1.0
0 1 4.317389632878279 0.29735589027404785 3.2056450843811035 0.16666666666666666 1.0
0 1 3.7605055496069455 2.2198519706726074 5.425497055053711 0.1702127659574468 1.0
0 1 3.2754518797500736 0.5314199924468994 5.95691704750061 0.1702127659574468 1.0
0 1 2.8529634845718124 0.36585021018981934 6.32276725769043 0.16666666666666666 1.0
0 1 2.4849703012340436 0.3004722595214844 6.623239517211914 0.163265306122449 1.0
0 1 2.1644431943866964 0.44251108169555664 7.065750598907471 0.163265306122449 1.0
0 1 1.8852596907900219 0.3017241954803467 7.367474794387817 0.163265306122449 1.0
0 1 1.6420870323301746 0.2762181758880615 7.643692970275879 0.163265306122449 1.0
0 1 1.4302803135927475 0.2536907196044922 7.897383689880371 0.163265306122449 1.0
0 1 1.2457937582930971 0.24907398223876953 8.14645767211914 0.163265306122449 1.0
0 1 1.0851034398309916 1.0310821533203125 9.177539825439453 0.1568627450980392 1.0
0 1 0.945139969834425 0.9978392124176025 10.175379037857056 0.1568627450980392 1.0
0 1 0.823229868958621 1.1411159038543701 11.316494941711426 0.1568627450980392 1.0
0 1 0.7170445000483404 2.0004708766937256 13.316965818405151 0.15384615384615383 1.0
0 1 0.624555588222246 2.435396194458008 15.75236201286316 0.1509433962264151 1.0
0 1 0.5439964782567033 1.8054957389831543 17.557857751846313 0.1509433962264151 1.0
0 1 0.4738283892360109 1.6207270622253418 19.178584814071655 0.1509433962264151 1.0
0 1 0.4127110218901976 1.6629407405853271 20.841525554656982 0.1481481481481481 1.0
0 1 0.3594769571833539 1.6013410091400146 22.442866563796997 0.1481481481481481 1.0
0 0.1 130.20161032759302 0.00048089027404785156 22.443347454071045 0.0 1.0
0 0.1 113.40738729625762 0.00047898292541503906 22.44382643699646 0.0 1.0
0 0.1 98.77938883400856 0.0005087852478027344 22.444335222244263 0.0 1.0
0 0.1 86.03820166433057 0.0005128383636474609 22.44484806060791 0.0 1.0
0 0.1 74.9404529934022 0.0005431175231933594 22.445391178131104 0.0 1.0
0 0.1 65.27416178184274 0.0005428791046142578 22.445934057235718 0.0 1.0
0 0.1 56.854689638682785 0.0007092952728271484 22.446643352508545 0.0 1.0
0 0.1 49.52121399451067 0.016337156295776367 22.46298050880432 0.5714285714285715 1.0
0 0.1 43.13365618693992 0.011965036392211914 22.474945545196533 0.5714285714285715 1.0
0 0.1 37.570005780944214 0.011364936828613281 22.486310482025146 0.5714285714285715 1.0
0 0.1 32.7239900151928 0.010888814926147461 22.497199296951294 0.5714285714285715 1.0
0 0.1 28.503043857863506 0.010342836380004883 22.5075421333313 0.5714285714285715 1.0
0 0.1 24.826541897430772 0.009387016296386719 22.516929149627686 0.5714285714285715 1.0
0 0.1 21.624258295306348 0.009333133697509766 22.526262283325195 0.5714285714285715 1.0
0 0.1 18.835025383479486 0.012412309646606445 22.5386745929718 0.7499999999999999 1.0
0 0.1 16.405565284674683 0.009800910949707031 22.54847550392151 0.7499999999999999 1.0
0 0.1 14.289472237493916 0.009782075881958008 22.558257579803467 0.7499999999999999 1.0
0 0.1 12.446326187665905 0.00980997085571289 22.56806755065918 0.7499999999999999 1.0
0 0.1 10.840920713874212 0.009339094161987305 22.577406644821167 0.7499999999999999 1.0
0 0.1 9.44259054057033 0.009347915649414062 22.58675456047058 0.7499999999999999 1.0
0 0.1 8.224625792416147 0.007849931716918945 22.5946044921875 0.7499999999999999 1.0
0 0.1 7.163761801874259 0.011141061782836914 22.605745553970337 0.7499999999999999 1.0
0 0.1 6.239734724625884 0.014349699020385742 22.620095252990723 0.7272727272727272 1.0
0 0.1 5.43489447450858 0.011256217956542969 22.631351470947266 0.7272727272727272 1.0
0 0.1 4.733867584541418 0.00960993766784668 22.640961408615112 0.7272727272727272 1.0
0 0.1 4.123263554256632 0.029501914978027344 22.67046332359314 0.6153846153846154 1.0
0 0.1 3.591419074200402 0.025704145431518555 22.696167469024658 0.5714285714285714 1.0
0 0.1 3.128175241967003 0.05254197120666504 22.748709440231323 0.4210526315789473 1.0
0 0.1 2.7246835143108377 0.029155731201171875 22.777865171432495 0.4210526315789473 1.0
0 0.1 2.373236688776134 0.04423785209655762 22.822103023529053 0.38095238095238093 1.0
0 0.1 2.0671216863796724 0.07942080497741699 22.90152382850647 0.3478260869565218 1.0
0 0.1 1.8004913233094775 0.17109918594360352 23.072623014450073 0.32000000000000006 1.0
0 0.1 1.5682526223167341 0.18710613250732422 23.259729146957397 0.2857142857142857 1.0
0 0.1 1.3659695304072161 0.15714311599731445 23.416872262954712 0.27586206896551724 1.0
0 0.1 1.1897781846170337 0.20539116859436035 23.622263431549072 0.25806451612903225 1.0
0 0.1 1.036313107341863 0.10428023338317871 23.72654366493225 0.25806451612903225 1.0
0 0.1 0.9026429214570189 0.15069198608398438 23.877235651016235 0.24242424242424243 1.0
0 0.1 0.786214357305898 0.1631481647491455 24.04038381576538 0.2352941176470588 1.0
0 0.1 0.6848034820193963 0.10643601417541504 24.146819829940796 0.2352941176470588 1.0
0 0.1 0.5964732195846044 0.45274806022644043 24.599567890167236 0.2285714285714286 1.0
0 0.1 0.5195363502423698 0.6036159992218018 25.203183889389038 0.2222222222222222 1.0
0 0.1 0.4525232824553942 0.6837828159332275 25.886966705322266 0.20512820512820512 1.0
0 0.1 0.3941539818506903 0.9875500202178955 26.87451672554016 0.19999999999999998 1.0
0 0.1 0.34331352094368267 0.5461621284484863 27.420678853988647 0.19512195121951217 1.0
0 0.1 0.2990307826127625 0.4195101261138916 27.84018898010254 0.19047619047619047 1.0
0 0.1 0.2604599105337001 1.3235929012298584 29.163781881332397 0.18181818181818182 1.0
0 0.1 0.22686415225376097 0.6161179542541504 29.779899835586548 0.18181818181818182 1.0
0 0.1 0.19760178628779224 0.324373722076416 30.104273557662964 0.18181818181818182 1.0
0 0.1 0.17211386442601356 0.20493531227111816 30.309208869934082 0.18181818181818182 1.0
0 0.1 0.14991353511608546 2.808527946472168 33.11773681640625 0.1739130434782609 1.0
0 0.01 28.211963230963963 0.0006060600280761719 33.118342876434326 0.0 1.0
0 0.01 24.573006681497752 0.013764142990112305 33.13210701942444 0.5714285714285715 1.0
0 0.01 21.403425646968028 0.009986639022827148 33.142093658447266 0.5714285714285715 1.0
0 0.01 18.642677119777133 0.010055065155029297 33.152148723602295 0.5714285714285715 1.0
0 0.01 16.238027310431736 0.009549140930175781 33.16169786453247 0.5714285714285715 1.0
0 0.01 14.143544365449966 0.009697198867797852 33.17139506340027 0.5714285714285715 1.0
0 0.01 12.319221010851523 0.009464740753173828 33.18085980415344 0.5714285714285715 1.0
0 0.01 10.730210362611421 0.008536100387573242 33.189395904541016 0.5714285714285715 1.0
0 0.01 9.346160307090315 0.01145029067993164 33.20084619522095 0.7499999999999999 1.0
0 0.01 8.140633737265514 0.009671926498413086 33.21051812171936 0.7499999999999999 1.0
0 0.01 7.090603570541246 0.009241819381713867 33.219759941101074 0.7499999999999999 1.0
0 0.01 6.176012902339531 0.008795022964477539 33.22855496406555 0.7499999999999999 1.0
0 0.01 5.379391893848717 0.008703947067260742 33.23725891113281 0.7499999999999999 1.0
0 0.01 4.685524076001097 0.00879216194152832 33.24605107307434 0.7499999999999999 1.0
0 0.01 4.081155695663349 0.00875091552734375 33.254801988601685 0.7499999999999999 1.0
0 0.01 3.554742552184356 0.008272886276245117 33.26307487487793 0.7499999999999999 1.0
0 0.01 3.09622948855821 0.00725102424621582 33.270325899124146 0.7499999999999999 1.0
0 0.01 2.6968583252045994 0.0067670345306396484 33.277092933654785 0.7499999999999999 1.0
0 0.01 2.349000567658869 0.009598255157470703 33.286691188812256 0.7499999999999999 1.0
0 0.01 2.046011692676912 0.013142824172973633 33.29983401298523 0.7272727272727272 1.0
0 0.01 1.7821042294352372 0.009664773941040039 33.30949878692627 0.7272727272727272 1.0
0 0.01 1.5522372115164986 0.009946823120117188 33.31944561004639 0.7272727272727272 1.0
0 0.01 1.3520198880735976 0.024662017822265625 33.34410762786865 0.6153846153846154 1.0
0 0.01 1.1776278549337647 0.01786494255065918 33.36197257041931 0.6153846153846154 1.0
0 0.01 1.0257300036406054 0.033660888671875 33.39563345909119 0.4210526315789473 1.0
0 0.01 0.8934248930683893 0.021273136138916016 33.4169065952301 0.4210526315789473 1.0
0 0.01 0.7781853282259436 0.019896984100341797 33.436803579330444 0.4210526315789473 1.0
0 0.01 0.6778100876351608 0.02160501480102539 33.45840859413147 0.4210526315789473 1.0
0 0.01 0.590381877216004 0.04269909858703613 33.501107692718506 0.3636363636363636 1.0
0 0.01 0.5142307075440048 0.03795814514160156 33.53906583786011 0.3636363636363636 1.0
0 0.01 0.44790199493955546 0.06963109970092773 33.608696937561035 0.3076923076923077 1.0
0 0.01 0.39012877707943217 0.06210684776306152 33.6708037853241 0.2962962962962963 1.0
0 0.01 0.33980751241358653 0.06111907958984375 33.73192286491394 0.2857142857142857 1.0
0 0.01 0.2959770011254507 0.04347491264343262 33.77539777755737 0.2857142857142857 1.0
0 0.01 0.2578000249994245 0.04220080375671387 33.81759858131409 0.2857142857142857 1.0
0 0.01 0.22454735549379537 0.07470107078552246 33.89229965209961 0.25806451612903225 1.0
0 0.01 0.19558382455304058 0.0586400032043457 33.950939655303955 0.25806451612903225 1.0
0 0.01 0.1703561920944177 0.056559085845947266 34.0074987411499 0.25806451612903225 1.0
0 0.01 0.14838257842248037 0.05542612075805664 34.06292486190796 0.25806451612903225 1.0
0 0.01 0.12924325971726744 0.05494976043701172 34.11787462234497 0.25806451612903225 1.0
0 0.01 0.1125726507783501 0.053822994232177734 34.17169761657715 0.25806451612903225 1.0
0 0.01 0.09805232188500161 0.04621100425720215 34.21790862083435 0.25806451612903225 1.0
0 0.01 0.08540491638568569 0.2518467903137207 34.46975541114807 0.2105263157894737 1.0
0 0.01 0.07438885283512764 0.29230380058288574 34.76205921173096 0.21621621621621623 1.0
0 0.01 0.06479371048308594 0.1311938762664795 34.89325308799744 0.21621621621621623 1.0
0 0.01 0.056436209971818335 0.12806391716003418 35.02131700515747 0.21621621621621623 1.0
0 0.01 0.049156712468482675 0.18190693855285645 35.20322394371033 0.2105263157894737 1.0
0 0.01 0.0428161703614703 0.11126208305358887 35.314486026763916 0.2105263157894737 1.0
0 0.01 0.03729347127511503 0.19581222534179688 35.51029825210571 0.20512820512820512 1.0
0 0.01 0.032483124670098805 0.20420598983764648 35.71450424194336 0.19999999999999998 1.0
