[216.40736058 188.4937774  164.18066384 143.00360867 124.55810333
 108.49181534  94.49785828  82.30892987  71.69220614  62.44489425
  54.39035884  47.37474809  41.26405496  35.94155748  31.30558923
  27.26759733  23.75045104  20.68696841  18.01863304  15.69447636
  13.67010404  11.906848    10.37102782   9.03330739   7.86813455
   6.85325305   5.96927734   5.19932239   4.52868107   3.94454329
   3.43575127   2.99258645   2.60658382   2.27037024   1.9775236
   1.72245016   1.5002777    1.30676244   1.138208     0.99139477
   0.86351843   0.75213639   0.65512111   0.57061946   0.49701737
   0.43290895   0.37706963   0.32843281   0.28606948   0.24917044]0 1 312.2098259152708 0.0005309581756591797 0.0005309581756591797 0.0 1.0
0 1 271.93903789811014 0.0005707740783691406 0.0011017322540283203 0.0 1.0
0 1 236.8626295349813 0.004920005798339844 0.006021738052368164 0.33333333333333337 1.0
0 1 206.31059705097118 0.021658897399902344 0.027680635452270508 0.5714285714285715 1.0
0 1 179.69935797424765 0.013622045516967773 0.04130268096923828 0.5714285714285715 1.0
0 1 156.52060397255676 0.011127233505249023 0.052429914474487305 0.5714285714285715 1.0
0 1 136.33159152101595 0.009799957275390625 0.06222987174987793 0.5714285714285715 1.0
0 1 118.74668494067365 0.009669780731201172 0.0718996524810791 0.7499999999999999 1.0
0 1 103.42999026917344 0.0092010498046875 0.0811007022857666 0.7499999999999999 1.0
0 1 90.08893926113359 0.008777141571044922 0.08987784385681152 0.7499999999999999 1.0
0 1 78.46870096453189 0.008139848709106445 0.09801769256591797 0.7499999999999999 1.0
0 1 68.34731412713553 0.008044958114624023 0.10606265068054199 0.7499999999999999 1.0
0 1 59.53144745577994 0.011275768280029297 0.11733841896057129 0.6666666666666665 1.0
0 1 51.85270674408604 0.008432149887084961 0.12577056884765625 0.7272727272727272 1.0
0 1 45.16441833008278 0.008959054946899414 0.13472962379455566 0.7272727272727272 1.0
0 1 39.33882744370648 0.012108802795410156 0.14683842658996582 0.6153846153846154 1.0
0 1 34.26465792907022 0.01576685905456543 0.16260528564453125 0.47058823529411764 1.0
0 1 29.84498672911064 0.02669811248779297 0.18930339813232422 0.3636363636363636 1.0
0 1 25.99539253258091 0.02911067008972168 0.2184140682220459 0.3076923076923077 1.0
0 1 22.642343220204207 0.07817196846008301 0.2965860366821289 0.26666666666666666 1.0
0 1 19.721791308170232 0.09926390647888184 0.39584994316101074 0.27586206896551724 1.0
0 1 17.177950560167822 0.1669020652770996 0.5627520084381104 0.26666666666666666 1.0
0 1 14.962230399696251 0.14093303680419922 0.7036850452423096 0.24242424242424243 1.0
0 1 13.03230776858211 0.12528085708618164 0.8289659023284912 0.2222222222222222 1.0
0 1 11.351318703025308 0.13718485832214355 0.9661507606506348 0.2222222222222222 1.0
0 1 9.887154185253786 0.11516427993774414 1.081315040588379 0.21621621621621623 1.0
0 1 8.611846820663045 0.13442468643188477 1.2157397270202637 0.20512820512820512 1.0
0 1 7.501036625197576 0.12269783020019531 1.338437557220459 0.19999999999999998 1.0
0 1 6.53350571883761 0.18311595916748047 1.5215535163879395 0.20512820512820512 1.0
0 1 5.69077303724795 0.16846895217895508 1.6900224685668945 0.18604651162790697 1.0
0 1 4.956741320068812 0.1125791072845459 1.8026015758514404 0.1777777777777778 1.0
0 1 4.317389632878279 0.1374650001525879 1.9400665760040283 0.1702127659574468 1.0
0 1 3.7605055496069455 1.6149399280548096 3.555006504058838 0.1702127659574468 1.0
0 1 3.2754518797500736 0.3428618907928467 3.8978683948516846 0.1702127659574468 1.0
0 1 2.8529634845718124 0.12633800506591797 4.0242063999176025 0.16666666666666666 1.0
0 1 2.4849703012340436 0.08640503883361816 4.110611438751221 0.163265306122449 1.0
0 1 2.1644431943866964 0.24864578247070312 4.359257221221924 0.163265306122449 1.0
0 1 1.8852596907900219 0.10851716995239258 4.467774391174316 0.163265306122449 1.0
0 1 1.6420870323301746 0.0947420597076416 4.562516450881958 0.163265306122449 1.0
0 1 1.4302803135927475 0.08240294456481934 4.644919395446777 0.163265306122449 1.0
0 1 1.2457937582930971 0.07948708534240723 4.724406480789185 0.163265306122449 1.0
0 1 1.0851034398309916 0.3999292850494385 5.124335765838623 0.1568627450980392 1.0
0 1 0.945139969834425 0.3973088264465332 5.521644592285156 0.1568627450980392 1.0
0 1 0.823229868958621 0.7236762046813965 6.245320796966553 0.1568627450980392 1.0
0 1 0.7170445000483404 1.135981798171997 7.38130259513855 0.1509433962264151 1.0
0 1 0.624555588222246 1.1354870796203613 8.516789674758911 0.1509433962264151 1.0
0 1 0.5439964782567033 0.6039559841156006 9.120745658874512 0.1509433962264151 1.0
0 1 0.4738283892360109 0.48419785499572754 9.60494351387024 0.1509433962264151 1.0
0 1 0.4127110218901976 0.4587888717651367 10.063732385635376 0.1481481481481481 1.0
0 1 0.3594769571833539 0.45768189430236816 10.521414279937744 0.1481481481481481 1.0
0 0.1 130.20161032759302 0.0004839897155761719 10.52189826965332 0.0 1.0
0 0.1 113.40738729625762 0.00048804283142089844 10.522386312484741 0.0 1.0
0 0.1 98.77938883400856 0.0005321502685546875 10.522918462753296 0.0 1.0
0 0.1 86.03820166433057 0.0005350112915039062 10.5234534740448 0.0 1.0
0 0.1 74.9404529934022 0.0005538463592529297 10.524007320404053 0.0 1.0
0 0.1 65.27416178184274 0.0005469322204589844 10.524554252624512 0.0 1.0
0 0.1 56.854689638682785 0.0005750656127929688 10.525129318237305 0.0 1.0
0 0.1 49.52121399451067 0.012226104736328125 10.537355422973633 0.5714285714285715 1.0
0 0.1 43.13365618693992 0.008459806442260742 10.545815229415894 0.5714285714285715 1.0
0 0.1 37.570005780944214 0.007795810699462891 10.553611040115356 0.5714285714285715 1.0
0 0.1 32.7239900151928 0.007296085357666016 10.560907125473022 0.5714285714285715 1.0
0 0.1 28.503043857863506 0.006803989410400391 10.567711114883423 0.5714285714285715 1.0
0 0.1 24.826541897430772 0.0057179927825927734 10.573429107666016 0.5714285714285715 1.0
0 0.1 21.624258295306348 0.005741119384765625 10.579170227050781 0.5714285714285715 1.0
0 0.1 18.835025383479486 0.008742809295654297 10.587913036346436 0.7499999999999999 1.0
0 0.1 16.405565284674683 0.00664973258972168 10.594562768936157 0.7499999999999999 1.0
0 0.1 14.289472237493916 0.006131887435913086 10.60069465637207 0.7499999999999999 1.0
0 0.1 12.446326187665905 0.006215095520019531 10.60690975189209 0.7499999999999999 1.0
0 0.1 10.840920713874212 0.006231784820556641 10.613141536712646 0.7499999999999999 1.0
0 0.1 9.44259054057033 0.006204843521118164 10.619346380233765 0.7499999999999999 1.0
0 0.1 8.224625792416147 0.004830837249755859 10.62417721748352 0.7499999999999999 1.0
0 0.1 7.163761801874259 0.006359100341796875 10.630536317825317 0.7499999999999999 1.0
0 0.1 6.239734724625884 0.009421110153198242 10.639957427978516 0.7272727272727272 1.0
0 0.1 5.43489447450858 0.007328033447265625 10.647285461425781 0.7272727272727272 1.0
0 0.1 4.733867584541418 0.006154060363769531 10.65343952178955 0.7272727272727272 1.0
0 0.1 4.123263554256632 0.01941084861755371 10.672850370407104 0.6153846153846154 1.0
0 0.1 3.591419074200402 0.016520977020263672 10.689371347427368 0.5714285714285714 1.0
0 0.1 3.128175241967003 0.03705906867980957 10.726430416107178 0.4210526315789473 1.0
0 0.1 2.7246835143108377 0.015397071838378906 10.741827487945557 0.4210526315789473 1.0
0 0.1 2.373236688776134 0.031193017959594727 10.773020505905151 0.38095238095238093 1.0
0 0.1 2.0671216863796724 0.05140399932861328 10.824424505233765 0.3478260869565218 1.0
0 0.1 1.8004913233094775 0.12303400039672852 10.947458505630493 0.32000000000000006 1.0
0 0.1 1.5682526223167341 0.18470215797424316 11.132160663604736 0.2857142857142857 1.0
0 0.1 1.3659695304072161 0.10040593147277832 11.232566595077515 0.27586206896551724 1.0
0 0.1 1.1897781846170337 0.10664200782775879 11.339208602905273 0.25806451612903225 1.0
0 0.1 1.036313107341863 0.0593867301940918 11.398595333099365 0.25806451612903225 1.0
0 0.1 0.9026429214570189 0.0762941837310791 11.474889516830444 0.24242424242424243 1.0
0 0.1 0.786214357305898 0.1012260913848877 11.576115608215332 0.2352941176470588 1.0
0 0.1 0.6848034820193963 0.05470395088195801 11.63081955909729 0.2352941176470588 1.0
0 0.1 0.5964732195846044 0.29318690299987793 11.924006462097168 0.2285714285714286 1.0
0 0.1 0.5195363502423698 0.3538479804992676 12.277854442596436 0.2222222222222222 1.0
0 0.1 0.4525232824553942 0.5480260848999023 12.825880527496338 0.20512820512820512 1.0
0 0.1 0.3941539818506903 0.8536908626556396 13.679571390151978 0.19999999999999998 1.0
0 0.1 0.34331352094368267 0.27272987365722656 13.952301263809204 0.19512195121951217 1.0
0 0.1 0.2990307826127625 0.32181787490844727 14.274119138717651 0.19047619047619047 1.0
0 0.1 0.2604599105337001 0.3678150177001953 14.641934156417847 0.18604651162790697 1.0
0 0.1 0.22686415225376097 0.15703988075256348 14.79897403717041 0.18181818181818182 1.0
0 0.1 0.19760178628779224 0.07900810241699219 14.877982139587402 0.18181818181818182 1.0
0 0.1 0.17211386442601356 0.05428194999694824 14.93226408958435 0.18181818181818182 1.0
0 0.1 0.14991353511608546 1.1129729747772217 16.045237064361572 0.1739130434782609 1.0
0 0.01 28.211963230963963 0.0005891323089599609 16.045826196670532 0.0 1.0
0 0.01 24.573006681497752 0.00995016098022461 16.055776357650757 0.5714285714285715 1.0
0 0.01 21.403425646968028 0.007052898406982422 16.06282925605774 0.5714285714285715 1.0
0 0.01 18.642677119777133 0.006434917449951172 16.06926417350769 0.5714285714285715 1.0
0 0.01 16.238027310431736 0.006808757781982422 16.076072931289673 0.5714285714285715 1.0
0 0.01 14.143544365449966 0.006298065185546875 16.08237099647522 0.5714285714285715 1.0
0 0.01 12.319221010851523 0.005728960037231445 16.08809995651245 0.5714285714285715 1.0
0 0.01 10.730210362611421 0.0053670406341552734 16.093466997146606 0.5714285714285715 1.0
0 0.01 9.346160307090315 0.008353710174560547 16.101820707321167 0.7499999999999999 1.0
0 0.01 8.140633737265514 0.00612187385559082 16.107942581176758 0.7499999999999999 1.0
0 0.01 7.090603570541246 0.017129898071289062 16.125072479248047 0.7499999999999999 1.0
0 0.01 6.176012902339531 0.0065059661865234375 16.13157844543457 0.7499999999999999 1.0
0 0.01 5.379391893848717 0.007348775863647461 16.138927221298218 0.7499999999999999 1.0
0 0.01 4.685524076001097 0.006818056106567383 16.145745277404785 0.7499999999999999 1.0
0 0.01 4.081155695663349 0.0061991214752197266 16.151944398880005 0.7499999999999999 1.0
0 0.01 3.554742552184356 0.006537914276123047 16.158482313156128 0.7499999999999999 1.0
0 0.01 3.09622948855821 0.004019975662231445 16.16250228881836 0.7499999999999999 1.0
0 0.01 2.6968583252045994 0.0048639774322509766 16.16736626625061 0.7499999999999999 1.0
0 0.01 2.349000567658869 0.006217002868652344 16.173583269119263 0.7499999999999999 1.0
0 0.01 2.046011692676912 0.009785652160644531 16.183368921279907 0.7272727272727272 1.0
0 0.01 1.7821042294352372 0.005477190017700195 16.188846111297607 0.7272727272727272 1.0
0 0.01 1.5522372115164986 0.006512165069580078 16.195358276367188 0.7272727272727272 1.0
0 0.01 1.3520198880735976 0.017117977142333984 16.21247625350952 0.6153846153846154 1.0
0 0.01 1.1776278549337647 0.012992143630981445 16.225468397140503 0.6153846153846154 1.0
0 0.01 1.0257300036406054 0.02499079704284668 16.25045919418335 0.4210526315789473 1.0
0 0.01 0.8934248930683893 0.012625932693481445 16.26308512687683 0.4210526315789473 1.0
0 0.01 0.7781853282259436 0.012241840362548828 16.27532696723938 0.4210526315789473 1.0
0 0.01 0.6778100876351608 0.012735128402709961 16.28806209564209 0.4210526315789473 1.0
0 0.01 0.590381877216004 0.0314638614654541 16.319525957107544 0.3636363636363636 1.0
0 0.01 0.5142307075440048 0.022146940231323242 16.341672897338867 0.3636363636363636 1.0
0 0.01 0.44790199493955546 0.04440498352050781 16.386077880859375 0.3076923076923077 1.0
0 0.01 0.39012877707943217 0.038657188415527344 16.424735069274902 0.2962962962962963 1.0
0 0.01 0.33980751241358653 0.04376101493835449 16.468496084213257 0.2857142857142857 1.0
0 0.01 0.2959770011254507 0.02504706382751465 16.49354314804077 0.2857142857142857 1.0
0 0.01 0.2578000249994245 0.024448871612548828 16.51799201965332 0.2857142857142857 1.0
0 0.01 0.22454735549379537 0.06819605827331543 16.586188077926636 0.25806451612903225 1.0
0 0.01 0.19558382455304058 0.036312103271484375 16.62250018119812 0.25806451612903225 1.0
0 0.01 0.1703561920944177 0.031569719314575195 16.654069900512695 0.25806451612903225 1.0
0 0.01 0.14838257842248037 0.03070211410522461 16.68477201461792 0.25806451612903225 1.0
0 0.01 0.12924325971726744 0.028901100158691406 16.71367311477661 0.25806451612903225 1.0
0 0.01 0.1125726507783501 0.027048110961914062 16.740721225738525 0.25806451612903225 1.0
0 0.01 0.09805232188500161 0.022131919860839844 16.762853145599365 0.25806451612903225 1.0
0 0.01 0.08540491638568569 0.1829841136932373 16.945837259292603 0.2105263157894737 1.0
0 0.01 0.07438885283512764 0.20501399040222168 17.150851249694824 0.21621621621621623 1.0
0 0.01 0.06479371048308594 0.05350804328918457 17.20435929298401 0.21621621621621623 1.0
0 0.01 0.056436209971818335 0.05422520637512207 17.25858449935913 0.21621621621621623 1.0
0 0.01 0.049156712468482675 0.11124897003173828 17.36983346939087 0.2105263157894737 1.0
0 0.01 0.0428161703614703 0.03509807586669922 17.40493154525757 0.2105263157894737 1.0
0 0.01 0.03729347127511503 0.10614299774169922 17.511074542999268 0.20512820512820512 1.0
0 0.01 0.032483124670098805 0.1097710132598877 17.620845556259155 0.19999999999999998 1.0
