[216.40736058 188.4937774  164.18066384 143.00360867 124.55810333
 108.49181534  94.49785828  82.30892987  71.69220614  62.44489425
  54.39035884  47.37474809  41.26405496  35.94155748  31.30558923
  27.26759733  23.75045104  20.68696841  18.01863304  15.69447636
  13.67010404  11.906848    10.37102782   9.03330739   7.86813455
   6.85325305   5.96927734   5.19932239   4.52868107   3.94454329
   3.43575127   2.99258645   2.60658382   2.27037024   1.9775236
   1.72245016   1.5002777    1.30676244   1.138208     0.99139477
   0.86351843   0.75213639   0.65512111   0.57061946   0.49701737
   0.43290895   0.37706963   0.32843281   0.28606948   0.24917044]0 1 312.2098259152708 0.0011959075927734375 0.0011959075927734375 0.0 1.0
0 1 271.93903789811014 0.0011980533599853516 0.002393960952758789 0.0 1.0
0 1 236.8626295349813 0.0344538688659668 0.036847829818725586 0.33333333333333337 1.0
0 1 206.31059705097118 0.025244951248168945 0.06209278106689453 0.5714285714285715 1.0
0 1 179.69935797424765 0.015729904174804688 0.07782268524169922 0.5714285714285715 1.0
0 1 156.52060397255676 0.013159751892089844 0.09098243713378906 0.5714285714285715 1.0
0 1 136.33159152101595 0.010805845260620117 0.10178828239440918 0.5714285714285715 1.0
0 1 118.74668494067365 0.030564069747924805 0.13235235214233398 0.7499999999999999 1.0
0 1 103.42999026917344 0.018677949905395508 0.1510303020477295 0.7499999999999999 1.0
0 1 90.08893926113359 0.013797283172607422 0.16482758522033691 0.7499999999999999 1.0
0 1 78.46870096453189 0.012290716171264648 0.17711830139160156 0.7499999999999999 1.0
0 1 68.34731412713553 0.010378122329711914 0.18749642372131348 0.7499999999999999 1.0
0 1 59.53144745577994 0.010563135147094727 0.1980595588684082 0.6666666666666665 1.0
0 1 51.85270674408604 0.01565718650817871 0.21371674537658691 0.7272727272727272 1.0
0 1 45.16441833008278 0.014121055603027344 0.22783780097961426 0.7272727272727272 1.0
0 1 39.33882744370648 0.015950918197631836 0.2437887191772461 0.6153846153846154 1.0
0 1 34.26465792907022 0.024750947952270508 0.2685396671295166 0.47058823529411764 1.0
0 1 29.84498672911064 0.029755830764770508 0.2982954978942871 0.3636363636363636 1.0
0 1 25.99539253258091 0.04202628135681152 0.34032177925109863 0.3076923076923077 1.0
0 1 22.642343220204207 0.11425900459289551 0.45458078384399414 0.26666666666666666 1.0
0 1 19.721791308170232 0.13522720336914062 0.5898079872131348 0.27586206896551724 1.0
0 1 17.177950560167822 0.2908780574798584 0.8806860446929932 0.26666666666666666 1.0
0 1 14.962230399696251 0.20848608016967773 1.089172124862671 0.24242424242424243 1.0
0 1 13.03230776858211 0.20713496208190918 1.29630708694458 0.2222222222222222 1.0
0 1 11.351318703025308 0.21330809593200684 1.509615182876587 0.2222222222222222 1.0
0 1 9.887154185253786 0.14624500274658203 1.655860185623169 0.21621621621621623 1.0
0 1 8.611846820663045 0.1489729881286621 1.804833173751831 0.20512820512820512 1.0
0 1 7.501036625197576 0.17866873741149902 1.98350191116333 0.19999999999999998 1.0
0 1 6.53350571883761 0.1461341381072998 2.12963604927063 0.20512820512820512 1.0
0 1 5.69077303724795 0.19126415252685547 2.3209002017974854 0.18604651162790697 1.0
0 1 4.956741320068812 0.15566015243530273 2.476560354232788 0.1777777777777778 1.0
0 1 4.317389632878279 0.23171615600585938 2.7082765102386475 0.1702127659574468 1.0
0 1 3.7605055496069455 1.898587942123413 4.6068644523620605 0.1702127659574468 1.0
0 1 3.2754518797500736 0.37735819816589355 4.984222650527954 0.1702127659574468 1.0
0 1 2.8529634845718124 0.18471503257751465 5.168937683105469 0.16666666666666666 1.0
0 1 2.4849703012340436 0.1503429412841797 5.319280624389648 0.163265306122449 1.0
0 1 2.1644431943866964 0.2580380439758301 5.5773186683654785 0.163265306122449 1.0
0 1 1.8852596907900219 0.14576101303100586 5.723079681396484 0.163265306122449 1.0
0 1 1.6420870323301746 0.12549304962158203 5.848572731018066 0.163265306122449 1.0
0 1 1.4302803135927475 0.11972570419311523 5.968298435211182 0.163265306122449 1.0
0 1 1.2457937582930971 0.11583590507507324 6.084134340286255 0.163265306122449 1.0
0 1 1.0851034398309916 0.4024498462677002 6.486584186553955 0.1568627450980392 1.0
0 1 0.945139969834425 0.35102200508117676 6.837606191635132 0.1568627450980392 1.0
0 1 0.823229868958621 0.4949681758880615 7.332574367523193 0.1568627450980392 1.0
0 1 0.7170445000483404 0.8244810104370117 8.157055377960205 0.15384615384615383 1.0
0 1 0.624555588222246 0.7664399147033691 8.923495292663574 0.1509433962264151 1.0
0 1 0.5439964782567033 0.5346710681915283 9.458166360855103 0.1509433962264151 1.0
0 1 0.4738283892360109 0.4530210494995117 9.911187410354614 0.1509433962264151 1.0
0 1 0.4127110218901976 0.4547410011291504 10.365928411483765 0.1481481481481481 1.0
0 1 0.3594769571833539 0.4564087390899658 10.82233715057373 0.1481481481481481 1.0
0 0.1 130.20161032759302 0.0011911392211914062 10.823528289794922 0.0 1.0
0 0.1 113.40738729625762 0.001222848892211914 10.824751138687134 0.0 1.0
0 0.1 98.77938883400856 0.0011670589447021484 10.825918197631836 0.0 1.0
0 0.1 86.03820166433057 0.0012369155883789062 10.827155113220215 0.0 1.0
0 0.1 74.9404529934022 0.0012111663818359375 10.82836627960205 0.0 1.0
0 0.1 65.27416178184274 0.0011801719665527344 10.829546451568604 0.0 1.0
0 0.1 56.854689638682785 0.0012028217315673828 10.830749273300171 0.0 1.0
0 0.1 49.52121399451067 0.0011739730834960938 10.831923246383667 0.0 1.0
0 0.1 43.13365618693992 0.0012459754943847656 10.833169221878052 0.0 1.0
0 0.1 37.570005780944214 0.0013163089752197266 10.834485530853271 0.0 1.0
0 0.1 32.7239900151928 0.001257181167602539 10.835742712020874 0.0 1.0
0 0.1 28.503043857863506 0.0011892318725585938 10.836931943893433 0.0 1.0
0 0.1 24.826541897430772 0.015635967254638672 10.852567911148071 0.5714285714285715 1.0
0 0.1 21.624258295306348 0.00552678108215332 10.858094692230225 0.5714285714285715 1.0
0 0.1 18.835025383479486 0.005344867706298828 10.863439559936523 0.5714285714285715 1.0
0 0.1 16.405565284674683 0.005163908004760742 10.868603467941284 0.5714285714285715 1.0
0 0.1 14.289472237493916 0.005139827728271484 10.873743295669556 0.5714285714285715 1.0
0 0.1 12.446326187665905 0.004150867462158203 10.877894163131714 0.5714285714285715 1.0
0 0.1 10.840920713874212 0.012978792190551758 10.890872955322266 0.7499999999999999 1.0
0 0.1 9.44259054057033 0.006482124328613281 10.897355079650879 0.7499999999999999 1.0
0 0.1 8.224625792416147 0.0052030086517333984 10.902558088302612 0.7499999999999999 1.0
0 0.1 7.163761801874259 0.005203962326049805 10.907762050628662 0.7499999999999999 1.0
0 0.1 6.239734724625884 0.0051441192626953125 10.912906169891357 0.7499999999999999 1.0
0 0.1 5.43489447450858 0.034360647201538086 10.947266817092896 0.7272727272727272 1.0
0 0.1 4.733867584541418 0.012098073959350586 10.959364891052246 0.7272727272727272 1.0
0 0.1 4.123263554256632 0.011675119400024414 10.97104001045227 0.7272727272727272 1.0
0 0.1 3.591419074200402 0.06493997573852539 11.035979986190796 0.5714285714285714 1.0
0 0.1 3.128175241967003 0.15261626243591309 11.188596248626709 0.4444444444444444 1.0
0 0.1 2.7246835143108377 0.05977177619934082 11.24836802482605 0.4210526315789473 1.0
0 0.1 2.373236688776134 0.09265995025634766 11.341027975082397 0.38095238095238093 1.0
0 0.1 2.0671216863796724 0.4478640556335449 11.788892030715942 0.3333333333333333 1.0
0 0.1 1.8004913233094775 0.5658268928527832 12.354718923568726 0.32000000000000006 1.0
0 0.1 1.5682526223167341 0.6134593486785889 12.968178272247314 0.2857142857142857 1.0
0 0.1 1.3659695304072161 0.4654519557952881 13.433630228042603 0.27586206896551724 1.0
0 0.1 1.1897781846170337 0.3202228546142578 13.75385308265686 0.25806451612903225 1.0
0 0.1 1.036313107341863 0.09865498542785645 13.852508068084717 0.25806451612903225 1.0
0 0.1 0.9026429214570189 0.22147679328918457 14.073984861373901 0.24242424242424243 1.0
0 0.1 0.786214357305898 0.22432184219360352 14.298306703567505 0.2352941176470588 1.0
0 0.1 0.6848034820193963 0.07307910919189453 14.3713858127594 0.2352941176470588 1.0
0 0.1 0.5964732195846044 0.7012009620666504 15.07258677482605 0.2285714285714286 1.0
0 0.1 0.5195363502423698 0.7441091537475586 15.816695928573608 0.2222222222222222 1.0
0 0.1 0.4525232824553942 2.6508820056915283 18.467577934265137 0.19999999999999998 1.0
0 0.1 0.3941539818506903 0.37703466415405273 18.84461259841919 0.19999999999999998 1.0
0 0.1 0.34331352094368267 0.594210147857666 19.438822746276855 0.19512195121951217 1.0
0 0.1 0.2990307826127625 0.8170850276947021 20.255907773971558 0.19047619047619047 1.0
0 0.1 0.2604599105337001 1.0111172199249268 21.267024993896484 0.18181818181818182 1.0
0 0.1 0.22686415225376097 0.45214295387268066 21.719167947769165 0.18181818181818182 1.0
0 0.1 0.19760178628779224 0.1939089298248291 21.913076877593994 0.18181818181818182 1.0
0 0.1 0.17211386442601356 0.1455981731414795 22.058675050735474 0.18181818181818182 1.0
0 0.1 0.14991353511608546 2.2440690994262695 24.302744150161743 0.1739130434782609 1.0
0 0.01 28.211963230963963 0.0012123584747314453 24.303956508636475 0.0 1.0
0 0.01 24.573006681497752 0.001178741455078125 24.305135250091553 0.0 1.0
0 0.01 21.403425646968028 0.001171112060546875 24.3063063621521 0.0 1.0
0 0.01 18.642677119777133 0.0012111663818359375 24.307517528533936 0.0 1.0
0 0.01 16.238027310431736 0.0013189315795898438 24.308836460113525 0.0 1.0
0 0.01 14.143544365449966 0.0012118816375732422 24.3100483417511 0.0 1.0
0 0.01 12.319221010851523 0.0012111663818359375 24.311259508132935 0.0 1.0
0 0.01 10.730210362611421 0.0013060569763183594 24.312565565109253 0.0 1.0
0 0.01 9.346160307090315 0.001338958740234375 24.313904523849487 0.0 1.0
0 0.01 8.140633737265514 0.0011887550354003906 24.315093278884888 0.0 1.0
0 0.01 7.090603570541246 0.0011758804321289062 24.316269159317017 0.0 1.0
0 0.01 6.176012902339531 0.0012311935424804688 24.317500352859497 0.0 1.0
0 0.01 5.379391893848717 0.0012249946594238281 24.31872534751892 0.0 1.0
0 0.01 4.685524076001097 0.0012259483337402344 24.31995129585266 0.0 1.0
0 0.01 4.081155695663349 0.001178741455078125 24.32113003730774 0.0 1.0
0 0.01 3.554742552184356 0.0011858940124511719 24.32231593132019 0.0 1.0
0 0.01 3.09622948855821 0.0012638568878173828 24.323579788208008 0.0 1.0
0 0.01 2.6968583252045994 0.0012629032135009766 24.32484269142151 0.0 1.0
0 0.01 2.349000567658869 0.01093912124633789 24.335781812667847 0.5714285714285715 1.0
0 0.01 2.046011692676912 0.002834320068359375 24.338616132736206 0.5714285714285715 1.0
0 0.01 1.7821042294352372 0.0025641918182373047 24.341180324554443 0.5714285714285715 1.0
0 0.01 1.5522372115164986 0.002679109573364258 24.343859434127808 0.5714285714285715 1.0
0 0.01 1.3520198880735976 0.0025339126586914062 24.3463933467865 0.5714285714285715 1.0
0 0.01 1.1776278549337647 0.002547025680541992 24.34894037246704 0.5714285714285715 1.0
0 0.01 1.0257300036406054 0.01100611686706543 24.359946489334106 0.7499999999999999 1.0
0 0.01 0.8934248930683893 0.002615213394165039 24.36256170272827 0.7499999999999999 1.0
0 0.01 0.7781853282259436 0.0026559829711914062 24.365217685699463 0.7499999999999999 1.0
0 0.01 0.6778100876351608 0.002499103546142578 24.367716789245605 0.7499999999999999 1.0
0 0.01 0.590381877216004 0.002593994140625 24.37031078338623 0.7499999999999999 1.0
0 0.01 0.5142307075440048 0.02067708969116211 24.390987873077393 0.7272727272727272 1.0
0 0.01 0.44790199493955546 0.004308938980102539 24.395296812057495 0.7272727272727272 1.0
0 0.01 0.39012877707943217 0.04766702651977539 24.44296383857727 0.5000000000000001 1.0
0 0.01 0.33980751241358653 0.05439114570617676 24.497354984283447 0.4 1.0
0 0.01 0.2959770011254507 0.012954950332641602 24.51030993461609 0.4 1.0
0 0.01 0.2578000249994245 0.012421131134033203 24.522731065750122 0.4 1.0
0 0.01 0.22454735549379537 0.07651209831237793 24.5992431640625 0.3076923076923077 1.0
0 0.01 0.19558382455304058 0.016782283782958984 24.61602544784546 0.3076923076923077 1.0
0 0.01 0.1703561920944177 0.1947031021118164 24.810728549957275 0.26666666666666666 1.0
0 0.01 0.14838257842248037 0.07526206970214844 24.885990619659424 0.25806451612903225 1.0
0 0.01 0.12924325971726744 0.024645090103149414 24.910635709762573 0.25806451612903225 1.0
0 0.01 0.1125726507783501 0.07371783256530762 24.98435354232788 0.25 1.0
0 0.01 0.09805232188500161 0.07767510414123535 25.062028646469116 0.24242424242424243 1.0
0 0.01 0.08540491638568569 0.09705805778503418 25.15908670425415 0.2352941176470588 1.0
0 0.01 0.07438885283512764 0.024379730224609375 25.18346643447876 0.2352941176470588 1.0
0 0.01 0.06479371048308594 0.0947270393371582 25.278193473815918 0.2285714285714286 1.0
0 0.01 0.056436209971818335 0.2502589225769043 25.528452396392822 0.21621621621621623 1.0
0 0.01 0.049156712468482675 0.046450138092041016 25.574902534484863 0.21621621621621623 1.0
0 0.01 0.0428161703614703 0.24633026123046875 25.821232795715332 0.20512820512820512 1.0
0 0.01 0.03729347127511503 0.04517102241516113 25.866403818130493 0.20512820512820512 1.0
0 0.01 0.032483124670098805 0.04255986213684082 25.908963680267334 0.20512820512820512 1.0
