[216.40736058 188.4937774  164.18066384 143.00360867 124.55810333
 108.49181534  94.49785828  82.30892987  71.69220614  62.44489425
  54.39035884  47.37474809  41.26405496  35.94155748  31.30558923
  27.26759733  23.75045104  20.68696841  18.01863304  15.69447636
  13.67010404  11.906848    10.37102782   9.03330739   7.86813455
   6.85325305   5.96927734   5.19932239   4.52868107   3.94454329
   3.43575127   2.99258645   2.60658382   2.27037024   1.9775236
   1.72245016   1.5002777    1.30676244   1.138208     0.99139477
   0.86351843   0.75213639   0.65512111   0.57061946   0.49701737
   0.43290895   0.37706963   0.32843281   0.28606948   0.24917044]0 1 312.2098259152708 0.0012080669403076172 0.0012080669403076172 0.0 1.0
0 1 271.93903789811014 0.0011909008026123047 0.002398967742919922 0.0 1.0
0 1 236.8626295349813 0.028666019439697266 0.031064987182617188 0.33333333333333337 1.0
0 1 206.31059705097118 0.02107405662536621 0.0521390438079834 0.5714285714285715 1.0
0 1 179.69935797424765 0.011729955673217773 0.06386899948120117 0.5714285714285715 1.0
0 1 156.52060397255676 0.009002923965454102 0.07287192344665527 0.5714285714285715 1.0
0 1 136.33159152101595 0.007911205291748047 0.08078312873840332 0.5714285714285715 1.0
0 1 118.74668494067365 0.025171995162963867 0.10595512390136719 0.7499999999999999 1.0
0 1 103.42999026917344 0.015022039413452148 0.12097716331481934 0.7499999999999999 1.0
0 1 90.08893926113359 0.011778116226196289 0.13275527954101562 0.7499999999999999 1.0
0 1 78.46870096453189 0.010303020477294922 0.14305830001831055 0.7499999999999999 1.0
0 1 68.34731412713553 0.008555173873901367 0.15161347389221191 0.7499999999999999 1.0
0 1 59.53144745577994 0.009061098098754883 0.1606745719909668 0.6666666666666665 1.0
0 1 51.85270674408604 0.013608932495117188 0.17428350448608398 0.7272727272727272 1.0
0 1 45.16441833008278 0.013303041458129883 0.18758654594421387 0.7272727272727272 1.0
0 1 39.33882744370648 0.01322793960571289 0.20081448554992676 0.6153846153846154 1.0
0 1 34.26465792907022 0.01993083953857422 0.22074532508850098 0.47058823529411764 1.0
0 1 29.84498672911064 0.02712416648864746 0.24786949157714844 0.3636363636363636 1.0
0 1 25.99539253258091 0.03357815742492676 0.2814476490020752 0.3076923076923077 1.0
0 1 22.642343220204207 0.09608221054077148 0.3775298595428467 0.26666666666666666 1.0
0 1 19.721791308170232 0.11670923233032227 0.49423909187316895 0.27586206896551724 1.0
0 1 17.177950560167822 0.25299692153930664 0.7472360134124756 0.26666666666666666 1.0
0 1 14.962230399696251 0.1771860122680664 0.924422025680542 0.24242424242424243 1.0
0 1 13.03230776858211 0.1804652214050293 1.1048872470855713 0.2222222222222222 1.0
0 1 11.351318703025308 0.1581118106842041 1.2629990577697754 0.2222222222222222 1.0
0 1 9.887154185253786 0.12764310836791992 1.3906421661376953 0.21621621621621623 1.0
0 1 8.611846820663045 0.12971901893615723 1.5203611850738525 0.20512820512820512 1.0
0 1 7.501036625197576 0.16179990768432617 1.6821610927581787 0.19999999999999998 1.0
0 1 6.53350571883761 0.12714195251464844 1.8093030452728271 0.20512820512820512 1.0
0 1 5.69077303724795 0.1707921028137207 1.9800951480865479 0.18604651162790697 1.0
0 1 4.956741320068812 0.1250917911529541 2.105186939239502 0.1777777777777778 1.0
0 1 4.317389632878279 0.18563413619995117 2.290821075439453 0.1702127659574468 1.0
0 1 3.7605055496069455 1.8123080730438232 4.103129148483276 0.1702127659574468 1.0
0 1 3.2754518797500736 0.3618617057800293 4.464990854263306 0.1702127659574468 1.0
0 1 2.8529634845718124 0.13175702095031738 4.596747875213623 0.16666666666666666 1.0
0 1 2.4849703012340436 0.13205194473266602 4.728799819946289 0.163265306122449 1.0
0 1 2.1644431943866964 0.22997403144836426 4.958773851394653 0.163265306122449 1.0
0 1 1.8852596907900219 0.09499907493591309 5.053772926330566 0.163265306122449 1.0
0 1 1.6420870323301746 0.09363389015197754 5.147406816482544 0.163265306122449 1.0
0 1 1.4302803135927475 0.09394025802612305 5.241347074508667 0.163265306122449 1.0
0 1 1.2457937582930971 0.09495186805725098 5.336298942565918 0.163265306122449 1.0
0 1 1.0851034398309916 0.22267627716064453 5.5589752197265625 0.1568627450980392 1.0
0 1 0.945139969834425 0.22549009323120117 5.784465312957764 0.1568627450980392 1.0
0 1 0.823229868958621 0.3747992515563965 6.15926456451416 0.1568627450980392 1.0
0 1 0.7170445000483404 0.6754801273345947 6.834744691848755 0.15384615384615383 1.0
0 1 0.624555588222246 0.4545619487762451 7.289306640625 0.1509433962264151 1.0
0 1 0.5439964782567033 0.3036658763885498 7.59297251701355 0.1509433962264151 1.0
0 1 0.4738283892360109 0.23248529434204102 7.825457811355591 0.1509433962264151 1.0
0 1 0.4127110218901976 0.2289261817932129 8.054383993148804 0.1481481481481481 1.0
0 1 0.3594769571833539 0.2262411117553711 8.280625104904175 0.1481481481481481 1.0
0 0.1 130.20161032759302 0.001184701919555664 8.28180980682373 0.0 1.0
0 0.1 113.40738729625762 0.0011730194091796875 8.28298282623291 0.0 1.0
0 0.1 98.77938883400856 0.0011720657348632812 8.284154891967773 0.0 1.0
0 0.1 86.03820166433057 0.0012123584747314453 8.285367250442505 0.0 1.0
0 0.1 74.9404529934022 0.0012888908386230469 8.286656141281128 0.0 1.0
0 0.1 65.27416178184274 0.0012621879577636719 8.287918329238892 0.0 1.0
0 0.1 56.854689638682785 0.0011839866638183594 8.28910231590271 0.0 1.0
0 0.1 49.52121399451067 0.0011782646179199219 8.29028058052063 0.0 1.0
0 0.1 43.13365618693992 0.0011789798736572266 8.291459560394287 0.0 1.0
0 0.1 37.570005780944214 0.0012171268463134766 8.2926766872406 0.0 1.0
0 0.1 32.7239900151928 0.0011668205261230469 8.293843507766724 0.0 1.0
0 0.1 28.503043857863506 0.001230001449584961 8.295073509216309 0.0 1.0
0 0.1 24.826541897430772 0.014162302017211914 8.30923581123352 0.5714285714285715 1.0
0 0.1 21.624258295306348 0.004137992858886719 8.313373804092407 0.5714285714285715 1.0
0 0.1 18.835025383479486 0.004250049591064453 8.317623853683472 0.5714285714285715 1.0
0 0.1 16.405565284674683 0.0039577484130859375 8.321581602096558 0.5714285714285715 1.0
0 0.1 14.289472237493916 0.004078865051269531 8.325660467147827 0.5714285714285715 1.0
0 0.1 12.446326187665905 0.003824949264526367 8.329485416412354 0.5714285714285715 1.0
0 0.1 10.840920713874212 0.012046098709106445 8.34153151512146 0.7499999999999999 1.0
0 0.1 9.44259054057033 0.005450010299682617 8.346981525421143 0.7499999999999999 1.0
0 0.1 8.224625792416147 0.0040209293365478516 8.35100245475769 0.7499999999999999 1.0
0 0.1 7.163761801874259 0.004118680953979492 8.35512113571167 0.7499999999999999 1.0
0 0.1 6.239734724625884 0.003994941711425781 8.359116077423096 0.7499999999999999 1.0
0 0.1 5.43489447450858 0.03137516975402832 8.390491247177124 0.7272727272727272 1.0
0 0.1 4.733867584541418 0.009845972061157227 8.400337219238281 0.7272727272727272 1.0
0 0.1 4.123263554256632 0.009347200393676758 8.409684419631958 0.7272727272727272 1.0
0 0.1 3.591419074200402 0.06255507469177246 8.47223949432373 0.5714285714285714 1.0
0 0.1 3.128175241967003 0.14796018600463867 8.62019968032837 0.4444444444444444 1.0
0 0.1 2.7246835143108377 0.05521893501281738 8.675418615341187 0.4210526315789473 1.0
0 0.1 2.373236688776134 0.08897995948791504 8.764398574829102 0.38095238095238093 1.0
0 0.1 2.0671216863796724 0.28667497634887695 9.051073551177979 0.3333333333333333 1.0
0 0.1 1.8004913233094775 0.5156359672546387 9.566709518432617 0.32000000000000006 1.0
0 0.1 1.5682526223167341 0.5639810562133789 10.130690574645996 0.2857142857142857 1.0
0 0.1 1.3659695304072161 0.4339749813079834 10.56466555595398 0.27586206896551724 1.0
0 0.1 1.1897781846170337 0.2771949768066406 10.84186053276062 0.25806451612903225 1.0
0 0.1 1.036313107341863 0.08380818367004395 10.925668716430664 0.25806451612903225 1.0
0 0.1 0.9026429214570189 0.17825984954833984 11.103928565979004 0.24242424242424243 1.0
0 0.1 0.786214357305898 0.20269489288330078 11.306623458862305 0.2352941176470588 1.0
0 0.1 0.6848034820193963 0.06483697891235352 11.371460437774658 0.2352941176470588 1.0
0 0.1 0.5964732195846044 0.6573922634124756 12.028852701187134 0.2285714285714286 1.0
0 0.1 0.5195363502423698 0.650702953338623 12.679555654525757 0.2222222222222222 1.0
0 0.1 0.4525232824553942 2.387669086456299 15.067224740982056 0.19999999999999998 1.0
0 0.1 0.3941539818506903 0.3028988838195801 15.370123624801636 0.19999999999999998 1.0
0 0.1 0.34331352094368267 0.4847087860107422 15.854832410812378 0.19512195121951217 1.0
0 0.1 0.2990307826127625 0.821753978729248 16.676586389541626 0.19047619047619047 1.0
0 0.1 0.2604599105337001 0.8458700180053711 17.522456407546997 0.18604651162790697 1.0
0 0.1 0.22686415225376097 0.2562730312347412 17.77872943878174 0.18181818181818182 1.0
0 0.1 0.19760178628779224 0.13747477531433105 17.91620421409607 0.18181818181818182 1.0
0 0.1 0.17211386442601356 0.11789488792419434 18.034099102020264 0.18181818181818182 1.0
0 0.1 0.14991353511608546 1.7233049869537354 19.757404088974 0.1739130434782609 1.0
0 0.01 28.211963230963963 0.0012309551239013672 19.7586350440979 0.0 1.0
0 0.01 24.573006681497752 0.001180887222290039 19.75981593132019 0.0 1.0
0 0.01 21.403425646968028 0.0011768341064453125 19.760992765426636 0.0 1.0
0 0.01 18.642677119777133 0.0012249946594238281 19.76221776008606 0.0 1.0
0 0.01 16.238027310431736 0.0012538433074951172 19.763471603393555 0.0 1.0
0 0.01 14.143544365449966 0.0012860298156738281 19.76475763320923 0.0 1.0
0 0.01 12.319221010851523 0.0012180805206298828 19.76597571372986 0.0 1.0
0 0.01 10.730210362611421 0.0012469291687011719 19.76722264289856 0.0 1.0
0 0.01 9.346160307090315 0.001171112060546875 19.768393754959106 0.0 1.0
0 0.01 8.140633737265514 0.0012128353118896484 19.769606590270996 0.0 1.0
0 0.01 7.090603570541246 0.001171112060546875 19.770777702331543 0.0 1.0
0 0.01 6.176012902339531 0.0012078285217285156 19.77198553085327 0.0 1.0
0 0.01 5.379391893848717 0.0012180805206298828 19.7732036113739 0.0 1.0
0 0.01 4.685524076001097 0.0012421607971191406 19.77444577217102 0.0 1.0
0 0.01 4.081155695663349 0.0011911392211914062 19.775636911392212 0.0 1.0
0 0.01 3.554742552184356 0.0012121200561523438 19.776849031448364 0.0 1.0
0 0.01 3.09622948855821 0.0012869834899902344 19.778136014938354 0.0 1.0
0 0.01 2.6968583252045994 0.0012180805206298828 19.779354095458984 0.0 1.0
0 0.01 2.349000567658869 0.00989389419555664 19.78924798965454 0.5714285714285715 1.0
0 0.01 2.046011692676912 0.0027768611907958984 19.792024850845337 0.5714285714285715 1.0
0 0.01 1.7821042294352372 0.0026481151580810547 19.794672966003418 0.5714285714285715 1.0
0 0.01 1.5522372115164986 0.0013298988342285156 19.796002864837646 0.5714285714285715 1.0
0 0.01 1.3520198880735976 0.0013709068298339844 19.79737377166748 0.5714285714285715 1.0
0 0.01 1.1776278549337647 0.0015528202056884766 19.79892659187317 0.5714285714285715 1.0
0 0.01 1.0257300036406054 0.010927200317382812 19.80985379219055 0.7499999999999999 1.0
0 0.01 0.8934248930683893 0.002593994140625 19.812447786331177 0.7499999999999999 1.0
0 0.01 0.7781853282259436 0.0025489330291748047 19.81499671936035 0.7499999999999999 1.0
0 0.01 0.6778100876351608 0.0013723373413085938 19.81636905670166 0.7499999999999999 1.0
0 0.01 0.590381877216004 0.0014519691467285156 19.81782102584839 0.7499999999999999 1.0
0 0.01 0.5142307075440048 0.019414186477661133 19.83723521232605 0.7272727272727272 1.0
0 0.01 0.44790199493955546 0.0029921531677246094 19.840227365493774 0.7272727272727272 1.0
0 0.01 0.39012877707943217 0.04530787467956543 19.88553524017334 0.5000000000000001 1.0
0 0.01 0.33980751241358653 0.05221724510192871 19.93775248527527 0.4 1.0
0 0.01 0.2959770011254507 0.011536121368408203 19.949288606643677 0.4 1.0
0 0.01 0.2578000249994245 0.01088094711303711 19.960169553756714 0.4 1.0
0 0.01 0.22454735549379537 0.0752408504486084 20.035410404205322 0.3076923076923077 1.0
0 0.01 0.19558382455304058 0.015130043029785156 20.050540447235107 0.3076923076923077 1.0
0 0.01 0.1703561920944177 0.19074487686157227 20.24128532409668 0.26666666666666666 1.0
0 0.01 0.14838257842248037 0.0721290111541748 20.313414335250854 0.25806451612903225 1.0
0 0.01 0.12924325971726744 0.02196788787841797 20.335382223129272 0.25806451612903225 1.0
0 0.01 0.1125726507783501 0.0714879035949707 20.406870126724243 0.25 1.0
0 0.01 0.09805232188500161 0.0740809440612793 20.480951070785522 0.24242424242424243 1.0
0 0.01 0.08540491638568569 0.13007903099060059 20.611030101776123 0.2352941176470588 1.0
0 0.01 0.07438885283512764 0.02342081069946289 20.634450912475586 0.2352941176470588 1.0
0 0.01 0.06479371048308594 0.09225893020629883 20.726709842681885 0.2285714285714286 1.0
0 0.01 0.056436209971818335 0.3112461566925049 21.03795599937439 0.21621621621621623 1.0
0 0.01 0.049156712468482675 0.05562329292297363 21.093579292297363 0.21621621621621623 1.0
0 0.01 0.0428161703614703 0.35081911087036133 21.444398403167725 0.20512820512820512 1.0
0 0.01 0.03729347127511503 0.05005002021789551 21.49444842338562 0.20512820512820512 1.0
0 0.01 0.032483124670098805 0.11551189422607422 21.609960317611694 0.20512820512820512 1.0
