[216.40736058 188.4937774  164.18066384 143.00360867 124.55810333
 108.49181534  94.49785828  82.30892987  71.69220614  62.44489425
  54.39035884  47.37474809  41.26405496  35.94155748  31.30558923
  27.26759733  23.75045104  20.68696841  18.01863304  15.69447636
  13.67010404  11.906848    10.37102782   9.03330739   7.86813455
   6.85325305   5.96927734   5.19932239   4.52868107   3.94454329
   3.43575127   2.99258645   2.60658382   2.27037024   1.9775236
   1.72245016   1.5002777    1.30676244   1.138208     0.99139477
   0.86351843   0.75213639   0.65512111   0.57061946   0.49701737
   0.43290895   0.37706963   0.32843281   0.28606948   0.24917044]0 1 312.2098259152708 0.0011892318725585938 0.0011892318725585938 0.0 1.0
0 1 271.93903789811014 0.0011839866638183594 0.002373218536376953 0.0 1.0
0 1 236.8626295349813 0.04085278511047363 0.043226003646850586 0.33333333333333337 1.0
0 1 206.31059705097118 0.03022289276123047 0.07344889640808105 0.5714285714285715 1.0
0 1 179.69935797424765 0.019505977630615234 0.09295487403869629 0.5714285714285715 1.0
0 1 156.52060397255676 0.016887903213500977 0.10984277725219727 0.5714285714285715 1.0
0 1 136.33159152101595 0.013077974319458008 0.12292075157165527 0.5714285714285715 1.0
0 1 118.74668494067365 0.034951210021972656 0.15787196159362793 0.7499999999999999 1.0
0 1 103.42999026917344 0.021871089935302734 0.17974305152893066 0.7499999999999999 1.0
0 1 90.08893926113359 0.016971111297607422 0.19671416282653809 0.7499999999999999 1.0
0 1 78.46870096453189 0.014475107192993164 0.21118927001953125 0.7499999999999999 1.0
0 1 68.34731412713553 0.012666940689086914 0.22385621070861816 0.7499999999999999 1.0
0 1 59.53144745577994 0.012480020523071289 0.23633623123168945 0.6666666666666665 1.0
0 1 51.85270674408604 0.019084930419921875 0.25542116165161133 0.7272727272727272 1.0
0 1 45.16441833008278 0.01638317108154297 0.2718043327331543 0.7272727272727272 1.0
0 1 39.33882744370648 0.01884317398071289 0.2906475067138672 0.6153846153846154 1.0
0 1 34.26465792907022 0.030255794525146484 0.32090330123901367 0.47058823529411764 1.0
0 1 29.84498672911064 0.03870415687561035 0.359607458114624 0.3636363636363636 1.0
0 1 25.99539253258091 0.05041098594665527 0.4100184440612793 0.3076923076923077 1.0
0 1 22.642343220204207 0.13982605934143066 0.54984450340271 0.26666666666666666 1.0
0 1 19.721791308170232 0.1616508960723877 0.7114953994750977 0.27586206896551724 1.0
0 1 17.177950560167822 0.30030298233032227 1.01179838180542 0.26666666666666666 1.0
0 1 14.962230399696251 0.22765684127807617 1.239455223083496 0.24242424242424243 1.0
0 1 13.03230776858211 0.2126750946044922 1.4521303176879883 0.2222222222222222 1.0
0 1 11.351318703025308 0.20837187767028809 1.6605021953582764 0.2222222222222222 1.0
0 1 9.887154185253786 0.17503595352172852 1.8355381488800049 0.21621621621621623 1.0
0 1 8.611846820663045 0.1666417121887207 2.0021798610687256 0.20512820512820512 1.0
0 1 7.501036625197576 0.1925818920135498 2.1947617530822754 0.19999999999999998 1.0
0 1 6.53350571883761 0.16092991828918457 2.35569167137146 0.20512820512820512 1.0
0 1 5.69077303724795 0.21654796600341797 2.572239637374878 0.18604651162790697 1.0
0 1 4.956741320068812 0.17261314392089844 2.7448527812957764 0.1777777777777778 1.0
0 1 4.317389632878279 0.22701525688171387 2.9718680381774902 0.16666666666666666 1.0
0 1 3.7605055496069455 2.0092649459838867 4.981132984161377 0.1702127659574468 1.0
0 1 3.2754518797500736 0.41378116607666016 5.394914150238037 0.1702127659574468 1.0
0 1 2.8529634845718124 0.22304582595825195 5.617959976196289 0.16666666666666666 1.0
0 1 2.4849703012340436 0.1803140640258789 5.798274040222168 0.163265306122449 1.0
0 1 2.1644431943866964 0.2937469482421875 6.0920209884643555 0.163265306122449 1.0
0 1 1.8852596907900219 0.1691150665283203 6.261136054992676 0.163265306122449 1.0
0 1 1.6420870323301746 0.15705609321594238 6.418192148208618 0.163265306122449 1.0
0 1 1.4302803135927475 0.14675092697143555 6.564943075180054 0.163265306122449 1.0
0 1 1.2457937582930971 0.13706588745117188 6.702008962631226 0.163265306122449 1.0
0 1 1.0851034398309916 0.5093929767608643 7.21140193939209 0.1568627450980392 1.0
0 1 0.945139969834425 0.43596482276916504 7.647366762161255 0.1568627450980392 1.0
0 1 0.823229868958621 0.5629057884216309 8.210272550582886 0.1568627450980392 1.0
0 1 0.7170445000483404 0.9981110095977783 9.208383560180664 0.15384615384615383 1.0
0 1 0.624555588222246 0.9959008693695068 10.204284429550171 0.1509433962264151 1.0
0 1 0.5439964782567033 0.7143738269805908 10.918658256530762 0.1509433962264151 1.0
0 1 0.4738283892360109 0.633533239364624 11.552191495895386 0.1509433962264151 1.0
0 1 0.4127110218901976 0.644536018371582 12.196727514266968 0.1481481481481481 1.0
0 1 0.3594769571833539 0.6143758296966553 12.811103343963623 0.1481481481481481 1.0
0 0.1 130.20161032759302 0.0011780261993408203 12.812281370162964 0.0 1.0
0 0.1 113.40738729625762 0.0011928081512451172 12.813474178314209 0.0 1.0
0 0.1 98.77938883400856 0.0015900135040283203 12.815064191818237 0.0 1.0
0 0.1 86.03820166433057 0.001222848892211914 12.81628704071045 0.0 1.0
0 0.1 74.9404529934022 0.0011789798736572266 12.817466020584106 0.0 1.0
0 0.1 65.27416178184274 0.0011658668518066406 12.818631887435913 0.0 1.0
0 0.1 56.854689638682785 0.001291036605834961 12.819922924041748 0.0 1.0
0 0.1 49.52121399451067 0.0012540817260742188 12.821177005767822 0.0 1.0
0 0.1 43.13365618693992 0.0011930465698242188 12.822370052337646 0.0 1.0
0 0.1 37.570005780944214 0.0012259483337402344 12.823596000671387 0.0 1.0
0 0.1 32.7239900151928 0.0012311935424804688 12.824827194213867 0.0 1.0
0 0.1 28.503043857863506 0.0012259483337402344 12.826053142547607 0.0 1.0
0 0.1 24.826541897430772 0.017857074737548828 12.843910217285156 0.5714285714285715 1.0
0 0.1 21.624258295306348 0.007797956466674805 12.851708173751831 0.5714285714285715 1.0
0 0.1 18.835025383479486 0.006636142730712891 12.858344316482544 0.5714285714285715 1.0
0 0.1 16.405565284674683 0.0062389373779296875 12.864583253860474 0.5714285714285715 1.0
0 0.1 14.289472237493916 0.006192207336425781 12.8707754611969 0.5714285714285715 1.0
0 0.1 12.446326187665905 0.006395101547241211 12.87717056274414 0.5714285714285715 1.0
0 0.1 10.840920713874212 0.014045953750610352 12.891216516494751 0.7499999999999999 1.0
0 0.1 9.44259054057033 0.007589817047119141 12.89880633354187 0.7499999999999999 1.0
0 0.1 8.224625792416147 0.006439924240112305 12.905246257781982 0.7499999999999999 1.0
0 0.1 7.163761801874259 0.006299018859863281 12.911545276641846 0.7499999999999999 1.0
0 0.1 6.239734724625884 0.006597995758056641 12.918143272399902 0.7499999999999999 1.0
0 0.1 5.43489447450858 0.0375208854675293 12.955664157867432 0.7272727272727272 1.0
0 0.1 4.733867584541418 0.014535903930664062 12.970200061798096 0.7272727272727272 1.0
0 0.1 4.123263554256632 0.014225244522094727 12.98442530632019 0.7272727272727272 1.0
0 0.1 3.591419074200402 0.0690150260925293 13.05344033241272 0.5714285714285714 1.0
0 0.1 3.128175241967003 0.15541696548461914 13.208857297897339 0.4444444444444444 1.0
0 0.1 2.7246835143108377 0.06519103050231934 13.274048328399658 0.4210526315789473 1.0
0 0.1 2.373236688776134 0.09653496742248535 13.370583295822144 0.38095238095238093 1.0
0 0.1 2.0671216863796724 0.5767719745635986 13.947355270385742 0.3333333333333333 1.0
0 0.1 1.8004913233094775 0.6103901863098145 14.557745456695557 0.32000000000000006 1.0
0 0.1 1.5682526223167341 0.6514770984649658 15.209222555160522 0.2857142857142857 1.0
0 0.1 1.3659695304072161 0.484097957611084 15.693320512771606 0.27586206896551724 1.0
0 0.1 1.1897781846170337 0.35039424896240234 16.04371476173401 0.25806451612903225 1.0
0 0.1 1.036313107341863 0.1093590259552002 16.15307378768921 0.25806451612903225 1.0
0 0.1 0.9026429214570189 0.23966312408447266 16.39273691177368 0.24242424242424243 1.0
0 0.1 0.786214357305898 0.2294771671295166 16.6222140789032 0.2352941176470588 1.0
0 0.1 0.6848034820193963 0.08156204223632812 16.703776121139526 0.2352941176470588 1.0
0 0.1 0.5964732195846044 0.7292232513427734 17.4329993724823 0.2285714285714286 1.0
0 0.1 0.5195363502423698 0.7723188400268555 18.205318212509155 0.2222222222222222 1.0
0 0.1 0.4525232824553942 2.730210065841675 20.93552827835083 0.19999999999999998 1.0
0 0.1 0.3941539818506903 0.39453911781311035 21.33006739616394 0.19999999999999998 1.0
0 0.1 0.34331352094368267 0.6482670307159424 21.978334426879883 0.19512195121951217 1.0
0 0.1 0.2990307826127625 0.8142549991607666 22.79258942604065 0.19047619047619047 1.0
0 0.1 0.2604599105337001 1.2998499870300293 24.09243941307068 0.18181818181818182 1.0
0 0.1 0.22686415225376097 0.4657468795776367 24.558186292648315 0.18181818181818182 1.0
0 0.1 0.19760178628779224 0.21863079071044922 24.776817083358765 0.18181818181818182 1.0
0 0.1 0.17211386442601356 0.14383697509765625 24.92065405845642 0.18181818181818182 1.0
0 0.1 0.14991353511608546 2.5739729404449463 27.494626998901367 0.1739130434782609 1.0
0 0.01 28.211963230963963 0.0012230873107910156 27.495850086212158 0.0 1.0
0 0.01 24.573006681497752 0.001180887222290039 27.49703097343445 0.0 1.0
0 0.01 21.403425646968028 0.0011720657348632812 27.49820303916931 0.0 1.0
0 0.01 18.642677119777133 0.0012471675872802734 27.499450206756592 0.0 1.0
0 0.01 16.238027310431736 0.0012769699096679688 27.50072717666626 0.0 1.0
0 0.01 14.143544365449966 0.0011830329895019531 27.50191020965576 0.0 1.0
0 0.01 12.319221010851523 0.0011830329895019531 27.503093242645264 0.0 1.0
0 0.01 10.730210362611421 0.001191854476928711 27.504285097122192 0.0 1.0
0 0.01 9.346160307090315 0.001171112060546875 27.50545620918274 0.0 1.0
0 0.01 8.140633737265514 0.0012059211730957031 27.506662130355835 0.0 1.0
0 0.01 7.090603570541246 0.0011730194091796875 27.507835149765015 0.0 1.0
0 0.01 6.176012902339531 0.001168966293334961 27.50900411605835 0.0 1.0
0 0.01 5.379391893848717 0.0011782646179199219 27.51018238067627 0.0 1.0
0 0.01 4.685524076001097 0.0012731552124023438 27.511455535888672 0.0 1.0
0 0.01 4.081155695663349 0.0011980533599853516 27.512653589248657 0.0 1.0
0 0.01 3.554742552184356 0.0011970996856689453 27.513850688934326 0.0 1.0
0 0.01 3.09622948855821 0.0011730194091796875 27.515023708343506 0.0 1.0
0 0.01 2.6968583252045994 0.0012590885162353516 27.51628279685974 0.0 1.0
0 0.01 2.349000567658869 0.012497186660766602 27.528779983520508 0.5714285714285715 1.0
0 0.01 2.046011692676912 0.0037581920623779297 27.532538175582886 0.5714285714285715 1.0
0 0.01 1.7821042294352372 0.003779172897338867 27.536317348480225 0.5714285714285715 1.0
0 0.01 1.5522372115164986 0.0038750171661376953 27.540192365646362 0.5714285714285715 1.0
0 0.01 1.3520198880735976 0.0036919116973876953 27.54388427734375 0.5714285714285715 1.0
0 0.01 1.1776278549337647 0.003850698471069336 27.54773497581482 0.5714285714285715 1.0
0 0.01 1.0257300036406054 0.01212310791015625 27.559858083724976 0.7499999999999999 1.0
0 0.01 0.8934248930683893 0.003940105438232422 27.563798189163208 0.7499999999999999 1.0
0 0.01 0.7781853282259436 0.0025162696838378906 27.566314458847046 0.7499999999999999 1.0
0 0.01 0.6778100876351608 0.00273895263671875 27.569053411483765 0.7499999999999999 1.0
0 0.01 0.590381877216004 0.0026280879974365234 27.5716814994812 0.7499999999999999 1.0
0 0.01 0.5142307075440048 0.02040696144104004 27.59208846092224 0.7272727272727272 1.0
0 0.01 0.44790199493955546 0.004268169403076172 27.596356630325317 0.7272727272727272 1.0
0 0.01 0.39012877707943217 0.04946112632751465 27.645817756652832 0.5000000000000001 1.0
0 0.01 0.33980751241358653 0.0562131404876709 27.702030897140503 0.4 1.0
0 0.01 0.2959770011254507 0.015414953231811523 27.717445850372314 0.4 1.0
0 0.01 0.2578000249994245 0.014811277389526367 27.73225712776184 0.4 1.0
0 0.01 0.22454735549379537 0.07791805267333984 27.81017518043518 0.3076923076923077 1.0
0 0.01 0.19558382455304058 0.017905235290527344 27.828080415725708 0.3076923076923077 1.0
0 0.01 0.1703561920944177 0.19638705253601074 28.02446746826172 0.26666666666666666 1.0
0 0.01 0.14838257842248037 0.07687592506408691 28.101343393325806 0.25806451612903225 1.0
0 0.01 0.12924325971726744 0.025768041610717773 28.127111434936523 0.25806451612903225 1.0
0 0.01 0.1125726507783501 0.0764458179473877 28.20355725288391 0.25 1.0
0 0.01 0.09805232188500161 0.07678389549255371 28.280341148376465 0.24242424242424243 1.0
0 0.01 0.08540491638568569 0.10078620910644531 28.38112735748291 0.2352941176470588 1.0
0 0.01 0.07438885283512764 0.026659727096557617 28.407787084579468 0.2352941176470588 1.0
0 0.01 0.06479371048308594 0.09422993659973145 28.5020170211792 0.2285714285714286 1.0
0 0.01 0.056436209971818335 0.2563650608062744 28.758382081985474 0.21621621621621623 1.0
0 0.01 0.049156712468482675 0.05161619186401367 28.809998273849487 0.21621621621621623 1.0
0 0.01 0.0428161703614703 0.22745609283447266 29.03745436668396 0.20512820512820512 1.0
0 0.01 0.03729347127511503 0.04955005645751953 29.08700442314148 0.20512820512820512 1.0
0 0.01 0.032483124670098805 0.044921875 29.13192629814148 0.20512820512820512 1.0
