[216.40736058 188.4937774  164.18066384 143.00360867 124.55810333
 108.49181534  94.49785828  82.30892987  71.69220614  62.44489425
  54.39035884  47.37474809  41.26405496  35.94155748  31.30558923
  27.26759733  23.75045104  20.68696841  18.01863304  15.69447636
  13.67010404  11.906848    10.37102782   9.03330739   7.86813455
   6.85325305   5.96927734   5.19932239   4.52868107   3.94454329
   3.43575127   2.99258645   2.60658382   2.27037024   1.9775236
   1.72245016   1.5002777    1.30676244   1.138208     0.99139477
   0.86351843   0.75213639   0.65512111   0.57061946   0.49701737
   0.43290895   0.37706963   0.32843281   0.28606948   0.24917044]0 1 312.2098259152708 0.0006451606750488281 0.0006451606750488281 0.0 1.0
0 1 271.93903789811014 0.0006480216979980469 0.001293182373046875 0.0 1.0
0 1 236.8626295349813 0.009263277053833008 0.010556459426879883 0.33333333333333337 1.0
0 1 206.31059705097118 0.00969696044921875 0.020253419876098633 0.5714285714285715 1.0
0 1 179.69935797424765 0.00589299201965332 0.026146411895751953 0.5714285714285715 1.0
0 1 156.52060397255676 0.004820108413696289 0.030966520309448242 0.5714285714285715 1.0
0 1 136.33159152101595 0.004656076431274414 0.035622596740722656 0.5714285714285715 1.0
0 1 118.74668494067365 0.011664152145385742 0.0472867488861084 0.7499999999999999 1.0
0 1 103.42999026917344 0.00735020637512207 0.05463695526123047 0.7499999999999999 1.0
0 1 90.08893926113359 0.006143093109130859 0.06078004837036133 0.7499999999999999 1.0
0 1 78.46870096453189 0.005726337432861328 0.06650638580322266 0.7499999999999999 1.0
0 1 68.34731412713553 0.005692958831787109 0.07219934463500977 0.7499999999999999 1.0
0 1 59.53144745577994 0.00616002082824707 0.07835936546325684 0.6666666666666665 1.0
0 1 51.85270674408604 0.011738300323486328 0.09009766578674316 0.7272727272727272 1.0
0 1 45.16441833008278 0.011891841888427734 0.1019895076751709 0.7272727272727272 1.0
0 1 39.33882744370648 0.014924049377441406 0.1169135570526123 0.6153846153846154 1.0
0 1 34.26465792907022 0.022019147872924805 0.1389327049255371 0.47058823529411764 1.0
0 1 29.84498672911064 0.03060007095336914 0.16953277587890625 0.3636363636363636 1.0
0 1 25.99539253258091 0.04168415069580078 0.21121692657470703 0.3076923076923077 1.0
0 1 22.642343220204207 0.11812901496887207 0.3293459415435791 0.26666666666666666 1.0
0 1 19.721791308170232 0.14006710052490234 0.46941304206848145 0.27586206896551724 1.0
0 1 17.177950560167822 0.28075289726257324 0.7501659393310547 0.26666666666666666 1.0
0 1 14.962230399696251 0.20459508895874023 0.9547610282897949 0.24242424242424243 1.0
0 1 13.03230776858211 0.19916391372680664 1.1539249420166016 0.2222222222222222 1.0
0 1 11.351318703025308 0.19829607009887695 1.3522210121154785 0.2222222222222222 1.0
0 1 9.887154185253786 0.16074609756469727 1.5129671096801758 0.21621621621621623 1.0
0 1 8.611846820663045 0.1557769775390625 1.6687440872192383 0.20512820512820512 1.0
0 1 7.501036625197576 0.18617606163024902 1.8549201488494873 0.19999999999999998 1.0
0 1 6.53350571883761 0.15561509132385254 2.01053524017334 0.20512820512820512 1.0
0 1 5.69077303724795 0.20837616920471191 2.2189114093780518 0.18604651162790697 1.0
0 1 4.956741320068812 0.16908693313598633 2.387998342514038 0.1777777777777778 1.0
0 1 4.317389632878279 0.22261881828308105 2.610617160797119 0.16666666666666666 1.0
0 1 3.7605055496069455 1.984971046447754 4.595588207244873 0.1702127659574468 1.0
0 1 3.2754518797500736 0.40832090377807617 5.003909111022949 0.1702127659574468 1.0
0 1 2.8529634845718124 0.22129034996032715 5.225199460983276 0.16666666666666666 1.0
0 1 2.4849703012340436 0.18018507957458496 5.405384540557861 0.163265306122449 1.0
0 1 2.1644431943866964 0.2885260581970215 5.693910598754883 0.163265306122449 1.0
0 1 1.8852596907900219 0.16525983810424805 5.859170436859131 0.163265306122449 1.0
0 1 1.6420870323301746 0.15269804000854492 6.011868476867676 0.163265306122449 1.0
0 1 1.4302803135927475 0.1439507007598877 6.1558191776275635 0.163265306122449 1.0
0 1 1.2457937582930971 0.13397502899169922 6.289794206619263 0.163265306122449 1.0
0 1 1.0851034398309916 0.49053001403808594 6.780324220657349 0.1568627450980392 1.0
0 1 0.945139969834425 0.42589497566223145 7.20621919631958 0.1568627450980392 1.0
0 1 0.823229868958621 0.5540390014648438 7.760258197784424 0.1568627450980392 1.0
0 1 0.7170445000483404 0.9821739196777344 8.742432117462158 0.15384615384615383 1.0
0 1 0.624555588222246 0.9798369407653809 9.722269058227539 0.1509433962264151 1.0
0 1 0.5439964782567033 0.7156550884246826 10.437924146652222 0.1509433962264151 1.0
0 1 0.4738283892360109 0.6321792602539062 11.070103406906128 0.1509433962264151 1.0
0 1 0.4127110218901976 0.6469740867614746 11.717077493667603 0.1481481481481481 1.0
0 1 0.3594769571833539 0.6129050254821777 12.32998251914978 0.1481481481481481 1.0
0 0.1 130.20161032759302 0.0006449222564697266 12.33062744140625 0.0 1.0
0 0.1 113.40738729625762 0.0006432533264160156 12.331270694732666 0.0 1.0
0 0.1 98.77938883400856 0.0006279945373535156 12.33189868927002 0.0 1.0
0 0.1 86.03820166433057 0.0006299018859863281 12.332528591156006 0.0 1.0
0 0.1 74.9404529934022 0.0006530284881591797 12.333181619644165 0.0 1.0
0 0.1 65.27416178184274 0.0006539821624755859 12.33383560180664 0.0 1.0
0 0.1 56.854689638682785 0.00066375732421875 12.33449935913086 0.0 1.0
0 0.1 49.52121399451067 0.0006389617919921875 12.335138320922852 0.0 1.0
0 0.1 43.13365618693992 0.0006420612335205078 12.335780382156372 0.0 1.0
0 0.1 37.570005780944214 0.0006461143493652344 12.336426496505737 0.0 1.0
0 0.1 32.7239900151928 0.0006759166717529297 12.33710241317749 0.0 1.0
0 0.1 28.503043857863506 0.0006630420684814453 12.337765455245972 0.0 1.0
0 0.1 24.826541897430772 0.010135889053344727 12.347901344299316 0.5714285714285715 1.0
0 0.1 21.624258295306348 0.002244234085083008 12.3501455783844 0.5714285714285715 1.0
0 0.1 18.835025383479486 0.002006053924560547 12.35215163230896 0.5714285714285715 1.0
0 0.1 16.405565284674683 0.0021638870239257812 12.354315519332886 0.5714285714285715 1.0
0 0.1 14.289472237493916 0.002071857452392578 12.356387376785278 0.5714285714285715 1.0
0 0.1 12.446326187665905 0.0023369789123535156 12.358724355697632 0.5714285714285715 1.0
0 0.1 10.840920713874212 0.008176803588867188 12.366901159286499 0.7499999999999999 1.0
0 0.1 9.44259054057033 0.002669095993041992 12.369570255279541 0.7499999999999999 1.0
0 0.1 8.224625792416147 0.0028638839721679688 12.372434139251709 0.7499999999999999 1.0
0 0.1 7.163761801874259 0.003156900405883789 12.375591039657593 0.7499999999999999 1.0
0 0.1 6.239734724625884 0.003143310546875 12.378734350204468 0.7499999999999999 1.0
0 0.1 5.43489447450858 0.02910780906677246 12.40784215927124 0.7272727272727272 1.0
0 0.1 4.733867584541418 0.008049249649047852 12.415891408920288 0.7272727272727272 1.0
0 0.1 4.123263554256632 0.008838891983032227 12.42473030090332 0.7272727272727272 1.0
0 0.1 3.591419074200402 0.058126211166381836 12.482856512069702 0.5714285714285714 1.0
0 0.1 3.128175241967003 0.14501380920410156 12.627870321273804 0.4444444444444444 1.0
0 0.1 2.7246835143108377 0.05283308029174805 12.680703401565552 0.4210526315789473 1.0
0 0.1 2.373236688776134 0.08890819549560547 12.769611597061157 0.38095238095238093 1.0
0 0.1 2.0671216863796724 0.37964296340942383 13.149254560470581 0.3333333333333333 1.0
0 0.1 1.8004913233094775 0.5183069705963135 13.667561531066895 0.32000000000000006 1.0
0 0.1 1.5682526223167341 0.5862970352172852 14.25385856628418 0.2857142857142857 1.0
0 0.1 1.3659695304072161 0.44711804389953613 14.700976610183716 0.27586206896551724 1.0
0 0.1 1.1897781846170337 0.299670934677124 15.00064754486084 0.25806451612903225 1.0
0 0.1 1.036313107341863 0.09213900566101074 15.09278655052185 0.25806451612903225 1.0
0 0.1 0.9026429214570189 0.2139580249786377 15.306744575500488 0.24242424242424243 1.0
0 0.1 0.786214357305898 0.21552681922912598 15.522271394729614 0.2352941176470588 1.0
0 0.1 0.6848034820193963 0.0731058120727539 15.595377206802368 0.2352941176470588 1.0
0 0.1 0.5964732195846044 0.7053911685943604 16.30076837539673 0.2285714285714286 1.0
0 0.1 0.5195363502423698 0.7326939105987549 17.033462285995483 0.2222222222222222 1.0
0 0.1 0.4525232824553942 2.6623921394348145 19.695854425430298 0.19999999999999998 1.0
0 0.1 0.3941539818506903 0.3744039535522461 20.070258378982544 0.19999999999999998 1.0
0 0.1 0.34331352094368267 0.6033449172973633 20.673603296279907 0.19512195121951217 1.0
0 0.1 0.2990307826127625 0.7918059825897217 21.46540927886963 0.19047619047619047 1.0
0 0.1 0.2604599105337001 1.2279162406921387 22.693325519561768 0.18181818181818182 1.0
0 0.1 0.22686415225376097 0.4361228942871094 23.129448413848877 0.18181818181818182 1.0
0 0.1 0.19760178628779224 0.2020871639251709 23.331535577774048 0.18181818181818182 1.0
0 0.1 0.17211386442601356 0.13365674018859863 23.465192317962646 0.18181818181818182 1.0
0 0.1 0.14991353511608546 2.445470094680786 25.910662412643433 0.1739130434782609 1.0
0 0.01 28.211963230963963 0.0006878376007080078 25.91135025024414 0.0 1.0
0 0.01 24.573006681497752 0.0006501674652099609 25.91200041770935 0.0 1.0
0 0.01 21.403425646968028 0.0006301403045654297 25.912630558013916 0.0 1.0
0 0.01 18.642677119777133 0.0006411075592041016 25.91327166557312 0.0 1.0
0 0.01 16.238027310431736 0.000659942626953125 25.913931608200073 0.0 1.0
0 0.01 14.143544365449966 0.0006651878356933594 25.914596796035767 0.0 1.0
0 0.01 12.319221010851523 0.0006551742553710938 25.915251970291138 0.0 1.0
0 0.01 10.730210362611421 0.0006389617919921875 25.91589093208313 0.0 1.0
0 0.01 9.346160307090315 0.0006470680236816406 25.91653800010681 0.0 1.0
0 0.01 8.140633737265514 0.0006859302520751953 25.917223930358887 0.0 1.0
0 0.01 7.090603570541246 0.0006549358367919922 25.91787886619568 0.0 1.0
0 0.01 6.176012902339531 0.0006399154663085938 25.918518781661987 0.0 1.0
0 0.01 5.379391893848717 0.0006918907165527344 25.91921067237854 0.0 1.0
0 0.01 4.685524076001097 0.0006690025329589844 25.9198796749115 0.0 1.0
0 0.01 4.081155695663349 0.0008211135864257812 25.920700788497925 0.0 1.0
0 0.01 3.554742552184356 0.0006539821624755859 25.9213547706604 0.0 1.0
0 0.01 3.09622948855821 0.0006546974182128906 25.922009468078613 0.0 1.0
0 0.01 2.6968583252045994 0.0006401538848876953 25.9226496219635 0.0 1.0
0 0.01 2.349000567658869 0.016204118728637695 25.93885374069214 0.5714285714285715 1.0
0 0.01 2.046011692676912 0.0014269351959228516 25.94028067588806 0.5714285714285715 1.0
0 0.01 1.7821042294352372 0.0012900829315185547 25.94157075881958 0.5714285714285715 1.0
0 0.01 1.5522372115164986 0.0014011859893798828 25.94297194480896 0.5714285714285715 1.0
0 0.01 1.3520198880735976 0.0014910697937011719 25.94446301460266 0.5714285714285715 1.0
0 0.01 1.1776278549337647 0.0016739368438720703 25.946136951446533 0.5714285714285715 1.0
0 0.01 1.0257300036406054 0.0055999755859375 25.95173692703247 0.7499999999999999 1.0
0 0.01 0.8934248930683893 0.00179290771484375 25.953529834747314 0.7499999999999999 1.0
0 0.01 0.7781853282259436 0.0010607242584228516 25.954590559005737 0.7499999999999999 1.0
0 0.01 0.6778100876351608 0.0011599063873291016 25.955750465393066 0.7499999999999999 1.0
0 0.01 0.590381877216004 0.001361846923828125 25.957112312316895 0.7499999999999999 1.0
0 0.01 0.5142307075440048 0.013190984725952148 25.970303297042847 0.7272727272727272 1.0
0 0.01 0.44790199493955546 0.0031731128692626953 25.97347640991211 0.7272727272727272 1.0
0 0.01 0.39012877707943217 0.04224586486816406 26.015722274780273 0.5000000000000001 1.0
0 0.01 0.33980751241358653 0.0476689338684082 26.06339120864868 0.4 1.0
0 0.01 0.2959770011254507 0.009637117385864258 26.073028326034546 0.4 1.0
0 0.01 0.2578000249994245 0.010423898696899414 26.083452224731445 0.4 1.0
0 0.01 0.22454735549379537 0.06920599937438965 26.152658224105835 0.3076923076923077 1.0
0 0.01 0.19558382455304058 0.013384342193603516 26.16604256629944 0.3076923076923077 1.0
0 0.01 0.1703561920944177 0.19002985954284668 26.356072425842285 0.26666666666666666 1.0
0 0.01 0.14838257842248037 0.06400179862976074 26.420074224472046 0.25806451612903225 1.0
0 0.01 0.12924325971726744 0.020123720169067383 26.440197944641113 0.25806451612903225 1.0
0 0.01 0.1125726507783501 0.06558585166931152 26.505783796310425 0.25 1.0
0 0.01 0.09805232188500161 0.06695699691772461 26.57274079322815 0.24242424242424243 1.0
0 0.01 0.08540491638568569 0.0906369686126709 26.66337776184082 0.2352941176470588 1.0
0 0.01 0.07438885283512764 0.020679235458374023 26.684056997299194 0.2352941176470588 1.0
0 0.01 0.06479371048308594 0.08624601364135742 26.77030301094055 0.2285714285714286 1.0
0 0.01 0.056436209971818335 0.23760509490966797 27.00790810585022 0.21621621621621623 1.0
0 0.01 0.049156712468482675 0.0395810604095459 27.047489166259766 0.21621621621621623 1.0
0 0.01 0.0428161703614703 0.20469403266906738 27.252183198928833 0.20512820512820512 1.0
0 0.01 0.03729347127511503 0.03548312187194824 27.28766632080078 0.20512820512820512 1.0
0 0.01 0.032483124670098805 0.031804800033569336 27.31947112083435 0.20512820512820512 1.0
