[216.40736058 188.4937774  164.18066384 143.00360867 124.55810333
 108.49181534  94.49785828  82.30892987  71.69220614  62.44489425
  54.39035884  47.37474809  41.26405496  35.94155748  31.30558923
  27.26759733  23.75045104  20.68696841  18.01863304  15.69447636
  13.67010404  11.906848    10.37102782   9.03330739   7.86813455
   6.85325305   5.96927734   5.19932239   4.52868107   3.94454329
   3.43575127   2.99258645   2.60658382   2.27037024   1.9775236
   1.72245016   1.5002777    1.30676244   1.138208     0.99139477
   0.86351843   0.75213639   0.65512111   0.57061946   0.49701737
   0.43290895   0.37706963   0.32843281   0.28606948   0.24917044]0 1 312.2098259152708 0.0006649494171142578 0.0006649494171142578 0.0 1.0
0 1 271.93903789811014 0.0013501644134521484 0.0020151138305664062 0.0 1.0
0 1 236.8626295349813 0.00682377815246582 0.008838891983032227 0.33333333333333337 1.0
0 1 206.31059705097118 0.008047103881835938 0.016885995864868164 0.5714285714285715 1.0
0 1 179.69935797424765 0.00638580322265625 0.023271799087524414 0.5714285714285715 1.0
0 1 156.52060397255676 0.006447792053222656 0.02971959114074707 0.5714285714285715 1.0
0 1 136.33159152101595 0.009937047958374023 0.039656639099121094 0.5714285714285715 1.0
0 1 118.74668494067365 0.010903120040893555 0.05055975914001465 0.7499999999999999 1.0
0 1 103.42999026917344 0.006943225860595703 0.05750298500061035 0.7499999999999999 1.0
0 1 90.08893926113359 0.0052721500396728516 0.0627751350402832 0.7499999999999999 1.0
0 1 78.46870096453189 0.00462794303894043 0.06740307807922363 0.7499999999999999 1.0
0 1 68.34731412713553 0.005612850189208984 0.07301592826843262 0.7499999999999999 1.0
0 1 59.53144745577994 0.00580596923828125 0.07882189750671387 0.6666666666666665 1.0
0 1 51.85270674408604 0.011559009552001953 0.09038090705871582 0.7272727272727272 1.0
0 1 45.16441833008278 0.010534048080444336 0.10091495513916016 0.7272727272727272 1.0
0 1 39.33882744370648 0.011512994766235352 0.11242794990539551 0.6153846153846154 1.0
0 1 34.26465792907022 0.017557382583618164 0.12998533248901367 0.47058823529411764 1.0
0 1 29.84498672911064 0.031575679779052734 0.1615610122680664 0.3636363636363636 1.0
0 1 25.99539253258091 0.035917043685913086 0.1974780559539795 0.3076923076923077 1.0
0 1 22.642343220204207 0.11262106895446777 0.31009912490844727 0.26666666666666666 1.0
0 1 19.721791308170232 0.16190576553344727 0.47200489044189453 0.27586206896551724 1.0
0 1 17.177950560167822 0.2581188678741455 0.73012375831604 0.26666666666666666 1.0
0 1 14.962230399696251 0.18868589401245117 0.9188096523284912 0.24242424242424243 1.0
0 1 13.03230776858211 0.18547725677490234 1.1042869091033936 0.2222222222222222 1.0
0 1 11.351318703025308 0.18501782417297363 1.2893047332763672 0.2222222222222222 1.0
0 1 9.887154185253786 0.13094782829284668 1.4202525615692139 0.21621621621621623 1.0
0 1 8.611846820663045 0.12960314750671387 1.5498557090759277 0.20512820512820512 1.0
0 1 7.501036625197576 0.1454920768737793 1.695347785949707 0.19999999999999998 1.0
0 1 6.53350571883761 0.12526369094848633 1.8206114768981934 0.20512820512820512 1.0
0 1 5.69077303724795 0.17075610160827637 1.9913675785064697 0.18604651162790697 1.0
0 1 4.956741320068812 0.12335801124572754 2.1147255897521973 0.1777777777777778 1.0
0 1 4.317389632878279 0.1702437400817871 2.2849693298339844 0.1702127659574468 1.0
0 1 3.7605055496069455 1.7059776782989502 3.9909470081329346 0.1702127659574468 1.0
0 1 3.2754518797500736 0.36000704765319824 4.350954055786133 0.1702127659574468 1.0
0 1 2.8529634845718124 0.13544082641601562 4.486394882202148 0.16666666666666666 1.0
0 1 2.4849703012340436 0.1341700553894043 4.620564937591553 0.163265306122449 1.0
0 1 2.1644431943866964 0.2393949031829834 4.859959840774536 0.163265306122449 1.0
0 1 1.8852596907900219 0.09866595268249512 4.958625793457031 0.163265306122449 1.0
0 1 1.6420870323301746 0.09685492515563965 5.055480718612671 0.163265306122449 1.0
0 1 1.4302803135927475 0.09723687171936035 5.152717590332031 0.163265306122449 1.0
0 1 1.2457937582930971 0.09470272064208984 5.247420310974121 0.163265306122449 1.0
0 1 1.0851034398309916 0.22874212265014648 5.476162433624268 0.1568627450980392 1.0
0 1 0.945139969834425 0.23536205291748047 5.711524486541748 0.1568627450980392 1.0
0 1 0.823229868958621 0.3857240676879883 6.097248554229736 0.1568627450980392 1.0
0 1 0.7170445000483404 0.7323770523071289 6.829625606536865 0.15384615384615383 1.0
0 1 0.624555588222246 0.4926939010620117 7.322319507598877 0.1509433962264151 1.0
0 1 0.5439964782567033 0.309157133102417 7.631476640701294 0.1509433962264151 1.0
0 1 0.4738283892360109 0.23599004745483398 7.867466688156128 0.1509433962264151 1.0
0 1 0.4127110218901976 0.23240971565246582 8.099876403808594 0.1481481481481481 1.0
0 1 0.3594769571833539 0.23408055305480957 8.333956956863403 0.1481481481481481 1.0
0 0.1 130.20161032759302 0.0006690025329589844 8.334625959396362 0.0 1.0
0 0.1 113.40738729625762 0.0006489753723144531 8.335274934768677 0.0 1.0
0 0.1 98.77938883400856 0.0007739067077636719 8.33604884147644 0.0 1.0
0 0.1 86.03820166433057 0.0007159709930419922 8.336764812469482 0.0 1.0
0 0.1 74.9404529934022 0.0006461143493652344 8.337410926818848 0.0 1.0
0 0.1 65.27416178184274 0.0006389617919921875 8.33804988861084 0.0 1.0
0 0.1 56.854689638682785 0.0006718635559082031 8.338721752166748 0.0 1.0
0 0.1 49.52121399451067 0.0006761550903320312 8.33939790725708 0.0 1.0
0 0.1 43.13365618693992 0.0006902217864990234 8.340088129043579 0.0 1.0
0 0.1 37.570005780944214 0.0007250308990478516 8.340813159942627 0.0 1.0
0 0.1 32.7239900151928 0.0006620883941650391 8.341475248336792 0.0 1.0
0 0.1 28.503043857863506 0.0006542205810546875 8.342129468917847 0.0 1.0
0 0.1 24.826541897430772 0.009695053100585938 8.351824522018433 0.5714285714285715 1.0
0 0.1 21.624258295306348 0.0017061233520507812 8.353530645370483 0.5714285714285715 1.0
0 0.1 18.835025383479486 0.0015218257904052734 8.355052471160889 0.5714285714285715 1.0
0 0.1 16.405565284674683 0.0014848709106445312 8.356537342071533 0.5714285714285715 1.0
0 0.1 14.289472237493916 0.001583099365234375 8.358120441436768 0.5714285714285715 1.0
0 0.1 12.446326187665905 0.0019009113311767578 8.360021352767944 0.5714285714285715 1.0
0 0.1 10.840920713874212 0.00754094123840332 8.367562294006348 0.7499999999999999 1.0
0 0.1 9.44259054057033 0.002257823944091797 8.36982011795044 0.7499999999999999 1.0
0 0.1 8.224625792416147 0.0023260116577148438 8.372146129608154 0.7499999999999999 1.0
0 0.1 7.163761801874259 0.002516031265258789 8.374662160873413 0.7499999999999999 1.0
0 0.1 6.239734724625884 0.002588033676147461 8.37725019454956 0.7499999999999999 1.0
0 0.1 5.43489447450858 0.025895118713378906 8.40314531326294 0.7272727272727272 1.0
0 0.1 4.733867584541418 0.006059169769287109 8.409204483032227 0.7272727272727272 1.0
0 0.1 4.123263554256632 0.006649017333984375 8.415853500366211 0.7272727272727272 1.0
0 0.1 3.591419074200402 0.05563688278198242 8.471490383148193 0.5714285714285714 1.0
0 0.1 3.128175241967003 0.14598393440246582 8.61747431755066 0.4444444444444444 1.0
0 0.1 2.7246835143108377 0.056912899017333984 8.674387216567993 0.4210526315789473 1.0
0 0.1 2.373236688776134 0.09165310859680176 8.766040325164795 0.38095238095238093 1.0
0 0.1 2.0671216863796724 0.24692201614379883 9.012962341308594 0.3333333333333333 1.0
0 0.1 1.8004913233094775 0.4758918285369873 9.488854169845581 0.32000000000000006 1.0
0 0.1 1.5682526223167341 0.5671730041503906 10.056027173995972 0.2857142857142857 1.0
0 0.1 1.3659695304072161 0.4344949722290039 10.490522146224976 0.27586206896551724 1.0
0 0.1 1.1897781846170337 0.26305580139160156 10.753577947616577 0.25806451612903225 1.0
0 0.1 1.036313107341863 0.07845211029052734 10.832030057907104 0.25806451612903225 1.0
0 0.1 0.9026429214570189 0.17244601249694824 11.004476070404053 0.24242424242424243 1.0
0 0.1 0.786214357305898 0.21833014488220215 11.222806215286255 0.2352941176470588 1.0
0 0.1 0.6848034820193963 0.06185126304626465 11.28465747833252 0.2352941176470588 1.0
0 0.1 0.5964732195846044 0.6725068092346191 11.957164287567139 0.2285714285714286 1.0
0 0.1 0.5195363502423698 0.7954349517822266 12.752599239349365 0.2222222222222222 1.0
0 0.1 0.4525232824553942 2.473723888397217 15.226323127746582 0.19999999999999998 1.0
0 0.1 0.3941539818506903 0.2962377071380615 15.522560834884644 0.19999999999999998 1.0
0 0.1 0.34331352094368267 0.4893350601196289 16.011895895004272 0.19512195121951217 1.0
0 0.1 0.2990307826127625 0.8186850547790527 16.830580949783325 0.19047619047619047 1.0
0 0.1 0.2604599105337001 0.8373932838439941 17.66797423362732 0.18604651162790697 1.0
0 0.1 0.22686415225376097 0.2468581199645996 17.91483235359192 0.18181818181818182 1.0
0 0.1 0.19760178628779224 0.1310281753540039 18.045860528945923 0.18181818181818182 1.0
0 0.1 0.17211386442601356 0.11476993560791016 18.160630464553833 0.18181818181818182 1.0
0 0.1 0.14991353511608546 1.6814448833465576 19.84207534790039 0.1739130434782609 1.0
0 0.01 28.211963230963963 0.0007879734039306641 19.84286332130432 0.0 1.0
0 0.01 24.573006681497752 0.0006508827209472656 19.84351420402527 0.0 1.0
0 0.01 21.403425646968028 0.0006310939788818359 19.84414529800415 0.0 1.0
0 0.01 18.642677119777133 0.0006749629974365234 19.844820261001587 0.0 1.0
0 0.01 16.238027310431736 0.0006401538848876953 19.845460414886475 0.0 1.0
0 0.01 14.143544365449966 0.0007259845733642578 19.84618639945984 0.0 1.0
0 0.01 12.319221010851523 0.0006582736968994141 19.84684467315674 0.0 1.0
0 0.01 10.730210362611421 0.0006349086761474609 19.847479581832886 0.0 1.0
0 0.01 9.346160307090315 0.00061798095703125 19.848097562789917 0.0 1.0
0 0.01 8.140633737265514 0.0006570816040039062 19.84875464439392 0.0 1.0
0 0.01 7.090603570541246 0.0008070468902587891 19.84956169128418 0.0 1.0
0 0.01 6.176012902339531 0.0007002353668212891 19.850261926651 0.0 1.0
0 0.01 5.379391893848717 0.0006511211395263672 19.850913047790527 0.0 1.0
0 0.01 4.685524076001097 0.0006589889526367188 19.851572036743164 0.0 1.0
0 0.01 4.081155695663349 0.0006392002105712891 19.852211236953735 0.0 1.0
0 0.01 3.554742552184356 0.0007150173187255859 19.85292625427246 0.0 1.0
0 0.01 3.09622948855821 0.0006518363952636719 19.853578090667725 0.0 1.0
0 0.01 2.6968583252045994 0.0007081031799316406 19.854286193847656 0.0 1.0
0 0.01 2.349000567658869 0.016364097595214844 19.87065029144287 0.5714285714285715 1.0
0 0.01 2.046011692676912 0.0010831356048583984 19.87173342704773 0.5714285714285715 1.0
0 0.01 1.7821042294352372 0.0012459754943847656 19.872979402542114 0.5714285714285715 1.0
0 0.01 1.5522372115164986 0.0008308887481689453 19.873810291290283 0.5714285714285715 1.0
0 0.01 1.3520198880735976 0.0008120536804199219 19.874622344970703 0.5714285714285715 1.0
0 0.01 1.1776278549337647 0.0008871555328369141 19.87550950050354 0.5714285714285715 1.0
0 0.01 1.0257300036406054 0.00538182258605957 19.8808913230896 0.7499999999999999 1.0
0 0.01 0.8934248930683893 0.0011370182037353516 19.882028341293335 0.7499999999999999 1.0
0 0.01 0.7781853282259436 0.001065969467163086 19.883094310760498 0.7499999999999999 1.0
0 0.01 0.6778100876351608 0.0008797645568847656 19.883974075317383 0.7499999999999999 1.0
0 0.01 0.590381877216004 0.0009467601776123047 19.884920835494995 0.7499999999999999 1.0
0 0.01 0.5142307075440048 0.012785196304321289 19.897706031799316 0.7272727272727272 1.0
0 0.01 0.44790199493955546 0.002012968063354492 19.89971899986267 0.7272727272727272 1.0
0 0.01 0.39012877707943217 0.042632102966308594 19.94235110282898 0.5000000000000001 1.0
0 0.01 0.33980751241358653 0.06267309188842773 20.005024194717407 0.4 1.0
0 0.01 0.2959770011254507 0.008279800415039062 20.013303995132446 0.4 1.0
0 0.01 0.2578000249994245 0.00836181640625 20.021665811538696 0.4 1.0
0 0.01 0.22454735549379537 0.0706171989440918 20.092283010482788 0.3076923076923077 1.0
0 0.01 0.19558382455304058 0.01178288459777832 20.104065895080566 0.3076923076923077 1.0
0 0.01 0.1703561920944177 0.19081997871398926 20.294885873794556 0.26666666666666666 1.0
0 0.01 0.14838257842248037 0.062127113342285156 20.35701298713684 0.25806451612903225 1.0
0 0.01 0.12924325971726744 0.01753973960876465 20.374552726745605 0.25806451612903225 1.0
0 0.01 0.1125726507783501 0.06346297264099121 20.438015699386597 0.25 1.0
0 0.01 0.09805232188500161 0.06458377838134766 20.502599477767944 0.24242424242424243 1.0
0 0.01 0.08540491638568569 0.08778810501098633 20.59038758277893 0.2352941176470588 1.0
0 0.01 0.07438885283512764 0.017894268035888672 20.60828185081482 0.2352941176470588 1.0
0 0.01 0.06479371048308594 0.08310985565185547 20.691391706466675 0.2285714285714286 1.0
0 0.01 0.056436209971818335 0.23859310150146484 20.92998480796814 0.21621621621621623 1.0
0 0.01 0.049156712468482675 0.032775163650512695 20.962759971618652 0.21621621621621623 1.0
0 0.01 0.0428161703614703 0.19345736503601074 21.156217336654663 0.20512820512820512 1.0
0 0.01 0.03729347127511503 0.029255151748657227 21.18547248840332 0.20512820512820512 1.0
0 0.01 0.032483124670098805 0.02865886688232422 21.214131355285645 0.20512820512820512 1.0
