[216.40736058 188.4937774  164.18066384 143.00360867 124.55810333
 108.49181534  94.49785828  82.30892987  71.69220614  62.44489425
  54.39035884  47.37474809  41.26405496  35.94155748  31.30558923
  27.26759733  23.75045104  20.68696841  18.01863304  15.69447636
  13.67010404  11.906848    10.37102782   9.03330739   7.86813455
   6.85325305   5.96927734   5.19932239   4.52868107   3.94454329
   3.43575127   2.99258645   2.60658382   2.27037024   1.9775236
   1.72245016   1.5002777    1.30676244   1.138208     0.99139477
   0.86351843   0.75213639   0.65512111   0.57061946   0.49701737
   0.43290895   0.37706963   0.32843281   0.28606948   0.24917044]0 1 312.2098259152708 0.000675201416015625 0.000675201416015625 0.0 1.0
0 1 271.93903789811014 0.0006990432739257812 0.0013742446899414062 0.0 1.0
0 1 236.8626295349813 0.007462978363037109 0.008837223052978516 0.33333333333333337 1.0
0 1 206.31059705097118 0.008401870727539062 0.017239093780517578 0.5714285714285715 1.0
0 1 179.69935797424765 0.004943132400512695 0.022182226181030273 0.5714285714285715 1.0
0 1 156.52060397255676 0.0038161277770996094 0.025998353958129883 0.5714285714285715 1.0
0 1 136.33159152101595 0.0034880638122558594 0.029486417770385742 0.5714285714285715 1.0
0 1 118.74668494067365 0.010177850723266602 0.039664268493652344 0.7499999999999999 1.0
0 1 103.42999026917344 0.006369829177856445 0.04603409767150879 0.7499999999999999 1.0
0 1 90.08893926113359 0.004953861236572266 0.050987958908081055 0.7499999999999999 1.0
0 1 78.46870096453189 0.004989147186279297 0.05597710609436035 0.7499999999999999 1.0
0 1 68.34731412713553 0.004930019378662109 0.06090712547302246 0.7499999999999999 1.0
0 1 59.53144745577994 0.005346775054931641 0.0662539005279541 0.6666666666666665 1.0
0 1 51.85270674408604 0.010162115097045898 0.076416015625 0.7272727272727272 1.0
0 1 45.16441833008278 0.010705232620239258 0.08712124824523926 0.7272727272727272 1.0
0 1 39.33882744370648 0.012799978256225586 0.09992122650146484 0.6153846153846154 1.0
0 1 34.26465792907022 0.020018815994262695 0.11994004249572754 0.47058823529411764 1.0
0 1 29.84498672911064 0.027273178100585938 0.14721322059631348 0.3636363636363636 1.0
0 1 25.99539253258091 0.03933596611022949 0.18654918670654297 0.3076923076923077 1.0
0 1 22.642343220204207 0.10395503044128418 0.29050421714782715 0.26666666666666666 1.0
0 1 19.721791308170232 0.1223287582397461 0.41283297538757324 0.27586206896551724 1.0
0 1 17.177950560167822 0.26944994926452637 0.6822829246520996 0.26666666666666666 1.0
0 1 14.962230399696251 0.19452500343322754 0.8768079280853271 0.24242424242424243 1.0
0 1 13.03230776858211 0.18725085258483887 1.064058780670166 0.2222222222222222 1.0
0 1 11.351318703025308 0.18102002143859863 1.2450788021087646 0.2222222222222222 1.0
0 1 9.887154185253786 0.14216923713684082 1.3872480392456055 0.21621621621621623 1.0
0 1 8.611846820663045 0.14239120483398438 1.5296392440795898 0.20512820512820512 1.0
0 1 7.501036625197576 0.16867399215698242 1.6983132362365723 0.19999999999999998 1.0
0 1 6.53350571883761 0.1420760154724121 1.8403892517089844 0.20512820512820512 1.0
0 1 5.69077303724795 0.1869981288909912 2.0273873805999756 0.18604651162790697 1.0
0 1 4.956741320068812 0.15543389320373535 2.182821273803711 0.1777777777777778 1.0
0 1 4.317389632878279 0.1965329647064209 2.379354238510132 0.1702127659574468 1.0
0 1 3.7605055496069455 1.9236781597137451 4.303032398223877 0.1702127659574468 1.0
0 1 3.2754518797500736 0.39617395401000977 4.699206352233887 0.1702127659574468 1.0
0 1 2.8529634845718124 0.21028995513916016 4.909496307373047 0.16666666666666666 1.0
0 1 2.4849703012340436 0.15494394302368164 5.0644402503967285 0.163265306122449 1.0
0 1 2.1644431943866964 0.2613539695739746 5.325794219970703 0.163265306122449 1.0
0 1 1.8852596907900219 0.14727497100830078 5.473069190979004 0.163265306122449 1.0
0 1 1.6420870323301746 0.133681058883667 5.606750249862671 0.163265306122449 1.0
0 1 1.4302803135927475 0.1212148666381836 5.7279651165008545 0.163265306122449 1.0
0 1 1.2457937582930971 0.11775994300842285 5.845725059509277 0.163265306122449 1.0
0 1 1.0851034398309916 0.40702390670776367 6.252748966217041 0.1568627450980392 1.0
0 1 0.945139969834425 0.3638439178466797 6.616592884063721 0.1568627450980392 1.0
0 1 0.823229868958621 0.49239110946655273 7.108983993530273 0.1568627450980392 1.0
0 1 0.7170445000483404 0.8096067905426025 7.918590784072876 0.15384615384615383 1.0
0 1 0.624555588222246 0.7605180740356445 8.67910885810852 0.1509433962264151 1.0
0 1 0.5439964782567033 0.5288729667663574 9.207981824874878 0.1509433962264151 1.0
0 1 0.4738283892360109 0.4539918899536133 9.661973714828491 0.1509433962264151 1.0
0 1 0.4127110218901976 0.4562840461730957 10.118257761001587 0.1481481481481481 1.0
0 1 0.3594769571833539 0.45713305473327637 10.575390815734863 0.1481481481481481 1.0
0 0.1 130.20161032759302 0.0006749629974365234 10.5760657787323 0.0 1.0
0 0.1 113.40738729625762 0.0006420612335205078 10.57670783996582 0.0 1.0
0 0.1 98.77938883400856 0.0006289482116699219 10.57733678817749 0.0 1.0
0 0.1 86.03820166433057 0.0006372928619384766 10.577974081039429 0.0 1.0
0 0.1 74.9404529934022 0.0006549358367919922 10.57862901687622 0.0 1.0
0 0.1 65.27416178184274 0.0006589889526367188 10.579288005828857 0.0 1.0
0 0.1 56.854689638682785 0.0006897449493408203 10.579977750778198 0.0 1.0
0 0.1 49.52121399451067 0.0006759166717529297 10.580653667449951 0.0 1.0
0 0.1 43.13365618693992 0.0007009506225585938 10.58135461807251 0.0 1.0
0 0.1 37.570005780944214 0.0006520748138427734 10.582006692886353 0.0 1.0
0 0.1 32.7239900151928 0.0006299018859863281 10.582636594772339 0.0 1.0
0 0.1 28.503043857863506 0.0006361007690429688 10.583272695541382 0.0 1.0
0 0.1 24.826541897430772 0.009928226470947266 10.593200922012329 0.5714285714285715 1.0
0 0.1 21.624258295306348 0.0018351078033447266 10.595036029815674 0.5714285714285715 1.0
0 0.1 18.835025383479486 0.0019500255584716797 10.596986055374146 0.5714285714285715 1.0
0 0.1 16.405565284674683 0.0017459392547607422 10.598731994628906 0.5714285714285715 1.0
0 0.1 14.289472237493916 0.0018341541290283203 10.600566148757935 0.5714285714285715 1.0
0 0.1 12.446326187665905 0.0016999244689941406 10.602266073226929 0.5714285714285715 1.0
0 0.1 10.840920713874212 0.007787942886352539 10.610054016113281 0.7499999999999999 1.0
0 0.1 9.44259054057033 0.0026428699493408203 10.612696886062622 0.7499999999999999 1.0
0 0.1 8.224625792416147 0.002643108367919922 10.615339994430542 0.7499999999999999 1.0
0 0.1 7.163761801874259 0.0028107166290283203 10.61815071105957 0.7499999999999999 1.0
0 0.1 6.239734724625884 0.0030469894409179688 10.621197700500488 0.7499999999999999 1.0
0 0.1 5.43489447450858 0.02733016014099121 10.64852786064148 0.7272727272727272 1.0
0 0.1 4.733867584541418 0.007119894027709961 10.65564775466919 0.7272727272727272 1.0
0 0.1 4.123263554256632 0.008191108703613281 10.663838863372803 0.7272727272727272 1.0
0 0.1 3.591419074200402 0.05887103080749512 10.722709894180298 0.5714285714285714 1.0
0 0.1 3.128175241967003 0.14718198776245117 10.869891881942749 0.4444444444444444 1.0
0 0.1 2.7246835143108377 0.051115989685058594 10.921007871627808 0.4210526315789473 1.0
0 0.1 2.373236688776134 0.08771324157714844 11.008721113204956 0.38095238095238093 1.0
0 0.1 2.0671216863796724 0.3251159191131592 11.333837032318115 0.3333333333333333 1.0
0 0.1 1.8004913233094775 0.4947681427001953 11.82860517501831 0.32000000000000006 1.0
0 0.1 1.5682526223167341 0.5723471641540527 12.400952339172363 0.2857142857142857 1.0
0 0.1 1.3659695304072161 0.4416787624359131 12.842631101608276 0.27586206896551724 1.0
0 0.1 1.1897781846170337 0.28485584259033203 13.127486944198608 0.25806451612903225 1.0
0 0.1 1.036313107341863 0.0873250961303711 13.21481204032898 0.25806451612903225 1.0
0 0.1 0.9026429214570189 0.19814491271972656 13.412956953048706 0.24242424242424243 1.0
0 0.1 0.786214357305898 0.2105720043182373 13.623528957366943 0.2352941176470588 1.0
0 0.1 0.6848034820193963 0.06731605529785156 13.690845012664795 0.2352941176470588 1.0
0 0.1 0.5964732195846044 0.6796269416809082 14.370471954345703 0.2285714285714286 1.0
0 0.1 0.5195363502423698 0.706146240234375 15.076618194580078 0.2222222222222222 1.0
0 0.1 0.4525232824553942 2.6539382934570312 17.73055648803711 0.19999999999999998 1.0
0 0.1 0.3941539818506903 0.3682858943939209 18.09884238243103 0.19999999999999998 1.0
0 0.1 0.34331352094368267 0.5718550682067871 18.670697450637817 0.19512195121951217 1.0
0 0.1 0.2990307826127625 0.8028972148895264 19.473594665527344 0.19047619047619047 1.0
0 0.1 0.2604599105337001 0.9850590229034424 20.458653688430786 0.18181818181818182 1.0
0 0.1 0.22686415225376097 0.3894929885864258 20.848146677017212 0.18181818181818182 1.0
0 0.1 0.19760178628779224 0.1636970043182373 21.01184368133545 0.18181818181818182 1.0
0 0.1 0.17211386442601356 0.12449908256530762 21.136342763900757 0.18181818181818182 1.0
0 0.1 0.14991353511608546 2.206300973892212 23.34264373779297 0.1739130434782609 1.0
0 0.01 28.211963230963963 0.0006737709045410156 23.34331750869751 0.0 1.0
0 0.01 24.573006681497752 0.0006377696990966797 23.343955278396606 0.0 1.0
0 0.01 21.403425646968028 0.0006310939788818359 23.34458637237549 0.0 1.0
0 0.01 18.642677119777133 0.000640869140625 23.345227241516113 0.0 1.0
0 0.01 16.238027310431736 0.000659942626953125 23.345887184143066 0.0 1.0
0 0.01 14.143544365449966 0.0006928443908691406 23.346580028533936 0.0 1.0
0 0.01 12.319221010851523 0.0006270408630371094 23.347207069396973 0.0 1.0
0 0.01 10.730210362611421 0.00063323974609375 23.347840309143066 0.0 1.0
0 0.01 9.346160307090315 0.0006430149078369141 23.348483324050903 0.0 1.0
0 0.01 8.140633737265514 0.0006501674652099609 23.349133491516113 0.0 1.0
0 0.01 7.090603570541246 0.0006279945373535156 23.349761486053467 0.0 1.0
0 0.01 6.176012902339531 0.0006680488586425781 23.35042953491211 0.0 1.0
0 0.01 5.379391893848717 0.0006670951843261719 23.351096630096436 0.0 1.0
0 0.01 4.685524076001097 0.0007259845733642578 23.3518226146698 0.0 1.0
0 0.01 4.081155695663349 0.0006310939788818359 23.35245370864868 0.0 1.0
0 0.01 3.554742552184356 0.0006372928619384766 23.35309100151062 0.0 1.0
0 0.01 3.09622948855821 0.0006210803985595703 23.35371208190918 0.0 1.0
0 0.01 2.6968583252045994 0.0006339550018310547 23.35434603691101 0.0 1.0
0 0.01 2.349000567658869 0.015831947326660156 23.37017798423767 0.5714285714285715 1.0
0 0.01 2.046011692676912 0.001065969467163086 23.371243953704834 0.5714285714285715 1.0
0 0.01 1.7821042294352372 0.0010449886322021484 23.372288942337036 0.5714285714285715 1.0
0 0.01 1.5522372115164986 0.001177072525024414 23.37346601486206 0.5714285714285715 1.0
0 0.01 1.3520198880735976 0.0010869503021240234 23.374552965164185 0.5714285714285715 1.0
0 0.01 1.1776278549337647 0.0011458396911621094 23.375698804855347 0.5714285714285715 1.0
0 0.01 1.0257300036406054 0.0053081512451171875 23.381006956100464 0.7499999999999999 1.0
0 0.01 0.8934248930683893 0.0011298656463623047 23.382136821746826 0.7499999999999999 1.0
0 0.01 0.7781853282259436 0.0011258125305175781 23.383262634277344 0.7499999999999999 1.0
0 0.01 0.6778100876351608 0.0011761188507080078 23.38443875312805 0.7499999999999999 1.0
0 0.01 0.590381877216004 0.0012140274047851562 23.385652780532837 0.7499999999999999 1.0
0 0.01 0.5142307075440048 0.013520956039428711 23.399173736572266 0.7272727272727272 1.0
0 0.01 0.44790199493955546 0.003297090530395508 23.40247082710266 0.7272727272727272 1.0
0 0.01 0.39012877707943217 0.04262590408325195 23.445096731185913 0.5000000000000001 1.0
0 0.01 0.33980751241358653 0.04860711097717285 23.493703842163086 0.4 1.0
0 0.01 0.2959770011254507 0.008710145950317383 23.502413988113403 0.4 1.0
0 0.01 0.2578000249994245 0.009654998779296875 23.5120689868927 0.4 1.0
0 0.01 0.22454735549379537 0.06912708282470703 23.581196069717407 0.3076923076923077 1.0
0 0.01 0.19558382455304058 0.01301884651184082 23.594214916229248 0.3076923076923077 1.0
0 0.01 0.1703561920944177 0.19232678413391113 23.78654170036316 0.26666666666666666 1.0
0 0.01 0.14838257842248037 0.06419706344604492 23.850738763809204 0.25806451612903225 1.0
0 0.01 0.12924325971726744 0.019136905670166016 23.86987566947937 0.25806451612903225 1.0
0 0.01 0.1125726507783501 0.06467509269714355 23.934550762176514 0.25 1.0
0 0.01 0.09805232188500161 0.06765484809875488 24.00220561027527 0.24242424242424243 1.0
0 0.01 0.08540491638568569 0.08977890014648438 24.091984510421753 0.2352941176470588 1.0
0 0.01 0.07438885283512764 0.01939678192138672 24.11138129234314 0.2352941176470588 1.0
0 0.01 0.06479371048308594 0.08496594429016113 24.1963472366333 0.2285714285714286 1.0
0 0.01 0.056436209971818335 0.2352602481842041 24.431607484817505 0.21621621621621623 1.0
0 0.01 0.049156712468482675 0.03598785400390625 24.46759533882141 0.21621621621621623 1.0
0 0.01 0.0428161703614703 0.20656585693359375 24.674161195755005 0.20512820512820512 1.0
0 0.01 0.03729347127511503 0.0325617790222168 24.70672297477722 0.20512820512820512 1.0
0 0.01 0.032483124670098805 0.030877113342285156 24.737600088119507 0.20512820512820512 1.0
