[216.40736058 188.4937774  164.18066384 143.00360867 124.55810333
 108.49181534  94.49785828  82.30892987  71.69220614  62.44489425
  54.39035884  47.37474809  41.26405496  35.94155748  31.30558923
  27.26759733  23.75045104  20.68696841  18.01863304  15.69447636
  13.67010404  11.906848    10.37102782   9.03330739   7.86813455
   6.85325305   5.96927734   5.19932239   4.52868107   3.94454329
   3.43575127   2.99258645   2.60658382   2.27037024   1.9775236
   1.72245016   1.5002777    1.30676244   1.138208     0.99139477
   0.86351843   0.75213639   0.65512111   0.57061946   0.49701737
   0.43290895   0.37706963   0.32843281   0.28606948   0.24917044]0 1 312.2098259152708 0.0072519779205322266 0.0072519779205322266 0.0 1.0
0 1 271.93903789811014 0.00872182846069336 0.015973806381225586 0.0 1.0
0 1 236.8626295349813 0.01055002212524414 0.026523828506469727 0.33333333333333337 1.0
0 1 206.31059705097118 0.048194169998168945 0.07471799850463867 0.5714285714285715 1.0
0 1 179.69935797424765 0.039949893951416016 0.11466789245605469 0.5714285714285715 1.0
0 1 156.52060397255676 0.03258800506591797 0.14725589752197266 0.5714285714285715 1.0
0 1 136.33159152101595 0.03224897384643555 0.1795048713684082 0.5714285714285715 1.0
0 1 118.74668494067365 0.03852987289428711 0.2180347442626953 0.7499999999999999 1.0
0 1 103.42999026917344 0.03226208686828613 0.25029683113098145 0.7499999999999999 1.0
0 1 90.08893926113359 0.03246879577636719 0.28276562690734863 0.7499999999999999 1.0
0 1 78.46870096453189 0.0325162410736084 0.31528186798095703 0.7499999999999999 1.0
0 1 68.34731412713553 0.03222799301147461 0.34750986099243164 0.7499999999999999 1.0
0 1 59.53144745577994 0.03872489929199219 0.38623476028442383 0.6666666666666665 1.0
0 1 51.85270674408604 0.03843522071838379 0.4246699810028076 0.7272727272727272 1.0
0 1 45.16441833008278 0.03824186325073242 0.46291184425354004 0.7272727272727272 1.0
0 1 39.33882744370648 0.04448199272155762 0.5073938369750977 0.6153846153846154 1.0
0 1 34.26465792907022 0.08673882484436035 0.594132661819458 0.47058823529411764 1.0
0 1 29.84498672911064 0.09081411361694336 0.6849467754364014 0.3636363636363636 1.0
0 1 25.99539253258091 0.10732293128967285 0.7922697067260742 0.3076923076923077 1.0
0 1 22.642343220204207 0.3125929832458496 1.1048626899719238 0.26666666666666666 1.0
0 1 19.721791308170232 0.3506960868835449 1.4555587768554688 0.27586206896551724 1.0
0 1 17.177950560167822 0.6280813217163086 2.0836400985717773 0.26666666666666666 1.0
0 1 14.962230399696251 0.5153121948242188 2.598952293395996 0.24242424242424243 1.0
0 1 13.03230776858211 0.43985700607299805 3.038809299468994 0.2222222222222222 1.0
0 1 11.351318703025308 0.41507411003112793 3.453883409500122 0.2222222222222222 1.0
0 1 9.887154185253786 0.38782691955566406 3.841710329055786 0.21621621621621623 1.0
0 1 8.611846820663045 0.4004671573638916 4.242177486419678 0.20512820512820512 1.0
0 1 7.501036625197576 0.44579195976257324 4.687969446182251 0.19999999999999998 1.0
0 1 6.53350571883761 0.3674321174621582 5.055401563644409 0.20512820512820512 1.0
0 1 5.69077303724795 0.4387800693511963 5.4941816329956055 0.18604651162790697 1.0
0 1 4.956741320068812 0.36631298065185547 5.860494613647461 0.1777777777777778 1.0
0 1 4.317389632878279 0.41260504722595215 6.273099660873413 0.1702127659574468 1.0
0 1 3.7605055496069455 4.763772964477539 11.036872625350952 0.1702127659574468 1.0
0 1 3.2754518797500736 0.9304976463317871 11.96737027168274 0.1702127659574468 1.0
0 1 2.8529634845718124 0.2145678997039795 12.181938171386719 0.16666666666666666 1.0
0 1 2.4849703012340436 0.29184818267822266 12.473786354064941 0.163265306122449 1.0
0 1 2.1644431943866964 0.6521782875061035 13.125964641571045 0.163265306122449 1.0
0 1 1.8852596907900219 0.2790849208831787 13.405049562454224 0.163265306122449 1.0
0 1 1.6420870323301746 0.2674062252044678 13.672455787658691 0.163265306122449 1.0
0 1 1.4302803135927475 0.2454690933227539 13.917924880981445 0.163265306122449 1.0
0 1 1.2457937582930971 0.23571395874023438 14.15363883972168 0.163265306122449 1.0
0 1 1.0851034398309916 1.2345783710479736 15.388217210769653 0.1568627450980392 1.0
0 1 0.945139969834425 1.0812757015228271 16.46949291229248 0.1568627450980392 1.0
0 1 0.823229868958621 2.5873730182647705 19.05686593055725 0.1568627450980392 1.0
0 1 0.7170445000483404 0.7509608268737793 19.80782675743103 0.1481481481481481 1.0
0 1 0.624555588222246 7.602294921875 27.41012167930603 0.15384615384615383 1.0
0 1 0.5439964782567033 0.8160378932952881 28.22615957260132 0.1481481481481481 1.0
0 1 0.4738283892360109 5.927870035171509 34.15402960777283 0.1509433962264151 1.0
0 1 0.4127110218901976 1.5264818668365479 35.680511474609375 0.14545454545454545 1.0
0 1 0.3594769571833539 1.9052882194519043 37.58579969406128 0.1481481481481481 1.0
0 0.1 130.20161032759302 0.006393909454345703 37.592193603515625 0.0 1.0
0 0.1 113.40738729625762 0.00669097900390625 37.59888458251953 0.0 1.0
0 0.1 98.77938883400856 0.006634950637817383 37.60551953315735 0.0 1.0
0 0.1 86.03820166433057 0.006659984588623047 37.61217951774597 0.0 1.0
0 0.1 74.9404529934022 0.006600141525268555 37.61877965927124 0.0 1.0
0 0.1 65.27416178184274 0.006626129150390625 37.62540578842163 0.0 1.0
0 0.1 56.854689638682785 0.006737232208251953 37.63214302062988 0.0 1.0
0 0.1 49.52121399451067 0.03905200958251953 37.6711950302124 0.5714285714285715 1.0
0 0.1 43.13365618693992 0.03217601776123047 37.70337104797363 0.5714285714285715 1.0
0 0.1 37.570005780944214 0.025740623474121094 37.729111671447754 0.5714285714285715 1.0
0 0.1 32.7239900151928 0.025692224502563477 37.75480389595032 0.5714285714285715 1.0
0 0.1 28.503043857863506 0.027170896530151367 37.78197479248047 0.5714285714285715 1.0
0 0.1 24.826541897430772 0.02673506736755371 37.80870985984802 0.5714285714285715 1.0
0 0.1 21.624258295306348 0.03830909729003906 37.84701895713806 0.7499999999999999 1.0
0 0.1 18.835025383479486 0.02575516700744629 37.87277412414551 0.7499999999999999 1.0
0 0.1 16.405565284674683 0.025845050811767578 37.898619174957275 0.7499999999999999 1.0
0 0.1 14.289472237493916 0.02581930160522461 37.9244384765625 0.7499999999999999 1.0
0 0.1 12.446326187665905 0.026022911071777344 37.95046138763428 0.7499999999999999 1.0
0 0.1 10.840920713874212 0.026215076446533203 37.97667646408081 0.7499999999999999 1.0
0 0.1 9.44259054057033 0.026092052459716797 38.00276851654053 0.7499999999999999 1.0
0 0.1 8.224625792416147 0.026353836059570312 38.0291223526001 0.7499999999999999 1.0
0 0.1 7.163761801874259 0.03846597671508789 38.067588329315186 0.888888888888889 1.0
0 0.1 6.239734724625884 0.044883012771606445 38.11247134208679 0.7272727272727272 1.0
0 0.1 5.43489447450858 0.03221917152404785 38.14469051361084 0.7272727272727272 1.0
0 0.1 4.733867584541418 0.03236699104309082 38.17705750465393 0.7272727272727272 1.0
0 0.1 4.123263554256632 0.07008504867553711 38.24714255332947 0.6153846153846154 1.0
0 0.1 3.591419074200402 0.06396222114562988 38.3111047744751 0.5333333333333333 1.0
0 0.1 3.128175241967003 0.17212820053100586 38.4832329750061 0.4210526315789473 1.0
0 0.1 2.7246835143108377 0.15622615814208984 38.63945913314819 0.38095238095238093 1.0
0 0.1 2.373236688776134 0.08348226547241211 38.722941398620605 0.38095238095238093 1.0
0 0.1 2.0671216863796724 0.31304430961608887 39.035985708236694 0.3333333333333333 1.0
0 0.1 1.8004913233094775 0.2806251049041748 39.31661081314087 0.3076923076923077 1.0
0 0.1 1.5682526223167341 0.22973322868347168 39.54634404182434 0.2857142857142857 1.0
0 0.1 1.3659695304072161 0.4095611572265625 39.9559051990509 0.2962962962962963 1.0
0 0.1 1.1897781846170337 0.26390600204467773 40.21981120109558 0.26666666666666666 1.0
0 0.1 1.036313107341863 0.1611790657043457 40.38099026679993 0.26666666666666666 1.0
0 0.1 0.9026429214570189 0.6871957778930664 41.06818604469299 0.24242424242424243 1.0
0 0.1 0.786214357305898 0.4483819007873535 41.51656794548035 0.2352941176470588 1.0
0 0.1 0.6848034820193963 0.27026820182800293 41.78683614730835 0.2222222222222222 1.0
0 0.1 0.5964732195846044 0.9799983501434326 42.76683449745178 0.21621621621621623 1.0
0 0.1 0.5195363502423698 2.235396146774292 45.002230644226074 0.19999999999999998 1.0
0 0.1 0.4525232824553942 3.105851888656616 48.10808253288269 0.19512195121951217 1.0
0 0.1 0.3941539818506903 0.5650858879089355 48.673168420791626 0.19512195121951217 1.0
0 0.1 0.34331352094368267 0.6074397563934326 49.28060817718506 0.19047619047619047 1.0
0 0.1 0.2990307826127625 7.034026861190796 56.314635038375854 0.25 1.0
0 0.1 0.2604599105337001 0.4241328239440918 56.738767862319946 0.25 1.0
0 0.1 0.22686415225376097 0.19265007972717285 56.93141794204712 0.24390243902439027 1.0
0 0.1 0.19760178628779224 0.354266881942749 57.28568482398987 0.24390243902439027 1.0
0 0.1 0.17211386442601356 0.24609017372131348 57.53177499771118 0.24390243902439027 1.0
0 0.1 0.14991353511608546 0.17106318473815918 57.70283818244934 0.24390243902439027 1.0
0 0.01 28.211963230963963 0.006450176239013672 57.709288358688354 0.33333333333333337 1.0
0 0.01 24.573006681497752 0.032507896423339844 57.741796255111694 0.5714285714285715 1.0
0 0.01 21.403425646968028 0.02619004249572754 57.76798629760742 0.5714285714285715 1.0
0 0.01 18.642677119777133 0.02579212188720703 57.79377841949463 0.5714285714285715 1.0
0 0.01 16.238027310431736 0.025799036026000977 57.81957745552063 0.5714285714285715 1.0
0 0.01 14.143544365449966 0.025866985321044922 57.845444440841675 0.5714285714285715 1.0
0 0.01 12.319221010851523 0.026069164276123047 57.8715136051178 0.5714285714285715 1.0
0 0.01 10.730210362611421 0.025909900665283203 57.89742350578308 0.5714285714285715 1.0
0 0.01 9.346160307090315 0.03918623924255371 57.936609745025635 0.7499999999999999 1.0
0 0.01 8.140633737265514 0.02628469467163086 57.962894439697266 0.7499999999999999 1.0
0 0.01 7.090603570541246 0.026239871978759766 57.989134311676025 0.7499999999999999 1.0
0 0.01 6.176012902339531 0.025850296020507812 58.01498460769653 0.7499999999999999 1.0
0 0.01 5.379391893848717 0.025970935821533203 58.040955543518066 0.7499999999999999 1.0
0 0.01 4.685524076001097 0.025905847549438477 58.066861391067505 0.7499999999999999 1.0
0 0.01 4.081155695663349 0.025914907455444336 58.09277629852295 0.7499999999999999 1.0
0 0.01 3.554742552184356 0.0259401798248291 58.11871647834778 0.7499999999999999 1.0
0 0.01 3.09622948855821 0.019541025161743164 58.13825750350952 0.7499999999999999 1.0
0 0.01 2.6968583252045994 0.03899097442626953 58.17724847793579 0.888888888888889 1.0
0 0.01 2.349000567658869 0.019578933715820312 58.19682741165161 0.888888888888889 1.0
0 0.01 2.046011692676912 0.04514789581298828 58.2419753074646 0.7272727272727272 1.0
0 0.01 1.7821042294352372 0.026162147521972656 58.26813745498657 0.7272727272727272 1.0
0 0.01 1.5522372115164986 0.05851864814758301 58.326656103134155 0.6666666666666666 1.0
0 0.01 1.3520198880735976 0.06513094902038574 58.39178705215454 0.5714285714285714 1.0
0 0.01 1.1776278549337647 0.08450078964233398 58.476287841796875 0.5000000000000001 1.0
0 0.01 1.0257300036406054 0.09061288833618164 58.56690073013306 0.47058823529411764 1.0
0 0.01 0.8934248930683893 0.09128308296203613 58.65818381309509 0.4444444444444444 1.0
0 0.01 0.7781853282259436 0.05908203125 58.71726584434509 0.4444444444444444 1.0
0 0.01 0.6778100876351608 0.11684107780456543 58.83410692214966 0.3478260869565218 1.0
0 0.01 0.590381877216004 0.07147598266601562 58.905582904815674 0.3478260869565218 1.0
0 0.01 0.5142307075440048 0.07192182540893555 58.97750473022461 0.3478260869565218 1.0
0 0.01 0.44790199493955546 0.16106224060058594 59.138566970825195 0.32000000000000006 1.0
0 0.01 0.39012877707943217 0.09020423889160156 59.2287712097168 0.32000000000000006 1.0
0 0.01 0.33980751241358653 0.09029674530029297 59.31906795501709 0.32000000000000006 1.0
0 0.01 0.2959770011254507 0.0841212272644043 59.403189182281494 0.32000000000000006 1.0
0 0.01 0.2578000249994245 0.12220597267150879 59.525395154953 0.2962962962962963 1.0
0 0.01 0.22454735549379537 0.1100301742553711 59.635425329208374 0.2857142857142857 1.0
0 0.01 0.19558382455304058 0.07786321640014648 59.71328854560852 0.2857142857142857 1.0
0 0.01 0.1703561920944177 0.3539409637451172 60.06722950935364 0.24242424242424243 1.0
0 0.01 0.14838257842248037 0.15680623054504395 60.22403573989868 0.24242424242424243 1.0
0 0.01 0.12924325971726744 0.13568615913391113 60.35972189903259 0.24242424242424243 1.0
0 0.01 0.1125726507783501 0.12275004386901855 60.48247194290161 0.24242424242424243 1.0
0 0.01 0.09805232188500161 0.21327471733093262 60.695746660232544 0.2352941176470588 1.0
0 0.01 0.08540491638568569 0.0983891487121582 60.7941358089447 0.2352941176470588 1.0
0 0.01 0.07438885283512764 0.3060452938079834 61.100181102752686 0.2222222222222222 1.0
0 0.01 0.06479371048308594 0.29759812355041504 61.3977792263031 0.2105263157894737 1.0
0 0.01 0.056436209971818335 0.3103678226470947 61.708147048950195 0.20512820512820512 1.0
0 0.01 0.049156712468482675 0.14292383193969727 61.85107088088989 0.20512820512820512 1.0
0 0.01 0.0428161703614703 0.570009708404541 62.421080589294434 0.19047619047619047 1.0
0 0.01 0.03729347127511503 0.22050094604492188 62.641581535339355 0.19047619047619047 1.0
0 0.01 0.032483124670098805 0.495959997177124 63.13754153251648 0.18181818181818182 1.0
