[216.40736058 188.4937774  164.18066384 143.00360867 124.55810333
 108.49181534  94.49785828  82.30892987  71.69220614  62.44489425
  54.39035884  47.37474809  41.26405496  35.94155748  31.30558923
  27.26759733  23.75045104  20.68696841  18.01863304  15.69447636
  13.67010404  11.906848    10.37102782   9.03330739   7.86813455
   6.85325305   5.96927734   5.19932239   4.52868107   3.94454329
   3.43575127   2.99258645   2.60658382   2.27037024   1.9775236
   1.72245016   1.5002777    1.30676244   1.138208     0.99139477
   0.86351843   0.75213639   0.65512111   0.57061946   0.49701737
   0.43290895   0.37706963   0.32843281   0.28606948   0.24917044]0 1 312.2098259152708 0.006567716598510742 0.006567716598510742 0.0 1.0
0 1 271.93903789811014 0.006414175033569336 0.012981891632080078 0.0 1.0
0 1 236.8626295349813 0.006719112396240234 0.019701004028320312 0.33333333333333337 1.0
0 1 206.31059705097118 0.05795097351074219 0.0776519775390625 0.5714285714285715 1.0
0 1 179.69935797424765 0.05088400840759277 0.12853598594665527 0.5714285714285715 1.0
0 1 156.52060397255676 0.04490399360656738 0.17343997955322266 0.5714285714285715 1.0
0 1 136.33159152101595 0.045285940170288086 0.21872591972351074 0.5714285714285715 1.0
0 1 118.74668494067365 0.06067204475402832 0.27939796447753906 0.7499999999999999 1.0
0 1 103.42999026917344 0.05116581916809082 0.3305637836456299 0.7499999999999999 1.0
0 1 90.08893926113359 0.050705909729003906 0.3812696933746338 0.7499999999999999 1.0
0 1 78.46870096453189 0.044671058654785156 0.42594075202941895 0.7499999999999999 1.0
0 1 68.34731412713553 0.044734954833984375 0.4706757068634033 0.7499999999999999 1.0
0 1 59.53144745577994 0.05138802528381348 0.5220637321472168 0.6666666666666665 1.0
0 1 51.85270674408604 0.057450056076049805 0.5795137882232666 0.7272727272727272 1.0
0 1 45.16441833008278 0.05173087120056152 0.6312446594238281 0.7272727272727272 1.0
0 1 39.33882744370648 0.06943273544311523 0.7006773948669434 0.6153846153846154 1.0
0 1 34.26465792907022 0.1279892921447754 0.8286666870117188 0.47058823529411764 1.0
0 1 29.84498672911064 0.13871002197265625 0.967376708984375 0.3636363636363636 1.0
0 1 25.99539253258091 0.18924713134765625 1.1566238403320312 0.3076923076923077 1.0
0 1 22.642343220204207 0.5824193954467773 1.7390432357788086 0.26666666666666666 1.0
0 1 19.721791308170232 0.6995542049407959 2.4385974407196045 0.27586206896551724 1.0
0 1 17.177950560167822 0.9883008003234863 3.426898241043091 0.26666666666666666 1.0
0 1 14.962230399696251 0.8569831848144531 4.283881425857544 0.24242424242424243 1.0
0 1 13.03230776858211 0.6610550880432129 4.944936513900757 0.2222222222222222 1.0
0 1 11.351318703025308 0.7997329235076904 5.744669437408447 0.2222222222222222 1.0
0 1 9.887154185253786 0.6742680072784424 6.41893744468689 0.21621621621621623 1.0
0 1 8.611846820663045 0.6754577159881592 7.094395160675049 0.20512820512820512 1.0
0 1 7.501036625197576 0.8376660346984863 7.932061195373535 0.19999999999999998 1.0
0 1 6.53350571883761 0.7007231712341309 8.632784366607666 0.20512820512820512 1.0
0 1 5.69077303724795 0.8571567535400391 9.489941120147705 0.18604651162790697 1.0
0 1 4.956741320068812 0.7525308132171631 10.242471933364868 0.1777777777777778 1.0
0 1 4.317389632878279 0.9591729640960693 11.201644897460938 0.16666666666666666 1.0
0 1 3.7605055496069455 6.742680072784424 17.94432497024536 0.1702127659574468 1.0
0 1 3.2754518797500736 1.5281651020050049 19.472490072250366 0.1702127659574468 1.0
0 1 2.8529634845718124 0.9490058422088623 20.42149591445923 0.16666666666666666 1.0
0 1 2.4849703012340436 1.0569112300872803 21.47840714454651 0.163265306122449 1.0
0 1 2.1644431943866964 1.2420539855957031 22.720461130142212 0.163265306122449 1.0
0 1 1.8852596907900219 0.6264917850494385 23.34695291519165 0.163265306122449 1.0
0 1 1.6420870323301746 0.5762240886688232 23.923177003860474 0.163265306122449 1.0
0 1 1.4302803135927475 0.5599279403686523 24.483104944229126 0.163265306122449 1.0
0 1 1.2457937582930971 0.5520451068878174 25.035150051116943 0.163265306122449 1.0
0 1 1.0851034398309916 3.0048468112945557 28.0399968624115 0.1568627450980392 1.0
0 1 0.945139969834425 2.6578750610351562 30.697871923446655 0.1568627450980392 1.0
0 1 0.823229868958621 3.7916369438171387 34.489508867263794 0.1568627450980392 1.0
0 1 0.7170445000483404 7.648679971694946 42.13818883895874 0.15384615384615383 1.0
0 1 0.624555588222246 7.051418781280518 49.18960762023926 0.1509433962264151 1.0
0 1 0.5439964782567033 5.044427871704102 54.23403549194336 0.1509433962264151 1.0
0 1 0.4738283892360109 4.557766914367676 58.791802406311035 0.1509433962264151 1.0
0 1 0.4127110218901976 4.70317006111145 63.494972467422485 0.1481481481481481 1.0
0 1 0.3594769571833539 4.492092132568359 67.98706459999084 0.1481481481481481 1.0
0 0.1 130.20161032759302 0.006337881088256836 67.9934024810791 0.0 1.0
0 0.1 113.40738729625762 0.006609916687011719 68.00001239776611 0.0 1.0
0 0.1 98.77938883400856 0.006435871124267578 68.00644826889038 0.0 1.0
0 0.1 86.03820166433057 0.0065288543701171875 68.0129771232605 0.0 1.0
0 0.1 74.9404529934022 0.006494998931884766 68.01947212219238 0.0 1.0
0 0.1 65.27416178184274 0.0067119598388671875 68.02618408203125 0.0 1.0
0 0.1 56.854689638682785 0.006491184234619141 68.03267526626587 0.0 1.0
0 0.1 49.52121399451067 0.05168008804321289 68.08435535430908 0.5714285714285715 1.0
0 0.1 43.13365618693992 0.03831124305725098 68.12266659736633 0.5714285714285715 1.0
0 0.1 37.570005780944214 0.03843975067138672 68.16110634803772 0.5714285714285715 1.0
0 0.1 32.7239900151928 0.04266190528869629 68.20376825332642 0.5714285714285715 1.0
0 0.1 28.503043857863506 0.038352012634277344 68.2421202659607 0.5714285714285715 1.0
0 0.1 24.826541897430772 0.038366079330444336 68.28048634529114 0.5714285714285715 1.0
0 0.1 21.624258295306348 0.05913972854614258 68.33962607383728 0.7499999999999999 1.0
0 0.1 18.835025383479486 0.04448390007019043 68.38410997390747 0.7499999999999999 1.0
0 0.1 16.405565284674683 0.044592857360839844 68.42870283126831 0.7499999999999999 1.0
0 0.1 14.289472237493916 0.03774905204772949 68.46645188331604 0.7499999999999999 1.0
0 0.1 12.446326187665905 0.03775429725646973 68.50420618057251 0.7499999999999999 1.0
0 0.1 10.840920713874212 0.0378720760345459 68.54207825660706 0.7499999999999999 1.0
0 0.1 9.44259054057033 0.03820180892944336 68.5802800655365 0.7499999999999999 1.0
0 0.1 8.224625792416147 0.03822898864746094 68.61850905418396 0.7499999999999999 1.0
0 0.1 7.163761801874259 0.05038022994995117 68.66888928413391 0.888888888888889 1.0
0 0.1 6.239734724625884 0.06314301490783691 68.73203229904175 0.7272727272727272 1.0
0 0.1 5.43489447450858 0.050756216049194336 68.78278851509094 0.7272727272727272 1.0
0 0.1 4.733867584541418 0.05061507225036621 68.83340358734131 0.7272727272727272 1.0
0 0.1 4.123263554256632 0.10097408294677734 68.93437767028809 0.6153846153846154 1.0
0 0.1 3.591419074200402 0.08252906799316406 69.01690673828125 0.5333333333333333 1.0
0 0.1 3.128175241967003 0.23462700843811035 69.25153374671936 0.4210526315789473 1.0
0 0.1 2.7246835143108377 0.196882963180542 69.4484167098999 0.38095238095238093 1.0
0 0.1 2.373236688776134 0.1269083023071289 69.57532501220703 0.38095238095238093 1.0
0 0.1 2.0671216863796724 0.4379110336303711 70.0132360458374 0.3333333333333333 1.0
0 0.1 1.8004913233094775 0.4002039432525635 70.41343998908997 0.3076923076923077 1.0
0 0.1 1.5682526223167341 0.38915491104125977 70.80259490013123 0.2857142857142857 1.0
0 0.1 1.3659695304072161 0.4833347797393799 71.2859296798706 0.2962962962962963 1.0
0 0.1 1.1897781846170337 0.41586995124816895 71.70179963111877 0.26666666666666666 1.0
0 0.1 1.036313107341863 0.2810828685760498 71.98288249969482 0.26666666666666666 1.0
0 0.1 0.9026429214570189 0.8458850383758545 72.82876753807068 0.24242424242424243 1.0
0 0.1 0.786214357305898 0.7109391689300537 73.53970670700073 0.2352941176470588 1.0
0 0.1 0.6848034820193963 0.5002622604370117 74.03996896743774 0.2222222222222222 1.0
0 0.1 0.5964732195846044 1.2894008159637451 75.32936978340149 0.21621621621621623 1.0
0 0.1 0.5195363502423698 3.2798922061920166 78.6092619895935 0.19999999999999998 1.0
0 0.1 0.4525232824553942 5.383378982543945 83.99264097213745 0.19512195121951217 1.0
0 0.1 0.3941539818506903 1.5764541625976562 85.56909513473511 0.19512195121951217 1.0
0 0.1 0.34331352094368267 1.3848059177398682 86.95390105247498 0.19047619047619047 1.0
0 0.1 0.2990307826127625 7.988892316818237 94.94279336929321 0.25 1.0
0 0.1 0.2604599105337001 0.8979341983795166 95.84072756767273 0.25 1.0
0 0.1 0.22686415225376097 0.7019858360290527 96.54271340370178 0.24390243902439027 1.0
0 0.1 0.19760178628779224 0.8401200771331787 97.38283348083496 0.24390243902439027 1.0
0 0.1 0.17211386442601356 0.6699740886688232 98.05280756950378 0.24390243902439027 1.0
0 0.1 0.14991353511608546 0.5564150810241699 98.60922265052795 0.24390243902439027 1.0
0 0.01 28.211963230963963 0.0063359737396240234 98.61555862426758 0.33333333333333337 1.0
0 0.01 24.573006681497752 0.04434370994567871 98.65990233421326 0.5714285714285715 1.0
0 0.01 21.403425646968028 0.03786301612854004 98.6977653503418 0.5714285714285715 1.0
0 0.01 18.642677119777133 0.037904977798461914 98.73567032814026 0.5714285714285715 1.0
0 0.01 16.238027310431736 0.03784608840942383 98.77351641654968 0.5714285714285715 1.0
0 0.01 14.143544365449966 0.0378270149230957 98.81134343147278 0.5714285714285715 1.0
0 0.01 12.319221010851523 0.03838396072387695 98.84972739219666 0.5714285714285715 1.0
0 0.01 10.730210362611421 0.03206467628479004 98.88179206848145 0.5714285714285715 1.0
0 0.01 9.346160307090315 0.05106043815612793 98.93285250663757 0.7499999999999999 1.0
0 0.01 8.140633737265514 0.03815293312072754 98.9710054397583 0.7499999999999999 1.0
0 0.01 7.090603570541246 0.046762943267822266 99.01776838302612 0.7499999999999999 1.0
0 0.01 6.176012902339531 0.03852677345275879 99.05629515647888 0.7499999999999999 1.0
0 0.01 5.379391893848717 0.0383610725402832 99.09465622901917 0.7499999999999999 1.0
0 0.01 4.685524076001097 0.03791093826293945 99.1325671672821 0.7499999999999999 1.0
0 0.01 4.081155695663349 0.03790998458862305 99.17047715187073 0.7499999999999999 1.0
0 0.01 3.554742552184356 0.03797316551208496 99.20845031738281 0.7499999999999999 1.0
0 0.01 3.09622948855821 0.03846096992492676 99.24691128730774 0.7499999999999999 1.0
0 0.01 2.6968583252045994 0.050868988037109375 99.29778027534485 0.888888888888889 1.0
0 0.01 2.349000567658869 0.03184795379638672 99.32962822914124 0.888888888888889 1.0
0 0.01 2.046011692676912 0.05712890625 99.38675713539124 0.7272727272727272 1.0
0 0.01 1.7821042294352372 0.04485011100769043 99.43160724639893 0.7272727272727272 1.0
0 0.01 1.5522372115164986 0.09085893630981445 99.52246618270874 0.6666666666666666 1.0
0 0.01 1.3520198880735976 0.09237098693847656 99.61483716964722 0.5714285714285714 1.0
0 0.01 1.1776278549337647 0.11725711822509766 99.73209428787231 0.5000000000000001 1.0
0 0.01 1.0257300036406054 0.12952113151550293 99.86161541938782 0.47058823529411764 1.0
0 0.01 0.8934248930683893 0.12923598289489746 99.99085140228271 0.4444444444444444 1.0
0 0.01 0.7781853282259436 0.1039419174194336 100.09479331970215 0.4444444444444444 1.0
0 0.01 0.6778100876351608 0.16905498504638672 100.26384830474854 0.3478260869565218 1.0
0 0.01 0.590381877216004 0.12378597259521484 100.38763427734375 0.3478260869565218 1.0
0 0.01 0.5142307075440048 0.11800289154052734 100.50563716888428 0.3478260869565218 1.0
0 0.01 0.44790199493955546 0.22487187385559082 100.73050904273987 0.32000000000000006 1.0
0 0.01 0.39012877707943217 0.15491914749145508 100.88542819023132 0.32000000000000006 1.0
0 0.01 0.33980751241358653 0.15138888359069824 101.03681707382202 0.32000000000000006 1.0
0 0.01 0.2959770011254507 0.1478888988494873 101.18470597267151 0.32000000000000006 1.0
0 0.01 0.2578000249994245 0.18798208236694336 101.37268805503845 0.2962962962962963 1.0
0 0.01 0.22454735549379537 0.17312002182006836 101.54580807685852 0.2857142857142857 1.0
0 0.01 0.19558382455304058 0.14236092567443848 101.68816900253296 0.2857142857142857 1.0
0 0.01 0.1703561920944177 0.5504560470581055 102.23862504959106 0.24242424242424243 1.0
0 0.01 0.14838257842248037 0.37288975715637207 102.61151480674744 0.24242424242424243 1.0
0 0.01 0.12924325971726744 0.31273508071899414 102.92424988746643 0.24242424242424243 1.0
0 0.01 0.1125726507783501 0.2858150005340576 103.21006488800049 0.24242424242424243 1.0
0 0.01 0.09805232188500161 0.3700878620147705 103.58015275001526 0.2352941176470588 1.0
0 0.01 0.08540491638568569 0.3497140407562256 103.92986679077148 0.2352941176470588 1.0
0 0.01 0.07438885283512764 0.5299339294433594 104.45980072021484 0.2222222222222222 1.0
0 0.01 0.06479371048308594 0.4907510280609131 104.95055174827576 0.2105263157894737 1.0
0 0.01 0.056436209971818335 0.5238771438598633 105.47442889213562 0.20512820512820512 1.0
0 0.01 0.049156712468482675 0.34174323081970215 105.81617212295532 0.20512820512820512 1.0
0 0.01 0.0428161703614703 0.9020459651947021 106.71821808815002 0.19047619047619047 1.0
0 0.01 0.03729347127511503 0.5275678634643555 107.24578595161438 0.19047619047619047 1.0
0 0.01 0.032483124670098805 0.8264639377593994 108.07224988937378 0.18181818181818182 1.0
