[216.40736058 188.4937774  164.18066384 143.00360867 124.55810333
 108.49181534  94.49785828  82.30892987  71.69220614  62.44489425
  54.39035884  47.37474809  41.26405496  35.94155748  31.30558923
  27.26759733  23.75045104  20.68696841  18.01863304  15.69447636
  13.67010404  11.906848    10.37102782   9.03330739   7.86813455
   6.85325305   5.96927734   5.19932239   4.52868107   3.94454329
   3.43575127   2.99258645   2.60658382   2.27037024   1.9775236
   1.72245016   1.5002777    1.30676244   1.138208     0.99139477
   0.86351843   0.75213639   0.65512111   0.57061946   0.49701737
   0.43290895   0.37706963   0.32843281   0.28606948   0.24917044]0 1 312.2098259152708 0.006814002990722656 0.006814002990722656 0.0 1.0
0 1 271.93903789811014 0.006773948669433594 0.01358795166015625 0.0 1.0
0 1 236.8626295349813 0.006585836410522461 0.02017378807067871 0.33333333333333337 1.0
0 1 206.31059705097118 0.05164790153503418 0.07182168960571289 0.5714285714285715 1.0
0 1 179.69935797424765 0.047780752182006836 0.11960244178771973 0.5714285714285715 1.0
0 1 156.52060397255676 0.03930401802062988 0.1589064598083496 0.5714285714285715 1.0
0 1 136.33159152101595 0.038513898849487305 0.19742035865783691 0.5714285714285715 1.0
0 1 118.74668494067365 0.044818878173828125 0.24223923683166504 0.7499999999999999 1.0
0 1 103.42999026917344 0.0449528694152832 0.28719210624694824 0.7499999999999999 1.0
0 1 90.08893926113359 0.04501605033874512 0.33220815658569336 0.7499999999999999 1.0
0 1 78.46870096453189 0.03862881660461426 0.3708369731903076 0.7499999999999999 1.0
0 1 68.34731412713553 0.038810014724731445 0.40964698791503906 0.7499999999999999 1.0
0 1 59.53144745577994 0.0460057258605957 0.45565271377563477 0.6666666666666665 1.0
0 1 51.85270674408604 0.051229238510131836 0.5068819522857666 0.7272727272727272 1.0
0 1 45.16441833008278 0.044847965240478516 0.5517299175262451 0.7272727272727272 1.0
0 1 39.33882744370648 0.05869793891906738 0.6104278564453125 0.6153846153846154 1.0
0 1 34.26465792907022 0.10968494415283203 0.7201128005981445 0.47058823529411764 1.0
0 1 29.84498672911064 0.11292290687561035 0.8330357074737549 0.3636363636363636 1.0
0 1 25.99539253258091 0.14465594291687012 0.977691650390625 0.3076923076923077 1.0
0 1 22.642343220204207 0.45452213287353516 1.4322137832641602 0.26666666666666666 1.0
0 1 19.721791308170232 0.527259111404419 1.959472894668579 0.27586206896551724 1.0
0 1 17.177950560167822 0.8089749813079834 2.7684478759765625 0.26666666666666666 1.0
0 1 14.962230399696251 0.6801137924194336 3.448561668395996 0.24242424242424243 1.0
0 1 13.03230776858211 0.54532790184021 3.993889570236206 0.2222222222222222 1.0
0 1 11.351318703025308 0.5989141464233398 4.592803716659546 0.2222222222222222 1.0
0 1 9.887154185253786 0.532717227935791 5.125520944595337 0.21621621621621623 1.0
0 1 8.611846820663045 0.5312850475311279 5.656805992126465 0.20512820512820512 1.0
0 1 7.501036625197576 0.6409111022949219 6.297717094421387 0.19999999999999998 1.0
0 1 6.53350571883761 0.5258171558380127 6.823534250259399 0.20512820512820512 1.0
0 1 5.69077303724795 0.6459140777587891 7.4694483280181885 0.18604651162790697 1.0
0 1 4.956741320068812 0.5646510124206543 8.034099340438843 0.1777777777777778 1.0
0 1 4.317389632878279 0.6743960380554199 8.708495378494263 0.16666666666666666 1.0
0 1 3.7605055496069455 5.751901388168335 14.460396766662598 0.1702127659574468 1.0
0 1 3.2754518797500736 1.2236990928649902 15.684095859527588 0.1702127659574468 1.0
0 1 2.8529634845718124 0.5876660346984863 16.271761894226074 0.16666666666666666 1.0
0 1 2.4849703012340436 0.7049517631530762 16.97671365737915 0.163265306122449 1.0
0 1 2.1644431943866964 0.957913875579834 17.934627532958984 0.163265306122449 1.0
0 1 1.8852596907900219 0.4280087947845459 18.36263632774353 0.163265306122449 1.0
0 1 1.6420870323301746 0.40964722633361816 18.77228355407715 0.163265306122449 1.0
0 1 1.4302803135927475 0.39885711669921875 19.171140670776367 0.163265306122449 1.0
0 1 1.2457937582930971 0.38329291343688965 19.554433584213257 0.163265306122449 1.0
0 1 1.0851034398309916 2.1457419395446777 21.700175523757935 0.1568627450980392 1.0
0 1 0.945139969834425 1.8215601444244385 23.521735668182373 0.1568627450980392 1.0
0 1 0.823229868958621 3.153275966644287 26.67501163482666 0.1568627450980392 1.0
0 1 0.7170445000483404 6.1946680545806885 32.86967968940735 0.15384615384615383 1.0
0 1 0.624555588222246 5.1088011264801025 37.97848081588745 0.1509433962264151 1.0
0 1 0.5439964782567033 3.349591016769409 41.32807183265686 0.1509433962264151 1.0
0 1 0.4738283892360109 2.9440691471099854 44.272140979766846 0.1509433962264151 1.0
0 1 0.4127110218901976 2.9654159545898438 47.23755693435669 0.1481481481481481 1.0
0 1 0.3594769571833539 2.882584810256958 50.12014174461365 0.1481481481481481 1.0
0 0.1 130.20161032759302 0.006329059600830078 50.12647080421448 0.0 1.0
0 0.1 113.40738729625762 0.00675201416015625 50.133222818374634 0.0 1.0
0 0.1 98.77938883400856 0.006306171417236328 50.13952898979187 0.0 1.0
0 0.1 86.03820166433057 0.0065288543701171875 50.14605784416199 0.0 1.0
0 0.1 74.9404529934022 0.0065288543701171875 50.152586698532104 0.0 1.0
0 0.1 65.27416178184274 0.006707906723022461 50.15929460525513 0.0 1.0
0 0.1 56.854689638682785 0.006679058074951172 50.16597366333008 0.0 1.0
0 0.1 49.52121399451067 0.04541897773742676 50.211392641067505 0.5714285714285715 1.0
0 0.1 43.13365618693992 0.03222918510437012 50.243621826171875 0.5714285714285715 1.0
0 0.1 37.570005780944214 0.03183388710021973 50.275455713272095 0.5714285714285715 1.0
0 0.1 32.7239900151928 0.03222298622131348 50.30767869949341 0.5714285714285715 1.0
0 0.1 28.503043857863506 0.03236699104309082 50.3400456905365 0.5714285714285715 1.0
0 0.1 24.826541897430772 0.032300710678100586 50.3723464012146 0.5714285714285715 1.0
0 0.1 21.624258295306348 0.044788360595703125 50.4171347618103 0.7499999999999999 1.0
0 0.1 18.835025383479486 0.038340091705322266 50.455474853515625 0.7499999999999999 1.0
0 0.1 16.405565284674683 0.032038211822509766 50.487513065338135 0.7499999999999999 1.0
0 0.1 14.289472237493916 0.032182931900024414 50.51969599723816 0.7499999999999999 1.0
0 0.1 12.446326187665905 0.03211188316345215 50.55180788040161 0.7499999999999999 1.0
0 0.1 10.840920713874212 0.03199195861816406 50.583799839019775 0.7499999999999999 1.0
0 0.1 9.44259054057033 0.032034873962402344 50.61583471298218 0.7499999999999999 1.0
0 0.1 8.224625792416147 0.032196044921875 50.64803075790405 0.7499999999999999 1.0
0 0.1 7.163761801874259 0.04602694511413574 50.69405770301819 0.888888888888889 1.0
0 0.1 6.239734724625884 0.05858612060546875 50.75264382362366 0.7272727272727272 1.0
0 0.1 5.43489447450858 0.039582014083862305 50.79222583770752 0.7272727272727272 1.0
0 0.1 4.733867584541418 0.03858685493469238 50.83081269264221 0.7272727272727272 1.0
0 0.1 4.123263554256632 0.08526897430419922 50.91608166694641 0.6153846153846154 1.0
0 0.1 3.591419074200402 0.07675909996032715 50.99284076690674 0.5333333333333333 1.0
0 0.1 3.128175241967003 0.20357608795166016 51.1964168548584 0.4210526315789473 1.0
0 0.1 2.7246835143108377 0.17260122299194336 51.36901807785034 0.38095238095238093 1.0
0 0.1 2.373236688776134 0.10257267951965332 51.471590757369995 0.38095238095238093 1.0
0 0.1 2.0671216863796724 0.4053947925567627 51.87698554992676 0.3333333333333333 1.0
0 0.1 1.8004913233094775 0.3447599411010742 52.22174549102783 0.3076923076923077 1.0
0 0.1 1.5682526223167341 0.3085160255432129 52.530261516571045 0.2857142857142857 1.0
0 0.1 1.3659695304072161 0.44661617279052734 52.97687768936157 0.2962962962962963 1.0
0 0.1 1.1897781846170337 0.3212869167327881 53.29816460609436 0.26666666666666666 1.0
0 0.1 1.036313107341863 0.21816563606262207 53.51633024215698 0.26666666666666666 1.0
0 0.1 0.9026429214570189 0.7457489967346191 54.2620792388916 0.24242424242424243 1.0
0 0.1 0.786214357305898 0.5762720108032227 54.838351249694824 0.2352941176470588 1.0
0 0.1 0.6848034820193963 0.38605403900146484 55.22440528869629 0.2222222222222222 1.0
0 0.1 0.5964732195846044 1.1370980739593506 56.36150336265564 0.21621621621621623 1.0
0 0.1 0.5195363502423698 2.7631418704986572 59.1246452331543 0.19999999999999998 1.0
0 0.1 0.4525232824553942 4.315631151199341 63.44027638435364 0.19512195121951217 1.0
0 0.1 0.3941539818506903 1.0925829410552979 64.53285932540894 0.19512195121951217 1.0
0 0.1 0.34331352094368267 1.00630784034729 65.53916716575623 0.19047619047619047 1.0
0 0.1 0.2990307826127625 7.537723779678345 73.07689094543457 0.25 1.0
0 0.1 0.2604599105337001 0.6630799770355225 73.73997092247009 0.25 1.0
0 0.1 0.22686415225376097 0.2976367473602295 74.03760766983032 0.24390243902439027 1.0
0 0.1 0.19760178628779224 0.6142399311065674 74.65184760093689 0.24390243902439027 1.0
0 0.1 0.17211386442601356 0.46709108352661133 75.1189386844635 0.24390243902439027 1.0
0 0.1 0.14991353511608546 0.36760401725769043 75.48654270172119 0.24390243902439027 1.0
0 0.01 28.211963230963963 0.0063817501068115234 75.492924451828 0.33333333333333337 1.0
0 0.01 24.573006681497752 0.039568185806274414 75.53249263763428 0.5714285714285715 1.0
0 0.01 21.403425646968028 0.032351016998291016 75.56484365463257 0.5714285714285715 1.0
0 0.01 18.642677119777133 0.03234410285949707 75.59718775749207 0.5714285714285715 1.0
0 0.01 16.238027310431736 0.03218269348144531 75.62937045097351 0.5714285714285715 1.0
0 0.01 14.143544365449966 0.032533884048461914 75.66190433502197 0.5714285714285715 1.0
0 0.01 12.319221010851523 0.03246903419494629 75.69437336921692 0.5714285714285715 1.0
0 0.01 10.730210362611421 0.03211522102355957 75.72648859024048 0.5714285714285715 1.0
0 0.01 9.346160307090315 0.04490923881530762 75.77139782905579 0.7499999999999999 1.0
0 0.01 8.140633737265514 0.03212785720825195 75.80352568626404 0.7499999999999999 1.0
0 0.01 7.090603570541246 0.03229188919067383 75.83581757545471 0.7499999999999999 1.0
0 0.01 6.176012902339531 0.032160043716430664 75.86797761917114 0.7499999999999999 1.0
0 0.01 5.379391893848717 0.03229784965515137 75.9002754688263 0.7499999999999999 1.0
0 0.01 4.685524076001097 0.032171010971069336 75.93244647979736 0.7499999999999999 1.0
0 0.01 4.081155695663349 0.03229808807373047 75.9647445678711 0.7499999999999999 1.0
0 0.01 3.554742552184356 0.03261518478393555 75.99735975265503 0.7499999999999999 1.0
0 0.01 3.09622948855821 0.03232932090759277 76.02968907356262 0.7499999999999999 1.0
0 0.01 2.6968583252045994 0.04535412788391113 76.07504320144653 0.888888888888889 1.0
0 0.01 2.349000567658869 0.026042938232421875 76.10108613967896 0.888888888888889 1.0
0 0.01 2.046011692676912 0.0516660213470459 76.152752161026 0.7272727272727272 1.0
0 0.01 1.7821042294352372 0.039134979248046875 76.19188714027405 0.7272727272727272 1.0
0 0.01 1.5522372115164986 0.07801294326782227 76.26990008354187 0.6666666666666666 1.0
0 0.01 1.3520198880735976 0.07118701934814453 76.34108710289001 0.5714285714285714 1.0
0 0.01 1.1776278549337647 0.10396480560302734 76.44505190849304 0.5000000000000001 1.0
0 0.01 1.0257300036406054 0.11002087593078613 76.55507278442383 0.47058823529411764 1.0
0 0.01 0.8934248930683893 0.11090898513793945 76.66598176956177 0.4444444444444444 1.0
0 0.01 0.7781853282259436 0.07909512519836426 76.74507689476013 0.4444444444444444 1.0
0 0.01 0.6778100876351608 0.14183306694030762 76.88690996170044 0.3478260869565218 1.0
0 0.01 0.590381877216004 0.0966329574584961 76.98354291915894 0.3478260869565218 1.0
0 0.01 0.5142307075440048 0.09136009216308594 77.07490301132202 0.3478260869565218 1.0
0 0.01 0.44790199493955546 0.19304394721984863 77.26794695854187 0.32000000000000006 1.0
0 0.01 0.39012877707943217 0.12166976928710938 77.38961672782898 0.32000000000000006 1.0
0 0.01 0.33980751241358653 0.11564779281616211 77.50526452064514 0.32000000000000006 1.0
0 0.01 0.2959770011254507 0.11638212203979492 77.62164664268494 0.32000000000000006 1.0
0 0.01 0.2578000249994245 0.15432024002075195 77.77596688270569 0.2962962962962963 1.0
0 0.01 0.22454735549379537 0.1420290470123291 77.91799592971802 0.2857142857142857 1.0
0 0.01 0.19558382455304058 0.10998392105102539 78.02797985076904 0.2857142857142857 1.0
0 0.01 0.1703561920944177 0.44942617416381836 78.47740602493286 0.24242424242424243 1.0
0 0.01 0.14838257842248037 0.23813772201538086 78.71554374694824 0.24242424242424243 1.0
0 0.01 0.12924325971726744 0.21869397163391113 78.93423771858215 0.24242424242424243 1.0
0 0.01 0.1125726507783501 0.20153069496154785 79.1357684135437 0.24242424242424243 1.0
0 0.01 0.09805232188500161 0.28331804275512695 79.41908645629883 0.2352941176470588 1.0
0 0.01 0.08540491638568569 0.17071318626403809 79.58979964256287 0.2352941176470588 1.0
0 0.01 0.07438885283512764 0.3975639343261719 79.98736357688904 0.2222222222222222 1.0
0 0.01 0.06479371048308594 0.3941779136657715 80.38154149055481 0.2105263157894737 1.0
0 0.01 0.056436209971818335 0.41225695610046387 80.79379844665527 0.20512820512820512 1.0
0 0.01 0.049156712468482675 0.23860979080200195 81.03240823745728 0.20512820512820512 1.0
0 0.01 0.0428161703614703 0.7383599281311035 81.77076816558838 0.19047619047619047 1.0
0 0.01 0.03729347127511503 0.37394285202026367 82.14471101760864 0.19047619047619047 1.0
0 0.01 0.032483124670098805 0.6583409309387207 82.80305194854736 0.18181818181818182 1.0
