[216.40736058 188.4937774  164.18066384 143.00360867 124.55810333
 108.49181534  94.49785828  82.30892987  71.69220614  62.44489425
  54.39035884  47.37474809  41.26405496  35.94155748  31.30558923
  27.26759733  23.75045104  20.68696841  18.01863304  15.69447636
  13.67010404  11.906848    10.37102782   9.03330739   7.86813455
   6.85325305   5.96927734   5.19932239   4.52868107   3.94454329
   3.43575127   2.99258645   2.60658382   2.27037024   1.9775236
   1.72245016   1.5002777    1.30676244   1.138208     0.99139477
   0.86351843   0.75213639   0.65512111   0.57061946   0.49701737
   0.43290895   0.37706963   0.32843281   0.28606948   0.24917044]0 1 312.2098259152708 0.0005559921264648438 0.0005559921264648438 0.0 1.0
0 1 271.93903789811014 0.0005650520324707031 0.0011210441589355469 0.0 1.0
0 1 236.8626295349813 0.004804849624633789 0.005925893783569336 0.33333333333333337 1.0
0 1 206.31059705097118 0.02156519889831543 0.027491092681884766 0.5714285714285715 1.0
0 1 179.69935797424765 0.01365804672241211 0.041149139404296875 0.5714285714285715 1.0
0 1 156.52060397255676 0.011372089385986328 0.0525212287902832 0.5714285714285715 1.0
0 1 136.33159152101595 0.009722709655761719 0.06224393844604492 0.5714285714285715 1.0
0 1 118.74668494067365 0.00984501838684082 0.07208895683288574 0.7499999999999999 1.0
0 1 103.42999026917344 0.009403228759765625 0.08149218559265137 0.7499999999999999 1.0
0 1 90.08893926113359 0.008675098419189453 0.09016728401184082 0.7499999999999999 1.0
0 1 78.46870096453189 0.008050918579101562 0.09821820259094238 0.7499999999999999 1.0
0 1 68.34731412713553 0.008056879043579102 0.10627508163452148 0.7499999999999999 1.0
0 1 59.53144745577994 0.011393070220947266 0.11766815185546875 0.6666666666666665 1.0
0 1 51.85270674408604 0.008507013320922852 0.1261751651763916 0.7272727272727272 1.0
0 1 45.16441833008278 0.00878596305847168 0.13496112823486328 0.7272727272727272 1.0
0 1 39.33882744370648 0.012284994125366211 0.1472461223602295 0.6153846153846154 1.0
0 1 34.26465792907022 0.015854835510253906 0.1631009578704834 0.47058823529411764 1.0
0 1 29.84498672911064 0.02650904655456543 0.18961000442504883 0.3636363636363636 1.0
0 1 25.99539253258091 0.028907060623168945 0.21851706504821777 0.3076923076923077 1.0
0 1 22.642343220204207 0.07770895957946777 0.29622602462768555 0.26666666666666666 1.0
0 1 19.721791308170232 0.10132884979248047 0.397554874420166 0.27586206896551724 1.0
0 1 17.177950560167822 0.15932106971740723 0.5568759441375732 0.26666666666666666 1.0
0 1 14.962230399696251 0.1380770206451416 0.6949529647827148 0.24242424242424243 1.0
0 1 13.03230776858211 0.12276411056518555 0.8177170753479004 0.2222222222222222 1.0
0 1 11.351318703025308 0.1354842185974121 0.9532012939453125 0.2222222222222222 1.0
0 1 9.887154185253786 0.11448192596435547 1.067683219909668 0.21621621621621623 1.0
0 1 8.611846820663045 0.1215980052947998 1.1892812252044678 0.20512820512820512 1.0
0 1 7.501036625197576 0.12367415428161621 1.312955379486084 0.19999999999999998 1.0
0 1 6.53350571883761 0.10241913795471191 1.415374517440796 0.20512820512820512 1.0
0 1 5.69077303724795 0.1321549415588379 1.5475294589996338 0.18604651162790697 1.0
0 1 4.956741320068812 0.11127185821533203 1.6588013172149658 0.1777777777777778 1.0
0 1 4.317389632878279 0.1358931064605713 1.794694423675537 0.1702127659574468 1.0
0 1 3.7605055496069455 1.567497968673706 3.362192392349243 0.1702127659574468 1.0
0 1 3.2754518797500736 0.33962130546569824 3.7018136978149414 0.1702127659574468 1.0
0 1 2.8529634845718124 0.1265239715576172 3.8283376693725586 0.16666666666666666 1.0
0 1 2.4849703012340436 0.08679890632629395 3.9151365756988525 0.163265306122449 1.0
0 1 2.1644431943866964 0.246337890625 4.1614744663238525 0.163265306122449 1.0
0 1 1.8852596907900219 0.10786914825439453 4.269343614578247 0.163265306122449 1.0
0 1 1.6420870323301746 0.09472894668579102 4.364072561264038 0.163265306122449 1.0
0 1 1.4302803135927475 0.08200573921203613 4.446078300476074 0.163265306122449 1.0
0 1 1.2457937582930971 0.07931399345397949 4.525392293930054 0.163265306122449 1.0
0 1 1.0851034398309916 0.3932647705078125 4.918657064437866 0.1568627450980392 1.0
0 1 0.945139969834425 0.39446187019348145 5.313118934631348 0.1568627450980392 1.0
0 1 0.823229868958621 0.6958060264587402 6.008924961090088 0.1568627450980392 1.0
0 1 0.7170445000483404 1.027209997177124 7.036134958267212 0.1509433962264151 1.0
0 1 0.624555588222246 1.1030848026275635 8.139219760894775 0.1509433962264151 1.0
0 1 0.5439964782567033 0.5940873622894287 8.733307123184204 0.1509433962264151 1.0
0 1 0.4738283892360109 0.4755680561065674 9.208875179290771 0.1509433962264151 1.0
0 1 0.4127110218901976 0.44811010360717773 9.65698528289795 0.1481481481481481 1.0
0 1 0.3594769571833539 0.45125722885131836 10.108242511749268 0.1481481481481481 1.0
0 0.1 130.20161032759302 0.00048732757568359375 10.108729839324951 0.0 1.0
0 0.1 113.40738729625762 0.0004899501800537109 10.109219789505005 0.0 1.0
0 0.1 98.77938883400856 0.000514984130859375 10.109734773635864 0.0 1.0
0 0.1 86.03820166433057 0.0005130767822265625 10.11024785041809 0.0 1.0
0 0.1 74.9404529934022 0.0005497932434082031 10.110797643661499 0.0 1.0
0 0.1 65.27416178184274 0.0005719661712646484 10.111369609832764 0.0 1.0
0 0.1 56.854689638682785 0.0006167888641357422 10.1119863986969 0.0 1.0
0 0.1 49.52121399451067 0.011706829071044922 10.123693227767944 0.5714285714285715 1.0
0 0.1 43.13365618693992 0.008337020874023438 10.132030248641968 0.5714285714285715 1.0
0 0.1 37.570005780944214 0.007941007614135742 10.139971256256104 0.5714285714285715 1.0
0 0.1 32.7239900151928 0.007582902908325195 10.147554159164429 0.5714285714285715 1.0
0 0.1 28.503043857863506 0.006989240646362305 10.154543399810791 0.5714285714285715 1.0
0 0.1 24.826541897430772 0.005940914154052734 10.160484313964844 0.5714285714285715 1.0
0 0.1 21.624258295306348 0.005736827850341797 10.166221141815186 0.5714285714285715 1.0
0 0.1 18.835025383479486 0.009036064147949219 10.175257205963135 0.7499999999999999 1.0
0 0.1 16.405565284674683 0.006964921951293945 10.182222127914429 0.7499999999999999 1.0
0 0.1 14.289472237493916 0.0061948299407958984 10.188416957855225 0.7499999999999999 1.0
0 0.1 12.446326187665905 0.006268978118896484 10.194685935974121 0.7499999999999999 1.0
0 0.1 10.840920713874212 0.006247043609619141 10.20093297958374 0.7499999999999999 1.0
0 0.1 9.44259054057033 0.006294965744018555 10.207227945327759 0.7499999999999999 1.0
0 0.1 8.224625792416147 0.004922151565551758 10.21215009689331 0.7499999999999999 1.0
0 0.1 7.163761801874259 0.006278038024902344 10.218428134918213 0.7499999999999999 1.0
0 0.1 6.239734724625884 0.009172916412353516 10.227601051330566 0.7272727272727272 1.0
0 0.1 5.43489447450858 0.007236003875732422 10.234837055206299 0.7272727272727272 1.0
0 0.1 4.733867584541418 0.005928993225097656 10.240766048431396 0.7272727272727272 1.0
0 0.1 4.123263554256632 0.019172191619873047 10.25993824005127 0.6153846153846154 1.0
0 0.1 3.591419074200402 0.016741037368774414 10.276679277420044 0.5714285714285714 1.0
0 0.1 3.128175241967003 0.03723287582397461 10.313912153244019 0.4210526315789473 1.0
0 0.1 2.7246835143108377 0.015257835388183594 10.329169988632202 0.4210526315789473 1.0
0 0.1 2.373236688776134 0.030827045440673828 10.359997034072876 0.38095238095238093 1.0
0 0.1 2.0671216863796724 0.050230979919433594 10.41022801399231 0.3478260869565218 1.0
0 0.1 1.8004913233094775 0.12205123901367188 10.532279253005981 0.32000000000000006 1.0
0 0.1 1.5682526223167341 0.17673969268798828 10.70901894569397 0.2857142857142857 1.0
0 0.1 1.3659695304072161 0.09773588180541992 10.80675482749939 0.27586206896551724 1.0
0 0.1 1.1897781846170337 0.10348105430603027 10.91023588180542 0.25806451612903225 1.0
0 0.1 1.036313107341863 0.057932138442993164 10.968168020248413 0.25806451612903225 1.0
0 0.1 0.9026429214570189 0.07565903663635254 11.043827056884766 0.24242424242424243 1.0
0 0.1 0.786214357305898 0.10058188438415527 11.144408941268921 0.2352941176470588 1.0
0 0.1 0.6848034820193963 0.05467391014099121 11.199082851409912 0.2352941176470588 1.0
0 0.1 0.5964732195846044 0.28781795501708984 11.486900806427002 0.2285714285714286 1.0
0 0.1 0.5195363502423698 0.34612584114074707 11.833026647567749 0.2222222222222222 1.0
0 0.1 0.4525232824553942 0.5417850017547607 12.37481164932251 0.20512820512820512 1.0
0 0.1 0.3941539818506903 0.7919590473175049 13.166770696640015 0.19999999999999998 1.0
0 0.1 0.34331352094368267 0.268352746963501 13.435123443603516 0.19512195121951217 1.0
0 0.1 0.2990307826127625 0.3122267723083496 13.747350215911865 0.19047619047619047 1.0
0 0.1 0.2604599105337001 0.35971808433532715 14.107068300247192 0.18604651162790697 1.0
0 0.1 0.22686415225376097 0.15531182289123535 14.262380123138428 0.18181818181818182 1.0
0 0.1 0.19760178628779224 0.07925295829772949 14.341633081436157 0.18181818181818182 1.0
0 0.1 0.17211386442601356 0.05520892143249512 14.396842002868652 0.18181818181818182 1.0
0 0.1 0.14991353511608546 1.0557200908660889 15.452562093734741 0.1739130434782609 1.0
0 0.01 28.211963230963963 0.0006499290466308594 15.453212022781372 0.0 1.0
0 0.01 24.573006681497752 0.010105133056640625 15.463317155838013 0.5714285714285715 1.0
0 0.01 21.403425646968028 0.006711721420288086 15.4700288772583 0.5714285714285715 1.0
0 0.01 18.642677119777133 0.006323099136352539 15.476351976394653 0.5714285714285715 1.0
0 0.01 16.238027310431736 0.006231784820556641 15.48258376121521 0.5714285714285715 1.0
0 0.01 14.143544365449966 0.0064089298248291016 15.488992691040039 0.5714285714285715 1.0
0 0.01 12.319221010851523 0.005872011184692383 15.494864702224731 0.5714285714285715 1.0
0 0.01 10.730210362611421 0.005373954772949219 15.50023865699768 0.5714285714285715 1.0
0 0.01 9.346160307090315 0.00813913345336914 15.50837779045105 0.7499999999999999 1.0
0 0.01 8.140633737265514 0.005866050720214844 15.514243841171265 0.7499999999999999 1.0
0 0.01 7.090603570541246 0.00568079948425293 15.519924640655518 0.7499999999999999 1.0
0 0.01 6.176012902339531 0.005799770355224609 15.525724411010742 0.7499999999999999 1.0
0 0.01 5.379391893848717 0.005869865417480469 15.531594276428223 0.7499999999999999 1.0
0 0.01 4.685524076001097 0.005347013473510742 15.536941289901733 0.7499999999999999 1.0
0 0.01 4.081155695663349 0.005117177963256836 15.54205846786499 0.7499999999999999 1.0
0 0.01 3.554742552184356 0.005319833755493164 15.547378301620483 0.7499999999999999 1.0
0 0.01 3.09622948855821 0.003902912139892578 15.551281213760376 0.7499999999999999 1.0
0 0.01 2.6968583252045994 0.0036630630493164062 15.554944276809692 0.7499999999999999 1.0
0 0.01 2.349000567658869 0.005281686782836914 15.56022596359253 0.7499999999999999 1.0
0 0.01 2.046011692676912 0.009348869323730469 15.56957483291626 0.7272727272727272 1.0
0 0.01 1.7821042294352372 0.0055980682373046875 15.575172901153564 0.7272727272727272 1.0
0 0.01 1.5522372115164986 0.00554203987121582 15.58071494102478 0.7272727272727272 1.0
0 0.01 1.3520198880735976 0.016746997833251953 15.597461938858032 0.6153846153846154 1.0
0 0.01 1.1776278549337647 0.010619878768920898 15.608081817626953 0.6153846153846154 1.0
0 0.01 1.0257300036406054 0.02422618865966797 15.632308006286621 0.4210526315789473 1.0
0 0.01 0.8934248930683893 0.011973857879638672 15.64428186416626 0.4210526315789473 1.0
0 0.01 0.7781853282259436 0.010374069213867188 15.654655933380127 0.4210526315789473 1.0
0 0.01 0.6778100876351608 0.011178016662597656 15.665833950042725 0.4210526315789473 1.0
0 0.01 0.590381877216004 0.027506113052368164 15.693340063095093 0.3636363636363636 1.0
0 0.01 0.5142307075440048 0.019359350204467773 15.71269941329956 0.3636363636363636 1.0
0 0.01 0.44790199493955546 0.04291820526123047 15.755617618560791 0.3076923076923077 1.0
0 0.01 0.39012877707943217 0.03879213333129883 15.79440975189209 0.2962962962962963 1.0
0 0.01 0.33980751241358653 0.04264211654663086 15.83705186843872 0.2857142857142857 1.0
0 0.01 0.2959770011254507 0.0233609676361084 15.860412836074829 0.2857142857142857 1.0
0 0.01 0.2578000249994245 0.022845983505249023 15.883258819580078 0.2857142857142857 1.0
0 0.01 0.22454735549379537 0.04743814468383789 15.930696964263916 0.25806451612903225 1.0
0 0.01 0.19558382455304058 0.0316011905670166 15.962298154830933 0.25806451612903225 1.0
0 0.01 0.1703561920944177 0.030415058135986328 15.992713212966919 0.25806451612903225 1.0
0 0.01 0.14838257842248037 0.02938079833984375 16.022094011306763 0.25806451612903225 1.0
0 0.01 0.12924325971726744 0.028332233428955078 16.050426244735718 0.25806451612903225 1.0
0 0.01 0.1125726507783501 0.027085065841674805 16.077511310577393 0.25806451612903225 1.0
0 0.01 0.09805232188500161 0.02188420295715332 16.099395513534546 0.25806451612903225 1.0
0 0.01 0.08540491638568569 0.17712807655334473 16.27652359008789 0.2105263157894737 1.0
0 0.01 0.07438885283512764 0.20432209968566895 16.48084568977356 0.21621621621621623 1.0
0 0.01 0.06479371048308594 0.05319404602050781 16.534039735794067 0.21621621621621623 1.0
0 0.01 0.056436209971818335 0.051184892654418945 16.585224628448486 0.21621621621621623 1.0
0 0.01 0.049156712468482675 0.10297131538391113 16.688195943832397 0.2105263157894737 1.0
0 0.01 0.0428161703614703 0.03342175483703613 16.721617698669434 0.2105263157894737 1.0
0 0.01 0.03729347127511503 0.10210490226745605 16.82372260093689 0.20512820512820512 1.0
0 0.01 0.032483124670098805 0.10901498794555664 16.932737588882446 0.19999999999999998 1.0
