[216.40736058 188.4937774  164.18066384 143.00360867 124.55810333
 108.49181534  94.49785828  82.30892987  71.69220614  62.44489425
  54.39035884  47.37474809  41.26405496  35.94155748  31.30558923
  27.26759733  23.75045104  20.68696841  18.01863304  15.69447636
  13.67010404  11.906848    10.37102782   9.03330739   7.86813455
   6.85325305   5.96927734   5.19932239   4.52868107   3.94454329
   3.43575127   2.99258645   2.60658382   2.27037024   1.9775236
   1.72245016   1.5002777    1.30676244   1.138208     0.99139477
   0.86351843   0.75213639   0.65512111   0.57061946   0.49701737
   0.43290895   0.37706963   0.32843281   0.28606948   0.24917044]0 1 312.2098259152708 0.0004930496215820312 0.0004930496215820312 0.0 1.0
0 1 271.93903789811014 0.0005259513854980469 0.0010190010070800781 0.0 1.0
0 1 236.8626295349813 0.005229949951171875 0.006248950958251953 0.33333333333333337 1.0
0 1 206.31059705097118 0.025330066680908203 0.031579017639160156 0.5714285714285715 1.0
0 1 179.69935797424765 0.016837120056152344 0.0484161376953125 0.5714285714285715 1.0
0 1 156.52060397255676 0.013285160064697266 0.061701297760009766 0.5714285714285715 1.0
0 1 136.33159152101595 0.01161503791809082 0.07331633567810059 0.5714285714285715 1.0
0 1 118.74668494067365 0.011893987655639648 0.08521032333374023 0.7499999999999999 1.0
0 1 103.42999026917344 0.011121273040771484 0.09633159637451172 0.7499999999999999 1.0
0 1 90.08893926113359 0.010509252548217773 0.10684084892272949 0.7499999999999999 1.0
0 1 78.46870096453189 0.010048866271972656 0.11688971519470215 0.7499999999999999 1.0
0 1 68.34731412713553 0.009547948837280273 0.12643766403198242 0.7499999999999999 1.0
0 1 59.53144745577994 0.014444112777709961 0.14088177680969238 0.6666666666666665 1.0
0 1 51.85270674408604 0.010452985763549805 0.1513347625732422 0.7272727272727272 1.0
0 1 45.16441833008278 0.010829925537109375 0.16216468811035156 0.7272727272727272 1.0
0 1 39.33882744370648 0.013782024383544922 0.17594671249389648 0.6153846153846154 1.0
0 1 34.26465792907022 0.021151065826416016 0.1970977783203125 0.47058823529411764 1.0
0 1 29.84498672911064 0.03363204002380371 0.2307298183441162 0.3636363636363636 1.0
0 1 25.99539253258091 0.04054093360900879 0.271270751953125 0.3076923076923077 1.0
0 1 22.642343220204207 0.113433837890625 0.38470458984375 0.26666666666666666 1.0
0 1 19.721791308170232 0.14148616790771484 0.5261907577514648 0.27586206896551724 1.0
0 1 17.177950560167822 0.20538115501403809 0.7315719127655029 0.26666666666666666 1.0
0 1 14.962230399696251 0.17846894264221191 0.9100408554077148 0.24242424242424243 1.0
0 1 13.03230776858211 0.15711474418640137 1.0671555995941162 0.2222222222222222 1.0
0 1 11.351318703025308 0.19181609153747559 1.2589716911315918 0.2222222222222222 1.0
0 1 9.887154185253786 0.15708327293395996 1.4160549640655518 0.21621621621621623 1.0
0 1 8.611846820663045 0.15441608428955078 1.5704710483551025 0.20512820512820512 1.0
0 1 7.501036625197576 0.1760849952697754 1.746556043624878 0.19999999999999998 1.0
0 1 6.53350571883761 0.14418792724609375 1.8907439708709717 0.20512820512820512 1.0
0 1 5.69077303724795 0.1983318328857422 2.089075803756714 0.18604651162790697 1.0
0 1 4.956741320068812 0.16804718971252441 2.2571229934692383 0.1777777777777778 1.0
0 1 4.317389632878279 0.20605015754699707 2.4631731510162354 0.16666666666666666 1.0
0 1 3.7605055496069455 1.874647855758667 4.337821006774902 0.1702127659574468 1.0
0 1 3.2754518797500736 0.43381190299987793 4.77163290977478 0.1702127659574468 1.0
0 1 2.8529634845718124 0.2417449951171875 5.013377904891968 0.16666666666666666 1.0
0 1 2.4849703012340436 0.1836237907409668 5.197001695632935 0.163265306122449 1.0
0 1 2.1644431943866964 0.3438899517059326 5.540891647338867 0.163265306122449 1.0
0 1 1.8852596907900219 0.1966078281402588 5.737499475479126 0.163265306122449 1.0
0 1 1.6420870323301746 0.1796731948852539 5.91717267036438 0.163265306122449 1.0
0 1 1.4302803135927475 0.1655271053314209 6.082699775695801 0.163265306122449 1.0
0 1 1.2457937582930971 0.15505504608154297 6.237754821777344 0.163265306122449 1.0
0 1 1.0851034398309916 0.7001190185546875 6.937873840332031 0.1568627450980392 1.0
0 1 0.945139969834425 0.6794319152832031 7.617305755615234 0.1568627450980392 1.0
0 1 0.823229868958621 0.8961319923400879 8.513437747955322 0.1568627450980392 1.0
0 1 0.7170445000483404 1.496716022491455 10.010153770446777 0.15384615384615383 1.0
0 1 0.624555588222246 1.6838347911834717 11.693988561630249 0.1509433962264151 1.0
0 1 0.5439964782567033 1.1586036682128906 12.85259222984314 0.1509433962264151 1.0
0 1 0.4738283892360109 1.0024299621582031 13.855022192001343 0.1509433962264151 1.0
0 1 0.4127110218901976 1.0314950942993164 14.88651728630066 0.1481481481481481 1.0
0 1 0.3594769571833539 0.9994840621948242 15.886001348495483 0.1481481481481481 1.0
0 0.1 130.20161032759302 0.0004951953887939453 15.886496543884277 0.0 1.0
0 0.1 113.40738729625762 0.00048089027404785156 15.886977434158325 0.0 1.0
0 0.1 98.77938883400856 0.0005199909210205078 15.887497425079346 0.0 1.0
0 0.1 86.03820166433057 0.0005099773406982422 15.888007402420044 0.0 1.0
0 0.1 74.9404529934022 0.0005686283111572266 15.888576030731201 0.0 1.0
0 0.1 65.27416178184274 0.0005922317504882812 15.88916826248169 0.0 1.0
0 0.1 56.854689638682785 0.0006062984466552734 15.889774560928345 0.0 1.0
0 0.1 49.52121399451067 0.013572931289672852 15.903347492218018 0.5714285714285715 1.0
0 0.1 43.13365618693992 0.009831905364990234 15.913179397583008 0.5714285714285715 1.0
0 0.1 37.570005780944214 0.009799957275390625 15.922979354858398 0.5714285714285715 1.0
0 0.1 32.7239900151928 0.009213924407958984 15.932193279266357 0.5714285714285715 1.0
0 0.1 28.503043857863506 0.009182214736938477 15.941375494003296 0.5714285714285715 1.0
0 0.1 24.826541897430772 0.007946968078613281 15.94932246208191 0.5714285714285715 1.0
0 0.1 21.624258295306348 0.0075299739837646484 15.956852436065674 0.5714285714285715 1.0
0 0.1 18.835025383479486 0.01046299934387207 15.967315435409546 0.7499999999999999 1.0
0 0.1 16.405565284674683 0.008731842041015625 15.976047277450562 0.7499999999999999 1.0
0 0.1 14.289472237493916 0.008465766906738281 15.9845130443573 0.7499999999999999 1.0
0 0.1 12.446326187665905 0.007794857025146484 15.992307901382446 0.7499999999999999 1.0
0 0.1 10.840920713874212 0.007931947708129883 16.000239849090576 0.7499999999999999 1.0
0 0.1 9.44259054057033 0.007882118225097656 16.008121967315674 0.7499999999999999 1.0
0 0.1 8.224625792416147 0.006427764892578125 16.014549732208252 0.7499999999999999 1.0
0 0.1 7.163761801874259 0.009070873260498047 16.02362060546875 0.7499999999999999 1.0
0 0.1 6.239734724625884 0.011965036392211914 16.035585641860962 0.7272727272727272 1.0
0 0.1 5.43489447450858 0.0093841552734375 16.0449697971344 0.7272727272727272 1.0
0 0.1 4.733867584541418 0.008005142211914062 16.052974939346313 0.7272727272727272 1.0
0 0.1 4.123263554256632 0.024734973907470703 16.077709913253784 0.6153846153846154 1.0
0 0.1 3.591419074200402 0.021528005599975586 16.09923791885376 0.5714285714285714 1.0
0 0.1 3.128175241967003 0.04524374008178711 16.144481658935547 0.4210526315789473 1.0
0 0.1 2.7246835143108377 0.022886991500854492 16.1673686504364 0.4210526315789473 1.0
0 0.1 2.373236688776134 0.03781604766845703 16.20518469810486 0.38095238095238093 1.0
0 0.1 2.0671216863796724 0.0643160343170166 16.269500732421875 0.3478260869565218 1.0
0 0.1 1.8004913233094775 0.14693021774291992 16.416430950164795 0.32000000000000006 1.0
0 0.1 1.5682526223167341 0.17389321327209473 16.59032416343689 0.2857142857142857 1.0
0 0.1 1.3659695304072161 0.12509965896606445 16.715423822402954 0.27586206896551724 1.0
0 0.1 1.1897781846170337 0.15382099151611328 16.869244813919067 0.25806451612903225 1.0
0 0.1 1.036313107341863 0.08033990859985352 16.94958472251892 0.25806451612903225 1.0
0 0.1 0.9026429214570189 0.1086881160736084 17.05827283859253 0.24242424242424243 1.0
0 0.1 0.786214357305898 0.13086795806884766 17.189140796661377 0.2352941176470588 1.0
0 0.1 0.6848034820193963 0.0792686939239502 17.268409490585327 0.2352941176470588 1.0
0 0.1 0.5964732195846044 0.3613770008087158 17.629786491394043 0.2285714285714286 1.0
0 0.1 0.5195363502423698 0.4682960510253906 18.098082542419434 0.2222222222222222 1.0
0 0.1 0.4525232824553942 0.6030838489532471 18.70116639137268 0.20512820512820512 1.0
0 0.1 0.3941539818506903 0.8694939613342285 19.57066035270691 0.19999999999999998 1.0
0 0.1 0.34331352094368267 0.4212789535522461 19.991939306259155 0.19512195121951217 1.0
0 0.1 0.2990307826127625 0.36264610290527344 20.35458540916443 0.19047619047619047 1.0
0 0.1 0.2604599105337001 0.6403892040252686 20.994974613189697 0.18181818181818182 1.0
0 0.1 0.22686415225376097 0.37458086013793945 21.369555473327637 0.18181818181818182 1.0
0 0.1 0.19760178628779224 0.16788101196289062 21.537436485290527 0.18181818181818182 1.0
0 0.1 0.17211386442601356 0.1135549545288086 21.650991439819336 0.18181818181818182 1.0
0 0.1 0.14991353511608546 1.9443790912628174 23.595370531082153 0.1739130434782609 1.0
0 0.01 28.211963230963963 0.0005898475646972656 23.59596037864685 0.0 1.0
0 0.01 24.573006681497752 0.012099027633666992 23.608059406280518 0.5714285714285715 1.0
0 0.01 21.403425646968028 0.008313179016113281 23.61637258529663 0.5714285714285715 1.0
0 0.01 18.642677119777133 0.008533000946044922 23.624905586242676 0.5714285714285715 1.0
0 0.01 16.238027310431736 0.007950067520141602 23.632855653762817 0.5714285714285715 1.0
0 0.01 14.143544365449966 0.008113861083984375 23.6409695148468 0.5714285714285715 1.0
0 0.01 12.319221010851523 0.007562875747680664 23.648532390594482 0.5714285714285715 1.0
0 0.01 10.730210362611421 0.006727933883666992 23.65526032447815 0.5714285714285715 1.0
0 0.01 9.346160307090315 0.010251045227050781 23.6655113697052 0.7499999999999999 1.0
0 0.01 8.140633737265514 0.007797956466674805 23.673309326171875 0.7499999999999999 1.0
0 0.01 7.090603570541246 0.007294178009033203 23.680603504180908 0.7499999999999999 1.0
0 0.01 6.176012902339531 0.007418155670166016 23.688021659851074 0.7499999999999999 1.0
0 0.01 5.379391893848717 0.007478952407836914 23.69550061225891 0.7499999999999999 1.0
0 0.01 4.685524076001097 0.007462024688720703 23.702962636947632 0.7499999999999999 1.0
0 0.01 4.081155695663349 0.006919145584106445 23.70988178253174 0.7499999999999999 1.0
0 0.01 3.554742552184356 0.007048130035400391 23.71692991256714 0.7499999999999999 1.0
0 0.01 3.09622948855821 0.0053331851959228516 23.72226309776306 0.7499999999999999 1.0
0 0.01 2.6968583252045994 0.005408048629760742 23.727671146392822 0.7499999999999999 1.0
0 0.01 2.349000567658869 0.007315874099731445 23.734987020492554 0.7499999999999999 1.0
0 0.01 2.046011692676912 0.011898040771484375 23.746885061264038 0.7272727272727272 1.0
0 0.01 1.7821042294352372 0.007714986801147461 23.754600048065186 0.7272727272727272 1.0
0 0.01 1.5522372115164986 0.007523775100708008 23.762123823165894 0.7272727272727272 1.0
0 0.01 1.3520198880735976 0.020874977111816406 23.78299880027771 0.6153846153846154 1.0
0 0.01 1.1776278549337647 0.014821052551269531 23.79781985282898 0.6153846153846154 1.0
0 0.01 1.0257300036406054 0.028090953826904297 23.825910806655884 0.4210526315789473 1.0
0 0.01 0.8934248930683893 0.0162198543548584 23.842130661010742 0.4210526315789473 1.0
0 0.01 0.7781853282259436 0.015362977981567383 23.85749363899231 0.4210526315789473 1.0
0 0.01 0.6778100876351608 0.01590704917907715 23.873400688171387 0.4210526315789473 1.0
0 0.01 0.590381877216004 0.035614013671875 23.90901470184326 0.3636363636363636 1.0
0 0.01 0.5142307075440048 0.028790950775146484 23.937805652618408 0.3636363636363636 1.0
0 0.01 0.44790199493955546 0.05701875686645508 23.994824409484863 0.3076923076923077 1.0
0 0.01 0.39012877707943217 0.051419973373413086 24.046244382858276 0.2962962962962963 1.0
0 0.01 0.33980751241358653 0.052393198013305664 24.098637580871582 0.2857142857142857 1.0
0 0.01 0.2959770011254507 0.033354997634887695 24.13199257850647 0.2857142857142857 1.0
0 0.01 0.2578000249994245 0.03266167640686035 24.16465425491333 0.2857142857142857 1.0
0 0.01 0.22454735549379537 0.06146502494812012 24.22611927986145 0.25806451612903225 1.0
0 0.01 0.19558382455304058 0.044194936752319336 24.27031421661377 0.25806451612903225 1.0
0 0.01 0.1703561920944177 0.04358506202697754 24.313899278640747 0.25806451612903225 1.0
0 0.01 0.14838257842248037 0.04219698905944824 24.356096267700195 0.25806451612903225 1.0
0 0.01 0.12924325971726744 0.0413510799407959 24.39744734764099 0.25806451612903225 1.0
0 0.01 0.1125726507783501 0.04017305374145508 24.437620401382446 0.25806451612903225 1.0
0 0.01 0.09805232188500161 0.03370523452758789 24.471325635910034 0.25806451612903225 1.0
0 0.01 0.08540491638568569 0.21051788330078125 24.681843519210815 0.2105263157894737 1.0
0 0.01 0.07438885283512764 0.2458350658416748 24.92767858505249 0.21621621621621623 1.0
0 0.01 0.06479371048308594 0.09509706497192383 25.022775650024414 0.21621621621621623 1.0
0 0.01 0.056436209971818335 0.0855550765991211 25.108330726623535 0.21621621621621623 1.0
0 0.01 0.049156712468482675 0.1385667324066162 25.24689745903015 0.2105263157894737 1.0
0 0.01 0.0428161703614703 0.0751643180847168 25.322061777114868 0.2105263157894737 1.0
0 0.01 0.03729347127511503 0.14713811874389648 25.469199895858765 0.20512820512820512 1.0
0 0.01 0.032483124670098805 0.15563297271728516 25.62483286857605 0.19999999999999998 1.0
