[216.40736058 188.4937774  164.18066384 143.00360867 124.55810333
 108.49181534  94.49785828  82.30892987  71.69220614  62.44489425
  54.39035884  47.37474809  41.26405496  35.94155748  31.30558923
  27.26759733  23.75045104  20.68696841  18.01863304  15.69447636
  13.67010404  11.906848    10.37102782   9.03330739   7.86813455
   6.85325305   5.96927734   5.19932239   4.52868107   3.94454329
   3.43575127   2.99258645   2.60658382   2.27037024   1.9775236
   1.72245016   1.5002777    1.30676244   1.138208     0.99139477
   0.86351843   0.75213639   0.65512111   0.57061946   0.49701737
   0.43290895   0.37706963   0.32843281   0.28606948   0.24917044]0 1 312.2098259152708 0.0004999637603759766 0.0004999637603759766 0.0 1.0
0 1 271.93903789811014 0.0005319118499755859 0.0010318756103515625 0.0 1.0
0 1 236.8626295349813 0.006288766860961914 0.0073206424713134766 0.33333333333333337 1.0
0 1 206.31059705097118 0.029298067092895508 0.036618709564208984 0.5714285714285715 1.0
0 1 179.69935797424765 0.018723011016845703 0.05534172058105469 0.5714285714285715 1.0
0 1 156.52060397255676 0.01578211784362793 0.07112383842468262 0.5714285714285715 1.0
0 1 136.33159152101595 0.014678716659545898 0.08580255508422852 0.5714285714285715 1.0
0 1 118.74668494067365 0.013588190078735352 0.09939074516296387 0.7499999999999999 1.0
0 1 103.42999026917344 0.012469053268432617 0.11185979843139648 0.7499999999999999 1.0
0 1 90.08893926113359 0.011948108673095703 0.12380790710449219 0.7499999999999999 1.0
0 1 78.46870096453189 0.011987924575805664 0.13579583168029785 0.7499999999999999 1.0
0 1 68.34731412713553 0.011424064636230469 0.14721989631652832 0.7499999999999999 1.0
0 1 59.53144745577994 0.01784801483154297 0.1650679111480713 0.6666666666666665 1.0
0 1 51.85270674408604 0.012462854385375977 0.17753076553344727 0.7272727272727272 1.0
0 1 45.16441833008278 0.012897968292236328 0.1904287338256836 0.7272727272727272 1.0
0 1 39.33882744370648 0.017197132110595703 0.2076258659362793 0.6153846153846154 1.0
0 1 34.26465792907022 0.02619314193725586 0.23381900787353516 0.47058823529411764 1.0
0 1 29.84498672911064 0.039938926696777344 0.2737579345703125 0.3636363636363636 1.0
0 1 25.99539253258091 0.05237984657287598 0.3261377811431885 0.3076923076923077 1.0
0 1 22.642343220204207 0.14708685874938965 0.4732246398925781 0.26666666666666666 1.0
0 1 19.721791308170232 0.19133996963500977 0.6645646095275879 0.27586206896551724 1.0
0 1 17.177950560167822 0.24817514419555664 0.9127397537231445 0.26666666666666666 1.0
0 1 14.962230399696251 0.22467303276062012 1.1374127864837646 0.24242424242424243 1.0
0 1 13.03230776858211 0.19084692001342773 1.3282597064971924 0.2222222222222222 1.0
0 1 11.351318703025308 0.23570680618286133 1.5639665126800537 0.2222222222222222 1.0
0 1 9.887154185253786 0.19432806968688965 1.7582945823669434 0.21621621621621623 1.0
0 1 8.611846820663045 0.195220947265625 1.9535155296325684 0.20512820512820512 1.0
0 1 7.501036625197576 0.2282869815826416 2.18180251121521 0.19999999999999998 1.0
0 1 6.53350571883761 0.19004106521606445 2.3718435764312744 0.20512820512820512 1.0
0 1 5.69077303724795 0.2585270404815674 2.630370616912842 0.18604651162790697 1.0
0 1 4.956741320068812 0.23100495338439941 2.861375570297241 0.1777777777777778 1.0
0 1 4.317389632878279 0.29338812828063965 3.154763698577881 0.16666666666666666 1.0
0 1 3.7605055496069455 2.1948611736297607 5.349624872207642 0.1702127659574468 1.0
0 1 3.2754518797500736 0.5259692668914795 5.875594139099121 0.1702127659574468 1.0
0 1 2.8529634845718124 0.3642921447753906 6.239886283874512 0.16666666666666666 1.0
0 1 2.4849703012340436 0.29820704460144043 6.538093328475952 0.163265306122449 1.0
0 1 2.1644431943866964 0.44178032875061035 6.9798736572265625 0.163265306122449 1.0
0 1 1.8852596907900219 0.2910928726196289 7.270966529846191 0.163265306122449 1.0
0 1 1.6420870323301746 0.27356410026550293 7.544530630111694 0.163265306122449 1.0
0 1 1.4302803135927475 0.2521820068359375 7.796712636947632 0.163265306122449 1.0
0 1 1.2457937582930971 0.2376260757446289 8.03433871269226 0.163265306122449 1.0
0 1 1.0851034398309916 1.0076208114624023 9.041959524154663 0.1568627450980392 1.0
0 1 0.945139969834425 0.9845371246337891 10.026496648788452 0.1568627450980392 1.0
0 1 0.823229868958621 1.1313869953155518 11.157883644104004 0.1568627450980392 1.0
0 1 0.7170445000483404 1.979539155960083 13.137422800064087 0.15384615384615383 1.0
0 1 0.624555588222246 2.358881950378418 15.496304750442505 0.1509433962264151 1.0
0 1 0.5439964782567033 1.7777080535888672 17.274012804031372 0.1509433962264151 1.0
0 1 0.4738283892360109 1.5978529453277588 18.87186574935913 0.1509433962264151 1.0
0 1 0.4127110218901976 1.6506690979003906 20.52253484725952 0.1481481481481481 1.0
0 1 0.3594769571833539 1.582693099975586 22.105227947235107 0.1481481481481481 1.0
0 0.1 130.20161032759302 0.0004680156707763672 22.105695962905884 0.0 1.0
0 0.1 113.40738729625762 0.00046896934509277344 22.106164932250977 0.0 1.0
0 0.1 98.77938883400856 0.0005009174346923828 22.10666584968567 0.0 1.0
0 0.1 86.03820166433057 0.0005037784576416016 22.10716962814331 0.0 1.0
0 0.1 74.9404529934022 0.0005409717559814453 22.107710599899292 0.0 1.0
0 0.1 65.27416178184274 0.0005362033843994141 22.10824680328369 0.0 1.0
0 0.1 56.854689638682785 0.0005702972412109375 22.108817100524902 0.0 1.0
0 0.1 49.52121399451067 0.01596689224243164 22.124783992767334 0.5714285714285715 1.0
0 0.1 43.13365618693992 0.011853933334350586 22.136637926101685 0.5714285714285715 1.0
0 0.1 37.570005780944214 0.011651992797851562 22.148289918899536 0.5714285714285715 1.0
0 0.1 32.7239900151928 0.010927915573120117 22.159217834472656 0.5714285714285715 1.0
0 0.1 28.503043857863506 0.010337114334106445 22.169554948806763 0.5714285714285715 1.0
0 0.1 24.826541897430772 0.009215831756591797 22.178770780563354 0.5714285714285715 1.0
0 0.1 21.624258295306348 0.009258031845092773 22.188028812408447 0.5714285714285715 1.0
0 0.1 18.835025383479486 0.012248992919921875 22.20027780532837 0.7499999999999999 1.0
0 0.1 16.405565284674683 0.009708166122436523 22.209985971450806 0.7499999999999999 1.0
0 0.1 14.289472237493916 0.009704113006591797 22.219690084457397 0.7499999999999999 1.0
0 0.1 12.446326187665905 0.00972604751586914 22.229416131973267 0.7499999999999999 1.0
0 0.1 10.840920713874212 0.009190082550048828 22.238606214523315 0.7499999999999999 1.0
0 0.1 9.44259054057033 0.009226799011230469 22.247833013534546 0.7499999999999999 1.0
0 0.1 8.224625792416147 0.0077817440032958984 22.255614757537842 0.7499999999999999 1.0
0 0.1 7.163761801874259 0.010947227478027344 22.26656198501587 0.7499999999999999 1.0
0 0.1 6.239734724625884 0.014325857162475586 22.280887842178345 0.7272727272727272 1.0
0 0.1 5.43489447450858 0.011078357696533203 22.291966199874878 0.7272727272727272 1.0
0 0.1 4.733867584541418 0.009469032287597656 22.301435232162476 0.7272727272727272 1.0
0 0.1 4.123263554256632 0.028462886810302734 22.32989811897278 0.6153846153846154 1.0
0 0.1 3.591419074200402 0.025527000427246094 22.355425119400024 0.5714285714285714 1.0
0 0.1 3.128175241967003 0.05218315124511719 22.40760827064514 0.4210526315789473 1.0
0 0.1 2.7246835143108377 0.028853178024291992 22.436461448669434 0.4210526315789473 1.0
0 0.1 2.373236688776134 0.04328107833862305 22.479742527008057 0.38095238095238093 1.0
0 0.1 2.0671216863796724 0.0783989429473877 22.558141469955444 0.3478260869565218 1.0
0 0.1 1.8004913233094775 0.16886615753173828 22.727007627487183 0.32000000000000006 1.0
0 0.1 1.5682526223167341 0.1847541332244873 22.91176176071167 0.2857142857142857 1.0
0 0.1 1.3659695304072161 0.1550750732421875 23.066836833953857 0.27586206896551724 1.0
0 0.1 1.1897781846170337 0.20371603965759277 23.27055287361145 0.25806451612903225 1.0
0 0.1 1.036313107341863 0.10239982604980469 23.372952699661255 0.25806451612903225 1.0
0 0.1 0.9026429214570189 0.14730596542358398 23.52025866508484 0.24242424242424243 1.0
0 0.1 0.786214357305898 0.16140389442443848 23.681662559509277 0.2352941176470588 1.0
0 0.1 0.6848034820193963 0.10510993003845215 23.78677248954773 0.2352941176470588 1.0
0 0.1 0.5964732195846044 0.4416677951812744 24.228440284729004 0.2285714285714286 1.0
0 0.1 0.5195363502423698 0.5857892036437988 24.814229488372803 0.2222222222222222 1.0
0 0.1 0.4525232824553942 0.6740639209747314 25.488293409347534 0.20512820512820512 1.0
0 0.1 0.3941539818506903 0.9730560779571533 26.461349487304688 0.19999999999999998 1.0
0 0.1 0.34331352094368267 0.5388278961181641 27.00017738342285 0.19512195121951217 1.0
0 0.1 0.2990307826127625 0.4148240089416504 27.415001392364502 0.19047619047619047 1.0
0 0.1 0.2604599105337001 1.306272029876709 28.72127342224121 0.18181818181818182 1.0
0 0.1 0.22686415225376097 0.6074023246765137 29.328675746917725 0.18181818181818182 1.0
0 0.1 0.19760178628779224 0.319364070892334 29.64803981781006 0.18181818181818182 1.0
0 0.1 0.17211386442601356 0.20227289199829102 29.85031270980835 0.18181818181818182 1.0
0 0.1 0.14991353511608546 2.7799978256225586 32.63031053543091 0.1739130434782609 1.0
0 0.01 28.211963230963963 0.0005791187286376953 32.630889654159546 0.0 1.0
0 0.01 24.573006681497752 0.013336896896362305 32.64422655105591 0.5714285714285715 1.0
0 0.01 21.403425646968028 0.009699106216430664 32.65392565727234 0.5714285714285715 1.0
0 0.01 18.642677119777133 0.009694099426269531 32.66361975669861 0.5714285714285715 1.0
0 0.01 16.238027310431736 0.009185791015625 32.67280554771423 0.5714285714285715 1.0
0 0.01 14.143544365449966 0.009180068969726562 32.68198561668396 0.5714285714285715 1.0
0 0.01 12.319221010851523 0.009308099746704102 32.691293716430664 0.5714285714285715 1.0
0 0.01 10.730210362611421 0.008233070373535156 32.6995267868042 0.5714285714285715 1.0
0 0.01 9.346160307090315 0.01120615005493164 32.71073293685913 0.7499999999999999 1.0
0 0.01 8.140633737265514 0.00919198989868164 32.71992492675781 0.7499999999999999 1.0
0 0.01 7.090603570541246 0.009224891662597656 32.72914981842041 0.7499999999999999 1.0
0 0.01 6.176012902339531 0.008668184280395508 32.737818002700806 0.7499999999999999 1.0
0 0.01 5.379391893848717 0.008713960647583008 32.74653196334839 0.7499999999999999 1.0
0 0.01 4.685524076001097 0.008662700653076172 32.755194664001465 0.7499999999999999 1.0
0 0.01 4.081155695663349 0.008679866790771484 32.763874530792236 0.7499999999999999 1.0
0 0.01 3.554742552184356 0.008148908615112305 32.77202343940735 0.7499999999999999 1.0
0 0.01 3.09622948855821 0.00724482536315918 32.77926826477051 0.7499999999999999 1.0
0 0.01 2.6968583252045994 0.006697893142700195 32.78596615791321 0.7499999999999999 1.0
0 0.01 2.349000567658869 0.009434700012207031 32.795400857925415 0.7499999999999999 1.0
0 0.01 2.046011692676912 0.012933015823364258 32.80833387374878 0.7272727272727272 1.0
0 0.01 1.7821042294352372 0.009562015533447266 32.81789588928223 0.7272727272727272 1.0
0 0.01 1.5522372115164986 0.009536027908325195 32.82743191719055 0.7272727272727272 1.0
0 0.01 1.3520198880735976 0.024055957794189453 32.85148787498474 0.6153846153846154 1.0
0 0.01 1.1776278549337647 0.017596960067749023 32.86908483505249 0.6153846153846154 1.0
0 0.01 1.0257300036406054 0.032933712005615234 32.902018547058105 0.4210526315789473 1.0
0 0.01 0.8934248930683893 0.020754337310791016 32.9227728843689 0.4210526315789473 1.0
0 0.01 0.7781853282259436 0.019672632217407227 32.942445516586304 0.4210526315789473 1.0
0 0.01 0.6778100876351608 0.02145671844482422 32.96390223503113 0.4210526315789473 1.0
0 0.01 0.590381877216004 0.042474985122680664 33.00637722015381 0.3636363636363636 1.0
0 0.01 0.5142307075440048 0.03755903244018555 33.043936252593994 0.3636363636363636 1.0
0 0.01 0.44790199493955546 0.0689699649810791 33.11290621757507 0.3076923076923077 1.0
0 0.01 0.39012877707943217 0.06150221824645996 33.17440843582153 0.2962962962962963 1.0
0 0.01 0.33980751241358653 0.06049513816833496 33.23490357398987 0.2857142857142857 1.0
0 0.01 0.2959770011254507 0.04305005073547363 33.27795362472534 0.2857142857142857 1.0
0 0.01 0.2578000249994245 0.041925907135009766 33.31987953186035 0.2857142857142857 1.0
0 0.01 0.22454735549379537 0.07400131225585938 33.39388084411621 0.25806451612903225 1.0
0 0.01 0.19558382455304058 0.058029890060424805 33.451910734176636 0.25806451612903225 1.0
0 0.01 0.1703561920944177 0.05598807334899902 33.507898807525635 0.25806451612903225 1.0
0 0.01 0.14838257842248037 0.05533289909362793 33.56323170661926 0.25806451612903225 1.0
0 0.01 0.12924325971726744 0.054531097412109375 33.61776280403137 0.25806451612903225 1.0
0 0.01 0.1125726507783501 0.05307579040527344 33.670838594436646 0.25806451612903225 1.0
0 0.01 0.09805232188500161 0.045578956604003906 33.71641755104065 0.25806451612903225 1.0
0 0.01 0.08540491638568569 0.2493271827697754 33.965744733810425 0.2105263157894737 1.0
0 0.01 0.07438885283512764 0.28769588470458984 34.253440618515015 0.21621621621621623 1.0
0 0.01 0.06479371048308594 0.12824392318725586 34.38168454170227 0.21621621621621623 1.0
0 0.01 0.056436209971818335 0.12679100036621094 34.50847554206848 0.21621621621621623 1.0
0 0.01 0.049156712468482675 0.17988014221191406 34.688355684280396 0.2105263157894737 1.0
0 0.01 0.0428161703614703 0.10941004753112793 34.79776573181152 0.2105263157894737 1.0
0 0.01 0.03729347127511503 0.1933760643005371 34.99114179611206 0.20512820512820512 1.0
0 0.01 0.032483124670098805 0.22925996780395508 35.220401763916016 0.19999999999999998 1.0
