[216.40736058 188.4937774  164.18066384 143.00360867 124.55810333
 108.49181534  94.49785828  82.30892987  71.69220614  62.44489425
  54.39035884  47.37474809  41.26405496  35.94155748  31.30558923
  27.26759733  23.75045104  20.68696841  18.01863304  15.69447636
  13.67010404  11.906848    10.37102782   9.03330739   7.86813455
   6.85325305   5.96927734   5.19932239   4.52868107   3.94454329
   3.43575127   2.99258645   2.60658382   2.27037024   1.9775236
   1.72245016   1.5002777    1.30676244   1.138208     0.99139477
   0.86351843   0.75213639   0.65512111   0.57061946   0.49701737
   0.43290895   0.37706963   0.32843281   0.28606948   0.24917044]0 1 312.2098259152708 0.0011909008026123047 0.0011909008026123047 0.0 1.0
0 1 271.93903789811014 0.001188039779663086 0.0023789405822753906 0.0 1.0
0 1 236.8626295349813 0.0337982177734375 0.03617715835571289 0.33333333333333337 1.0
0 1 206.31059705097118 0.02777695655822754 0.06395411491394043 0.5714285714285715 1.0
0 1 179.69935797424765 0.01783299446105957 0.081787109375 0.5714285714285715 1.0
0 1 156.52060397255676 0.014652729034423828 0.09643983840942383 0.5714285714285715 1.0
0 1 136.33159152101595 0.011615991592407227 0.10805583000183105 0.5714285714285715 1.0
0 1 118.74668494067365 0.02849411964416504 0.1365499496459961 0.7499999999999999 1.0
0 1 103.42999026917344 0.01788020133972168 0.15443015098571777 0.7499999999999999 1.0
0 1 90.08893926113359 0.013164997100830078 0.16759514808654785 0.7499999999999999 1.0
0 1 78.46870096453189 0.008387088775634766 0.17598223686218262 0.7499999999999999 1.0
0 1 68.34731412713553 0.01005101203918457 0.1860332489013672 0.7499999999999999 1.0
0 1 59.53144745577994 0.01189422607421875 0.19792747497558594 0.6666666666666665 1.0
0 1 51.85270674408604 0.014091968536376953 0.2120194435119629 0.7272727272727272 1.0
0 1 45.16441833008278 0.011674880981445312 0.2236943244934082 0.7272727272727272 1.0
0 1 39.33882744370648 0.011803150177001953 0.23549747467041016 0.6153846153846154 1.0
0 1 34.26465792907022 0.027173280715942383 0.26267075538635254 0.47058823529411764 1.0
0 1 29.84498672911064 0.027938127517700195 0.29060888290405273 0.3636363636363636 1.0
0 1 25.99539253258091 0.035056114196777344 0.3256649971008301 0.3076923076923077 1.0
0 1 22.642343220204207 0.10226893424987793 0.427933931350708 0.26666666666666666 1.0
0 1 19.721791308170232 0.1155710220336914 0.5435049533843994 0.27586206896551724 1.0
0 1 17.177950560167822 0.17214083671569824 0.7156457901000977 0.26666666666666666 1.0
0 1 14.962230399696251 0.13868999481201172 0.8543357849121094 0.24242424242424243 1.0
0 1 13.03230776858211 0.1120748519897461 0.9664106369018555 0.2222222222222222 1.0
0 1 11.351318703025308 0.12317609786987305 1.0895867347717285 0.2222222222222222 1.0
0 1 9.887154185253786 0.11454057693481445 1.204127311706543 0.21621621621621623 1.0
0 1 8.611846820663045 0.1048729419708252 1.3090002536773682 0.20512820512820512 1.0
0 1 7.501036625197576 0.12334418296813965 1.4323444366455078 0.19999999999999998 1.0
0 1 6.53350571883761 0.10170793533325195 1.5340523719787598 0.20512820512820512 1.0
0 1 5.69077303724795 0.12239313125610352 1.6564455032348633 0.18604651162790697 1.0
0 1 4.956741320068812 0.10398006439208984 1.7604255676269531 0.1777777777777778 1.0
0 1 4.317389632878279 0.12510895729064941 1.8855345249176025 0.16666666666666666 1.0
0 1 3.7605055496069455 1.0700328350067139 2.9555673599243164 0.1702127659574468 1.0
0 1 3.2754518797500736 0.22462701797485352 3.18019437789917 0.1702127659574468 1.0
0 1 2.8529634845718124 0.11010909080505371 3.2903034687042236 0.16666666666666666 1.0
0 1 2.4849703012340436 0.1272602081298828 3.4175636768341064 0.163265306122449 1.0
0 1 2.1644431943866964 0.1762540340423584 3.593817710876465 0.163265306122449 1.0
0 1 1.8852596907900219 0.07817292213439941 3.6719906330108643 0.163265306122449 1.0
0 1 1.6420870323301746 0.07459402084350586 3.74658465385437 0.163265306122449 1.0
0 1 1.4302803135927475 0.0719308853149414 3.8185155391693115 0.163265306122449 1.0
0 1 1.2457937582930971 0.0696249008178711 3.8881404399871826 0.163265306122449 1.0
0 1 1.0851034398309916 0.3853318691253662 4.273472309112549 0.1568627450980392 1.0
0 1 0.945139969834425 0.32753705978393555 4.601009368896484 0.1568627450980392 1.0
0 1 0.823229868958621 0.561305046081543 5.162314414978027 0.1568627450980392 1.0
0 1 0.7170445000483404 1.1132030487060547 6.275517463684082 0.15384615384615383 1.0
0 1 0.624555588222246 0.9184210300445557 7.193938493728638 0.1509433962264151 1.0
0 1 0.5439964782567033 0.602715015411377 7.796653509140015 0.1509433962264151 1.0
0 1 0.4738283892360109 0.5257248878479004 8.322378396987915 0.1509433962264151 1.0
0 1 0.4127110218901976 0.5314528942108154 8.85383129119873 0.1481481481481481 1.0
0 1 0.3594769571833539 0.5140390396118164 9.367870330810547 0.1481481481481481 1.0
0 0.1 130.20161032759302 0.0011801719665527344 9.3690505027771 0.0 1.0
0 0.1 113.40738729625762 0.0011701583862304688 9.37022066116333 0.0 1.0
0 0.1 98.77938883400856 0.0011649131774902344 9.37138557434082 0.0 1.0
0 0.1 86.03820166433057 0.001171112060546875 9.372556686401367 0.0 1.0
0 0.1 74.9404529934022 0.0012290477752685547 9.373785734176636 0.0 1.0
0 0.1 65.27416178184274 0.0012543201446533203 9.375040054321289 0.0 1.0
0 0.1 56.854689638682785 0.0011739730834960938 9.376214027404785 0.0 1.0
0 0.1 49.52121399451067 0.0011868476867675781 9.377400875091553 0.0 1.0
0 0.1 43.13365618693992 0.0011639595031738281 9.378564834594727 0.0 1.0
0 0.1 37.570005780944214 0.0011839866638183594 9.379748821258545 0.0 1.0
0 0.1 32.7239900151928 0.0012128353118896484 9.380961656570435 0.0 1.0
0 0.1 28.503043857863506 0.0012879371643066406 9.382249593734741 0.0 1.0
0 0.1 24.826541897430772 0.016284942626953125 9.398534536361694 0.5714285714285715 1.0
0 0.1 21.624258295306348 0.007150888442993164 9.405685424804688 0.5714285714285715 1.0
0 0.1 18.835025383479486 0.007371187210083008 9.41305661201477 0.5714285714285715 1.0
0 0.1 16.405565284674683 0.007216930389404297 9.420273542404175 0.5714285714285715 1.0
0 0.1 14.289472237493916 0.00701594352722168 9.427289485931396 0.5714285714285715 1.0
0 0.1 12.446326187665905 0.005878925323486328 9.433168411254883 0.5714285714285715 1.0
0 0.1 10.840920713874212 0.011840105056762695 9.445008516311646 0.7499999999999999 1.0
0 0.1 9.44259054057033 0.007222890853881836 9.452231407165527 0.7499999999999999 1.0
0 0.1 8.224625792416147 0.005916118621826172 9.458147525787354 0.7499999999999999 1.0
0 0.1 7.163761801874259 0.005819082260131836 9.463966608047485 0.7499999999999999 1.0
0 0.1 6.239734724625884 0.005880832672119141 9.469847440719604 0.7499999999999999 1.0
0 0.1 5.43489447450858 0.018786907196044922 9.48863434791565 0.7272727272727272 1.0
0 0.1 4.733867584541418 0.010478973388671875 9.499113321304321 0.7272727272727272 1.0
0 0.1 4.123263554256632 0.009389877319335938 9.508503198623657 0.7272727272727272 1.0
0 0.1 3.591419074200402 0.033483028411865234 9.541986227035522 0.5714285714285714 1.0
0 0.1 3.128175241967003 0.06874799728393555 9.610734224319458 0.4444444444444444 1.0
0 0.1 2.7246835143108377 0.04161572456359863 9.652349948883057 0.4 1.0
0 0.1 2.373236688776134 0.07246208190917969 9.724812030792236 0.3636363636363636 1.0
0 0.1 2.0671216863796724 0.11708712577819824 9.841899156570435 0.32000000000000006 1.0
0 0.1 1.8004913233094775 0.037245988845825195 9.87914514541626 0.32000000000000006 1.0
0 0.1 1.5682526223167341 0.14342904090881348 10.022574186325073 0.2962962962962963 1.0
0 0.1 1.3659695304072161 0.09492707252502441 10.117501258850098 0.27586206896551724 1.0
0 0.1 1.1897781846170337 0.06841301918029785 10.185914278030396 0.26666666666666666 1.0
0 0.1 1.036313107341863 0.1322329044342041 10.3181471824646 0.25806451612903225 1.0
0 0.1 0.9026429214570189 0.1323230266571045 10.450470209121704 0.24242424242424243 1.0
0 0.1 0.786214357305898 0.0885000228881836 10.538970232009888 0.2352941176470588 1.0
0 0.1 0.6848034820193963 0.26787710189819336 10.806847333908081 0.2285714285714286 1.0
0 0.1 0.5964732195846044 0.10737466812133789 10.914222002029419 0.2285714285714286 1.0
0 0.1 0.5195363502423698 0.18062996864318848 11.094851970672607 0.21621621621621623 1.0
0 0.1 0.4525232824553942 0.14161372184753418 11.236465692520142 0.20512820512820512 1.0
0 0.1 0.3941539818506903 0.23575806617736816 11.47222375869751 0.19999999999999998 1.0
0 0.1 0.34331352094368267 0.6372051239013672 12.109428882598877 0.19512195121951217 1.0
0 0.1 0.2990307826127625 0.17440009117126465 12.283828973770142 0.2105263157894737 1.0
0 0.1 0.2604599105337001 0.10815691947937012 12.391985893249512 0.19999999999999998 1.0
0 0.1 0.22686415225376097 0.09464097023010254 12.486626863479614 0.19999999999999998 1.0
0 0.1 0.19760178628779224 0.10526394844055176 12.591890811920166 0.19512195121951217 1.0
0 0.1 0.17211386442601356 0.163848876953125 12.755739688873291 0.18604651162790697 1.0
0 0.1 0.14991353511608546 0.28812479972839355 13.043864488601685 0.18181818181818182 1.0
0 0.01 28.211963230963963 0.0011830329895019531 13.045047521591187 0.0 1.0
0 0.01 24.573006681497752 0.0011699199676513672 13.046217441558838 0.0 1.0
0 0.01 21.403425646968028 0.0011627674102783203 13.047380208969116 0.0 1.0
0 0.01 18.642677119777133 0.0012249946594238281 13.04860520362854 0.0 1.0
0 0.01 16.238027310431736 0.0012531280517578125 13.049858331680298 0.0 1.0
0 0.01 14.143544365449966 0.0011699199676513672 13.05102825164795 0.0 1.0
0 0.01 12.319221010851523 0.00121307373046875 13.052241325378418 0.0 1.0
0 0.01 10.730210362611421 0.0011959075927734375 13.053437232971191 0.0 1.0
0 0.01 9.346160307090315 0.0011551380157470703 13.054592370986938 0.0 1.0
0 0.01 8.140633737265514 0.0012049674987792969 13.055797338485718 0.0 1.0
0 0.01 7.090603570541246 0.0011529922485351562 13.056950330734253 0.0 1.0
0 0.01 6.176012902339531 0.0011649131774902344 13.058115243911743 0.0 1.0
0 0.01 5.379391893848717 0.0012612342834472656 13.05937647819519 0.0 1.0
0 0.01 4.685524076001097 0.0011830329895019531 13.060559511184692 0.0 1.0
0 0.01 4.081155695663349 0.0011539459228515625 13.061713457107544 0.0 1.0
0 0.01 3.554742552184356 0.0011639595031738281 13.062877416610718 0.0 1.0
0 0.01 3.09622948855821 0.0012559890747070312 13.064133405685425 0.0 1.0
0 0.01 2.6968583252045994 0.0012149810791015625 13.065348386764526 0.0 1.0
0 0.01 2.349000567658869 0.01073908805847168 13.076087474822998 0.5714285714285715 1.0
0 0.01 2.046011692676912 0.004856109619140625 13.080943584442139 0.5714285714285715 1.0
0 0.01 1.7821042294352372 0.0046122074127197266 13.085555791854858 0.5714285714285715 1.0
0 0.01 1.5522372115164986 0.004767894744873047 13.090323686599731 0.5714285714285715 1.0
0 0.01 1.3520198880735976 0.004924774169921875 13.095248460769653 0.5714285714285715 1.0
0 0.01 1.1776278549337647 0.004682064056396484 13.09993052482605 0.5714285714285715 1.0
0 0.01 1.0257300036406054 0.009485244750976562 13.109415769577026 0.7499999999999999 1.0
0 0.01 0.8934248930683893 0.004844188690185547 13.114259958267212 0.7499999999999999 1.0
0 0.01 0.7781853282259436 0.004709005355834961 13.118968963623047 0.7499999999999999 1.0
0 0.01 0.6778100876351608 0.0047397613525390625 13.123708724975586 0.7499999999999999 1.0
0 0.01 0.590381877216004 0.004662036895751953 13.128370761871338 0.7499999999999999 1.0
0 0.01 0.5142307075440048 0.012026786804199219 13.140397548675537 0.7272727272727272 1.0
0 0.01 0.44790199493955546 0.0060100555419921875 13.14640760421753 0.7272727272727272 1.0
0 0.01 0.39012877707943217 0.02467799186706543 13.171085596084595 0.5000000000000001 1.0
0 0.01 0.33980751241358653 0.03467392921447754 13.205759525299072 0.4 1.0
0 0.01 0.2959770011254507 0.014069080352783203 13.219828605651855 0.4 1.0
0 0.01 0.2578000249994245 0.014102697372436523 13.233931303024292 0.4 1.0
0 0.01 0.22454735549379537 0.05303621292114258 13.286967515945435 0.2857142857142857 1.0
0 0.01 0.19558382455304058 0.027662992477416992 13.314630508422852 0.2857142857142857 1.0
0 0.01 0.1703561920944177 0.05325603485107422 13.367886543273926 0.25 1.0
0 0.01 0.14838257842248037 0.025136947631835938 13.393023490905762 0.25 1.0
0 0.01 0.12924325971726744 0.0599980354309082 13.45302152633667 0.2352941176470588 1.0
0 0.01 0.1125726507783501 0.05165696144104004 13.50467848777771 0.2222222222222222 1.0
0 0.01 0.09805232188500161 0.11893010139465332 13.623608589172363 0.2222222222222222 1.0
0 0.01 0.08540491638568569 0.08324790000915527 13.706856489181519 0.21621621621621623 1.0
0 0.01 0.07438885283512764 0.031449079513549805 13.738305568695068 0.21621621621621623 1.0
0 0.01 0.06479371048308594 0.03011918067932129 13.76842474937439 0.21621621621621623 1.0
0 0.01 0.056436209971818335 0.06692886352539062 13.83535361289978 0.2105263157894737 1.0
0 0.01 0.049156712468482675 0.06986594200134277 13.905219554901123 0.20512820512820512 1.0
0 0.01 0.0428161703614703 0.03710317611694336 13.942322731018066 0.20512820512820512 1.0
0 0.01 0.03729347127511503 0.035559892654418945 13.977882623672485 0.20512820512820512 1.0
0 0.01 0.032483124670098805 0.06003570556640625 14.037918329238892 0.19999999999999998 1.0
