[216.40736058 188.4937774  164.18066384 143.00360867 124.55810333
 108.49181534  94.49785828  82.30892987  71.69220614  62.44489425
  54.39035884  47.37474809  41.26405496  35.94155748  31.30558923
  27.26759733  23.75045104  20.68696841  18.01863304  15.69447636
  13.67010404  11.906848    10.37102782   9.03330739   7.86813455
   6.85325305   5.96927734   5.19932239   4.52868107   3.94454329
   3.43575127   2.99258645   2.60658382   2.27037024   1.9775236
   1.72245016   1.5002777    1.30676244   1.138208     0.99139477
   0.86351843   0.75213639   0.65512111   0.57061946   0.49701737
   0.43290895   0.37706963   0.32843281   0.28606948   0.24917044]0 1 312.2098259152708 0.0006358623504638672 0.0006358623504638672 0.0 1.0
0 1 271.93903789811014 0.0006499290466308594 0.0012857913970947266 0.0 1.0
0 1 236.8626295349813 0.006262063980102539 0.007547855377197266 0.33333333333333337 1.0
0 1 206.31059705097118 0.00571894645690918 0.013266801834106445 0.5714285714285715 1.0
0 1 179.69935797424765 0.0034759044647216797 0.016742706298828125 0.5714285714285715 1.0
0 1 156.52060397255676 0.002864360809326172 0.019607067108154297 0.5714285714285715 1.0
0 1 136.33159152101595 0.0025670528411865234 0.02217411994934082 0.5714285714285715 1.0
0 1 118.74668494067365 0.005934715270996094 0.028108835220336914 0.7499999999999999 1.0
0 1 103.42999026917344 0.0038919448852539062 0.03200078010559082 0.7499999999999999 1.0
0 1 90.08893926113359 0.003345012664794922 0.03534579277038574 0.7499999999999999 1.0
0 1 78.46870096453189 0.002791881561279297 0.03813767433166504 0.7499999999999999 1.0
0 1 68.34731412713553 0.0032491683959960938 0.04138684272766113 0.7499999999999999 1.0
0 1 59.53144745577994 0.004191875457763672 0.045578718185424805 0.6666666666666665 1.0
0 1 51.85270674408604 0.006152153015136719 0.05173087120056152 0.7272727272727272 1.0
0 1 45.16441833008278 0.006808042526245117 0.05853891372680664 0.7272727272727272 1.0
0 1 39.33882744370648 0.00638890266418457 0.06492781639099121 0.6153846153846154 1.0
0 1 34.26465792907022 0.013777971267700195 0.0787057876586914 0.47058823529411764 1.0
0 1 29.84498672911064 0.015626907348632812 0.09433269500732422 0.3636363636363636 1.0
0 1 25.99539253258091 0.018157005310058594 0.11248970031738281 0.3076923076923077 1.0
0 1 22.642343220204207 0.04597210884094238 0.1584618091583252 0.26666666666666666 1.0
0 1 19.721791308170232 0.05017232894897461 0.2086341381072998 0.27586206896551724 1.0
0 1 17.177950560167822 0.11095499992370605 0.31958913803100586 0.26666666666666666 1.0
0 1 14.962230399696251 0.08298683166503906 0.4025759696960449 0.24242424242424243 1.0
0 1 13.03230776858211 0.08081293106079102 0.48338890075683594 0.2222222222222222 1.0
0 1 11.351318703025308 0.0707249641418457 0.5541138648986816 0.2222222222222222 1.0
0 1 9.887154185253786 0.07166624069213867 0.6257801055908203 0.21621621621621623 1.0
0 1 8.611846820663045 0.07011008262634277 0.6958901882171631 0.20512820512820512 1.0
0 1 7.501036625197576 0.07802700996398926 0.7739171981811523 0.19999999999999998 1.0
0 1 6.53350571883761 0.06902885437011719 0.8429460525512695 0.20512820512820512 1.0
0 1 5.69077303724795 0.0807790756225586 0.9237251281738281 0.18604651162790697 1.0
0 1 4.956741320068812 0.06534600257873535 0.9890711307525635 0.1777777777777778 1.0
0 1 4.317389632878279 0.07788991928100586 1.0669610500335693 0.1702127659574468 1.0
0 1 3.7605055496069455 0.9219479560852051 1.9889090061187744 0.1702127659574468 1.0
0 1 3.2754518797500736 0.18364214897155762 2.172551155090332 0.1702127659574468 1.0
0 1 2.8529634845718124 0.04272794723510742 2.2152791023254395 0.16666666666666666 1.0
0 1 2.4849703012340436 0.05702614784240723 2.2723052501678467 0.163265306122449 1.0
0 1 2.1644431943866964 0.12610602378845215 2.398411273956299 0.163265306122449 1.0
0 1 1.8852596907900219 0.05404019355773926 2.452451467514038 0.163265306122449 1.0
0 1 1.6420870323301746 0.05133795738220215 2.5037894248962402 0.163265306122449 1.0
0 1 1.4302803135927475 0.048828840255737305 2.5526182651519775 0.163265306122449 1.0
0 1 1.2457937582930971 0.04609107971191406 2.5987093448638916 0.163265306122449 1.0
0 1 1.0851034398309916 0.23659205436706543 2.835301399230957 0.1568627450980392 1.0
0 1 0.945139969834425 0.2066330909729004 3.0419344902038574 0.1568627450980392 1.0
0 1 0.823229868958621 0.49089479446411133 3.5328292846679688 0.1568627450980392 1.0
0 1 0.7170445000483404 0.1426382064819336 3.6754674911499023 0.1481481481481481 1.0
0 1 0.624555588222246 1.4613282680511475 5.13679575920105 0.15384615384615383 1.0
0 1 0.5439964782567033 0.15471696853637695 5.291512727737427 0.1481481481481481 1.0
0 1 0.4738283892360109 1.1245050430297852 6.416017770767212 0.1509433962264151 1.0
0 1 0.4127110218901976 0.28360581398010254 6.6996235847473145 0.14545454545454545 1.0
0 1 0.3594769571833539 0.36032605171203613 7.059949636459351 0.1481481481481481 1.0
0 0.1 130.20161032759302 0.0006477832794189453 7.0605974197387695 0.0 1.0
0 0.1 113.40738729625762 0.0006389617919921875 7.061236381530762 0.0 1.0
0 0.1 98.77938883400856 0.0006330013275146484 7.061869382858276 0.0 1.0
0 0.1 86.03820166433057 0.0006377696990966797 7.062507152557373 0.0 1.0
0 0.1 74.9404529934022 0.0006561279296875 7.0631632804870605 0.0 1.0
0 0.1 65.27416178184274 0.000659942626953125 7.063823223114014 0.0 1.0
0 0.1 56.854689638682785 0.0007350444793701172 7.064558267593384 0.0 1.0
0 0.1 49.52121399451067 0.0006461143493652344 7.065204381942749 0.0 1.0
0 0.1 43.13365618693992 0.0006546974182128906 7.065859079360962 0.0 1.0
0 0.1 37.570005780944214 0.0006358623504638672 7.066494941711426 0.0 1.0
0 0.1 32.7239900151928 0.0006248950958251953 7.067119836807251 0.0 1.0
0 0.1 28.503043857863506 0.0007081031799316406 7.067827939987183 0.0 1.0
0 0.1 24.826541897430772 0.0070688724517822266 7.074896812438965 0.5714285714285715 1.0
0 0.1 21.624258295306348 0.0016939640045166016 7.0765907764434814 0.5714285714285715 1.0
0 0.1 18.835025383479486 0.001550912857055664 7.078141689300537 0.5714285714285715 1.0
0 0.1 16.405565284674683 0.0015838146209716797 7.079725503921509 0.5714285714285715 1.0
0 0.1 14.289472237493916 0.0014410018920898438 7.081166505813599 0.5714285714285715 1.0
0 0.1 12.446326187665905 0.0015349388122558594 7.0827014446258545 0.5714285714285715 1.0
0 0.1 10.840920713874212 0.0060253143310546875 7.088726758956909 0.7499999999999999 1.0
0 0.1 9.44259054057033 0.00177001953125 7.090496778488159 0.7499999999999999 1.0
0 0.1 8.224625792416147 0.0019600391387939453 7.092456817626953 0.7499999999999999 1.0
0 0.1 7.163761801874259 0.0023741722106933594 7.0948309898376465 0.7499999999999999 1.0
0 0.1 6.239734724625884 0.0025992393493652344 7.097430229187012 0.7499999999999999 1.0
0 0.1 5.43489447450858 0.011193990707397461 7.108624219894409 0.7272727272727272 1.0
0 0.1 4.733867584541418 0.00467991828918457 7.113304138183594 0.7272727272727272 1.0
0 0.1 4.123263554256632 0.005231142044067383 7.118535280227661 0.7272727272727272 1.0
0 0.1 3.591419074200402 0.025834083557128906 7.14436936378479 0.5714285714285714 1.0
0 0.1 3.128175241967003 0.060091257095336914 7.204460620880127 0.4444444444444444 1.0
0 0.1 2.7246835143108377 0.028255939483642578 7.2327165603637695 0.4 1.0
0 0.1 2.373236688776134 0.05306601524353027 7.2857825756073 0.3636363636363636 1.0
0 0.1 2.0671216863796724 0.08237409591674805 7.368156671524048 0.32000000000000006 1.0
0 0.1 1.8004913233094775 0.019479036331176758 7.387635707855225 0.32000000000000006 1.0
0 0.1 1.5682526223167341 0.10876870155334473 7.496404409408569 0.2962962962962963 1.0
0 0.1 1.3659695304072161 0.0623471736907959 7.558751583099365 0.27586206896551724 1.0
0 0.1 1.1897781846170337 0.04567098617553711 7.604422569274902 0.26666666666666666 1.0
0 0.1 1.036313107341863 0.0841526985168457 7.688575267791748 0.25806451612903225 1.0
0 0.1 0.9026429214570189 0.11499691009521484 7.803572177886963 0.24242424242424243 1.0
0 0.1 0.786214357305898 0.060324907302856445 7.863897085189819 0.2352941176470588 1.0
0 0.1 0.6848034820193963 0.15421795845031738 8.018115043640137 0.2285714285714286 1.0
0 0.1 0.5964732195846044 0.06609487533569336 8.08420991897583 0.2285714285714286 1.0
0 0.1 0.5195363502423698 0.08170080184936523 8.165910720825195 0.21621621621621623 1.0
0 0.1 0.4525232824553942 0.08480000495910645 8.250710725784302 0.20512820512820512 1.0
0 0.1 0.3941539818506903 0.1608431339263916 8.411553859710693 0.19999999999999998 1.0
0 0.1 0.34331352094368267 0.4942910671234131 8.905844926834106 0.19512195121951217 1.0
0 0.1 0.2990307826127625 0.15288209915161133 9.058727025985718 0.2105263157894737 1.0
0 0.1 0.2604599105337001 0.06806087493896484 9.126787900924683 0.19999999999999998 1.0
0 0.1 0.22686415225376097 0.06033205986022949 9.187119960784912 0.19999999999999998 1.0
0 0.1 0.19760178628779224 0.07045507431030273 9.257575035095215 0.19512195121951217 1.0
0 0.1 0.17211386442601356 0.08748197555541992 9.345057010650635 0.18604651162790697 1.0
0 0.1 0.14991353511608546 0.20434093475341797 9.549397945404053 0.18181818181818182 1.0
0 0.01 28.211963230963963 0.0006361007690429688 9.550034046173096 0.0 1.0
0 0.01 24.573006681497752 0.0006389617919921875 9.550673007965088 0.0 1.0
0 0.01 21.403425646968028 0.0006260871887207031 9.551299095153809 0.0 1.0
0 0.01 18.642677119777133 0.0006339550018310547 9.55193305015564 0.0 1.0
0 0.01 16.238027310431736 0.0006506443023681641 9.552583694458008 0.0 1.0
0 0.01 14.143544365449966 0.0006799697875976562 9.553263664245605 0.0 1.0
0 0.01 12.319221010851523 0.0006608963012695312 9.553924560546875 0.0 1.0
0 0.01 10.730210362611421 0.0006349086761474609 9.554559469223022 0.0 1.0
0 0.01 9.346160307090315 0.0006511211395263672 9.555210590362549 0.0 1.0
0 0.01 8.140633737265514 0.0006320476531982422 9.555842638015747 0.0 1.0
0 0.01 7.090603570541246 0.0006439685821533203 9.5564866065979 0.0 1.0
0 0.01 6.176012902339531 0.0006780624389648438 9.557164669036865 0.0 1.0
0 0.01 5.379391893848717 0.0006389617919921875 9.557803630828857 0.0 1.0
0 0.01 4.685524076001097 0.0006721019744873047 9.558475732803345 0.0 1.0
0 0.01 4.081155695663349 0.000682830810546875 9.559158563613892 0.0 1.0
0 0.01 3.554742552184356 0.0006530284881591797 9.55981159210205 0.0 1.0
0 0.01 3.09622948855821 0.000637054443359375 9.56044864654541 0.0 1.0
0 0.01 2.6968583252045994 0.0006577968597412109 9.561106443405151 0.0 1.0
0 0.01 2.349000567658869 0.006039142608642578 9.567145586013794 0.5714285714285715 1.0
0 0.01 2.046011692676912 0.0010919570922851562 9.568237543106079 0.5714285714285715 1.0
0 0.01 1.7821042294352372 0.0011870861053466797 9.569424629211426 0.5714285714285715 1.0
0 0.01 1.5522372115164986 0.0012040138244628906 9.570628643035889 0.5714285714285715 1.0
0 0.01 1.3520198880735976 0.0012900829315185547 9.571918725967407 0.5714285714285715 1.0
0 0.01 1.1776278549337647 0.0015251636505126953 9.57344388961792 0.5714285714285715 1.0
0 0.01 1.0257300036406054 0.005270957946777344 9.578714847564697 0.7499999999999999 1.0
0 0.01 0.8934248930683893 0.0016319751739501953 9.580346822738647 0.7499999999999999 1.0
0 0.01 0.7781853282259436 0.0022430419921875 9.582589864730835 0.7499999999999999 1.0
0 0.01 0.6778100876351608 0.0021162033081054688 9.58470606803894 0.7499999999999999 1.0
0 0.01 0.590381877216004 0.002165079116821289 9.586871147155762 0.7499999999999999 1.0
0 0.01 0.5142307075440048 0.007521152496337891 9.5943922996521 0.7272727272727272 1.0
0 0.01 0.44790199493955546 0.0030090808868408203 9.59740138053894 0.7272727272727272 1.0
0 0.01 0.39012877707943217 0.02133798599243164 9.618739366531372 0.5000000000000001 1.0
0 0.01 0.33980751241358653 0.026092052459716797 9.644831418991089 0.4 1.0
0 0.01 0.2959770011254507 0.006112813949584961 9.650944232940674 0.4 1.0
0 0.01 0.2578000249994245 0.00720524787902832 9.658149480819702 0.4 1.0
0 0.01 0.22454735549379537 0.040606021881103516 9.698755502700806 0.2857142857142857 1.0
0 0.01 0.19558382455304058 0.01218104362487793 9.710936546325684 0.2857142857142857 1.0
0 0.01 0.1703561920944177 0.039318084716796875 9.75025463104248 0.25 1.0
0 0.01 0.14838257842248037 0.012730121612548828 9.76298475265503 0.25 1.0
0 0.01 0.12924325971726744 0.04810214042663574 9.811086893081665 0.2352941176470588 1.0
0 0.01 0.1125726507783501 0.03876614570617676 9.849853038787842 0.2222222222222222 1.0
0 0.01 0.09805232188500161 0.11071395874023438 9.960566997528076 0.2222222222222222 1.0
0 0.01 0.08540491638568569 0.08391094207763672 10.044477939605713 0.21621621621621623 1.0
0 0.01 0.07438885283512764 0.01942896842956543 10.063906908035278 0.21621621621621623 1.0
0 0.01 0.06479371048308594 0.012484073638916016 10.076390981674194 0.21621621621621623 1.0
0 0.01 0.056436209971818335 0.05926513671875 10.135656118392944 0.2105263157894737 1.0
0 0.01 0.049156712468482675 0.05459403991699219 10.190250158309937 0.20512820512820512 1.0
0 0.01 0.0428161703614703 0.02144002914428711 10.211690187454224 0.20512820512820512 1.0
0 0.01 0.03729347127511503 0.021196842193603516 10.232887029647827 0.20512820512820512 1.0
0 0.01 0.032483124670098805 0.046729326248168945 10.279616355895996 0.19999999999999998 1.0
