[216.40736058 188.4937774  164.18066384 143.00360867 124.55810333
 108.49181534  94.49785828  82.30892987  71.69220614  62.44489425
  54.39035884  47.37474809  41.26405496  35.94155748  31.30558923
  27.26759733  23.75045104  20.68696841  18.01863304  15.69447636
  13.67010404  11.906848    10.37102782   9.03330739   7.86813455
   6.85325305   5.96927734   5.19932239   4.52868107   3.94454329
   3.43575127   2.99258645   2.60658382   2.27037024   1.9775236
   1.72245016   1.5002777    1.30676244   1.138208     0.99139477
   0.86351843   0.75213639   0.65512111   0.57061946   0.49701737
   0.43290895   0.37706963   0.32843281   0.28606948   0.24917044]0 1 312.2098259152708 0.0019309520721435547 0.0019309520721435547 0.0 1.0
0 1 271.93903789811014 0.0021250247955322266 0.004055976867675781 0.0 1.0
0 1 236.8626295349813 0.06618976593017578 0.07024574279785156 0.33333333333333337 1.0
0 1 206.31059705097118 0.03343915939331055 0.10368490219116211 0.5714285714285715 1.0
0 1 179.69935797424765 0.02250194549560547 0.12618684768676758 0.5714285714285715 1.0
0 1 156.52060397255676 0.017379045486450195 0.14356589317321777 0.5714285714285715 1.0
0 1 136.33159152101595 0.014606237411499023 0.1581721305847168 0.5714285714285715 1.0
0 1 118.74668494067365 0.03657698631286621 0.194749116897583 0.7499999999999999 1.0
0 1 103.42999026917344 0.0204770565032959 0.2152261734008789 0.7499999999999999 1.0
0 1 90.08893926113359 0.015336036682128906 0.2305622100830078 0.7499999999999999 1.0
0 1 78.46870096453189 0.010564088821411133 0.24112629890441895 0.7499999999999999 1.0
0 1 68.34731412713553 0.01160120964050293 0.2527275085449219 0.7499999999999999 1.0
0 1 59.53144745577994 0.013736963272094727 0.2664644718170166 0.6666666666666665 1.0
0 1 51.85270674408604 0.017212867736816406 0.283677339553833 0.7272727272727272 1.0
0 1 45.16441833008278 0.013692855834960938 0.29737019538879395 0.7272727272727272 1.0
0 1 39.33882744370648 0.014856100082397461 0.3122262954711914 0.6153846153846154 1.0
0 1 34.26465792907022 0.0318760871887207 0.3441023826599121 0.47058823529411764 1.0
0 1 29.84498672911064 0.03419184684753418 0.3782942295074463 0.3636363636363636 1.0
0 1 25.99539253258091 0.045809268951416016 0.4241034984588623 0.3076923076923077 1.0
0 1 22.642343220204207 0.13498425483703613 0.5590877532958984 0.26666666666666666 1.0
0 1 19.721791308170232 0.15142393112182617 0.7105116844177246 0.27586206896551724 1.0
0 1 17.177950560167822 0.20915579795837402 0.9196674823760986 0.26666666666666666 1.0
0 1 14.962230399696251 0.17757582664489746 1.097243309020996 0.24242424242424243 1.0
0 1 13.03230776858211 0.14287686347961426 1.2401201725006104 0.2222222222222222 1.0
0 1 11.351318703025308 0.21709895133972168 1.457219123840332 0.2222222222222222 1.0
0 1 9.887154185253786 0.1377260684967041 1.5949451923370361 0.21621621621621623 1.0
0 1 8.611846820663045 244.62548899650574 246.22043418884277 0.20512820512820512 1.0
0 1 7.501036625197576 0.1730790138244629 246.39351320266724 0.19999999999999998 1.0
0 1 6.53350571883761 0.13892197608947754 246.5324351787567 0.20512820512820512 1.0
0 1 5.69077303724795 0.17116594314575195 246.70360112190247 0.18604651162790697 1.0
0 1 4.956741320068812 0.14548802375793457 246.8490891456604 0.1777777777777778 1.0
0 1 4.317389632878279 0.18877005577087402 247.03785920143127 0.16666666666666666 1.0
0 1 3.7605055496069455 1.3245017528533936 248.36236095428467 0.1702127659574468 1.0
0 1 3.2754518797500736 0.30617403984069824 248.66853499412537 0.1702127659574468 1.0
0 1 2.8529634845718124 0.19225311279296875 248.86078810691833 0.16666666666666666 1.0
0 1 2.4849703012340436 0.20903587341308594 249.06982398033142 0.163265306122449 1.0
0 1 2.1644431943866964 0.24142074584960938 249.31124472618103 0.163265306122449 1.0
0 1 1.8852596907900219 0.12150096893310547 249.43274569511414 0.163265306122449 1.0
0 1 1.6420870323301746 0.11018180847167969 249.54292750358582 0.163265306122449 1.0
0 1 1.4302803135927475 0.3719758987426758 249.9149034023285 0.163265306122449 1.0
0 1 1.2457937582930971 0.11447501182556152 250.02937841415405 0.163265306122449 1.0
0 1 1.0851034398309916 0.7697200775146484 250.7990984916687 0.1568627450980392 1.0
0 1 0.945139969834425 0.4998819828033447 251.29898047447205 0.1568627450980392 1.0
0 1 0.823229868958621 0.7421340942382812 252.04111456871033 0.1568627450980392 1.0
0 1 0.7170445000483404 1.3863837718963623 253.4274983406067 0.15384615384615383 1.0
0 1 0.624555588222246 1.246978998184204 254.6744773387909 0.1509433962264151 1.0
0 1 0.5439964782567033 0.9208390712738037 255.5953164100647 0.1509433962264151 1.0
0 1 0.4738283892360109 0.8144659996032715 256.40978240966797 0.1509433962264151 1.0
0 1 0.4127110218901976 0.8353221416473389 257.2451045513153 0.1481481481481481 1.0
0 1 0.3594769571833539 0.806088924407959 258.05119347572327 0.1481481481481481 1.0
0 0.1 130.20161032759302 0.0011818408966064453 258.0523753166199 0.0 1.0
0 0.1 113.40738729625762 0.0011758804321289062 258.053551197052 0.0 1.0
0 0.1 98.77938883400856 0.0011661052703857422 258.0547173023224 0.0 1.0
0 0.1 86.03820166433057 0.0012562274932861328 258.0559735298157 0.0 1.0
0 0.1 74.9404529934022 0.0012402534484863281 258.05721378326416 0.0 1.0
0 0.1 65.27416178184274 0.0011820793151855469 258.05839586257935 0.0 1.0
0 0.1 56.854689638682785 0.0011758804321289062 258.0595717430115 0.0 1.0
0 0.1 49.52121399451067 0.0011818408966064453 258.0607535839081 0.0 1.0
0 0.1 43.13365618693992 0.001196146011352539 258.06194972991943 0.0 1.0
0 0.1 37.570005780944214 0.0012390613555908203 258.063188791275 0.0 1.0
0 0.1 32.7239900151928 0.0012450218200683594 258.0644338130951 0.0 1.0
0 0.1 28.503043857863506 0.0011692047119140625 258.065603017807 0.0 1.0
0 0.1 24.826541897430772 0.0173799991607666 258.0829830169678 0.5714285714285715 1.0
0 0.1 21.624258295306348 0.008170843124389648 258.09115386009216 0.5714285714285715 1.0
0 0.1 18.835025383479486 0.00813603401184082 258.099289894104 0.5714285714285715 1.0
0 0.1 16.405565284674683 0.008140087127685547 258.1074299812317 0.5714285714285715 1.0
0 0.1 14.289472237493916 0.008104085922241211 258.11553406715393 0.5714285714285715 1.0
0 0.1 12.446326187665905 0.006945133209228516 258.12247920036316 0.5714285714285715 1.0
0 0.1 10.840920713874212 0.01394796371459961 258.13642716407776 0.7499999999999999 1.0
0 0.1 9.44259054057033 0.008124113082885742 258.14455127716064 0.7499999999999999 1.0
0 0.1 8.224625792416147 0.008124828338623047 258.15267610549927 0.7499999999999999 1.0
0 0.1 7.163761801874259 0.008118867874145508 258.1607949733734 0.7499999999999999 1.0
0 0.1 6.239734724625884 0.0070078372955322266 258.16780281066895 0.7499999999999999 1.0
0 0.1 5.43489447450858 0.021979808807373047 258.1897826194763 0.7272727272727272 1.0
0 0.1 4.733867584541418 0.012845039367675781 258.202627658844 0.7272727272727272 1.0
0 0.1 4.123263554256632 0.010452985763549805 258.21308064460754 0.7272727272727272 1.0
0 0.1 3.591419074200402 0.03674602508544922 258.249826669693 0.5714285714285714 1.0
0 0.1 3.128175241967003 0.07455682754516602 258.32438349723816 0.4444444444444444 1.0
0 0.1 2.7246835143108377 0.04773116111755371 258.3721146583557 0.4 1.0
0 0.1 2.373236688776134 0.08310508728027344 258.455219745636 0.3636363636363636 1.0
0 0.1 2.0671216863796724 0.1362149715423584 258.59143471717834 0.32000000000000006 1.0
0 0.1 1.8004913233094775 0.048073768615722656 258.63950848579407 0.32000000000000006 1.0
0 0.1 1.5682526223167341 0.16477203369140625 258.8042805194855 0.2962962962962963 1.0
0 0.1 1.3659695304072161 0.11879515647888184 258.92307567596436 0.27586206896551724 1.0
0 0.1 1.1897781846170337 0.09433412551879883 259.01740980148315 0.26666666666666666 1.0
0 0.1 1.036313107341863 0.16617608070373535 259.1835858821869 0.25806451612903225 1.0
0 0.1 0.9026429214570189 0.15291976928710938 259.336505651474 0.24242424242424243 1.0
0 0.1 0.786214357305898 0.10976409912109375 259.4462697505951 0.2352941176470588 1.0
0 0.1 0.6848034820193963 0.3560371398925781 259.80230689048767 0.2285714285714286 1.0
0 0.1 0.5964732195846044 0.1478731632232666 259.95018005371094 0.2285714285714286 1.0
0 0.1 0.5195363502423698 0.1861248016357422 260.1363048553467 0.21621621621621623 1.0
0 0.1 0.4525232824553942 0.17862391471862793 260.3149287700653 0.20512820512820512 1.0
0 0.1 0.3941539818506903 0.3135402202606201 260.6284689903259 0.19999999999999998 1.0
0 0.1 0.34331352094368267 0.8198251724243164 261.44829416275024 0.19512195121951217 1.0
0 0.1 0.2990307826127625 0.2074441909790039 261.65573835372925 0.2105263157894737 1.0
0 0.1 0.2604599105337001 0.19020414352416992 261.8459424972534 0.19999999999999998 1.0
0 0.1 0.22686415225376097 0.13689017295837402 261.9828326702118 0.19999999999999998 1.0
0 0.1 0.19760178628779224 0.02567291259765625 262.00850558280945 0.19512195121951217 1.0
0 0.1 0.17211386442601356 0.3325488567352295 262.3410544395447 0.18604651162790697 1.0
0 0.1 0.14991353511608546 0.6818273067474365 263.0228817462921 0.18181818181818182 1.0
0 0.01 28.211963230963963 0.0015540122985839844 263.0244357585907 0.0 1.0
0 0.01 24.573006681497752 0.0011959075927734375 263.0256316661835 0.0 1.0
0 0.01 21.403425646968028 0.0012891292572021484 263.0269207954407 0.0 1.0
0 0.01 18.642677119777133 0.0012621879577636719 263.02818298339844 0.0 1.0
0 0.01 16.238027310431736 0.0012629032135009766 263.02944588661194 0.0 1.0
0 0.01 14.143544365449966 0.0013740062713623047 263.0308198928833 0.0 1.0
0 0.01 12.319221010851523 0.0012521743774414062 263.03207206726074 0.0 1.0
0 0.01 10.730210362611421 0.0015537738800048828 263.03362584114075 0.0 1.0
0 0.01 9.346160307090315 0.001245260238647461 263.0348711013794 0.0 1.0
0 0.01 8.140633737265514 0.001232147216796875 263.0361032485962 0.0 1.0
0 0.01 7.090603570541246 0.0012068748474121094 263.0373101234436 0.0 1.0
0 0.01 6.176012902339531 0.0012347698211669922 263.03854489326477 0.0 1.0
0 0.01 5.379391893848717 0.001219034194946289 263.0397639274597 0.0 1.0
0 0.01 4.685524076001097 0.0011539459228515625 263.04091787338257 0.0 1.0
0 0.01 4.081155695663349 0.001168966293334961 263.0420868396759 0.0 1.0
0 0.01 3.554742552184356 0.0012469291687011719 263.0433337688446 0.0 1.0
0 0.01 3.09622948855821 0.0011589527130126953 263.0444927215576 0.0 1.0
0 0.01 2.6968583252045994 0.001155853271484375 263.0456485748291 0.0 1.0
0 0.01 2.349000567658869 0.015631675720214844 263.0612802505493 0.5714285714285715 1.0
0 0.01 2.046011692676912 0.008774995803833008 263.07005524635315 0.5714285714285715 1.0
0 0.01 1.7821042294352372 0.0065801143646240234 263.0766353607178 0.5714285714285715 1.0
0 0.01 1.5522372115164986 0.006378173828125 263.0830135345459 0.5714285714285715 1.0
0 0.01 1.3520198880735976 0.009589910507202148 263.0926034450531 0.5714285714285715 1.0
0 0.01 1.1776278549337647 0.006078004837036133 263.09868144989014 0.5714285714285715 1.0
0 0.01 1.0257300036406054 0.01077723503112793 263.10945868492126 0.7499999999999999 1.0
0 0.01 0.8934248930683893 0.00619816780090332 263.11565685272217 0.7499999999999999 1.0
0 0.01 0.7781853282259436 0.006433963775634766 263.1220908164978 0.7499999999999999 1.0
0 0.01 0.6778100876351608 0.010148763656616211 263.1322395801544 0.7499999999999999 1.0
0 0.01 0.590381877216004 0.006035804748535156 263.13827538490295 0.7499999999999999 1.0
0 0.01 0.5142307075440048 0.013866186141967773 263.1521415710449 0.7272727272727272 1.0
0 0.01 0.44790199493955546 0.0072171688079833984 263.1593587398529 0.7272727272727272 1.0
0 0.01 0.39012877707943217 0.028276920318603516 263.1876356601715 0.5000000000000001 1.0
0 0.01 0.33980751241358653 0.04378104209899902 263.2314167022705 0.4 1.0
0 0.01 0.2959770011254507 0.021711111068725586 263.25312781333923 0.4 1.0
0 0.01 0.2578000249994245 0.019232988357543945 263.2723608016968 0.4 1.0
0 0.01 0.22454735549379537 0.06670117378234863 263.3390619754791 0.2857142857142857 1.0
0 0.01 0.19558382455304058 0.0381159782409668 263.3771779537201 0.2857142857142857 1.0
0 0.01 0.1703561920944177 0.0822913646697998 263.4594693183899 0.25 1.0
0 0.01 0.14838257842248037 0.03372621536254883 263.49319553375244 0.25 1.0
0 0.01 0.12924325971726744 0.07401919364929199 263.56721472740173 0.2352941176470588 1.0
0 0.01 0.1125726507783501 0.0693511962890625 263.6365659236908 0.2222222222222222 1.0
0 0.01 0.09805232188500161 0.1426560878753662 263.77922201156616 0.2222222222222222 1.0
0 0.01 0.08540491638568569 0.110443115234375 263.88966512680054 0.21621621621621623 1.0
0 0.01 0.07438885283512764 0.05094194412231445 263.94060707092285 0.21621621621621623 1.0
0 0.01 0.06479371048308594 0.05007219314575195 263.9906792640686 0.21621621621621623 1.0
0 0.01 0.056436209971818335 0.09014606475830078 264.0808253288269 0.2105263157894737 1.0
0 0.01 0.049156712468482675 0.0883331298828125 264.1691584587097 0.20512820512820512 1.0
0 0.01 0.0428161703614703 0.055909156799316406 264.22506761550903 0.20512820512820512 1.0
0 0.01 0.03729347127511503 0.05200004577636719 264.2770676612854 0.20512820512820512 1.0
0 0.01 0.032483124670098805 0.09671592712402344 264.3737835884094 0.19999999999999998 1.0
