[216.40736058 188.4937774  164.18066384 143.00360867 124.55810333
 108.49181534  94.49785828  82.30892987  71.69220614  62.44489425
  54.39035884  47.37474809  41.26405496  35.94155748  31.30558923
  27.26759733  23.75045104  20.68696841  18.01863304  15.69447636
  13.67010404  11.906848    10.37102782   9.03330739   7.86813455
   6.85325305   5.96927734   5.19932239   4.52868107   3.94454329
   3.43575127   2.99258645   2.60658382   2.27037024   1.9775236
   1.72245016   1.5002777    1.30676244   1.138208     0.99139477
   0.86351843   0.75213639   0.65512111   0.57061946   0.49701737
   0.43290895   0.37706963   0.32843281   0.28606948   0.24917044]0 1 312.2098259152708 0.0012249946594238281 0.0012249946594238281 0.0 1.0
0 1 271.93903789811014 0.0012180805206298828 0.002443075180053711 0.0 1.0
0 1 236.8626295349813 0.028181076049804688 0.0306241512298584 0.33333333333333337 1.0
0 1 206.31059705097118 0.022881031036376953 0.05350518226623535 0.5714285714285715 1.0
0 1 179.69935797424765 0.014930248260498047 0.0684354305267334 0.5714285714285715 1.0
0 1 156.52060397255676 0.012609004974365234 0.08104443550109863 0.5714285714285715 1.0
0 1 136.33159152101595 0.010760784149169922 0.09180521965026855 0.5714285714285715 1.0
0 1 118.74668494067365 0.022518634796142578 0.11432385444641113 0.7499999999999999 1.0
0 1 103.42999026917344 0.014201879501342773 0.1285257339477539 0.7499999999999999 1.0
0 1 90.08893926113359 0.009565114974975586 0.1380908489227295 0.7499999999999999 1.0
0 1 78.46870096453189 0.0070552825927734375 0.14514613151550293 0.7499999999999999 1.0
0 1 68.34731412713553 0.007328033447265625 0.15247416496276855 0.7499999999999999 1.0
0 1 59.53144745577994 0.008235931396484375 0.16071009635925293 0.6666666666666665 1.0
0 1 51.85270674408604 0.010891914367675781 0.1716020107269287 0.7272727272727272 1.0
0 1 45.16441833008278 0.009727954864501953 0.18132996559143066 0.7272727272727272 1.0
0 1 39.33882744370648 0.008379936218261719 0.18970990180969238 0.6153846153846154 1.0
0 1 34.26465792907022 0.021232128143310547 0.21094202995300293 0.47058823529411764 1.0
0 1 29.84498672911064 0.021254301071166992 0.23219633102416992 0.3636363636363636 1.0
0 1 25.99539253258091 0.024471044540405273 0.2566673755645752 0.3076923076923077 1.0
0 1 22.642343220204207 0.07174992561340332 0.3284173011779785 0.26666666666666666 1.0
0 1 19.721791308170232 0.07616996765136719 0.4045872688293457 0.27586206896551724 1.0
0 1 17.177950560167822 0.13217806816101074 0.5367653369903564 0.26666666666666666 1.0
0 1 14.962230399696251 0.10645389556884766 0.6432192325592041 0.24242424242424243 1.0
0 1 13.03230776858211 0.09046101570129395 0.733680248260498 0.2222222222222222 1.0
0 1 11.351318703025308 0.08419919013977051 0.8178794384002686 0.2222222222222222 1.0
0 1 9.887154185253786 0.07868218421936035 0.8965616226196289 0.21621621621621623 1.0
0 1 8.611846820663045 0.07753586769104004 0.974097490310669 0.20512820512820512 1.0
0 1 7.501036625197576 0.0866553783416748 1.0607528686523438 0.19999999999999998 1.0
0 1 6.53350571883761 0.07190084457397461 1.1326537132263184 0.20512820512820512 1.0
0 1 5.69077303724795 0.08658576011657715 1.2192394733428955 0.18604651162790697 1.0
0 1 4.956741320068812 0.0679328441619873 1.2871723175048828 0.1777777777777778 1.0
0 1 4.317389632878279 0.0787801742553711 1.365952491760254 0.1702127659574468 1.0
0 1 3.7605055496069455 0.8861639499664307 2.2521164417266846 0.1702127659574468 1.0
0 1 3.2754518797500736 0.17340493202209473 2.4255213737487793 0.1702127659574468 1.0
0 1 2.8529634845718124 0.04130697250366211 2.4668283462524414 0.16666666666666666 1.0
0 1 2.4849703012340436 0.05452394485473633 2.5213522911071777 0.163265306122449 1.0
0 1 2.1644431943866964 0.1196296215057373 2.640981912612915 0.163265306122449 1.0
0 1 1.8852596907900219 0.050830841064453125 2.691812753677368 0.163265306122449 1.0
0 1 1.6420870323301746 0.04858708381652832 2.7403998374938965 0.163265306122449 1.0
0 1 1.4302803135927475 0.04616999626159668 2.786569833755493 0.163265306122449 1.0
0 1 1.2457937582930971 0.044786930084228516 2.8313567638397217 0.163265306122449 1.0
0 1 1.0851034398309916 0.22436881065368652 3.055725574493408 0.1568627450980392 1.0
0 1 0.945139969834425 0.19647884368896484 3.252204418182373 0.1568627450980392 1.0
0 1 0.823229868958621 0.47272586822509766 3.7249302864074707 0.1568627450980392 1.0
0 1 0.7170445000483404 0.1362900733947754 3.861220359802246 0.1481481481481481 1.0
0 1 0.624555588222246 1.3765449523925781 5.237765312194824 0.15384615384615383 1.0
0 1 0.5439964782567033 0.14784002304077148 5.385605335235596 0.1481481481481481 1.0
0 1 0.4738283892360109 1.0732498168945312 6.458855152130127 0.1509433962264151 1.0
0 1 0.4127110218901976 0.27006006240844727 6.728915214538574 0.14545454545454545 1.0
0 1 0.3594769571833539 0.34213829040527344 7.071053504943848 0.1481481481481481 1.0
0 0.1 130.20161032759302 0.0011730194091796875 7.072226524353027 0.0 1.0
0 0.1 113.40738729625762 0.0011718273162841797 7.0733983516693115 0.0 1.0
0 0.1 98.77938883400856 0.0011630058288574219 7.074561357498169 0.0 1.0
0 0.1 86.03820166433057 0.0012309551239013672 7.07579231262207 0.0 1.0
0 0.1 74.9404529934022 0.0012788772583007812 7.077071189880371 0.0 1.0
0 0.1 65.27416178184274 0.0012340545654296875 7.078305244445801 0.0 1.0
0 0.1 56.854689638682785 0.0012371540069580078 7.079542398452759 0.0 1.0
0 0.1 49.52121399451067 0.0012080669403076172 7.080750465393066 0.0 1.0
0 0.1 43.13365618693992 0.001191854476928711 7.081942319869995 0.0 1.0
0 0.1 37.570005780944214 0.0012240409851074219 7.0831663608551025 0.0 1.0
0 0.1 32.7239900151928 0.001332998275756836 7.084499359130859 0.0 1.0
0 0.1 28.503043857863506 0.0012278556823730469 7.085727214813232 0.0 1.0
0 0.1 24.826541897430772 0.015157699584960938 7.100884914398193 0.5714285714285715 1.0
0 0.1 21.624258295306348 0.0060272216796875 7.106912136077881 0.5714285714285715 1.0
0 0.1 18.835025383479486 0.005841970443725586 7.1127541065216064 0.5714285714285715 1.0
0 0.1 16.405565284674683 0.0058879852294921875 7.118642091751099 0.5714285714285715 1.0
0 0.1 14.289472237493916 0.004973173141479492 7.123615264892578 0.5714285714285715 1.0
0 0.1 12.446326187665905 0.004683971405029297 7.128299236297607 0.5714285714285715 1.0
0 0.1 10.840920713874212 0.010748863220214844 7.139048099517822 0.7499999999999999 1.0
0 0.1 9.44259054057033 0.004681110382080078 7.143729209899902 0.7499999999999999 1.0
0 0.1 8.224625792416147 0.004712104797363281 7.148441314697266 0.7499999999999999 1.0
0 0.1 7.163761801874259 0.004779815673828125 7.153221130371094 0.7499999999999999 1.0
0 0.1 6.239734724625884 0.004665851593017578 7.157886981964111 0.7499999999999999 1.0
0 0.1 5.43489447450858 0.015315055847167969 7.173202037811279 0.7272727272727272 1.0
0 0.1 4.733867584541418 0.008374929428100586 7.18157696723938 0.7272727272727272 1.0
0 0.1 4.123263554256632 0.0070421695709228516 7.188619136810303 0.7272727272727272 1.0
0 0.1 3.591419074200402 0.02927994728088379 7.2178990840911865 0.5714285714285714 1.0
0 0.1 3.128175241967003 0.06321001052856445 7.281109094619751 0.4444444444444444 1.0
0 0.1 2.7246835143108377 0.03340291976928711 7.314512014389038 0.4 1.0
0 0.1 2.373236688776134 0.061052799224853516 7.375564813613892 0.3636363636363636 1.0
0 0.1 2.0671216863796724 0.09890413284301758 7.474468946456909 0.32000000000000006 1.0
0 0.1 1.8004913233094775 0.024523019790649414 7.498991966247559 0.32000000000000006 1.0
0 0.1 1.5682526223167341 0.12202215194702148 7.62101411819458 0.2962962962962963 1.0
0 0.1 1.3659695304072161 0.07322096824645996 7.69423508644104 0.27586206896551724 1.0
0 0.1 1.1897781846170337 0.05185723304748535 7.746092319488525 0.26666666666666666 1.0
0 0.1 1.036313107341863 0.09897518157958984 7.845067501068115 0.25806451612903225 1.0
0 0.1 0.9026429214570189 0.11448121070861816 7.959548711776733 0.24242424242424243 1.0
0 0.1 0.786214357305898 0.06351089477539062 8.023059606552124 0.2352941176470588 1.0
0 0.1 0.6848034820193963 0.19109582901000977 8.214155435562134 0.2285714285714286 1.0
0 0.1 0.5964732195846044 0.07454419136047363 8.288699626922607 0.2285714285714286 1.0
0 0.1 0.5195363502423698 0.08442020416259766 8.373119831085205 0.21621621621621623 1.0
0 0.1 0.4525232824553942 0.09074592590332031 8.463865756988525 0.20512820512820512 1.0
0 0.1 0.3941539818506903 0.16347122192382812 8.627336978912354 0.19999999999999998 1.0
0 0.1 0.34331352094368267 0.48180198669433594 9.10913896560669 0.19512195121951217 1.0
0 0.1 0.2990307826127625 0.14457201957702637 9.253710985183716 0.2105263157894737 1.0
0 0.1 0.2604599105337001 0.0643150806427002 9.318026065826416 0.19999999999999998 1.0
0 0.1 0.22686415225376097 0.057476043701171875 9.375502109527588 0.19999999999999998 1.0
0 0.1 0.19760178628779224 0.06678605079650879 9.442288160324097 0.19512195121951217 1.0
0 0.1 0.17211386442601356 0.08279228210449219 9.525080442428589 0.18604651162790697 1.0
0 0.1 0.14991353511608546 0.1932511329650879 9.718331575393677 0.18181818181818182 1.0
0 0.01 28.211963230963963 0.0011909008026123047 9.719522476196289 0.0 1.0
0 0.01 24.573006681497752 0.0011718273162841797 9.720694303512573 0.0 1.0
0 0.01 21.403425646968028 0.0011551380157470703 9.72184944152832 0.0 1.0
0 0.01 18.642677119777133 0.0012271404266357422 9.723076581954956 0.0 1.0
0 0.01 16.238027310431736 0.0012879371643066406 9.724364519119263 0.0 1.0
0 0.01 14.143544365449966 0.0011699199676513672 9.725534439086914 0.0 1.0
0 0.01 12.319221010851523 0.0011608600616455078 9.72669529914856 0.0 1.0
0 0.01 10.730210362611421 0.0011630058288574219 9.727858304977417 0.0 1.0
0 0.01 9.346160307090315 0.0011548995971679688 9.729013204574585 0.0 1.0
0 0.01 8.140633737265514 0.0011897087097167969 9.730202913284302 0.0 1.0
0 0.01 7.090603570541246 0.0012202262878417969 9.731423139572144 0.0 1.0
0 0.01 6.176012902339531 0.0012600421905517578 9.732683181762695 0.0 1.0
0 0.01 5.379391893848717 0.001168966293334961 9.73385214805603 0.0 1.0
0 0.01 4.685524076001097 0.0011751651763916016 9.735027313232422 0.0 1.0
0 0.01 4.081155695663349 0.0012252330780029297 9.736252546310425 0.0 1.0
0 0.01 3.554742552184356 0.0011811256408691406 9.737433671951294 0.0 1.0
0 0.01 3.09622948855821 0.0011639595031738281 9.738597631454468 0.0 1.0
0 0.01 2.6968583252045994 0.0011608600616455078 9.739758491516113 0.0 1.0
0 0.01 2.349000567658869 0.009523868560791016 9.749282360076904 0.5714285714285715 1.0
0 0.01 2.046011692676912 0.0036640167236328125 9.752946376800537 0.5714285714285715 1.0
0 0.01 1.7821042294352372 0.0037720203399658203 9.756718397140503 0.5714285714285715 1.0
0 0.01 1.5522372115164986 0.003518819808959961 9.760237216949463 0.5714285714285715 1.0
0 0.01 1.3520198880735976 0.0035588741302490234 9.763796091079712 0.5714285714285715 1.0
0 0.01 1.1776278549337647 0.0036339759826660156 9.767430067062378 0.5714285714285715 1.0
0 0.01 1.0257300036406054 0.008242130279541016 9.775672197341919 0.7499999999999999 1.0
0 0.01 0.8934248930683893 0.003595113754272461 9.779267311096191 0.7499999999999999 1.0
0 0.01 0.7781853282259436 0.003631114959716797 9.782898426055908 0.7499999999999999 1.0
0 0.01 0.6778100876351608 0.003598928451538086 9.786497354507446 0.7499999999999999 1.0
0 0.01 0.590381877216004 0.003526926040649414 9.790024280548096 0.7499999999999999 1.0
0 0.01 0.5142307075440048 0.009658098220825195 9.799682378768921 0.7272727272727272 1.0
0 0.01 0.44790199493955546 0.004787921905517578 9.804470300674438 0.7272727272727272 1.0
0 0.01 0.39012877707943217 0.021639108657836914 9.826109409332275 0.5000000000000001 1.0
0 0.01 0.33980751241358653 0.03287386894226074 9.858983278274536 0.4 1.0
0 0.01 0.2959770011254507 0.00966191291809082 9.868645191192627 0.4 1.0
0 0.01 0.2578000249994245 0.00974893569946289 9.87839412689209 0.4 1.0
0 0.01 0.22454735549379537 0.0456538200378418 9.924047946929932 0.2857142857142857 1.0
0 0.01 0.19558382455304058 0.018095970153808594 9.94214391708374 0.2857142857142857 1.0
0 0.01 0.1703561920944177 0.04293394088745117 9.985077857971191 0.25 1.0
0 0.01 0.14838257842248037 0.016188383102416992 10.001266241073608 0.25 1.0
0 0.01 0.12924325971726744 0.048345088958740234 10.049611330032349 0.2352941176470588 1.0
0 0.01 0.1125726507783501 0.04042410850524902 10.090035438537598 0.2222222222222222 1.0
0 0.01 0.09805232188500161 0.10869288444519043 10.198728322982788 0.2222222222222222 1.0
0 0.01 0.08540491638568569 0.06514215469360352 10.263870477676392 0.21621621621621623 1.0
0 0.01 0.07438885283512764 0.01512765884399414 10.278998136520386 0.21621621621621623 1.0
0 0.01 0.06479371048308594 0.014225959777832031 10.293224096298218 0.21621621621621623 1.0
0 0.01 0.056436209971818335 0.049952030181884766 10.343176126480103 0.2105263157894737 1.0
0 0.01 0.049156712468482675 0.0535738468170166 10.39674997329712 0.20512820512820512 1.0
0 0.01 0.0428161703614703 0.02189803123474121 10.41864800453186 0.20512820512820512 1.0
0 0.01 0.03729347127511503 0.023153066635131836 10.441801071166992 0.20512820512820512 1.0
0 0.01 0.032483124670098805 0.04429984092712402 10.486100912094116 0.19999999999999998 1.0
