[216.40736058 188.4937774  164.18066384 143.00360867 124.55810333
 108.49181534  94.49785828  82.30892987  71.69220614  62.44489425
  54.39035884  47.37474809  41.26405496  35.94155748  31.30558923
  27.26759733  23.75045104  20.68696841  18.01863304  15.69447636
  13.67010404  11.906848    10.37102782   9.03330739   7.86813455
   6.85325305   5.96927734   5.19932239   4.52868107   3.94454329
   3.43575127   2.99258645   2.60658382   2.27037024   1.9775236
   1.72245016   1.5002777    1.30676244   1.138208     0.99139477
   0.86351843   0.75213639   0.65512111   0.57061946   0.49701737
   0.43290895   0.37706963   0.32843281   0.28606948   0.24917044]0 1 312.2098259152708 0.0006477832794189453 0.0006477832794189453 0.0 1.0
0 1 271.93903789811014 0.0006611347198486328 0.0013089179992675781 0.0 1.0
0 1 236.8626295349813 0.007664203643798828 0.008973121643066406 0.33333333333333337 1.0
0 1 206.31059705097118 0.007008075714111328 0.015981197357177734 0.5714285714285715 1.0
0 1 179.69935797424765 0.004147052764892578 0.020128250122070312 0.5714285714285715 1.0
0 1 156.52060397255676 0.0037686824798583984 0.02389693260192871 0.5714285714285715 1.0
0 1 136.33159152101595 0.0028259754180908203 0.02672290802001953 0.5714285714285715 1.0
0 1 118.74668494067365 0.007442951202392578 0.03416585922241211 0.7499999999999999 1.0
0 1 103.42999026917344 0.004750251770019531 0.03891611099243164 0.7499999999999999 1.0
0 1 90.08893926113359 0.004091978073120117 0.04300808906555176 0.7499999999999999 1.0
0 1 78.46870096453189 0.0032749176025390625 0.04628300666809082 0.7499999999999999 1.0
0 1 68.34731412713553 0.004028797149658203 0.05031180381774902 0.7499999999999999 1.0
0 1 59.53144745577994 0.005208015441894531 0.055519819259643555 0.6666666666666665 1.0
0 1 51.85270674408604 0.007726907730102539 0.0632467269897461 0.7272727272727272 1.0
0 1 45.16441833008278 0.00793910026550293 0.07118582725524902 0.7272727272727272 1.0
0 1 39.33882744370648 0.00834202766418457 0.0795278549194336 0.6153846153846154 1.0
0 1 34.26465792907022 0.015807151794433594 0.09533500671386719 0.47058823529411764 1.0
0 1 29.84498672911064 0.018268823623657227 0.11360383033752441 0.3636363636363636 1.0
0 1 25.99539253258091 0.021967649459838867 0.13557147979736328 0.3076923076923077 1.0
0 1 22.642343220204207 0.05953192710876465 0.19510340690612793 0.26666666666666666 1.0
0 1 19.721791308170232 0.06661701202392578 0.2617204189300537 0.27586206896551724 1.0
0 1 17.177950560167822 0.1265861988067627 0.3883066177368164 0.26666666666666666 1.0
0 1 14.962230399696251 0.09822201728820801 0.4865286350250244 0.24242424242424243 1.0
0 1 13.03230776858211 0.09448790550231934 0.5810165405273438 0.2222222222222222 1.0
0 1 11.351318703025308 0.09051895141601562 0.6715354919433594 0.2222222222222222 1.0
0 1 9.887154185253786 0.08443117141723633 0.7559666633605957 0.21621621621621623 1.0
0 1 8.611846820663045 0.08463573455810547 0.8406023979187012 0.20512820512820512 1.0
0 1 7.501036625197576 0.09921789169311523 0.9398202896118164 0.19999999999999998 1.0
0 1 6.53350571883761 0.08834314346313477 1.0281634330749512 0.20512820512820512 1.0
0 1 5.69077303724795 0.10568594932556152 1.1338493824005127 0.18604651162790697 1.0
0 1 4.956741320068812 0.09141707420349121 1.225266456604004 0.1777777777777778 1.0
0 1 4.317389632878279 0.1117708683013916 1.3370373249053955 0.16666666666666666 1.0
0 1 3.7605055496069455 1.0735938549041748 2.4106311798095703 0.1702127659574468 1.0
0 1 3.2754518797500736 0.22115421295166016 2.6317853927612305 0.1702127659574468 1.0
0 1 2.8529634845718124 0.09682297706604004 2.7286083698272705 0.16666666666666666 1.0
0 1 2.4849703012340436 0.11616063117980957 2.84476900100708 0.163265306122449 1.0
0 1 2.1644431943866964 0.17592811584472656 3.0206971168518066 0.163265306122449 1.0
0 1 1.8852596907900219 0.07929134368896484 3.0999884605407715 0.163265306122449 1.0
0 1 1.6420870323301746 0.07858014106750488 3.1785686016082764 0.163265306122449 1.0
0 1 1.4302803135927475 0.07673406600952148 3.255302667617798 0.163265306122449 1.0
0 1 1.2457937582930971 0.07453298568725586 3.3298356533050537 0.163265306122449 1.0
0 1 1.0851034398309916 0.38720178604125977 3.7170374393463135 0.1568627450980392 1.0
0 1 0.945139969834425 0.33763670921325684 4.05467414855957 0.1568627450980392 1.0
0 1 0.823229868958621 0.5858829021453857 4.640557050704956 0.1568627450980392 1.0
0 1 0.7170445000483404 1.1619131565093994 5.8024702072143555 0.15384615384615383 1.0
0 1 0.624555588222246 0.9743747711181641 6.7768449783325195 0.1509433962264151 1.0
0 1 0.5439964782567033 0.630763053894043 7.4076080322265625 0.1509433962264151 1.0
0 1 0.4738283892360109 0.5596888065338135 7.967296838760376 0.1509433962264151 1.0
0 1 0.4127110218901976 0.5576462745666504 8.524943113327026 0.1481481481481481 1.0
0 1 0.3594769571833539 0.5429937839508057 9.067936897277832 0.1481481481481481 1.0
0 0.1 130.20161032759302 0.0006511211395263672 9.068588018417358 0.0 1.0
0 0.1 113.40738729625762 0.0006420612335205078 9.069230079650879 0.0 1.0
0 0.1 98.77938883400856 0.0006220340728759766 9.069852113723755 0.0 1.0
0 0.1 86.03820166433057 0.0006349086761474609 9.070487022399902 0.0 1.0
0 0.1 74.9404529934022 0.0006480216979980469 9.0711350440979 0.0 1.0
0 0.1 65.27416178184274 0.0006668567657470703 9.071801900863647 0.0 1.0
0 0.1 56.854689638682785 0.0006568431854248047 9.072458744049072 0.0 1.0
0 0.1 49.52121399451067 0.0006358623504638672 9.073094606399536 0.0 1.0
0 0.1 43.13365618693992 0.0006818771362304688 9.073776483535767 0.0 1.0
0 0.1 37.570005780944214 0.0006399154663085938 9.074416399002075 0.0 1.0
0 0.1 32.7239900151928 0.0006263256072998047 9.075042724609375 0.0 1.0
0 0.1 28.503043857863506 0.0006320476531982422 9.075674772262573 0.0 1.0
0 0.1 24.826541897430772 0.007525205612182617 9.083199977874756 0.5714285714285715 1.0
0 0.1 21.624258295306348 0.0019218921661376953 9.085121870040894 0.5714285714285715 1.0
0 0.1 18.835025383479486 0.001744985580444336 9.086866855621338 0.5714285714285715 1.0
0 0.1 16.405565284674683 0.0018069744110107422 9.088673830032349 0.5714285714285715 1.0
0 0.1 14.289472237493916 0.0019168853759765625 9.090590715408325 0.5714285714285715 1.0
0 0.1 12.446326187665905 0.0018639564514160156 9.092454671859741 0.5714285714285715 1.0
0 0.1 10.840920713874212 0.0064220428466796875 9.098876714706421 0.7499999999999999 1.0
0 0.1 9.44259054057033 0.002232789993286133 9.101109504699707 0.7499999999999999 1.0
0 0.1 8.224625792416147 0.002212047576904297 9.103321552276611 0.7499999999999999 1.0
0 0.1 7.163761801874259 0.0027840137481689453 9.10610556602478 0.7499999999999999 1.0
0 0.1 6.239734724625884 0.0027511119842529297 9.108856678009033 0.7499999999999999 1.0
0 0.1 5.43489447450858 0.012196779251098633 9.121053457260132 0.7272727272727272 1.0
0 0.1 4.733867584541418 0.005578041076660156 9.126631498336792 0.7272727272727272 1.0
0 0.1 4.123263554256632 0.006014108657836914 9.132645606994629 0.7272727272727272 1.0
0 0.1 3.591419074200402 0.026962995529174805 9.159608602523804 0.5714285714285714 1.0
0 0.1 3.128175241967003 0.061722755432128906 9.221331357955933 0.4444444444444444 1.0
0 0.1 2.7246835143108377 0.05176997184753418 9.273101329803467 0.4 1.0
0 0.1 2.373236688776134 0.05872082710266113 9.331822156906128 0.3636363636363636 1.0
0 0.1 2.0671216863796724 0.0910482406616211 9.422870397567749 0.32000000000000006 1.0
0 0.1 1.8004913233094775 0.02471137046813965 9.447581768035889 0.32000000000000006 1.0
0 0.1 1.5682526223167341 0.11760091781616211 9.56518268585205 0.2962962962962963 1.0
0 0.1 1.3659695304072161 0.0722508430480957 9.637433528900146 0.27586206896551724 1.0
0 0.1 1.1897781846170337 0.050601959228515625 9.688035488128662 0.26666666666666666 1.0
0 0.1 1.036313107341863 0.09797096252441406 9.786006450653076 0.25806451612903225 1.0
0 0.1 0.9026429214570189 0.12482285499572754 9.910829305648804 0.24242424242424243 1.0
0 0.1 0.786214357305898 0.0720970630645752 9.982926368713379 0.2352941176470588 1.0
0 0.1 0.6848034820193963 0.1896381378173828 10.172564506530762 0.2285714285714286 1.0
0 0.1 0.5964732195846044 0.0816340446472168 10.254198551177979 0.2285714285714286 1.0
0 0.1 0.5195363502423698 0.1030278205871582 10.357226371765137 0.21621621621621623 1.0
0 0.1 0.4525232824553942 0.10875701904296875 10.465983390808105 0.20512820512820512 1.0
0 0.1 0.3941539818506903 0.2006680965423584 10.666651487350464 0.19999999999999998 1.0
0 0.1 0.34331352094368267 0.5873920917510986 11.254043579101562 0.19512195121951217 1.0
0 0.1 0.2990307826127625 0.1794130802154541 11.433456659317017 0.2105263157894737 1.0
0 0.1 0.2604599105337001 0.10206723213195801 11.535523891448975 0.19999999999999998 1.0
0 0.1 0.22686415225376097 0.09191703796386719 11.627440929412842 0.19999999999999998 1.0
0 0.1 0.19760178628779224 0.10113525390625 11.728576183319092 0.19512195121951217 1.0
0 0.1 0.17211386442601356 0.16428089141845703 11.892857074737549 0.18604651162790697 1.0
0 0.1 0.14991353511608546 0.2905850410461426 12.183442115783691 0.18181818181818182 1.0
0 0.01 28.211963230963963 0.0006709098815917969 12.184113025665283 0.0 1.0
0 0.01 24.573006681497752 0.0006411075592041016 12.184754133224487 0.0 1.0
0 0.01 21.403425646968028 0.0006291866302490234 12.185383319854736 0.0 1.0
0 0.01 18.642677119777133 0.0006289482116699219 12.186012268066406 0.0 1.0
0 0.01 16.238027310431736 0.0006349086761474609 12.186647176742554 0.0 1.0
0 0.01 14.143544365449966 0.000644683837890625 12.187291860580444 0.0 1.0
0 0.01 12.319221010851523 0.0006458759307861328 12.18793773651123 0.0 1.0
0 0.01 10.730210362611421 0.0006651878356933594 12.188602924346924 0.0 1.0
0 0.01 9.346160307090315 0.0006377696990966797 12.18924069404602 0.0 1.0
0 0.01 8.140633737265514 0.0006480216979980469 12.189888715744019 0.0 1.0
0 0.01 7.090603570541246 0.0006220340728759766 12.190510749816895 0.0 1.0
0 0.01 6.176012902339531 0.0006711483001708984 12.191181898117065 0.0 1.0
0 0.01 5.379391893848717 0.0006580352783203125 12.191839933395386 0.0 1.0
0 0.01 4.685524076001097 0.0007250308990478516 12.192564964294434 0.0 1.0
0 0.01 4.081155695663349 0.0006351470947265625 12.19320011138916 0.0 1.0
0 0.01 3.554742552184356 0.000637054443359375 12.19383716583252 0.0 1.0
0 0.01 3.09622948855821 0.0006759166717529297 12.194513082504272 0.0 1.0
0 0.01 2.6968583252045994 0.0006721019744873047 12.19518518447876 0.0 1.0
0 0.01 2.349000567658869 0.0061817169189453125 12.201366901397705 0.5714285714285715 1.0
0 0.01 2.046011692676912 0.001310110092163086 12.202677011489868 0.5714285714285715 1.0
0 0.01 1.7821042294352372 0.001435995101928711 12.204113006591797 0.5714285714285715 1.0
0 0.01 1.5522372115164986 0.0013971328735351562 12.205510139465332 0.5714285714285715 1.0
0 0.01 1.3520198880735976 0.0014340877532958984 12.206944227218628 0.5714285714285715 1.0
0 0.01 1.1776278549337647 0.0016870498657226562 12.20863127708435 0.5714285714285715 1.0
0 0.01 1.0257300036406054 0.0052988529205322266 12.213930130004883 0.7499999999999999 1.0
0 0.01 0.8934248930683893 0.0018527507781982422 12.215782880783081 0.7499999999999999 1.0
0 0.01 0.7781853282259436 0.002279043197631836 12.218061923980713 0.7499999999999999 1.0
0 0.01 0.6778100876351608 0.0023980140686035156 12.220459938049316 0.7499999999999999 1.0
0 0.01 0.590381877216004 0.002650022506713867 12.22310996055603 0.7499999999999999 1.0
0 0.01 0.5142307075440048 0.008221149444580078 12.23133111000061 0.7272727272727272 1.0
0 0.01 0.44790199493955546 0.003677845001220703 12.235008955001831 0.7272727272727272 1.0
0 0.01 0.39012877707943217 0.024653196334838867 12.25966215133667 0.5000000000000001 1.0
0 0.01 0.33980751241358653 0.02715277671813965 12.28681492805481 0.4 1.0
0 0.01 0.2959770011254507 0.008224725723266602 12.295039653778076 0.4 1.0
0 0.01 0.2578000249994245 0.010221004486083984 12.30526065826416 0.4 1.0
0 0.01 0.22454735549379537 0.046070098876953125 12.351330757141113 0.2857142857142857 1.0
0 0.01 0.19558382455304058 0.016521930694580078 12.367852687835693 0.2857142857142857 1.0
0 0.01 0.1703561920944177 0.043428897857666016 12.41128158569336 0.25 1.0
0 0.01 0.14838257842248037 0.016735076904296875 12.428016662597656 0.25 1.0
0 0.01 0.12924325971726744 0.05368494987487793 12.481701612472534 0.2352941176470588 1.0
0 0.01 0.1125726507783501 0.04514598846435547 12.52684760093689 0.2222222222222222 1.0
0 0.01 0.09805232188500161 0.11795306205749512 12.644800662994385 0.2222222222222222 1.0
0 0.01 0.08540491638568569 0.06821179389953613 12.713012456893921 0.21621621621621623 1.0
0 0.01 0.07438885283512764 0.02001500129699707 12.733027458190918 0.21621621621621623 1.0
0 0.01 0.06479371048308594 0.02065110206604004 12.753678560256958 0.21621621621621623 1.0
0 0.01 0.056436209971818335 0.0579829216003418 12.8116614818573 0.2105263157894737 1.0
0 0.01 0.049156712468482675 0.06284594535827637 12.874507427215576 0.20512820512820512 1.0
0 0.01 0.0428161703614703 0.030907869338989258 12.905415296554565 0.20512820512820512 1.0
0 0.01 0.03729347127511503 0.030898094177246094 12.936313390731812 0.20512820512820512 1.0
0 0.01 0.032483124670098805 0.058763980865478516 12.99507737159729 0.19999999999999998 1.0
