[216.40736058 188.4937774  164.18066384 143.00360867 124.55810333
 108.49181534  94.49785828  82.30892987  71.69220614  62.44489425
  54.39035884  47.37474809  41.26405496  35.94155748  31.30558923
  27.26759733  23.75045104  20.68696841  18.01863304  15.69447636
  13.67010404  11.906848    10.37102782   9.03330739   7.86813455
   6.85325305   5.96927734   5.19932239   4.52868107   3.94454329
   3.43575127   2.99258645   2.60658382   2.27037024   1.9775236
   1.72245016   1.5002777    1.30676244   1.138208     0.99139477
   0.86351843   0.75213639   0.65512111   0.57061946   0.49701737
   0.43290895   0.37706963   0.32843281   0.28606948   0.24917044]0 1 312.2098259152708 0.0006499290466308594 0.0006499290466308594 0.0 1.0
0 1 271.93903789811014 0.0006721019744873047 0.001322031021118164 0.0 1.0
0 1 236.8626295349813 0.009263992309570312 0.010586023330688477 0.33333333333333337 1.0
0 1 206.31059705097118 0.007764101028442383 0.01835012435913086 0.5714285714285715 1.0
0 1 179.69935797424765 0.004585981369018555 0.022936105728149414 0.5714285714285715 1.0
0 1 156.52060397255676 0.0041811466217041016 0.027117252349853516 0.5714285714285715 1.0
0 1 136.33159152101595 0.003719806671142578 0.030837059020996094 0.5714285714285715 1.0
0 1 118.74668494067365 0.008430242538452148 0.03926730155944824 0.7499999999999999 1.0
0 1 103.42999026917344 0.004930019378662109 0.04419732093811035 0.7499999999999999 1.0
0 1 90.08893926113359 0.004720926284790039 0.04891824722290039 0.7499999999999999 1.0
0 1 78.46870096453189 0.0035560131072998047 0.052474260330200195 0.7499999999999999 1.0
0 1 68.34731412713553 0.0046923160552978516 0.05716657638549805 0.7499999999999999 1.0
0 1 59.53144745577994 0.0061359405517578125 0.06330251693725586 0.6666666666666665 1.0
0 1 51.85270674408604 0.008475065231323242 0.0717775821685791 0.7272727272727272 1.0
0 1 45.16441833008278 0.008852958679199219 0.08063054084777832 0.7272727272727272 1.0
0 1 39.33882744370648 0.009575843811035156 0.09020638465881348 0.6153846153846154 1.0
0 1 34.26465792907022 0.01714801788330078 0.10735440254211426 0.47058823529411764 1.0
0 1 29.84498672911064 0.020746946334838867 0.12810134887695312 0.3636363636363636 1.0
0 1 25.99539253258091 0.026361942291259766 0.1544632911682129 0.3076923076923077 1.0
0 1 22.642343220204207 0.07225298881530762 0.2267162799835205 0.26666666666666666 1.0
0 1 19.721791308170232 0.08219504356384277 0.3089113235473633 0.27586206896551724 1.0
0 1 17.177950560167822 0.1457531452178955 0.4546644687652588 0.26666666666666666 1.0
0 1 14.962230399696251 0.12919092178344727 0.583855390548706 0.24242424242424243 1.0
0 1 13.03230776858211 0.10497522354125977 0.6888306140899658 0.2222222222222222 1.0
0 1 11.351318703025308 0.11055302619934082 0.7993836402893066 0.2222222222222222 1.0
0 1 9.887154185253786 0.10125088691711426 0.9006345272064209 0.21621621621621623 1.0
0 1 8.611846820663045 0.09835600852966309 0.998990535736084 0.20512820512820512 1.0
0 1 7.501036625197576 0.11851310729980469 1.1175036430358887 0.19999999999999998 1.0
0 1 6.53350571883761 0.10564470291137695 1.2231483459472656 0.20512820512820512 1.0
0 1 5.69077303724795 0.1275010108947754 1.350649356842041 0.18604651162790697 1.0
0 1 4.956741320068812 0.1400151252746582 1.4906644821166992 0.1777777777777778 1.0
0 1 4.317389632878279 0.14612507820129395 1.6367895603179932 0.16666666666666666 1.0
0 1 3.7605055496069455 1.1634521484375 2.800241708755493 0.1702127659574468 1.0
0 1 3.2754518797500736 0.25253820419311523 3.0527799129486084 0.1702127659574468 1.0
0 1 2.8529634845718124 0.13655400276184082 3.189333915710449 0.16666666666666666 1.0
0 1 2.4849703012340436 0.16174721717834473 3.351081132888794 0.163265306122449 1.0
0 1 2.1644431943866964 0.20561575889587402 3.556696891784668 0.163265306122449 1.0
0 1 1.8852596907900219 0.1342017650604248 3.6908986568450928 0.163265306122449 1.0
0 1 1.6420870323301746 0.0986638069152832 3.789562463760376 0.163265306122449 1.0
0 1 1.4302803135927475 0.09606790542602539 3.8856303691864014 0.163265306122449 1.0
0 1 1.2457937582930971 0.09434390068054199 3.9799742698669434 0.163265306122449 1.0
0 1 1.0851034398309916 0.504263162612915 4.484237432479858 0.1568627450980392 1.0
0 1 0.945139969834425 0.47386789321899414 4.9581053256988525 0.1568627450980392 1.0
0 1 0.823229868958621 0.7091982364654541 5.667303562164307 0.1568627450980392 1.0
0 1 0.7170445000483404 1.3727741241455078 7.0400776863098145 0.15384615384615383 1.0
0 1 0.624555588222246 1.2690610885620117 8.309138774871826 0.1509433962264151 1.0
0 1 0.5439964782567033 0.916640043258667 9.225778818130493 0.1509433962264151 1.0
0 1 0.4738283892360109 0.8337023258209229 10.059481143951416 0.1509433962264151 1.0
0 1 0.4127110218901976 0.853623628616333 10.913104772567749 0.1481481481481481 1.0
0 1 0.3594769571833539 0.8363981246948242 11.749502897262573 0.1481481481481481 1.0
0 0.1 130.20161032759302 0.0006439685821533203 11.750146865844727 0.0 1.0
0 0.1 113.40738729625762 0.000637054443359375 11.750783920288086 0.0 1.0
0 0.1 98.77938883400856 0.0006191730499267578 11.751403093338013 0.0 1.0
0 0.1 86.03820166433057 0.0006341934204101562 11.752037286758423 0.0 1.0
0 0.1 74.9404529934022 0.0006489753723144531 11.752686262130737 0.0 1.0
0 0.1 65.27416178184274 0.0006589889526367188 11.753345251083374 0.0 1.0
0 0.1 56.854689638682785 0.00063323974609375 11.753978490829468 0.0 1.0
0 0.1 49.52121399451067 0.0006389617919921875 11.75461745262146 0.0 1.0
0 0.1 43.13365618693992 0.0006582736968994141 11.75527572631836 0.0 1.0
0 0.1 37.570005780944214 0.0006458759307861328 11.755921602249146 0.0 1.0
0 0.1 32.7239900151928 0.0006430149078369141 11.756564617156982 0.0 1.0
0 0.1 28.503043857863506 0.0006568431854248047 11.757221460342407 0.0 1.0
0 0.1 24.826541897430772 0.007835149765014648 11.765056610107422 0.5714285714285715 1.0
0 0.1 21.624258295306348 0.0020020008087158203 11.767058610916138 0.5714285714285715 1.0
0 0.1 18.835025383479486 0.00197601318359375 11.769034624099731 0.5714285714285715 1.0
0 0.1 16.405565284674683 0.002064943313598633 11.77109956741333 0.5714285714285715 1.0
0 0.1 14.289472237493916 0.0020220279693603516 11.77312159538269 0.5714285714285715 1.0
0 0.1 12.446326187665905 0.001984119415283203 11.775105714797974 0.5714285714285715 1.0
0 0.1 10.840920713874212 0.007578849792480469 11.782684564590454 0.7499999999999999 1.0
0 0.1 9.44259054057033 0.0024008750915527344 11.785085439682007 0.7499999999999999 1.0
0 0.1 8.224625792416147 0.0027799606323242188 11.787865400314331 0.7499999999999999 1.0
0 0.1 7.163761801874259 0.003192901611328125 11.79105830192566 0.7499999999999999 1.0
0 0.1 6.239734724625884 0.0032269954681396484 11.794285297393799 0.7499999999999999 1.0
0 0.1 5.43489447450858 0.012722969055175781 11.807008266448975 0.7272727272727272 1.0
0 0.1 4.733867584541418 0.0066070556640625 11.813615322113037 0.7272727272727272 1.0
0 0.1 4.123263554256632 0.0064928531646728516 11.82010817527771 0.7272727272727272 1.0
0 0.1 3.591419074200402 0.0281369686126709 11.84824514389038 0.5714285714285714 1.0
0 0.1 3.128175241967003 0.06390976905822754 11.912154912948608 0.4444444444444444 1.0
0 0.1 2.7246835143108377 0.033087968826293945 11.945242881774902 0.4 1.0
0 0.1 2.373236688776134 0.06098508834838867 12.006227970123291 0.3636363636363636 1.0
0 0.1 2.0671216863796724 0.09670877456665039 12.102936744689941 0.32000000000000006 1.0
0 0.1 1.8004913233094775 0.02914905548095703 12.132085800170898 0.32000000000000006 1.0
0 0.1 1.5682526223167341 0.13365817070007324 12.265743970870972 0.2962962962962963 1.0
0 0.1 1.3659695304072161 0.08167099952697754 12.34741497039795 0.27586206896551724 1.0
0 0.1 1.1897781846170337 0.05659914016723633 12.404014110565186 0.26666666666666666 1.0
0 0.1 1.036313107341863 0.1122288703918457 12.516242980957031 0.25806451612903225 1.0
0 0.1 0.9026429214570189 0.14580702781677246 12.662050008773804 0.24242424242424243 1.0
0 0.1 0.786214357305898 0.08323311805725098 12.745283126831055 0.2352941176470588 1.0
0 0.1 0.6848034820193963 0.22541117668151855 12.970694303512573 0.2285714285714286 1.0
0 0.1 0.5964732195846044 0.09741497039794922 13.068109273910522 0.2285714285714286 1.0
0 0.1 0.5195363502423698 0.12369990348815918 13.191809177398682 0.21621621621621623 1.0
0 0.1 0.4525232824553942 0.13087010383605957 13.322679281234741 0.20512820512820512 1.0
0 0.1 0.3941539818506903 0.24413800239562988 13.566817283630371 0.19999999999999998 1.0
0 0.1 0.34331352094368267 0.6711950302124023 14.238012313842773 0.19512195121951217 1.0
0 0.1 0.2990307826127625 0.19321417808532715 14.4312264919281 0.2105263157894737 1.0
0 0.1 0.2604599105337001 0.12596988677978516 14.557196378707886 0.19999999999999998 1.0
0 0.1 0.22686415225376097 0.11571002006530762 14.672906398773193 0.19999999999999998 1.0
0 0.1 0.19760178628779224 0.12425398826599121 14.797160387039185 0.19512195121951217 1.0
0 0.1 0.17211386442601356 0.22895503044128418 15.026115417480469 0.18604651162790697 1.0
0 0.1 0.14991353511608546 0.35664796829223633 15.382763385772705 0.18181818181818182 1.0
0 0.01 28.211963230963963 0.0006427764892578125 15.383406162261963 0.0 1.0
0 0.01 24.573006681497752 0.0006327629089355469 15.384038925170898 0.0 1.0
0 0.01 21.403425646968028 0.0006258487701416016 15.38466477394104 0.0 1.0
0 0.01 18.642677119777133 0.0006322860717773438 15.385297060012817 0.0 1.0
0 0.01 16.238027310431736 0.0006530284881591797 15.385950088500977 0.0 1.0
0 0.01 14.143544365449966 0.0006771087646484375 15.386627197265625 0.0 1.0
0 0.01 12.319221010851523 0.0006489753723144531 15.38727617263794 0.0 1.0
0 0.01 10.730210362611421 0.0006330013275146484 15.387909173965454 0.0 1.0
0 0.01 9.346160307090315 0.0006449222564697266 15.388554096221924 0.0 1.0
0 0.01 8.140633737265514 0.0006561279296875 15.389210224151611 0.0 1.0
0 0.01 7.090603570541246 0.0006279945373535156 15.389838218688965 0.0 1.0
0 0.01 6.176012902339531 0.0006411075592041016 15.390479326248169 0.0 1.0
0 0.01 5.379391893848717 0.0007660388946533203 15.391245365142822 0.0 1.0
0 0.01 4.685524076001097 0.0006809234619140625 15.391926288604736 0.0 1.0
0 0.01 4.081155695663349 0.0006380081176757812 15.392564296722412 0.0 1.0
0 0.01 3.554742552184356 0.0006561279296875 15.3932204246521 0.0 1.0
0 0.01 3.09622948855821 0.0006670951843261719 15.393887519836426 0.0 1.0
0 0.01 2.6968583252045994 0.0006420612335205078 15.394529581069946 0.0 1.0
0 0.01 2.349000567658869 0.0080718994140625 15.402601480484009 0.5714285714285715 1.0
0 0.01 2.046011692676912 0.0017037391662597656 15.404305219650269 0.5714285714285715 1.0
0 0.01 1.7821042294352372 0.0015261173248291016 15.405831336975098 0.5714285714285715 1.0
0 0.01 1.5522372115164986 0.0016050338745117188 15.40743637084961 0.5714285714285715 1.0
0 0.01 1.3520198880735976 0.0015718936920166016 15.409008264541626 0.5714285714285715 1.0
0 0.01 1.1776278549337647 0.0018498897552490234 15.410858154296875 0.5714285714285715 1.0
0 0.01 1.0257300036406054 0.005780220031738281 15.416638374328613 0.7499999999999999 1.0
0 0.01 0.8934248930683893 0.0029370784759521484 15.419575452804565 0.7499999999999999 1.0
0 0.01 0.7781853282259436 0.0025458335876464844 15.422121286392212 0.7499999999999999 1.0
0 0.01 0.6778100876351608 0.002611875534057617 15.42473316192627 0.7499999999999999 1.0
0 0.01 0.590381877216004 0.002849102020263672 15.427582263946533 0.7499999999999999 1.0
0 0.01 0.5142307075440048 0.008900165557861328 15.436482429504395 0.7272727272727272 1.0
0 0.01 0.44790199493955546 0.003909111022949219 15.440391540527344 0.7272727272727272 1.0
0 0.01 0.39012877707943217 0.02515387535095215 15.465545415878296 0.5000000000000001 1.0
0 0.01 0.33980751241358653 0.028910160064697266 15.494455575942993 0.4 1.0
0 0.01 0.2959770011254507 0.009450197219848633 15.503905773162842 0.4 1.0
0 0.01 0.2578000249994245 0.010837078094482422 15.514742851257324 0.4 1.0
0 0.01 0.22454735549379537 0.050848960876464844 15.565591812133789 0.2857142857142857 1.0
0 0.01 0.19558382455304058 0.020692110061645508 15.586283922195435 0.2857142857142857 1.0
0 0.01 0.1703561920944177 0.04771590232849121 15.633999824523926 0.25 1.0
0 0.01 0.14838257842248037 0.020385026931762695 15.654384851455688 0.25 1.0
0 0.01 0.12924325971726744 0.05819511413574219 15.71257996559143 0.2352941176470588 1.0
0 0.01 0.1125726507783501 0.05032086372375488 15.762900829315186 0.2222222222222222 1.0
0 0.01 0.09805232188500161 0.12127208709716797 15.884172916412354 0.2222222222222222 1.0
0 0.01 0.08540491638568569 0.07770085334777832 15.961873769760132 0.21621621621621623 1.0
0 0.01 0.07438885283512764 0.029513835906982422 15.991387605667114 0.21621621621621623 1.0
0 0.01 0.06479371048308594 0.028823137283325195 16.02021074295044 0.21621621621621623 1.0
0 0.01 0.056436209971818335 0.06680011749267578 16.087010860443115 0.2105263157894737 1.0
0 0.01 0.049156712468482675 0.0719919204711914 16.159002780914307 0.20512820512820512 1.0
0 0.01 0.0428161703614703 0.03886103630065918 16.197863817214966 0.20512820512820512 1.0
0 0.01 0.03729347127511503 0.038674116134643555 16.23653793334961 0.20512820512820512 1.0
0 0.01 0.032483124670098805 0.06704878807067871 16.303586721420288 0.19999999999999998 1.0
