[216.40736058 188.4937774  164.18066384 143.00360867 124.55810333
 108.49181534  94.49785828  82.30892987  71.69220614  62.44489425
  54.39035884  47.37474809  41.26405496  35.94155748  31.30558923
  27.26759733  23.75045104  20.68696841  18.01863304  15.69447636
  13.67010404  11.906848    10.37102782   9.03330739   7.86813455
   6.85325305   5.96927734   5.19932239   4.52868107   3.94454329
   3.43575127   2.99258645   2.60658382   2.27037024   1.9775236
   1.72245016   1.5002777    1.30676244   1.138208     0.99139477
   0.86351843   0.75213639   0.65512111   0.57061946   0.49701737
   0.43290895   0.37706963   0.32843281   0.28606948   0.24917044]0 1 312.2098259152708 0.006762981414794922 0.006762981414794922 0.0 1.0
0 1 271.93903789811014 0.006371974945068359 0.013134956359863281 0.0 1.0
0 1 236.8626295349813 0.0068471431732177734 0.019982099533081055 0.33333333333333337 1.0
0 1 206.31059705097118 0.059152841567993164 0.07913494110107422 0.5714285714285715 1.0
0 1 179.69935797424765 0.0541529655456543 0.13328790664672852 0.5714285714285715 1.0
0 1 156.52060397255676 0.045316219329833984 0.1786041259765625 0.5714285714285715 1.0
0 1 136.33159152101595 0.04528212547302246 0.22388625144958496 0.5714285714285715 1.0
0 1 118.74668494067365 0.05861401557922363 0.2825002670288086 0.7499999999999999 1.0
0 1 103.42999026917344 0.052366018295288086 0.3348662853240967 0.7499999999999999 1.0
0 1 90.08893926113359 0.05327916145324707 0.38814544677734375 0.7499999999999999 1.0
0 1 78.46870096453189 0.048039913177490234 0.436185359954834 0.7499999999999999 1.0
0 1 68.34731412713553 0.045176029205322266 0.48136138916015625 0.7499999999999999 1.0
0 1 59.53144745577994 0.051538944244384766 0.532900333404541 0.6666666666666665 1.0
0 1 51.85270674408604 0.05756974220275879 0.5904700756072998 0.7272727272727272 1.0
0 1 45.16441833008278 0.0507960319519043 0.6412661075592041 0.7272727272727272 1.0
0 1 39.33882744370648 0.0691380500793457 0.7104041576385498 0.6153846153846154 1.0
0 1 34.26465792907022 0.1261579990386963 0.8365621566772461 0.47058823529411764 1.0
0 1 29.84498672911064 0.13725686073303223 0.9738190174102783 0.3636363636363636 1.0
0 1 25.99539253258091 0.18802928924560547 1.1618483066558838 0.3076923076923077 1.0
0 1 22.642343220204207 0.5751392841339111 1.736987590789795 0.26666666666666666 1.0
0 1 19.721791308170232 0.7110629081726074 2.4480504989624023 0.27586206896551724 1.0
0 1 17.177950560167822 0.9999110698699951 3.4479615688323975 0.26666666666666666 1.0
0 1 14.962230399696251 0.853722095489502 4.301683664321899 0.24242424242424243 1.0
0 1 13.03230776858211 0.6653308868408203 4.96701455116272 0.2222222222222222 1.0
0 1 11.351318703025308 0.785175085067749 5.752189636230469 0.2222222222222222 1.0
0 1 9.887154185253786 0.6776468753814697 6.4298365116119385 0.21621621621621623 1.0
0 1 8.611846820663045 0.6758580207824707 7.105694532394409 0.20512820512820512 1.0
0 1 7.501036625197576 0.8532810211181641 7.958975553512573 0.19999999999999998 1.0
0 1 6.53350571883761 0.6980202198028564 8.65699577331543 0.20512820512820512 1.0
0 1 5.69077303724795 0.8612937927246094 9.518289566040039 0.18604651162790697 1.0
0 1 4.956741320068812 0.7633049488067627 10.281594514846802 0.1777777777777778 1.0
0 1 4.317389632878279 0.9730539321899414 11.254648447036743 0.16666666666666666 1.0
0 1 3.7605055496069455 6.773626089096069 18.028274536132812 0.1702127659574468 1.0
0 1 3.2754518797500736 1.5078349113464355 19.536109447479248 0.1702127659574468 1.0
0 1 2.8529634845718124 0.9459898471832275 20.482099294662476 0.16666666666666666 1.0
0 1 2.4849703012340436 1.051387071609497 21.533486366271973 0.163265306122449 1.0
0 1 2.1644431943866964 1.2353460788726807 22.768832445144653 0.163265306122449 1.0
0 1 1.8852596907900219 0.6242721080780029 23.393104553222656 0.163265306122449 1.0
0 1 1.6420870323301746 0.5752489566802979 23.968353509902954 0.163265306122449 1.0
0 1 1.4302803135927475 0.561884880065918 24.530238389968872 0.163265306122449 1.0
0 1 1.2457937582930971 0.5507969856262207 25.081035375595093 0.163265306122449 1.0
0 1 1.0851034398309916 3.033262014389038 28.11429738998413 0.1568627450980392 1.0
0 1 0.945139969834425 2.6486220359802246 30.762919425964355 0.1568627450980392 1.0
0 1 0.823229868958621 3.777283191680908 34.540202617645264 0.1568627450980392 1.0
0 1 0.7170445000483404 7.65728497505188 42.197487592697144 0.15384615384615383 1.0
0 1 0.624555588222246 6.971814870834351 49.169302463531494 0.1509433962264151 1.0
0 1 0.5439964782567033 5.085508823394775 54.25481128692627 0.1509433962264151 1.0
0 1 0.4738283892360109 4.552411794662476 58.807223081588745 0.1509433962264151 1.0
0 1 0.4127110218901976 4.727720022201538 63.53494310379028 0.1481481481481481 1.0
0 1 0.3594769571833539 4.570791959762573 68.10573506355286 0.1481481481481481 1.0
0 0.1 130.20161032759302 0.006454944610595703 68.11219000816345 0.0 1.0
0 0.1 113.40738729625762 0.006505012512207031 68.11869502067566 0.0 1.0
0 0.1 98.77938883400856 0.0069732666015625 68.12566828727722 0.0 1.0
0 0.1 86.03820166433057 0.0066089630126953125 68.13227725028992 0.0 1.0
0 0.1 74.9404529934022 0.006377220153808594 68.13865447044373 0.0 1.0
0 0.1 65.27416178184274 0.006939888000488281 68.14559435844421 0.0 1.0
0 0.1 56.854689638682785 0.00656890869140625 68.15216326713562 0.0 1.0
0 0.1 49.52121399451067 0.052657127380371094 68.20482039451599 0.5714285714285715 1.0
0 0.1 43.13365618693992 0.03861689567565918 68.24343729019165 0.5714285714285715 1.0
0 0.1 37.570005780944214 0.0391998291015625 68.28263711929321 0.5714285714285715 1.0
0 0.1 32.7239900151928 0.03903794288635254 68.32167506217957 0.5714285714285715 1.0
0 0.1 28.503043857863506 0.03860616683959961 68.36028122901917 0.5714285714285715 1.0
0 0.1 24.826541897430772 0.03881192207336426 68.39909315109253 0.5714285714285715 1.0
0 0.1 21.624258295306348 0.0509798526763916 68.45007300376892 0.7499999999999999 1.0
0 0.1 18.835025383479486 0.04509401321411133 68.49516701698303 0.7499999999999999 1.0
0 0.1 16.405565284674683 0.045567989349365234 68.5407350063324 0.7499999999999999 1.0
0 0.1 14.289472237493916 0.039086103439331055 68.57982110977173 0.7499999999999999 1.0
0 0.1 12.446326187665905 0.03854107856750488 68.61836218833923 0.7499999999999999 1.0
0 0.1 10.840920713874212 0.03850889205932617 68.65687108039856 0.7499999999999999 1.0
0 0.1 9.44259054057033 0.03846025466918945 68.69533133506775 0.7499999999999999 1.0
0 0.1 8.224625792416147 0.038526058197021484 68.73385739326477 0.7499999999999999 1.0
0 0.1 7.163761801874259 0.05114388465881348 68.78500127792358 0.888888888888889 1.0
0 0.1 6.239734724625884 0.06392717361450195 68.84892845153809 0.7272727272727272 1.0
0 0.1 5.43489447450858 0.05159115791320801 68.9005196094513 0.7272727272727272 1.0
0 0.1 4.733867584541418 0.05145668983459473 68.95197629928589 0.7272727272727272 1.0
0 0.1 4.123263554256632 0.10120320320129395 69.05317950248718 0.6153846153846154 1.0
0 0.1 3.591419074200402 0.08281397819519043 69.13599348068237 0.5333333333333333 1.0
0 0.1 3.128175241967003 0.23487472534179688 69.37086820602417 0.4210526315789473 1.0
0 0.1 2.7246835143108377 0.19687390327453613 69.5677421092987 0.38095238095238093 1.0
0 0.1 2.373236688776134 0.12749481201171875 69.69523692131042 0.38095238095238093 1.0
0 0.1 2.0671216863796724 0.437241792678833 70.13247871398926 0.3333333333333333 1.0
0 0.1 1.8004913233094775 0.40297818183898926 70.53545689582825 0.3076923076923077 1.0
0 0.1 1.5682526223167341 0.3925349712371826 70.92799186706543 0.2857142857142857 1.0
0 0.1 1.3659695304072161 0.4914669990539551 71.41945886611938 0.2962962962962963 1.0
0 0.1 1.1897781846170337 0.42330002784729004 71.84275889396667 0.26666666666666666 1.0
0 0.1 1.036313107341863 0.28356504440307617 72.12632393836975 0.26666666666666666 1.0
0 0.1 0.9026429214570189 0.8563089370727539 72.9826328754425 0.24242424242424243 1.0
0 0.1 0.786214357305898 0.72334885597229 73.7059817314148 0.2352941176470588 1.0
0 0.1 0.6848034820193963 0.5033719539642334 74.20935368537903 0.2222222222222222 1.0
0 0.1 0.5964732195846044 1.2894489765167236 75.49880266189575 0.21621621621621623 1.0
0 0.1 0.5195363502423698 3.2810330390930176 78.77983570098877 0.19999999999999998 1.0
0 0.1 0.4525232824553942 6.083952188491821 84.86378788948059 0.19512195121951217 1.0
0 0.1 0.3941539818506903 1.7236862182617188 86.58747410774231 0.19512195121951217 1.0
0 0.1 0.34331352094368267 1.5619888305664062 88.14946293830872 0.19047619047619047 1.0
0 0.1 0.2990307826127625 8.037424802780151 96.18688774108887 0.25 1.0
0 0.1 0.2604599105337001 0.8942358493804932 97.08112359046936 0.25 1.0
0 0.1 0.22686415225376097 0.7137279510498047 97.79485154151917 0.24390243902439027 1.0
0 0.1 0.19760178628779224 0.8765029907226562 98.67135453224182 0.24390243902439027 1.0
0 0.1 0.17211386442601356 0.6878490447998047 99.35920357704163 0.24390243902439027 1.0
0 0.1 0.14991353511608546 0.5551900863647461 99.91439366340637 0.24390243902439027 1.0
0 0.01 28.211963230963963 0.006436824798583984 99.92083048820496 0.33333333333333337 1.0
0 0.01 24.573006681497752 0.04450511932373047 99.96533560752869 0.5714285714285715 1.0
0 0.01 21.403425646968028 0.03857588768005371 100.00391149520874 0.5714285714285715 1.0
0 0.01 18.642677119777133 0.03823089599609375 100.04214239120483 0.5714285714285715 1.0
0 0.01 16.238027310431736 0.03813290596008301 100.08027529716492 0.5714285714285715 1.0
0 0.01 14.143544365449966 0.038083791732788086 100.1183590888977 0.5714285714285715 1.0
0 0.01 12.319221010851523 0.03844404220581055 100.15680313110352 0.5714285714285715 1.0
0 0.01 10.730210362611421 0.031523704528808594 100.18832683563232 0.5714285714285715 1.0
0 0.01 9.346160307090315 0.05275917053222656 100.24108600616455 0.7499999999999999 1.0
0 0.01 8.140633737265514 0.040142059326171875 100.28122806549072 0.7499999999999999 1.0
0 0.01 7.090603570541246 0.039845943450927734 100.32107400894165 0.7499999999999999 1.0
0 0.01 6.176012902339531 0.04017806053161621 100.36125206947327 0.7499999999999999 1.0
0 0.01 5.379391893848717 0.03995108604431152 100.40120315551758 0.7499999999999999 1.0
0 0.01 4.685524076001097 0.040148019790649414 100.44135117530823 0.7499999999999999 1.0
0 0.01 4.081155695663349 0.040264129638671875 100.4816153049469 0.7499999999999999 1.0
0 0.01 3.554742552184356 0.04018831253051758 100.52180361747742 0.7499999999999999 1.0
0 0.01 3.09622948855821 0.040114402770996094 100.56191802024841 0.7499999999999999 1.0
0 0.01 2.6968583252045994 0.053520917892456055 100.61543893814087 0.888888888888889 1.0
0 0.01 2.349000567658869 0.0333712100982666 100.64881014823914 0.888888888888889 1.0
0 0.01 2.046011692676912 0.060346126556396484 100.70915627479553 0.7272727272727272 1.0
0 0.01 1.7821042294352372 0.045934200286865234 100.7550904750824 0.7272727272727272 1.0
0 0.01 1.5522372115164986 0.09434318542480469 100.8494336605072 0.6666666666666666 1.0
0 0.01 1.3520198880735976 0.08898591995239258 100.9384195804596 0.5714285714285714 1.0
0 0.01 1.1776278549337647 0.11679196357727051 101.05521154403687 0.5000000000000001 1.0
0 0.01 1.0257300036406054 0.13076472282409668 101.18597626686096 0.47058823529411764 1.0
0 0.01 0.8934248930683893 0.12926006317138672 101.31523633003235 0.4444444444444444 1.0
0 0.01 0.7781853282259436 0.10390281677246094 101.41913914680481 0.4444444444444444 1.0
0 0.01 0.6778100876351608 0.16600298881530762 101.58514213562012 0.3478260869565218 1.0
0 0.01 0.590381877216004 0.12177896499633789 101.70692110061646 0.3478260869565218 1.0
0 0.01 0.5142307075440048 0.11640810966491699 101.82332921028137 0.3478260869565218 1.0
0 0.01 0.44790199493955546 0.22234010696411133 102.04566931724548 0.32000000000000006 1.0
0 0.01 0.39012877707943217 0.15241193771362305 102.1980812549591 0.32000000000000006 1.0
0 0.01 0.33980751241358653 0.14619112014770508 102.34427237510681 0.32000000000000006 1.0
0 0.01 0.2959770011254507 0.15347576141357422 102.49774813652039 0.32000000000000006 1.0
0 0.01 0.2578000249994245 0.18920087814331055 102.6869490146637 0.2962962962962963 1.0
0 0.01 0.22454735549379537 0.17234086990356445 102.85928988456726 0.2857142857142857 1.0
0 0.01 0.19558382455304058 0.13988709449768066 102.99917697906494 0.2857142857142857 1.0
0 0.01 0.1703561920944177 0.5543618202209473 103.55353879928589 0.24242424242424243 1.0
0 0.01 0.14838257842248037 0.32357215881347656 103.87711095809937 0.24242424242424243 1.0
0 0.01 0.12924325971726744 0.29819488525390625 104.17530584335327 0.24242424242424243 1.0
0 0.01 0.1125726507783501 0.28067994117736816 104.45598578453064 0.24242424242424243 1.0
0 0.01 0.09805232188500161 0.3712911605834961 104.82727694511414 0.2352941176470588 1.0
0 0.01 0.08540491638568569 0.24671292304992676 105.07398986816406 0.2352941176470588 1.0
0 0.01 0.07438885283512764 0.4726841449737549 105.54667401313782 0.2222222222222222 1.0
0 0.01 0.06479371048308594 0.4892909526824951 106.03596496582031 0.2105263157894737 1.0
0 0.01 0.056436209971818335 0.5208098888397217 106.55677485466003 0.20512820512820512 1.0
0 0.01 0.049156712468482675 0.34670495986938477 106.90347981452942 0.20512820512820512 1.0
0 0.01 0.0428161703614703 0.903205156326294 107.80668497085571 0.19047619047619047 1.0
0 0.01 0.03729347127511503 0.5257143974304199 108.33239936828613 0.19047619047619047 1.0
0 0.01 0.032483124670098805 0.827193021774292 109.15959239006042 0.18181818181818182 1.0
