[216.40736058 188.4937774  164.18066384 143.00360867 124.55810333
 108.49181534  94.49785828  82.30892987  71.69220614  62.44489425
  54.39035884  47.37474809  41.26405496  35.94155748  31.30558923
  27.26759733  23.75045104  20.68696841  18.01863304  15.69447636
  13.67010404  11.906848    10.37102782   9.03330739   7.86813455
   6.85325305   5.96927734   5.19932239   4.52868107   3.94454329
   3.43575127   2.99258645   2.60658382   2.27037024   1.9775236
   1.72245016   1.5002777    1.30676244   1.138208     0.99139477
   0.86351843   0.75213639   0.65512111   0.57061946   0.49701737
   0.43290895   0.37706963   0.32843281   0.28606948   0.24917044]0 1 312.2098259152708 0.007719993591308594 0.007719993591308594 0.0 1.0
0 1 271.93903789811014 0.006989717483520508 0.014709711074829102 0.0 1.0
0 1 236.8626295349813 0.006891012191772461 0.021600723266601562 0.33333333333333337 1.0
0 1 206.31059705097118 0.04569411277770996 0.06729483604431152 0.5714285714285715 1.0
0 1 179.69935797424765 0.04007887840270996 0.10737371444702148 0.5714285714285715 1.0
0 1 156.52060397255676 0.0335538387298584 0.14092755317687988 0.5714285714285715 1.0
0 1 136.33159152101595 0.03289389610290527 0.17382144927978516 0.5714285714285715 1.0
0 1 118.74668494067365 0.039746761322021484 0.21356821060180664 0.7499999999999999 1.0
0 1 103.42999026917344 0.03308582305908203 0.24665403366088867 0.7499999999999999 1.0
0 1 90.08893926113359 0.03335714340209961 0.2800111770629883 0.7499999999999999 1.0
0 1 78.46870096453189 0.03360414505004883 0.3136153221130371 0.7499999999999999 1.0
0 1 68.34731412713553 0.03357696533203125 0.34719228744506836 0.7499999999999999 1.0
0 1 59.53144745577994 0.04064178466796875 0.3878340721130371 0.6666666666666665 1.0
0 1 51.85270674408604 0.04059004783630371 0.4284241199493408 0.7272727272727272 1.0
0 1 45.16441833008278 0.0398101806640625 0.4682343006134033 0.7272727272727272 1.0
0 1 39.33882744370648 0.04574322700500488 0.5139775276184082 0.6153846153846154 1.0
0 1 34.26465792907022 0.08607006072998047 0.6000475883483887 0.47058823529411764 1.0
0 1 29.84498672911064 0.0834801197052002 0.6835277080535889 0.3636363636363636 1.0
0 1 25.99539253258091 0.11097216606140137 0.7944998741149902 0.3076923076923077 1.0
0 1 22.642343220204207 0.3228292465209961 1.1173291206359863 0.26666666666666666 1.0
0 1 19.721791308170232 0.3599417209625244 1.4772708415985107 0.27586206896551724 1.0
0 1 17.177950560167822 0.639549970626831 2.116820812225342 0.26666666666666666 1.0
0 1 14.962230399696251 0.5207140445709229 2.6375348567962646 0.24242424242424243 1.0
0 1 13.03230776858211 0.44223904609680176 3.0797739028930664 0.2222222222222222 1.0
0 1 11.351318703025308 0.414808988571167 3.4945828914642334 0.2222222222222222 1.0
0 1 9.887154185253786 0.3866591453552246 3.881242036819458 0.21621621621621623 1.0
0 1 8.611846820663045 0.39462995529174805 4.275871992111206 0.20512820512820512 1.0
0 1 7.501036625197576 0.451416015625 4.727288007736206 0.19999999999999998 1.0
0 1 6.53350571883761 0.374953031539917 5.102241039276123 0.20512820512820512 1.0
0 1 5.69077303724795 0.4443991184234619 5.546640157699585 0.18604651162790697 1.0
0 1 4.956741320068812 0.37259697914123535 5.91923713684082 0.1777777777777778 1.0
0 1 4.317389632878279 0.43090319633483887 6.350140333175659 0.1702127659574468 1.0
0 1 3.7605055496069455 4.837293863296509 11.187434196472168 0.1702127659574468 1.0
0 1 3.2754518797500736 0.9314596652984619 12.11889386177063 0.1702127659574468 1.0
0 1 2.8529634845718124 0.21549105644226074 12.33438491821289 0.16666666666666666 1.0
0 1 2.4849703012340436 0.29958081245422363 12.633965730667114 0.163265306122449 1.0
0 1 2.1644431943866964 0.6786692142486572 13.312634944915771 0.163265306122449 1.0
0 1 1.8852596907900219 0.2861506938934326 13.598785638809204 0.163265306122449 1.0
0 1 1.6420870323301746 0.27863073348999023 13.877416372299194 0.163265306122449 1.0
0 1 1.4302803135927475 0.2513148784637451 14.12873125076294 0.163265306122449 1.0
0 1 1.2457937582930971 0.2468719482421875 14.375603199005127 0.163265306122449 1.0
0 1 1.0851034398309916 1.2327678203582764 15.608371019363403 0.1568627450980392 1.0
0 1 0.945139969834425 1.1236627101898193 16.732033729553223 0.1568627450980392 1.0
0 1 0.823229868958621 2.626605272293091 19.358639001846313 0.1568627450980392 1.0
0 1 0.7170445000483404 0.750342845916748 20.10898184776306 0.1481481481481481 1.0
0 1 0.624555588222246 7.78405499458313 27.89303684234619 0.15384615384615383 1.0
0 1 0.5439964782567033 0.847620964050293 28.740657806396484 0.1481481481481481 1.0
0 1 0.4738283892360109 6.052434921264648 34.79309272766113 0.1509433962264151 1.0
0 1 0.4127110218901976 1.5590968132019043 36.35218954086304 0.14545454545454545 1.0
0 1 0.3594769571833539 1.928589105606079 38.280778646469116 0.1481481481481481 1.0
0 0.1 130.20161032759302 0.00638270378112793 38.287161350250244 0.0 1.0
0 0.1 113.40738729625762 0.006720781326293945 38.29388213157654 0.0 1.0
0 0.1 98.77938883400856 0.00668025016784668 38.300562381744385 0.0 1.0
0 0.1 86.03820166433057 0.006470918655395508 38.30703330039978 0.0 1.0
0 0.1 74.9404529934022 0.006768941879272461 38.31380224227905 0.0 1.0
0 0.1 65.27416178184274 0.0065419673919677734 38.32034420967102 0.0 1.0
0 0.1 56.854689638682785 0.006814002990722656 38.32715821266174 0.0 1.0
0 0.1 49.52121399451067 0.03874492645263672 38.36590313911438 0.5714285714285715 1.0
0 0.1 43.13365618693992 0.03201627731323242 38.39791941642761 0.5714285714285715 1.0
0 0.1 37.570005780944214 0.025665998458862305 38.423585414886475 0.5714285714285715 1.0
0 0.1 32.7239900151928 0.025476932525634766 38.44906234741211 0.5714285714285715 1.0
0 0.1 28.503043857863506 0.02563309669494629 38.474695444107056 0.5714285714285715 1.0
0 0.1 24.826541897430772 0.025905847549438477 38.500601291656494 0.5714285714285715 1.0
0 0.1 21.624258295306348 0.03841114044189453 38.53901243209839 0.7499999999999999 1.0
0 0.1 18.835025383479486 0.02568984031677246 38.56470227241516 0.7499999999999999 1.0
0 0.1 16.405565284674683 0.02573108673095703 38.59043335914612 0.7499999999999999 1.0
0 0.1 14.289472237493916 0.025606155395507812 38.616039514541626 0.7499999999999999 1.0
0 0.1 12.446326187665905 0.025538921356201172 38.64157843589783 0.7499999999999999 1.0
0 0.1 10.840920713874212 0.025539875030517578 38.667118310928345 0.7499999999999999 1.0
0 0.1 9.44259054057033 0.025628089904785156 38.69274640083313 0.7499999999999999 1.0
0 0.1 8.224625792416147 0.025809049606323242 38.71855545043945 0.7499999999999999 1.0
0 0.1 7.163761801874259 0.03862905502319336 38.75718450546265 0.888888888888889 1.0
0 0.1 6.239734724625884 0.044818878173828125 38.802003383636475 0.7272727272727272 1.0
0 0.1 5.43489447450858 0.03190922737121582 38.83391261100769 0.7272727272727272 1.0
0 0.1 4.733867584541418 0.032067060470581055 38.86597967147827 0.7272727272727272 1.0
0 0.1 4.123263554256632 0.07175612449645996 38.93773579597473 0.6153846153846154 1.0
0 0.1 3.591419074200402 0.06396794319152832 39.00170373916626 0.5333333333333333 1.0
0 0.1 3.128175241967003 0.1728801727294922 39.17458391189575 0.4210526315789473 1.0
0 0.1 2.7246835143108377 0.1531658172607422 39.327749729156494 0.38095238095238093 1.0
0 0.1 2.373236688776134 0.0828087329864502 39.410558462142944 0.38095238095238093 1.0
0 0.1 2.0671216863796724 0.3102700710296631 39.72082853317261 0.3333333333333333 1.0
0 0.1 1.8004913233094775 0.2881429195404053 40.00897145271301 0.3076923076923077 1.0
0 0.1 1.5682526223167341 0.23910307884216309 40.248074531555176 0.2857142857142857 1.0
0 0.1 1.3659695304072161 0.41684913635253906 40.664923667907715 0.2962962962962963 1.0
0 0.1 1.1897781846170337 0.2695159912109375 40.93443965911865 0.26666666666666666 1.0
0 0.1 1.036313107341863 0.16680192947387695 41.10124158859253 0.26666666666666666 1.0
0 0.1 0.9026429214570189 0.6531791687011719 41.7544207572937 0.24242424242424243 1.0
0 0.1 0.786214357305898 0.4522218704223633 42.206642627716064 0.2352941176470588 1.0
0 0.1 0.6848034820193963 0.2808339595794678 42.48747658729553 0.2222222222222222 1.0
0 0.1 0.5964732195846044 1.0081520080566406 43.49562859535217 0.21621621621621623 1.0
0 0.1 0.5195363502423698 2.2687230110168457 45.76435160636902 0.19999999999999998 1.0
0 0.1 0.4525232824553942 3.13846492767334 48.90281653404236 0.19512195121951217 1.0
0 0.1 0.3941539818506903 0.5873229503631592 49.49013948440552 0.19512195121951217 1.0
0 0.1 0.34331352094368267 0.6274690628051758 50.11760854721069 0.19047619047619047 1.0
0 0.1 0.2990307826127625 7.300004959106445 57.41761350631714 0.25 1.0
0 0.1 0.2604599105337001 0.442734956741333 57.86034846305847 0.25 1.0
0 0.1 0.22686415225376097 0.19461488723754883 58.05496335029602 0.24390243902439027 1.0
0 0.1 0.19760178628779224 0.3578169345855713 58.41278028488159 0.24390243902439027 1.0
0 0.1 0.17211386442601356 0.2519981861114502 58.66477847099304 0.24390243902439027 1.0
0 0.1 0.14991353511608546 0.1739811897277832 58.838759660720825 0.24390243902439027 1.0
0 0.01 28.211963230963963 0.0064508914947509766 58.845210552215576 0.33333333333333337 1.0
0 0.01 24.573006681497752 0.033074140548706055 58.87828469276428 0.5714285714285715 1.0
0 0.01 21.403425646968028 0.02689504623413086 58.90517973899841 0.5714285714285715 1.0
0 0.01 18.642677119777133 0.02646327018737793 58.93164300918579 0.5714285714285715 1.0
0 0.01 16.238027310431736 0.026334047317504883 58.957977056503296 0.5714285714285715 1.0
0 0.01 14.143544365449966 0.025986194610595703 58.98396325111389 0.5714285714285715 1.0
0 0.01 12.319221010851523 0.026085853576660156 59.01004910469055 0.5714285714285715 1.0
0 0.01 10.730210362611421 0.027074098587036133 59.03712320327759 0.5714285714285715 1.0
0 0.01 9.346160307090315 0.0424199104309082 59.079543113708496 0.7499999999999999 1.0
0 0.01 8.140633737265514 0.028761863708496094 59.10830497741699 0.7499999999999999 1.0
0 0.01 7.090603570541246 0.02741098403930664 59.1357159614563 0.7499999999999999 1.0
0 0.01 6.176012902339531 0.02660202980041504 59.162317991256714 0.7499999999999999 1.0
0 0.01 5.379391893848717 0.02682638168334961 59.18914437294006 0.7499999999999999 1.0
0 0.01 4.685524076001097 0.026387929916381836 59.215532302856445 0.7499999999999999 1.0
0 0.01 4.081155695663349 0.02678394317626953 59.242316246032715 0.7499999999999999 1.0
0 0.01 3.554742552184356 0.026641845703125 59.26895809173584 0.7499999999999999 1.0
0 0.01 3.09622948855821 0.02014636993408203 59.28910446166992 0.7499999999999999 1.0
0 0.01 2.6968583252045994 0.039933204650878906 59.3290376663208 0.888888888888889 1.0
0 0.01 2.349000567658869 0.020461082458496094 59.3494987487793 0.888888888888889 1.0
0 0.01 2.046011692676912 0.04586315155029297 59.39536190032959 0.7272727272727272 1.0
0 0.01 1.7821042294352372 0.026314973831176758 59.42167687416077 0.7272727272727272 1.0
0 0.01 1.5522372115164986 0.059008121490478516 59.480684995651245 0.6666666666666666 1.0
0 0.01 1.3520198880735976 0.06672000885009766 59.54740500450134 0.5714285714285714 1.0
0 0.01 1.1776278549337647 0.08757281303405762 59.6349778175354 0.5000000000000001 1.0
0 0.01 1.0257300036406054 0.09337782859802246 59.72835564613342 0.47058823529411764 1.0
0 0.01 0.8934248930683893 0.09517598152160645 59.82353162765503 0.4444444444444444 1.0
0 0.01 0.7781853282259436 0.060888051986694336 59.884419679641724 0.4444444444444444 1.0
0 0.01 0.6778100876351608 0.12111592292785645 60.00553560256958 0.3478260869565218 1.0
0 0.01 0.590381877216004 0.07485795021057129 60.08039355278015 0.3478260869565218 1.0
0 0.01 0.5142307075440048 0.07513284683227539 60.15552639961243 0.3478260869565218 1.0
0 0.01 0.44790199493955546 0.16790294647216797 60.323429346084595 0.32000000000000006 1.0
0 0.01 0.39012877707943217 0.09386706352233887 60.417296409606934 0.32000000000000006 1.0
0 0.01 0.33980751241358653 0.09417605400085449 60.51147246360779 0.32000000000000006 1.0
0 0.01 0.2959770011254507 0.08798384666442871 60.59945631027222 0.32000000000000006 1.0
0 0.01 0.2578000249994245 0.12580084800720215 60.72525715827942 0.2962962962962963 1.0
0 0.01 0.22454735549379537 0.1120293140411377 60.83728647232056 0.2857142857142857 1.0
0 0.01 0.19558382455304058 0.07919597625732422 60.91648244857788 0.2857142857142857 1.0
0 0.01 0.1703561920944177 0.3625669479370117 61.27904939651489 0.24242424242424243 1.0
0 0.01 0.14838257842248037 0.15912985801696777 61.43817925453186 0.24242424242424243 1.0
0 0.01 0.12924325971726744 0.13818979263305664 61.57636904716492 0.24242424242424243 1.0
0 0.01 0.1125726507783501 0.12668919563293457 61.70305824279785 0.24242424242424243 1.0
0 0.01 0.09805232188500161 0.20948100090026855 61.91253924369812 0.2352941176470588 1.0
0 0.01 0.08540491638568569 0.10057282447814941 62.01311206817627 0.2352941176470588 1.0
0 0.01 0.07438885283512764 1.5005979537963867 63.513710021972656 0.2222222222222222 1.0
0 0.01 0.06479371048308594 0.38742685317993164 63.90113687515259 0.2105263157894737 1.0
0 0.01 0.056436209971818335 0.3186640739440918 64.21980094909668 0.20512820512820512 1.0
0 0.01 0.049156712468482675 0.15110087394714355 64.37090182304382 0.20512820512820512 1.0
0 0.01 0.0428161703614703 0.6108272075653076 64.98172903060913 0.19047619047619047 1.0
0 0.01 0.03729347127511503 0.23723888397216797 65.2189679145813 0.19047619047619047 1.0
0 0.01 0.032483124670098805 0.5546720027923584 65.77363991737366 0.18181818181818182 1.0
