[216.40736058 188.4937774  164.18066384 143.00360867 124.55810333
 108.49181534  94.49785828  82.30892987  71.69220614  62.44489425
  54.39035884  47.37474809  41.26405496  35.94155748  31.30558923
  27.26759733  23.75045104  20.68696841  18.01863304  15.69447636
  13.67010404  11.906848    10.37102782   9.03330739   7.86813455
   6.85325305   5.96927734   5.19932239   4.52868107   3.94454329
   3.43575127   2.99258645   2.60658382   2.27037024   1.9775236
   1.72245016   1.5002777    1.30676244   1.138208     0.99139477
   0.86351843   0.75213639   0.65512111   0.57061946   0.49701737
   0.43290895   0.37706963   0.32843281   0.28606948   0.24917044]0 1 312.2098259152708 0.006516933441162109 0.006516933441162109 0.0 1.0
0 1 271.93903789811014 0.006529092788696289 0.013046026229858398 0.0 1.0
0 1 236.8626295349813 0.006661891937255859 0.019707918167114258 0.33333333333333337 1.0
0 1 206.31059705097118 0.05140209197998047 0.07111001014709473 0.5714285714285715 1.0
0 1 179.69935797424765 0.044696807861328125 0.11580681800842285 0.5714285714285715 1.0
0 1 156.52060397255676 0.03879094123840332 0.15459775924682617 0.5714285714285715 1.0
0 1 136.33159152101595 0.040266990661621094 0.19486474990844727 0.5714285714285715 1.0
0 1 118.74668494067365 0.04566502571105957 0.24052977561950684 0.7499999999999999 1.0
0 1 103.42999026917344 0.04700207710266113 0.28753185272216797 0.7499999999999999 1.0
0 1 90.08893926113359 0.0453791618347168 0.33291101455688477 0.7499999999999999 1.0
0 1 78.46870096453189 0.03914690017700195 0.3720579147338867 0.7499999999999999 1.0
0 1 68.34731412713553 0.04021883010864258 0.4122767448425293 0.7499999999999999 1.0
0 1 59.53144745577994 0.04678702354431152 0.4590637683868408 0.6666666666666665 1.0
0 1 51.85270674408604 0.05209183692932129 0.5111556053161621 0.7272727272727272 1.0
0 1 45.16441833008278 0.04511117935180664 0.5562667846679688 0.7272727272727272 1.0
0 1 39.33882744370648 0.057784080505371094 0.6140508651733398 0.6153846153846154 1.0
0 1 34.26465792907022 0.11094403266906738 0.7249948978424072 0.47058823529411764 1.0
0 1 29.84498672911064 0.11425495147705078 0.839249849319458 0.3636363636363636 1.0
0 1 25.99539253258091 0.14792609214782715 0.9871759414672852 0.3076923076923077 1.0
0 1 22.642343220204207 0.4629089832305908 1.450084924697876 0.26666666666666666 1.0
0 1 19.721791308170232 0.5911221504211426 2.0412070751190186 0.27586206896551724 1.0
0 1 17.177950560167822 0.8154239654541016 2.85663104057312 0.26666666666666666 1.0
0 1 14.962230399696251 0.6901237964630127 3.546754837036133 0.24242424242424243 1.0
0 1 13.03230776858211 0.5533058643341064 4.100060701370239 0.2222222222222222 1.0
0 1 11.351318703025308 0.6122839450836182 4.712344646453857 0.2222222222222222 1.0
0 1 9.887154185253786 0.5446040630340576 5.256948709487915 0.21621621621621623 1.0
0 1 8.611846820663045 0.548691987991333 5.805640697479248 0.20512820512820512 1.0
0 1 7.501036625197576 0.653515100479126 6.459155797958374 0.19999999999999998 1.0
0 1 6.53350571883761 0.5321071147918701 6.991262912750244 0.20512820512820512 1.0
0 1 5.69077303724795 0.6576108932495117 7.648873805999756 0.18604651162790697 1.0
0 1 4.956741320068812 0.5598180294036865 8.208691835403442 0.1777777777777778 1.0
0 1 4.317389632878279 0.6885828971862793 8.897274732589722 0.16666666666666666 1.0
0 1 3.7605055496069455 5.931948184967041 14.829222917556763 0.1702127659574468 1.0
0 1 3.2754518797500736 1.258554220199585 16.087777137756348 0.1702127659574468 1.0
0 1 2.8529634845718124 0.5914039611816406 16.67918109893799 0.16666666666666666 1.0
0 1 2.4849703012340436 0.7212820053100586 17.400463104248047 0.163265306122449 1.0
0 1 2.1644431943866964 1.0112571716308594 18.411720275878906 0.163265306122449 1.0
0 1 1.8852596907900219 0.469419002532959 18.881139278411865 0.163265306122449 1.0
0 1 1.6420870323301746 0.415452241897583 19.29659152030945 0.163265306122449 1.0
0 1 1.4302803135927475 0.4258286952972412 19.72242021560669 0.163265306122449 1.0
0 1 1.2457937582930971 0.3901970386505127 20.112617254257202 0.163265306122449 1.0
0 1 1.0851034398309916 2.7371928691864014 22.849810123443604 0.1568627450980392 1.0
0 1 0.945139969834425 1.8558499813079834 24.705660104751587 0.1568627450980392 1.0
0 1 0.823229868958621 3.1212680339813232 27.82692813873291 0.1568627450980392 1.0
0 1 0.7170445000483404 6.485697984695435 34.312626123428345 0.15384615384615383 1.0
0 1 0.624555588222246 5.0728418827056885 39.38546800613403 0.1509433962264151 1.0
0 1 0.5439964782567033 3.494093894958496 42.87956190109253 0.1509433962264151 1.0
0 1 0.4738283892360109 2.995615005493164 45.87517690658569 0.1509433962264151 1.0
0 1 0.4127110218901976 2.9920499324798584 48.86722683906555 0.1481481481481481 1.0
0 1 0.3594769571833539 2.91204833984375 51.7792751789093 0.1481481481481481 1.0
0 0.1 130.20161032759302 0.006676912307739258 51.78595209121704 0.0 1.0
0 0.1 113.40738729625762 0.006357908248901367 51.79230999946594 0.0 1.0
0 0.1 98.77938883400856 0.0064239501953125 51.798733949661255 0.0 1.0
0 0.1 86.03820166433057 0.006545066833496094 51.80527901649475 0.0 1.0
0 0.1 74.9404529934022 0.006612062454223633 51.811891078948975 0.0 1.0
0 0.1 65.27416178184274 0.006491899490356445 51.81838297843933 0.0 1.0
0 0.1 56.854689638682785 0.006529092788696289 51.82491207122803 0.0 1.0
0 0.1 49.52121399451067 0.04467487335205078 51.86958694458008 0.5714285714285715 1.0
0 0.1 43.13365618693992 0.03196287155151367 51.90154981613159 0.5714285714285715 1.0
0 0.1 37.570005780944214 0.03188681602478027 51.93343663215637 0.5714285714285715 1.0
0 0.1 32.7239900151928 0.032019853591918945 51.96545648574829 0.5714285714285715 1.0
0 0.1 28.503043857863506 0.03179597854614258 51.997252464294434 0.5714285714285715 1.0
0 0.1 24.826541897430772 0.03163409233093262 52.028886556625366 0.5714285714285715 1.0
0 0.1 21.624258295306348 0.04450511932373047 52.0733916759491 0.7499999999999999 1.0
0 0.1 18.835025383479486 0.03807783126831055 52.11146950721741 0.7499999999999999 1.0
0 0.1 16.405565284674683 0.03181314468383789 52.143282651901245 0.7499999999999999 1.0
0 0.1 14.289472237493916 0.03173708915710449 52.17501974105835 0.7499999999999999 1.0
0 0.1 12.446326187665905 0.03179121017456055 52.20681095123291 0.7499999999999999 1.0
0 0.1 10.840920713874212 0.03163886070251465 52.238449811935425 0.7499999999999999 1.0
0 0.1 9.44259054057033 0.0323939323425293 52.270843744277954 0.7499999999999999 1.0
0 0.1 8.224625792416147 0.03298473358154297 52.3038284778595 0.7499999999999999 1.0
0 0.1 7.163761801874259 0.04459095001220703 52.348419427871704 0.888888888888889 1.0
0 0.1 6.239734724625884 0.057166099548339844 52.405585527420044 0.7272727272727272 1.0
0 0.1 5.43489447450858 0.03862810134887695 52.44421362876892 0.7272727272727272 1.0
0 0.1 4.733867584541418 0.037989139556884766 52.482202768325806 0.7272727272727272 1.0
0 0.1 4.123263554256632 0.08263301849365234 52.56483578681946 0.6153846153846154 1.0
0 0.1 3.591419074200402 0.07649779319763184 52.64133358001709 0.5333333333333333 1.0
0 0.1 3.128175241967003 0.2023611068725586 52.84369468688965 0.4210526315789473 1.0
0 0.1 2.7246835143108377 0.17423295974731445 53.01792764663696 0.38095238095238093 1.0
0 0.1 2.373236688776134 0.10386371612548828 53.12179136276245 0.38095238095238093 1.0
0 0.1 2.0671216863796724 0.39318299293518066 53.51497435569763 0.3333333333333333 1.0
0 0.1 1.8004913233094775 0.3459939956665039 53.860968351364136 0.3076923076923077 1.0
0 0.1 1.5682526223167341 0.31258606910705566 54.17355442047119 0.2857142857142857 1.0
0 0.1 1.3659695304072161 0.46088719367980957 54.634441614151 0.2962962962962963 1.0
0 0.1 1.1897781846170337 0.32935023307800293 54.963791847229004 0.26666666666666666 1.0
0 0.1 1.036313107341863 0.22127699851989746 55.1850688457489 0.26666666666666666 1.0
0 0.1 0.9026429214570189 0.7687652111053467 55.95383405685425 0.24242424242424243 1.0
0 0.1 0.786214357305898 0.5857329368591309 56.53956699371338 0.2352941176470588 1.0
0 0.1 0.6848034820193963 0.387526273727417 56.927093267440796 0.2222222222222222 1.0
0 0.1 0.5964732195846044 1.1546111106872559 58.08170437812805 0.21621621621621623 1.0
0 0.1 0.5195363502423698 2.7823290824890137 60.864033460617065 0.19999999999999998 1.0
0 0.1 0.4525232824553942 4.238651752471924 65.10268521308899 0.19512195121951217 1.0
0 0.1 0.3941539818506903 1.077101707458496 66.17978692054749 0.19512195121951217 1.0
0 0.1 0.34331352094368267 1.007450819015503 67.18723773956299 0.19047619047619047 1.0
0 0.1 0.2990307826127625 7.585125207901001 74.77236294746399 0.25 1.0
0 0.1 0.2604599105337001 0.671842098236084 75.44420504570007 0.25 1.0
0 0.1 0.22686415225376097 0.30002808570861816 75.74423313140869 0.24390243902439027 1.0
0 0.1 0.19760178628779224 0.6041569709777832 76.34839010238647 0.24390243902439027 1.0
0 0.1 0.17211386442601356 0.4707319736480713 76.81912207603455 0.24390243902439027 1.0
0 0.1 0.14991353511608546 0.37465405464172363 77.19377613067627 0.24390243902439027 1.0
0 0.01 28.211963230963963 0.006412982940673828 77.20018911361694 0.33333333333333337 1.0
0 0.01 24.573006681497752 0.04001498222351074 77.24020409584045 0.5714285714285715 1.0
0 0.01 21.403425646968028 0.03296828269958496 77.27317237854004 0.5714285714285715 1.0
0 0.01 18.642677119777133 0.03301501274108887 77.30618739128113 0.5714285714285715 1.0
0 0.01 16.238027310431736 0.03315591812133789 77.33934330940247 0.5714285714285715 1.0
0 0.01 14.143544365449966 0.03396201133728027 77.37330532073975 0.5714285714285715 1.0
0 0.01 12.319221010851523 0.032408714294433594 77.40571403503418 0.5714285714285715 1.0
0 0.01 10.730210362611421 0.034173011779785156 77.43988704681396 0.5714285714285715 1.0
0 0.01 9.346160307090315 0.04572010040283203 77.4856071472168 0.7499999999999999 1.0
0 0.01 8.140633737265514 0.032273054122924805 77.51788020133972 0.7499999999999999 1.0
0 0.01 7.090603570541246 0.03281998634338379 77.5507001876831 0.7499999999999999 1.0
0 0.01 6.176012902339531 0.03292489051818848 77.5836250782013 0.7499999999999999 1.0
0 0.01 5.379391893848717 0.032703399658203125 77.6163284778595 0.7499999999999999 1.0
0 0.01 4.685524076001097 0.032704830169677734 77.64903330802917 0.7499999999999999 1.0
0 0.01 4.081155695663349 0.03273797035217285 77.68177127838135 0.7499999999999999 1.0
0 0.01 3.554742552184356 0.032808780670166016 77.71458005905151 0.7499999999999999 1.0
0 0.01 3.09622948855821 0.03268909454345703 77.74726915359497 0.7499999999999999 1.0
0 0.01 2.6968583252045994 0.045500755310058594 77.79276990890503 0.888888888888889 1.0
0 0.01 2.349000567658869 0.026161909103393555 77.81893181800842 0.888888888888889 1.0
0 0.01 2.046011692676912 0.05328106880187988 77.8722128868103 0.7272727272727272 1.0
0 0.01 1.7821042294352372 0.039092302322387695 77.91130518913269 0.7272727272727272 1.0
0 0.01 1.5522372115164986 0.0789480209350586 77.99025321006775 0.6666666666666666 1.0
0 0.01 1.3520198880735976 0.07171988487243652 78.06197309494019 0.5714285714285714 1.0
0 0.01 1.1776278549337647 0.10662508010864258 78.16859817504883 0.5000000000000001 1.0
0 0.01 1.0257300036406054 0.1091611385345459 78.27775931358337 0.47058823529411764 1.0
0 0.01 0.8934248930683893 0.11053776741027832 78.38829708099365 0.4444444444444444 1.0
0 0.01 0.7781853282259436 0.07835507392883301 78.46665215492249 0.4444444444444444 1.0
0 0.01 0.6778100876351608 0.14089703559875488 78.60754919052124 0.3478260869565218 1.0
0 0.01 0.590381877216004 0.09674406051635742 78.7042932510376 0.3478260869565218 1.0
0 0.01 0.5142307075440048 0.09093928337097168 78.79523253440857 0.3478260869565218 1.0
0 0.01 0.44790199493955546 0.19191622734069824 78.98714876174927 0.32000000000000006 1.0
0 0.01 0.39012877707943217 0.12168192863464355 79.10883069038391 0.32000000000000006 1.0
0 0.01 0.33980751241358653 0.1151738166809082 79.22400450706482 0.32000000000000006 1.0
0 0.01 0.2959770011254507 0.11733293533325195 79.34133744239807 0.32000000000000006 1.0
0 0.01 0.2578000249994245 0.15374994277954102 79.49508738517761 0.2962962962962963 1.0
0 0.01 0.22454735549379537 0.1405959129333496 79.63568329811096 0.2857142857142857 1.0
0 0.01 0.19558382455304058 0.10928082466125488 79.74496412277222 0.2857142857142857 1.0
0 0.01 0.1703561920944177 0.4466707706451416 80.19163489341736 0.24242424242424243 1.0
0 0.01 0.14838257842248037 0.23842406272888184 80.43005895614624 0.24242424242424243 1.0
0 0.01 0.12924325971726744 0.22022700309753418 80.65028595924377 0.24242424242424243 1.0
0 0.01 0.1125726507783501 0.2073979377746582 80.85768389701843 0.24242424242424243 1.0
0 0.01 0.09805232188500161 0.28208208084106445 81.1397659778595 0.2352941176470588 1.0
0 0.01 0.08540491638568569 0.16737103462219238 81.30713701248169 0.2352941176470588 1.0
0 0.01 0.07438885283512764 0.3948969841003418 81.70203399658203 0.2222222222222222 1.0
0 0.01 0.06479371048308594 0.3954589366912842 82.09749293327332 0.2105263157894737 1.0
0 0.01 0.056436209971818335 0.42104387283325195 82.51853680610657 0.20512820512820512 1.0
0 0.01 0.049156712468482675 0.23961186408996582 82.75814867019653 0.20512820512820512 1.0
0 0.01 0.0428161703614703 0.7582919597625732 83.5164406299591 0.19047619047619047 1.0
0 0.01 0.03729347127511503 0.38418006896972656 83.90062069892883 0.19047619047619047 1.0
0 0.01 0.032483124670098805 0.669597864151001 84.57021856307983 0.18181818181818182 1.0
