[216.40736058 188.4937774  164.18066384 143.00360867 124.55810333
 108.49181534  94.49785828  82.30892987  71.69220614  62.44489425
  54.39035884  47.37474809  41.26405496  35.94155748  31.30558923
  27.26759733  23.75045104  20.68696841  18.01863304  15.69447636
  13.67010404  11.906848    10.37102782   9.03330739   7.86813455
   6.85325305   5.96927734   5.19932239   4.52868107   3.94454329
   3.43575127   2.99258645   2.60658382   2.27037024   1.9775236
   1.72245016   1.5002777    1.30676244   1.138208     0.99139477
   0.86351843   0.75213639   0.65512111   0.57061946   0.49701737
   0.43290895   0.37706963   0.32843281   0.28606948   0.24917044]0 1 312.2098259152708 0.0005371570587158203 0.0005371570587158203 0.0 1.0
0 1 271.93903789811014 0.0005371570587158203 0.0010743141174316406 0.0 1.0
0 1 236.8626295349813 0.004600048065185547 0.0056743621826171875 0.33333333333333337 1.0
0 1 206.31059705097118 0.022602081298828125 0.028276443481445312 0.5714285714285715 1.0
0 1 179.69935797424765 0.014866113662719727 0.04314255714416504 0.5714285714285715 1.0
0 1 156.52060397255676 0.011344194412231445 0.054486751556396484 0.5714285714285715 1.0
0 1 136.33159152101595 0.010169029235839844 0.06465578079223633 0.5714285714285715 1.0
0 1 118.74668494067365 0.009933948516845703 0.07458972930908203 0.7499999999999999 1.0
0 1 103.42999026917344 0.009057044982910156 0.08364677429199219 0.7499999999999999 1.0
0 1 90.08893926113359 0.008589029312133789 0.09223580360412598 0.7499999999999999 1.0
0 1 78.46870096453189 0.007858991622924805 0.10009479522705078 0.7499999999999999 1.0
0 1 68.34731412713553 0.007846832275390625 0.1079416275024414 0.7499999999999999 1.0
0 1 59.53144745577994 0.011239767074584961 0.11918139457702637 0.6666666666666665 1.0
0 1 51.85270674408604 0.008156776428222656 0.12733817100524902 0.7272727272727272 1.0
0 1 45.16441833008278 0.008617877960205078 0.1359560489654541 0.7272727272727272 1.0
0 1 39.33882744370648 0.01214909553527832 0.14810514450073242 0.6153846153846154 1.0
0 1 34.26465792907022 0.016493797302246094 0.16459894180297852 0.47058823529411764 1.0
0 1 29.84498672911064 0.027225255966186523 0.19182419776916504 0.3636363636363636 1.0
0 1 25.99539253258091 0.029855966567993164 0.2216801643371582 0.3076923076923077 1.0
0 1 22.642343220204207 0.08145713806152344 0.30313730239868164 0.26666666666666666 1.0
0 1 19.721791308170232 0.10102701187133789 0.40416431427001953 0.27586206896551724 1.0
0 1 17.177950560167822 0.16795086860656738 0.5721151828765869 0.26666666666666666 1.0
0 1 14.962230399696251 0.14316987991333008 0.715285062789917 0.24242424242424243 1.0
0 1 13.03230776858211 0.12828588485717773 0.8435709476470947 0.2222222222222222 1.0
0 1 11.351318703025308 0.14078187942504883 0.9843528270721436 0.2222222222222222 1.0
0 1 9.887154185253786 0.11833381652832031 1.1026866436004639 0.21621621621621623 1.0
0 1 8.611846820663045 0.12187695503234863 1.2245635986328125 0.20512820512820512 1.0
0 1 7.501036625197576 0.12753987312316895 1.3521034717559814 0.19999999999999998 1.0
0 1 6.53350571883761 0.10391092300415039 1.4560143947601318 0.20512820512820512 1.0
0 1 5.69077303724795 0.13731980323791504 1.5933341979980469 0.18604651162790697 1.0
0 1 4.956741320068812 0.11261296272277832 1.7059471607208252 0.1777777777777778 1.0
0 1 4.317389632878279 0.1364431381225586 1.8423902988433838 0.1702127659574468 1.0
0 1 3.7605055496069455 1.6198010444641113 3.462191343307495 0.1702127659574468 1.0
0 1 3.2754518797500736 0.3435969352722168 3.805788278579712 0.1702127659574468 1.0
0 1 2.8529634845718124 0.12581110000610352 3.9315993785858154 0.16666666666666666 1.0
0 1 2.4849703012340436 0.08656001091003418 4.01815938949585 0.163265306122449 1.0
0 1 2.1644431943866964 0.24941682815551758 4.267576217651367 0.163265306122449 1.0
0 1 1.8852596907900219 0.144057035446167 4.411633253097534 0.163265306122449 1.0
0 1 1.6420870323301746 0.0954749584197998 4.507108211517334 0.163265306122449 1.0
0 1 1.4302803135927475 0.08257889747619629 4.58968710899353 0.163265306122449 1.0
0 1 1.2457937582930971 0.07984709739685059 4.669534206390381 0.163265306122449 1.0
0 1 1.0851034398309916 0.4015331268310547 5.0710673332214355 0.1568627450980392 1.0
0 1 0.945139969834425 0.39752197265625 5.4685893058776855 0.1568627450980392 1.0
0 1 0.823229868958621 0.7031478881835938 6.171737194061279 0.1568627450980392 1.0
0 1 0.7170445000483404 1.077929973602295 7.249667167663574 0.1509433962264151 1.0
0 1 0.624555588222246 1.1700870990753174 8.419754266738892 0.1509433962264151 1.0
0 1 0.5439964782567033 0.6105589866638184 9.03031325340271 0.1509433962264151 1.0
0 1 0.4738283892360109 0.49143409729003906 9.521747350692749 0.1509433962264151 1.0
0 1 0.4127110218901976 0.45708608627319336 9.978833436965942 0.1481481481481481 1.0
0 1 0.3594769571833539 0.45753002166748047 10.436363458633423 0.1481481481481481 1.0
0 0.1 130.20161032759302 0.0004868507385253906 10.436850309371948 0.0 1.0
0 0.1 113.40738729625762 0.0004858970642089844 10.437336206436157 0.0 1.0
0 0.1 98.77938883400856 0.0005462169647216797 10.437882423400879 0.0 1.0
0 0.1 86.03820166433057 0.0005249977111816406 10.43840742111206 0.0 1.0
0 0.1 74.9404529934022 0.0005691051483154297 10.438976526260376 0.0 1.0
0 0.1 65.27416178184274 0.0005621910095214844 10.439538717269897 0.0 1.0
0 0.1 56.854689638682785 0.0005910396575927734 10.44012975692749 0.0 1.0
0 0.1 49.52121399451067 0.011701107025146484 10.451830863952637 0.5714285714285715 1.0
0 0.1 43.13365618693992 0.008432865142822266 10.460263729095459 0.5714285714285715 1.0
0 0.1 37.570005780944214 0.007843971252441406 10.4681077003479 0.5714285714285715 1.0
0 0.1 32.7239900151928 0.007570981979370117 10.47567868232727 0.5714285714285715 1.0
0 0.1 28.503043857863506 0.006932973861694336 10.482611656188965 0.5714285714285715 1.0
0 0.1 24.826541897430772 0.00605010986328125 10.488661766052246 0.5714285714285715 1.0
0 0.1 21.624258295306348 0.005784034729003906 10.49444580078125 0.5714285714285715 1.0
0 0.1 18.835025383479486 0.009056806564331055 10.503502607345581 0.7499999999999999 1.0
0 0.1 16.405565284674683 0.007000923156738281 10.51050353050232 0.7499999999999999 1.0
0 0.1 14.289472237493916 0.00650477409362793 10.517008304595947 0.7499999999999999 1.0
0 0.1 12.446326187665905 0.006227970123291016 10.523236274719238 0.7499999999999999 1.0
0 0.1 10.840920713874212 0.006161928176879883 10.529398202896118 0.7499999999999999 1.0
0 0.1 9.44259054057033 0.006272077560424805 10.535670280456543 0.7499999999999999 1.0
0 0.1 8.224625792416147 0.004998922348022461 10.540669202804565 0.7499999999999999 1.0
0 0.1 7.163761801874259 0.006412029266357422 10.547081232070923 0.7499999999999999 1.0
0 0.1 6.239734724625884 0.009339094161987305 10.55642032623291 0.7272727272727272 1.0
0 0.1 5.43489447450858 0.007261991500854492 10.563682317733765 0.7272727272727272 1.0
0 0.1 4.733867584541418 0.006145000457763672 10.569827318191528 0.7272727272727272 1.0
0 0.1 4.123263554256632 0.01917409896850586 10.589001417160034 0.6153846153846154 1.0
0 0.1 3.591419074200402 0.017052173614501953 10.606053590774536 0.5714285714285714 1.0
0 0.1 3.128175241967003 0.03796792030334473 10.64402151107788 0.4210526315789473 1.0
0 0.1 2.7246835143108377 0.015620946884155273 10.659642457962036 0.4210526315789473 1.0
0 0.1 2.373236688776134 0.031195878982543945 10.69083833694458 0.38095238095238093 1.0
0 0.1 2.0671216863796724 0.05092811584472656 10.741766452789307 0.3478260869565218 1.0
0 0.1 1.8004913233094775 0.12450504302978516 10.866271495819092 0.32000000000000006 1.0
0 0.1 1.5682526223167341 0.1814422607421875 11.04771375656128 0.2857142857142857 1.0
0 0.1 1.3659695304072161 0.0972449779510498 11.144958734512329 0.27586206896551724 1.0
0 0.1 1.1897781846170337 0.10446500778198242 11.249423742294312 0.25806451612903225 1.0
0 0.1 1.036313107341863 0.05797982215881348 11.307403564453125 0.25806451612903225 1.0
0 0.1 0.9026429214570189 0.07627487182617188 11.383678436279297 0.24242424242424243 1.0
0 0.1 0.786214357305898 0.10061383247375488 11.484292268753052 0.2352941176470588 1.0
0 0.1 0.6848034820193963 0.05504012107849121 11.539332389831543 0.2352941176470588 1.0
0 0.1 0.5964732195846044 0.2897508144378662 11.82908320426941 0.2285714285714286 1.0
0 0.1 0.5195363502423698 0.3727848529815674 12.201868057250977 0.2222222222222222 1.0
0 0.1 0.4525232824553942 0.5422539710998535 12.74412202835083 0.20512820512820512 1.0
0 0.1 0.3941539818506903 0.795374870300293 13.539496898651123 0.19999999999999998 1.0
0 0.1 0.34331352094368267 0.2667582035064697 13.806255102157593 0.19512195121951217 1.0
0 0.1 0.2990307826127625 0.3130972385406494 14.119352340698242 0.19047619047619047 1.0
0 0.1 0.2604599105337001 0.3611929416656494 14.480545282363892 0.18604651162790697 1.0
0 0.1 0.22686415225376097 0.15518617630004883 14.63573145866394 0.18181818181818182 1.0
0 0.1 0.19760178628779224 0.07803511619567871 14.71376657485962 0.18181818181818182 1.0
0 0.1 0.17211386442601356 0.05385088920593262 14.767617464065552 0.18181818181818182 1.0
0 0.1 0.14991353511608546 1.0496742725372314 15.817291736602783 0.1739130434782609 1.0
0 0.01 28.211963230963963 0.0006070137023925781 15.817898750305176 0.0 1.0
0 0.01 24.573006681497752 0.009961843490600586 15.827860593795776 0.5714285714285715 1.0
0 0.01 21.403425646968028 0.0067691802978515625 15.834629774093628 0.5714285714285715 1.0
0 0.01 18.642677119777133 0.006392717361450195 15.841022491455078 0.5714285714285715 1.0
0 0.01 16.238027310431736 0.006348848342895508 15.847371339797974 0.5714285714285715 1.0
0 0.01 14.143544365449966 0.006336212158203125 15.853707551956177 0.5714285714285715 1.0
0 0.01 12.319221010851523 0.005749702453613281 15.85945725440979 0.5714285714285715 1.0
0 0.01 10.730210362611421 0.005191326141357422 15.864648580551147 0.5714285714285715 1.0
0 0.01 9.346160307090315 0.007784843444824219 15.872433423995972 0.7499999999999999 1.0
0 0.01 8.140633737265514 0.005684852600097656 15.87811827659607 0.7499999999999999 1.0
0 0.01 7.090603570541246 0.005812168121337891 15.883930444717407 0.7499999999999999 1.0
0 0.01 6.176012902339531 0.00559687614440918 15.889527320861816 0.7499999999999999 1.0
0 0.01 5.379391893848717 0.005639791488647461 15.895167112350464 0.7499999999999999 1.0
0 0.01 4.685524076001097 0.005342006683349609 15.900509119033813 0.7499999999999999 1.0
0 0.01 4.081155695663349 0.005429983139038086 15.905939102172852 0.7499999999999999 1.0
0 0.01 3.554742552184356 0.005197048187255859 15.911136150360107 0.7499999999999999 1.0
0 0.01 3.09622948855821 0.003843069076538086 15.914979219436646 0.7499999999999999 1.0
0 0.01 2.6968583252045994 0.0035889148712158203 15.918568134307861 0.7499999999999999 1.0
0 0.01 2.349000567658869 0.005327939987182617 15.923896074295044 0.7499999999999999 1.0
0 0.01 2.046011692676912 0.009344816207885742 15.93324089050293 0.7272727272727272 1.0
0 0.01 1.7821042294352372 0.005532979965209961 15.93877387046814 0.7272727272727272 1.0
0 0.01 1.5522372115164986 0.005544185638427734 15.944318056106567 0.7272727272727272 1.0
0 0.01 1.3520198880735976 0.016952037811279297 15.961270093917847 0.6153846153846154 1.0
0 0.01 1.1776278549337647 0.010587215423583984 15.97185730934143 0.6153846153846154 1.0
0 0.01 1.0257300036406054 0.024014711380004883 15.995872020721436 0.4210526315789473 1.0
0 0.01 0.8934248930683893 0.011518001556396484 16.007390022277832 0.4210526315789473 1.0
0 0.01 0.7781853282259436 0.010663986206054688 16.018054008483887 0.4210526315789473 1.0
0 0.01 0.6778100876351608 0.011547327041625977 16.029601335525513 0.4210526315789473 1.0
0 0.01 0.590381877216004 0.027112960815429688 16.056714296340942 0.3636363636363636 1.0
0 0.01 0.5142307075440048 0.01950693130493164 16.076221227645874 0.3636363636363636 1.0
0 0.01 0.44790199493955546 0.042517900466918945 16.118739128112793 0.3076923076923077 1.0
0 0.01 0.39012877707943217 0.03931283950805664 16.15805196762085 0.2962962962962963 1.0
0 0.01 0.33980751241358653 0.04270005226135254 16.200752019882202 0.2857142857142857 1.0
0 0.01 0.2959770011254507 0.023273944854736328 16.22402596473694 0.2857142857142857 1.0
0 0.01 0.2578000249994245 0.022480010986328125 16.246505975723267 0.2857142857142857 1.0
0 0.01 0.22454735549379537 0.04717588424682617 16.293681859970093 0.25806451612903225 1.0
0 0.01 0.19558382455304058 0.03129887580871582 16.32498073577881 0.25806451612903225 1.0
0 0.01 0.1703561920944177 0.03048086166381836 16.355461597442627 0.25806451612903225 1.0
0 0.01 0.14838257842248037 0.029059171676635742 16.384520769119263 0.25806451612903225 1.0
0 0.01 0.12924325971726744 0.028105974197387695 16.41262674331665 0.25806451612903225 1.0
0 0.01 0.1125726507783501 0.02685379981994629 16.439480543136597 0.25806451612903225 1.0
0 0.01 0.09805232188500161 0.021564960479736328 16.461045503616333 0.25806451612903225 1.0
0 0.01 0.08540491638568569 0.17758417129516602 16.6386296749115 0.2105263157894737 1.0
0 0.01 0.07438885283512764 0.20374107360839844 16.842370748519897 0.21621621621621623 1.0
0 0.01 0.06479371048308594 0.054006099700927734 16.896376848220825 0.21621621621621623 1.0
0 0.01 0.056436209971818335 0.051156044006347656 16.947532892227173 0.21621621621621623 1.0
0 0.01 0.049156712468482675 0.10296106338500977 17.050493955612183 0.2105263157894737 1.0
0 0.01 0.0428161703614703 0.0326991081237793 17.083193063735962 0.2105263157894737 1.0
0 0.01 0.03729347127511503 0.10236620903015137 17.185559272766113 0.20512820512820512 1.0
0 0.01 0.032483124670098805 0.10820889472961426 17.293768167495728 0.19999999999999998 1.0
