[216.40736058 188.4937774  164.18066384 143.00360867 124.55810333
 108.49181534  94.49785828  82.30892987  71.69220614  62.44489425
  54.39035884  47.37474809  41.26405496  35.94155748  31.30558923
  27.26759733  23.75045104  20.68696841  18.01863304  15.69447636
  13.67010404  11.906848    10.37102782   9.03330739   7.86813455
   6.85325305   5.96927734   5.19932239   4.52868107   3.94454329
   3.43575127   2.99258645   2.60658382   2.27037024   1.9775236
   1.72245016   1.5002777    1.30676244   1.138208     0.99139477
   0.86351843   0.75213639   0.65512111   0.57061946   0.49701737
   0.43290895   0.37706963   0.32843281   0.28606948   0.24917044]0 1 312.2098259152708 0.0004999637603759766 0.0004999637603759766 0.0 1.0
0 1 271.93903789811014 0.0005309581756591797 0.0010309219360351562 0.0 1.0
0 1 236.8626295349813 0.00528717041015625 0.006318092346191406 0.33333333333333337 1.0
0 1 206.31059705097118 0.025910139083862305 0.03222823143005371 0.5714285714285715 1.0
0 1 179.69935797424765 0.016590118408203125 0.048818349838256836 0.5714285714285715 1.0
0 1 156.52060397255676 0.013197183609008789 0.062015533447265625 0.5714285714285715 1.0
0 1 136.33159152101595 0.01199483871459961 0.07401037216186523 0.5714285714285715 1.0
0 1 118.74668494067365 0.01172494888305664 0.08573532104492188 0.7499999999999999 1.0
0 1 103.42999026917344 0.011672735214233398 0.09740805625915527 0.7499999999999999 1.0
0 1 90.08893926113359 0.010751962661743164 0.10816001892089844 0.7499999999999999 1.0
0 1 78.46870096453189 0.011157989501953125 0.11931800842285156 0.7499999999999999 1.0
0 1 68.34731412713553 0.009640932083129883 0.12895894050598145 0.7499999999999999 1.0
0 1 59.53144745577994 0.014663934707641602 0.14362287521362305 0.6666666666666665 1.0
0 1 51.85270674408604 0.010557889938354492 0.15418076515197754 0.7272727272727272 1.0
0 1 45.16441833008278 0.01119685173034668 0.16537761688232422 0.7272727272727272 1.0
0 1 39.33882744370648 0.013911008834838867 0.17928862571716309 0.6153846153846154 1.0
0 1 34.26465792907022 0.021597862243652344 0.20088648796081543 0.47058823529411764 1.0
0 1 29.84498672911064 0.0342259407043457 0.23511242866516113 0.3636363636363636 1.0
0 1 25.99539253258091 0.04138517379760742 0.27649760246276855 0.3076923076923077 1.0
0 1 22.642343220204207 0.11515188217163086 0.3916494846343994 0.26666666666666666 1.0
0 1 19.721791308170232 0.14346814155578613 0.5351176261901855 0.27586206896551724 1.0
0 1 17.177950560167822 0.21483993530273438 0.7499575614929199 0.26666666666666666 1.0
0 1 14.962230399696251 0.18243622779846191 0.9323937892913818 0.24242424242424243 1.0
0 1 13.03230776858211 0.15889787673950195 1.0912916660308838 0.2222222222222222 1.0
0 1 11.351318703025308 0.18890595436096191 1.2801976203918457 0.2222222222222222 1.0
0 1 9.887154185253786 0.159682035446167 1.4398796558380127 0.21621621621621623 1.0
0 1 8.611846820663045 0.15420126914978027 1.594080924987793 0.20512820512820512 1.0
0 1 7.501036625197576 0.17526912689208984 1.7693500518798828 0.19999999999999998 1.0
0 1 6.53350571883761 0.14275407791137695 1.9121041297912598 0.20512820512820512 1.0
0 1 5.69077303724795 0.1960759162902832 2.108180046081543 0.18604651162790697 1.0
0 1 4.956741320068812 0.1671919822692871 2.27537202835083 0.1777777777777778 1.0
0 1 4.317389632878279 0.21149516105651855 2.4868671894073486 0.16666666666666666 1.0
0 1 3.7605055496069455 1.8988890647888184 4.385756254196167 0.1702127659574468 1.0
0 1 3.2754518797500736 0.4362480640411377 4.822004318237305 0.1702127659574468 1.0
0 1 2.8529634845718124 0.24092483520507812 5.062929153442383 0.16666666666666666 1.0
0 1 2.4849703012340436 0.19043493270874023 5.253364086151123 0.163265306122449 1.0
0 1 2.1644431943866964 0.3543260097503662 5.607690095901489 0.163265306122449 1.0
0 1 1.8852596907900219 0.2009749412536621 5.808665037155151 0.163265306122449 1.0
0 1 1.6420870323301746 0.1845231056213379 5.993188142776489 0.163265306122449 1.0
0 1 1.4302803135927475 0.17127323150634766 6.164461374282837 0.163265306122449 1.0
0 1 1.2457937582930971 0.1588268280029297 6.323288202285767 0.163265306122449 1.0
0 1 1.0851034398309916 0.7310810089111328 7.054369211196899 0.1568627450980392 1.0
0 1 0.945139969834425 0.7091610431671143 7.763530254364014 0.1568627450980392 1.0
0 1 0.823229868958621 0.9271659851074219 8.690696239471436 0.1568627450980392 1.0
0 1 0.7170445000483404 1.5525550842285156 10.243251323699951 0.15384615384615383 1.0
0 1 0.624555588222246 1.7323508262634277 11.975602149963379 0.1509433962264151 1.0
0 1 0.5439964782567033 1.2222671508789062 13.197869300842285 0.1509433962264151 1.0
0 1 0.4738283892360109 1.0513441562652588 14.249213457107544 0.1509433962264151 1.0
0 1 0.4127110218901976 1.0786497592926025 15.327863216400146 0.1481481481481481 1.0
0 1 0.3594769571833539 1.0246741771697998 16.352537393569946 0.1481481481481481 1.0
0 0.1 130.20161032759302 0.00048470497131347656 16.35302209854126 0.0 1.0
0 0.1 113.40738729625762 0.0004801750183105469 16.35350227355957 0.0 1.0
0 0.1 98.77938883400856 0.0005087852478027344 16.354011058807373 0.0 1.0
0 0.1 86.03820166433057 0.0005748271942138672 16.354585886001587 0.0 1.0
0 0.1 74.9404529934022 0.0005719661712646484 16.35515785217285 0.0 1.0
0 0.1 65.27416178184274 0.0005748271942138672 16.355732679367065 0.0 1.0
0 0.1 56.854689638682785 0.0006878376007080078 16.356420516967773 0.0 1.0
0 0.1 49.52121399451067 0.013630390167236328 16.37005090713501 0.5714285714285715 1.0
0 0.1 43.13365618693992 0.01005697250366211 16.380107879638672 0.5714285714285715 1.0
0 0.1 37.570005780944214 0.009630918502807617 16.38973879814148 0.5714285714285715 1.0
0 0.1 32.7239900151928 0.009015083312988281 16.398753881454468 0.5714285714285715 1.0
0 0.1 28.503043857863506 0.009095907211303711 16.40784978866577 0.5714285714285715 1.0
0 0.1 24.826541897430772 0.007927894592285156 16.415777683258057 0.5714285714285715 1.0
0 0.1 21.624258295306348 0.0074329376220703125 16.423210620880127 0.5714285714285715 1.0
0 0.1 18.835025383479486 0.010417938232421875 16.43362855911255 0.7499999999999999 1.0
0 0.1 16.405565284674683 0.008491992950439453 16.44212055206299 0.7499999999999999 1.0
0 0.1 14.289472237493916 0.00846409797668457 16.450584650039673 0.7499999999999999 1.0
0 0.1 12.446326187665905 0.007918834686279297 16.458503484725952 0.7499999999999999 1.0
0 0.1 10.840920713874212 0.0077321529388427734 16.466235637664795 0.7499999999999999 1.0
0 0.1 9.44259054057033 0.008174896240234375 16.47441053390503 0.7499999999999999 1.0
0 0.1 8.224625792416147 0.0064470767974853516 16.480857610702515 0.7499999999999999 1.0
0 0.1 7.163761801874259 0.009086847305297852 16.489944458007812 0.7499999999999999 1.0
0 0.1 6.239734724625884 0.012203216552734375 16.502147674560547 0.7272727272727272 1.0
0 0.1 5.43489447450858 0.009366989135742188 16.51151466369629 0.7272727272727272 1.0
0 0.1 4.733867584541418 0.008263111114501953 16.51977777481079 0.7272727272727272 1.0
0 0.1 4.123263554256632 0.025333166122436523 16.545110940933228 0.6153846153846154 1.0
0 0.1 3.591419074200402 0.021904945373535156 16.567015886306763 0.5714285714285714 1.0
0 0.1 3.128175241967003 0.045471906661987305 16.61248779296875 0.4210526315789473 1.0
0 0.1 2.7246835143108377 0.023011207580566406 16.635499000549316 0.4210526315789473 1.0
0 0.1 2.373236688776134 0.038047075271606445 16.673546075820923 0.38095238095238093 1.0
0 0.1 2.0671216863796724 0.0659477710723877 16.73949384689331 0.3478260869565218 1.0
0 0.1 1.8004913233094775 0.14998102188110352 16.889474868774414 0.32000000000000006 1.0
0 0.1 1.5682526223167341 0.18412494659423828 17.073599815368652 0.2857142857142857 1.0
0 0.1 1.3659695304072161 0.1299903392791748 17.203590154647827 0.27586206896551724 1.0
0 0.1 1.1897781846170337 0.15747308731079102 17.361063241958618 0.25806451612903225 1.0
0 0.1 1.036313107341863 0.08233499526977539 17.443398237228394 0.25806451612903225 1.0
0 0.1 0.9026429214570189 0.10952115058898926 17.552919387817383 0.24242424242424243 1.0
0 0.1 0.786214357305898 0.13179993629455566 17.68471932411194 0.2352941176470588 1.0
0 0.1 0.6848034820193963 0.07946395874023438 17.764183282852173 0.2352941176470588 1.0
0 0.1 0.5964732195846044 0.40250134468078613 18.16668462753296 0.2285714285714286 1.0
0 0.1 0.5195363502423698 0.46610379219055176 18.63278841972351 0.2222222222222222 1.0
0 0.1 0.4525232824553942 0.6117238998413086 19.24451231956482 0.20512820512820512 1.0
0 0.1 0.3941539818506903 0.881871223449707 20.126383543014526 0.19999999999999998 1.0
0 0.1 0.34331352094368267 0.43007898330688477 20.55646252632141 0.19512195121951217 1.0
0 0.1 0.2990307826127625 0.3670628070831299 20.92352533340454 0.19047619047619047 1.0
0 0.1 0.2604599105337001 0.6483829021453857 21.571908235549927 0.18181818181818182 1.0
0 0.1 0.22686415225376097 0.3762986660003662 21.948206901550293 0.18181818181818182 1.0
0 0.1 0.19760178628779224 0.16811871528625488 22.116325616836548 0.18181818181818182 1.0
0 0.1 0.17211386442601356 0.11466288566589355 22.23098850250244 0.18181818181818182 1.0
0 0.1 0.14991353511608546 1.9263889789581299 24.15737748146057 0.1739130434782609 1.0
0 0.01 28.211963230963963 0.0006022453308105469 24.157979726791382 0.0 1.0
0 0.01 24.573006681497752 0.012065887451171875 24.170045614242554 0.5714285714285715 1.0
0 0.01 21.403425646968028 0.008479833602905273 24.17852544784546 0.5714285714285715 1.0
0 0.01 18.642677119777133 0.008249044418334961 24.186774492263794 0.5714285714285715 1.0
0 0.01 16.238027310431736 0.007735013961791992 24.194509506225586 0.5714285714285715 1.0
0 0.01 14.143544365449966 0.008102893829345703 24.20261240005493 0.5714285714285715 1.0
0 0.01 12.319221010851523 0.007366180419921875 24.209978580474854 0.5714285714285715 1.0
0 0.01 10.730210362611421 0.006845951080322266 24.216824531555176 0.5714285714285715 1.0
0 0.01 9.346160307090315 0.010058403015136719 24.226882934570312 0.7499999999999999 1.0
0 0.01 8.140633737265514 0.007959604263305664 24.234842538833618 0.7499999999999999 1.0
0 0.01 7.090603570541246 0.007395744323730469 24.24223828315735 0.7499999999999999 1.0
0 0.01 6.176012902339531 0.00815725326538086 24.25039553642273 0.7499999999999999 1.0
0 0.01 5.379391893848717 0.007443428039550781 24.25783896446228 0.7499999999999999 1.0
0 0.01 4.685524076001097 0.007339000701904297 24.265177965164185 0.7499999999999999 1.0
0 0.01 4.081155695663349 0.006964921951293945 24.27214288711548 0.7499999999999999 1.0
0 0.01 3.554742552184356 0.0069866180419921875 24.27912950515747 0.7499999999999999 1.0
0 0.01 3.09622948855821 0.00527501106262207 24.284404516220093 0.7499999999999999 1.0
0 0.01 2.6968583252045994 0.00550389289855957 24.289908409118652 0.7499999999999999 1.0
0 0.01 2.349000567658869 0.007317066192626953 24.29722547531128 0.7499999999999999 1.0
0 0.01 2.046011692676912 0.01200103759765625 24.309226512908936 0.7272727272727272 1.0
0 0.01 1.7821042294352372 0.007528781890869141 24.316755294799805 0.7272727272727272 1.0
0 0.01 1.5522372115164986 0.007713794708251953 24.324469089508057 0.7272727272727272 1.0
0 0.01 1.3520198880735976 0.02099299430847168 24.34546208381653 0.6153846153846154 1.0
0 0.01 1.1776278549337647 0.01463007926940918 24.360092163085938 0.6153846153846154 1.0
0 0.01 1.0257300036406054 0.028564929962158203 24.388657093048096 0.4210526315789473 1.0
0 0.01 0.8934248930683893 0.01632213592529297 24.40497922897339 0.4210526315789473 1.0
0 0.01 0.7781853282259436 0.015844106674194336 24.420823335647583 0.4210526315789473 1.0
0 0.01 0.6778100876351608 0.01572704315185547 24.43655037879944 0.4210526315789473 1.0
0 0.01 0.590381877216004 0.03582572937011719 24.472376108169556 0.3636363636363636 1.0
0 0.01 0.5142307075440048 0.030028104782104492 24.50240421295166 0.3636363636363636 1.0
0 0.01 0.44790199493955546 0.05656886100769043 24.55897307395935 0.3076923076923077 1.0
0 0.01 0.39012877707943217 0.05249524116516113 24.61146831512451 0.2962962962962963 1.0
0 0.01 0.33980751241358653 0.051573991775512695 24.663042306900024 0.2857142857142857 1.0
0 0.01 0.2959770011254507 0.03334474563598633 24.69638705253601 0.2857142857142857 1.0
0 0.01 0.2578000249994245 0.03282809257507324 24.729215145111084 0.2857142857142857 1.0
0 0.01 0.22454735549379537 0.06143069267272949 24.790645837783813 0.25806451612903225 1.0
0 0.01 0.19558382455304058 0.044500112533569336 24.835145950317383 0.25806451612903225 1.0
0 0.01 0.1703561920944177 0.043749094009399414 24.878895044326782 0.25806451612903225 1.0
0 0.01 0.14838257842248037 0.04237675666809082 24.921271800994873 0.25806451612903225 1.0
0 0.01 0.12924325971726744 0.041155099868774414 24.962426900863647 0.25806451612903225 1.0
0 0.01 0.1125726507783501 0.04017019271850586 25.002597093582153 0.25806451612903225 1.0
0 0.01 0.09805232188500161 0.0335240364074707 25.036121129989624 0.25806451612903225 1.0
0 0.01 0.08540491638568569 0.21050691604614258 25.246628046035767 0.2105263157894737 1.0
0 0.01 0.07438885283512764 0.2445368766784668 25.491164922714233 0.21621621621621623 1.0
0 0.01 0.06479371048308594 0.0960547924041748 25.587219715118408 0.21621621621621623 1.0
0 0.01 0.056436209971818335 0.08609604835510254 25.67331576347351 0.21621621621621623 1.0
0 0.01 0.049156712468482675 0.13844609260559082 25.8117618560791 0.2105263157894737 1.0
0 0.01 0.0428161703614703 0.07502293586730957 25.88678479194641 0.2105263157894737 1.0
0 0.01 0.03729347127511503 0.1479358673095703 26.03472065925598 0.20512820512820512 1.0
0 0.01 0.032483124670098805 0.15799999237060547 26.192720651626587 0.19999999999999998 1.0
