[216.40736058 188.4937774  164.18066384 143.00360867 124.55810333
 108.49181534  94.49785828  82.30892987  71.69220614  62.44489425
  54.39035884  47.37474809  41.26405496  35.94155748  31.30558923
  27.26759733  23.75045104  20.68696841  18.01863304  15.69447636
  13.67010404  11.906848    10.37102782   9.03330739   7.86813455
   6.85325305   5.96927734   5.19932239   4.52868107   3.94454329
   3.43575127   2.99258645   2.60658382   2.27037024   1.9775236
   1.72245016   1.5002777    1.30676244   1.138208     0.99139477
   0.86351843   0.75213639   0.65512111   0.57061946   0.49701737
   0.43290895   0.37706963   0.32843281   0.28606948   0.24917044]0 1 312.2098259152708 0.0005381107330322266 0.0005381107330322266 0.0 1.0
0 1 271.93903789811014 0.0005331039428710938 0.0010712146759033203 0.0 1.0
0 1 236.8626295349813 0.006376981735229492 0.0074481964111328125 0.33333333333333337 1.0
0 1 206.31059705097118 0.02905893325805664 0.03650712966918945 0.5714285714285715 1.0
0 1 179.69935797424765 0.020394086837768555 0.05690121650695801 0.5714285714285715 1.0
0 1 156.52060397255676 0.01589679718017578 0.07279801368713379 0.5714285714285715 1.0
0 1 136.33159152101595 0.01442098617553711 0.0872189998626709 0.5714285714285715 1.0
0 1 118.74668494067365 0.013976097106933594 0.10119509696960449 0.7499999999999999 1.0
0 1 103.42999026917344 0.012482166290283203 0.1136772632598877 0.7499999999999999 1.0
0 1 90.08893926113359 0.012021064758300781 0.12569832801818848 0.7499999999999999 1.0
0 1 78.46870096453189 0.011871099472045898 0.13756942749023438 0.7499999999999999 1.0
0 1 68.34731412713553 0.011480093002319336 0.1490495204925537 0.7499999999999999 1.0
0 1 59.53144745577994 0.017647981643676758 0.16669750213623047 0.6666666666666665 1.0
0 1 51.85270674408604 0.012310981750488281 0.17900848388671875 0.7272727272727272 1.0
0 1 45.16441833008278 0.012942075729370117 0.19195055961608887 0.7272727272727272 1.0
0 1 39.33882744370648 0.01753091812133789 0.20948147773742676 0.6153846153846154 1.0
0 1 34.26465792907022 0.026725053787231445 0.2362065315246582 0.47058823529411764 1.0
0 1 29.84498672911064 0.03995203971862793 0.27615857124328613 0.3636363636363636 1.0
0 1 25.99539253258091 0.05231499671936035 0.3284735679626465 0.3076923076923077 1.0
0 1 22.642343220204207 0.14773106575012207 0.47620463371276855 0.26666666666666666 1.0
0 1 19.721791308170232 0.18977785110473633 0.6659824848175049 0.27586206896551724 1.0
0 1 17.177950560167822 0.24799013137817383 0.9139726161956787 0.26666666666666666 1.0
0 1 14.962230399696251 0.22447896003723145 1.1384515762329102 0.24242424242424243 1.0
0 1 13.03230776858211 0.1912398338317871 1.3296914100646973 0.2222222222222222 1.0
0 1 11.351318703025308 0.23605108261108398 1.5657424926757812 0.2222222222222222 1.0
0 1 9.887154185253786 0.19371390342712402 1.7594563961029053 0.21621621621621623 1.0
0 1 8.611846820663045 0.19543099403381348 1.9548873901367188 0.20512820512820512 1.0
0 1 7.501036625197576 0.22828912734985352 2.1831765174865723 0.19999999999999998 1.0
0 1 6.53350571883761 0.19193387031555176 2.375110387802124 0.20512820512820512 1.0
0 1 5.69077303724795 0.2592289447784424 2.6343393325805664 0.18604651162790697 1.0
0 1 4.956741320068812 0.23118019104003906 2.8655195236206055 0.1777777777777778 1.0
0 1 4.317389632878279 0.2952601909637451 3.1607797145843506 0.16666666666666666 1.0
0 1 3.7605055496069455 2.1993837356567383 5.360163450241089 0.1702127659574468 1.0
0 1 3.2754518797500736 0.5257129669189453 5.885876417160034 0.1702127659574468 1.0
0 1 2.8529634845718124 0.36301493644714355 6.248891353607178 0.16666666666666666 1.0
0 1 2.4849703012340436 0.2973179817199707 6.546209335327148 0.163265306122449 1.0
0 1 2.1644431943866964 0.43899011611938477 6.985199451446533 0.163265306122449 1.0
0 1 1.8852596907900219 0.29023289680480957 7.275432348251343 0.163265306122449 1.0
0 1 1.6420870323301746 0.27295899391174316 7.548391342163086 0.163265306122449 1.0
0 1 1.4302803135927475 0.2518601417541504 7.800251483917236 0.163265306122449 1.0
0 1 1.2457937582930971 0.23708271980285645 8.037334203720093 0.163265306122449 1.0
0 1 1.0851034398309916 1.0029778480529785 9.040312051773071 0.1568627450980392 1.0
0 1 0.945139969834425 0.9863920211791992 10.02670407295227 0.1568627450980392 1.0
0 1 0.823229868958621 1.1337008476257324 11.160404920578003 0.1568627450980392 1.0
0 1 0.7170445000483404 1.981740951538086 13.142145872116089 0.15384615384615383 1.0
0 1 0.624555588222246 2.3524672985076904 15.49461317062378 0.1509433962264151 1.0
0 1 0.5439964782567033 1.7700579166412354 17.264671087265015 0.1509433962264151 1.0
0 1 0.4738283892360109 1.59297776222229 18.857648849487305 0.1509433962264151 1.0
0 1 0.4127110218901976 1.6505608558654785 20.508209705352783 0.1481481481481481 1.0
0 1 0.3594769571833539 1.5928630828857422 22.101072788238525 0.1481481481481481 1.0
0 0.1 130.20161032759302 0.00047707557678222656 22.101549863815308 0.0 1.0
0 0.1 113.40738729625762 0.00046896934509277344 22.1020188331604 0.0 1.0
0 0.1 98.77938883400856 0.0005040168762207031 22.10252285003662 0.0 1.0
0 0.1 86.03820166433057 0.0005049705505371094 22.103027820587158 0.0 1.0
0 0.1 74.9404529934022 0.0005362033843994141 22.103564023971558 0.0 1.0
0 0.1 65.27416178184274 0.0005371570587158203 22.104101181030273 0.0 1.0
0 0.1 56.854689638682785 0.0005731582641601562 22.104674339294434 0.0 1.0
0 0.1 49.52121399451067 0.016030073165893555 22.120704412460327 0.5714285714285715 1.0
0 0.1 43.13365618693992 0.011809110641479492 22.132513523101807 0.5714285714285715 1.0
0 0.1 37.570005780944214 0.011381149291992188 22.1438946723938 0.5714285714285715 1.0
0 0.1 32.7239900151928 0.010768890380859375 22.154663562774658 0.5714285714285715 1.0
0 0.1 28.503043857863506 0.010255813598632812 22.16491937637329 0.5714285714285715 1.0
0 0.1 24.826541897430772 0.00928497314453125 22.174204349517822 0.5714285714285715 1.0
0 0.1 21.624258295306348 0.009708166122436523 22.18391251564026 0.5714285714285715 1.0
0 0.1 18.835025383479486 0.012666940689086914 22.196579456329346 0.7499999999999999 1.0
0 0.1 16.405565284674683 0.010052919387817383 22.206632375717163 0.7499999999999999 1.0
0 0.1 14.289472237493916 0.009936809539794922 22.216569185256958 0.7499999999999999 1.0
0 0.1 12.446326187665905 0.00993204116821289 22.22650122642517 0.7499999999999999 1.0
0 0.1 10.840920713874212 0.009387969970703125 22.235889196395874 0.7499999999999999 1.0
0 0.1 9.44259054057033 0.009603261947631836 22.245492458343506 0.7499999999999999 1.0
0 0.1 8.224625792416147 0.007860898971557617 22.253353357315063 0.7499999999999999 1.0
0 0.1 7.163761801874259 0.011308908462524414 22.264662265777588 0.7499999999999999 1.0
0 0.1 6.239734724625884 0.014541149139404297 22.279203414916992 0.7272727272727272 1.0
0 0.1 5.43489447450858 0.011123895645141602 22.290327310562134 0.7272727272727272 1.0
0 0.1 4.733867584541418 0.009557008743286133 22.29988431930542 0.7272727272727272 1.0
0 0.1 4.123263554256632 0.028577804565429688 22.32846212387085 0.6153846153846154 1.0
0 0.1 3.591419074200402 0.025628089904785156 22.354090213775635 0.5714285714285714 1.0
0 0.1 3.128175241967003 0.0527949333190918 22.406885147094727 0.4210526315789473 1.0
0 0.1 2.7246835143108377 0.029395103454589844 22.436280250549316 0.4210526315789473 1.0
0 0.1 2.373236688776134 0.04339289665222168 22.479673147201538 0.38095238095238093 1.0
0 0.1 2.0671216863796724 0.07840490341186523 22.558078050613403 0.3478260869565218 1.0
0 0.1 1.8004913233094775 0.1691279411315918 22.727205991744995 0.32000000000000006 1.0
0 0.1 1.5682526223167341 0.18712496757507324 22.91433095932007 0.2857142857142857 1.0
0 0.1 1.3659695304072161 0.1712646484375 23.08559560775757 0.27586206896551724 1.0
0 0.1 1.1897781846170337 0.20645880699157715 23.292054414749146 0.25806451612903225 1.0
0 0.1 1.036313107341863 0.10215091705322266 23.394205331802368 0.25806451612903225 1.0
0 0.1 0.9026429214570189 0.14663982391357422 23.540845155715942 0.24242424242424243 1.0
0 0.1 0.786214357305898 0.16099786758422852 23.70184302330017 0.2352941176470588 1.0
0 0.1 0.6848034820193963 0.10446310043334961 23.80630612373352 0.2352941176470588 1.0
0 0.1 0.5964732195846044 0.4438798427581787 24.2501859664917 0.2285714285714286 1.0
0 0.1 0.5195363502423698 0.5834770202636719 24.83366298675537 0.2222222222222222 1.0
0 0.1 0.4525232824553942 0.6698620319366455 25.503525018692017 0.20512820512820512 1.0
0 0.1 0.3941539818506903 0.9681410789489746 26.47166609764099 0.19999999999999998 1.0
0 0.1 0.34331352094368267 0.5355079174041748 27.007174015045166 0.19512195121951217 1.0
0 0.1 0.2990307826127625 0.41249775886535645 27.419671773910522 0.19047619047619047 1.0
0 0.1 0.2604599105337001 1.3034989833831787 28.7231707572937 0.18181818181818182 1.0
0 0.1 0.22686415225376097 0.6048018932342529 29.327972650527954 0.18181818181818182 1.0
0 0.1 0.19760178628779224 0.31930017471313477 29.64727282524109 0.18181818181818182 1.0
0 0.1 0.17211386442601356 0.20179295539855957 29.84906578063965 0.18181818181818182 1.0
0 0.1 0.14991353511608546 2.77704119682312 32.62610697746277 0.1739130434782609 1.0
0 0.01 28.211963230963963 0.0006120204925537109 32.62671899795532 0.0 1.0
0 0.01 24.573006681497752 0.013540029525756836 32.64025902748108 0.5714285714285715 1.0
0 0.01 21.403425646968028 0.009855031967163086 32.65011405944824 0.5714285714285715 1.0
0 0.01 18.642677119777133 0.011311054229736328 32.66142511367798 0.5714285714285715 1.0
0 0.01 16.238027310431736 0.009505987167358398 32.67093110084534 0.5714285714285715 1.0
0 0.01 14.143544365449966 0.009464025497436523 32.68039512634277 0.5714285714285715 1.0
0 0.01 12.319221010851523 0.009396076202392578 32.689791202545166 0.5714285714285715 1.0
0 0.01 10.730210362611421 0.008194208145141602 32.69798541069031 0.5714285714285715 1.0
0 0.01 9.346160307090315 0.011168956756591797 32.7091543674469 0.7499999999999999 1.0
0 0.01 8.140633737265514 0.009133100509643555 32.71828746795654 0.7499999999999999 1.0
0 0.01 7.090603570541246 0.009185791015625 32.72747325897217 0.7499999999999999 1.0
0 0.01 6.176012902339531 0.008590221405029297 32.7360634803772 0.7499999999999999 1.0
0 0.01 5.379391893848717 0.00859689712524414 32.74466037750244 0.7499999999999999 1.0
0 0.01 4.685524076001097 0.008629798889160156 32.7532901763916 0.7499999999999999 1.0
0 0.01 4.081155695663349 0.008585929870605469 32.76187610626221 0.7499999999999999 1.0
0 0.01 3.554742552184356 0.00811004638671875 32.769986152648926 0.7499999999999999 1.0
0 0.01 3.09622948855821 0.007150888442993164 32.77713704109192 0.7499999999999999 1.0
0 0.01 2.6968583252045994 0.0066890716552734375 32.78382611274719 0.7499999999999999 1.0
0 0.01 2.349000567658869 0.009243011474609375 32.7930691242218 0.7499999999999999 1.0
0 0.01 2.046011692676912 0.012616872787475586 32.80568599700928 0.7272727272727272 1.0
0 0.01 1.7821042294352372 0.009409904479980469 32.81509590148926 0.7272727272727272 1.0
0 0.01 1.5522372115164986 0.009421110153198242 32.824517011642456 0.7272727272727272 1.0
0 0.01 1.3520198880735976 0.023846149444580078 32.848363161087036 0.6153846153846154 1.0
0 0.01 1.1776278549337647 0.01743793487548828 32.865801095962524 0.6153846153846154 1.0
0 0.01 1.0257300036406054 0.03450512886047363 32.900306224823 0.4210526315789473 1.0
0 0.01 0.8934248930683893 0.021034955978393555 32.92134118080139 0.4210526315789473 1.0
0 0.01 0.7781853282259436 0.019832134246826172 32.94117331504822 0.4210526315789473 1.0
0 0.01 0.6778100876351608 0.021661043167114258 32.96283435821533 0.4210526315789473 1.0
0 0.01 0.590381877216004 0.04228830337524414 33.005122661590576 0.3636363636363636 1.0
0 0.01 0.5142307075440048 0.03760790824890137 33.04273056983948 0.3636363636363636 1.0
0 0.01 0.44790199493955546 0.06873273849487305 33.11146330833435 0.3076923076923077 1.0
0 0.01 0.39012877707943217 0.06128072738647461 33.172744035720825 0.2962962962962963 1.0
0 0.01 0.33980751241358653 0.06034684181213379 33.23309087753296 0.2857142857142857 1.0
0 0.01 0.2959770011254507 0.04286837577819824 33.27595925331116 0.2857142857142857 1.0
0 0.01 0.2578000249994245 0.041773080825805664 33.31773233413696 0.2857142857142857 1.0
0 0.01 0.22454735549379537 0.07384014129638672 33.39157247543335 0.25806451612903225 1.0
0 0.01 0.19558382455304058 0.05833005905151367 33.44990253448486 0.25806451612903225 1.0
0 0.01 0.1703561920944177 0.05630612373352051 33.506208658218384 0.25806451612903225 1.0
0 0.01 0.14838257842248037 0.05548381805419922 33.56169247627258 0.25806451612903225 1.0
0 0.01 0.12924325971726744 0.05415034294128418 33.61584281921387 0.25806451612903225 1.0
0 0.01 0.1125726507783501 0.05292797088623047 33.6687707901001 0.25806451612903225 1.0
0 0.01 0.09805232188500161 0.0450589656829834 33.71382975578308 0.25806451612903225 1.0
0 0.01 0.08540491638568569 0.24889683723449707 33.96272659301758 0.2105263157894737 1.0
0 0.01 0.07438885283512764 0.2868008613586426 34.24952745437622 0.21621621621621623 1.0
0 0.01 0.06479371048308594 0.12761807441711426 34.377145528793335 0.21621621621621623 1.0
0 0.01 0.056436209971818335 0.12617182731628418 34.50331735610962 0.21621621621621623 1.0
0 0.01 0.049156712468482675 0.17940497398376465 34.682722330093384 0.2105263157894737 1.0
0 0.01 0.0428161703614703 0.10938000679016113 34.792102336883545 0.2105263157894737 1.0
0 0.01 0.03729347127511503 0.19414997100830078 34.986252307891846 0.20512820512820512 1.0
0 0.01 0.032483124670098805 0.20433902740478516 35.19059133529663 0.19999999999999998 1.0
