[216.40736058 188.4937774  164.18066384 143.00360867 124.55810333
 108.49181534  94.49785828  82.30892987  71.69220614  62.44489425
  54.39035884  47.37474809  41.26405496  35.94155748  31.30558923
  27.26759733  23.75045104  20.68696841  18.01863304  15.69447636
  13.67010404  11.906848    10.37102782   9.03330739   7.86813455
   6.85325305   5.96927734   5.19932239   4.52868107   3.94454329
   3.43575127   2.99258645   2.60658382   2.27037024   1.9775236
   1.72245016   1.5002777    1.30676244   1.138208     0.99139477
   0.86351843   0.75213639   0.65512111   0.57061946   0.49701737
   0.43290895   0.37706963   0.32843281   0.28606948   0.24917044]0 1 312.2098259152708 0.0006279945373535156 0.0006279945373535156 0.0 1.0
0 1 271.93903789811014 0.0006341934204101562 0.0012621879577636719 0.0 1.0
0 1 236.8626295349813 0.007521152496337891 0.008783340454101562 0.33333333333333337 1.0
0 1 206.31059705097118 0.008587121963500977 0.01737046241760254 0.5714285714285715 1.0
0 1 179.69935797424765 0.005007028579711914 0.022377490997314453 0.5714285714285715 1.0
0 1 156.52060397255676 0.0038340091705322266 0.02621150016784668 0.5714285714285715 1.0
0 1 136.33159152101595 0.00362396240234375 0.02983546257019043 0.5714285714285715 1.0
0 1 118.74668494067365 0.010363101959228516 0.040198564529418945 0.7499999999999999 1.0
0 1 103.42999026917344 0.006349802017211914 0.04654836654663086 0.7499999999999999 1.0
0 1 90.08893926113359 0.004975795745849609 0.05152416229248047 0.7499999999999999 1.0
0 1 78.46870096453189 0.004795074462890625 0.056319236755371094 0.7499999999999999 1.0
0 1 68.34731412713553 0.005040884017944336 0.06136012077331543 0.7499999999999999 1.0
0 1 59.53144745577994 0.005233049392700195 0.06659317016601562 0.6666666666666665 1.0
0 1 51.85270674408604 0.010050773620605469 0.0766439437866211 0.7272727272727272 1.0
0 1 45.16441833008278 0.010766029357910156 0.08740997314453125 0.7272727272727272 1.0
0 1 39.33882744370648 0.012856721878051758 0.10026669502258301 0.6153846153846154 1.0
0 1 34.26465792907022 0.020205020904541016 0.12047171592712402 0.47058823529411764 1.0
0 1 29.84498672911064 0.027065038681030273 0.1475367546081543 0.3636363636363636 1.0
0 1 25.99539253258091 0.037754058837890625 0.18529081344604492 0.3076923076923077 1.0
0 1 22.642343220204207 0.10465097427368164 0.28994178771972656 0.26666666666666666 1.0
0 1 19.721791308170232 0.1234591007232666 0.41340088844299316 0.27586206896551724 1.0
0 1 17.177950560167822 0.2625868320465088 0.675987720489502 0.26666666666666666 1.0
0 1 14.962230399696251 0.19040775299072266 0.8663954734802246 0.24242424242424243 1.0
0 1 13.03230776858211 0.18778014183044434 1.054175615310669 0.2222222222222222 1.0
0 1 11.351318703025308 0.17923808097839355 1.2334136962890625 0.2222222222222222 1.0
0 1 9.887154185253786 0.13927125930786133 1.3726849555969238 0.21621621621621623 1.0
0 1 8.611846820663045 0.14139699935913086 1.5140819549560547 0.20512820512820512 1.0
0 1 7.501036625197576 0.16361021995544434 1.677692174911499 0.19999999999999998 1.0
0 1 6.53350571883761 0.14142990112304688 1.819122076034546 0.20512820512820512 1.0
0 1 5.69077303724795 0.18444490432739258 2.0035669803619385 0.18604651162790697 1.0
0 1 4.956741320068812 0.15379977226257324 2.1573667526245117 0.1777777777777778 1.0
0 1 4.317389632878279 0.2005000114440918 2.3578667640686035 0.1702127659574468 1.0
0 1 3.7605055496069455 1.8737561702728271 4.231622934341431 0.1702127659574468 1.0
0 1 3.2754518797500736 0.3777151107788086 4.609338045120239 0.1702127659574468 1.0
0 1 2.8529634845718124 0.18034029006958008 4.789678335189819 0.16666666666666666 1.0
0 1 2.4849703012340436 0.1490190029144287 4.938697338104248 0.163265306122449 1.0
0 1 2.1644431943866964 0.25095129013061523 5.189648628234863 0.163265306122449 1.0
0 1 1.8852596907900219 0.14250683784484863 5.332155466079712 0.163265306122449 1.0
0 1 1.6420870323301746 0.12290620803833008 5.455061674118042 0.163265306122449 1.0
0 1 1.4302803135927475 0.11734986305236816 5.57241153717041 0.163265306122449 1.0
0 1 1.2457937582930971 0.11447024345397949 5.68688178062439 0.163265306122449 1.0
0 1 1.0851034398309916 0.39875197410583496 6.085633754730225 0.1568627450980392 1.0
0 1 0.945139969834425 0.3463301658630371 6.431963920593262 0.1568627450980392 1.0
0 1 0.823229868958621 0.4902012348175049 6.922165155410767 0.1568627450980392 1.0
0 1 0.7170445000483404 0.8123221397399902 7.734487295150757 0.15384615384615383 1.0
0 1 0.624555588222246 0.741934061050415 8.476421356201172 0.1509433962264151 1.0
0 1 0.5439964782567033 0.5256822109222412 9.002103567123413 0.1509433962264151 1.0
0 1 0.4738283892360109 0.44994497299194336 9.452048540115356 0.1509433962264151 1.0
0 1 0.4127110218901976 0.44745302200317383 9.89950156211853 0.1481481481481481 1.0
0 1 0.3594769571833539 0.453200101852417 10.352701663970947 0.1481481481481481 1.0
0 0.1 130.20161032759302 0.0006639957427978516 10.353365659713745 0.0 1.0
0 0.1 113.40738729625762 0.0006394386291503906 10.354005098342896 0.0 1.0
0 0.1 98.77938883400856 0.0006489753723144531 10.35465407371521 0.0 1.0
0 0.1 86.03820166433057 0.0006699562072753906 10.355324029922485 0.0 1.0
0 0.1 74.9404529934022 0.0007529258728027344 10.356076955795288 0.0 1.0
0 0.1 65.27416178184274 0.0006618499755859375 10.356738805770874 0.0 1.0
0 0.1 56.854689638682785 0.0006561279296875 10.357394933700562 0.0 1.0
0 0.1 49.52121399451067 0.0006248950958251953 10.358019828796387 0.0 1.0
0 0.1 43.13365618693992 0.0006430149078369141 10.358662843704224 0.0 1.0
0 0.1 37.570005780944214 0.0006189346313476562 10.359281778335571 0.0 1.0
0 0.1 32.7239900151928 0.0006120204925537109 10.359893798828125 0.0 1.0
0 0.1 28.503043857863506 0.0006248950958251953 10.36051869392395 0.0 1.0
0 0.1 24.826541897430772 0.010073184967041016 10.370591878890991 0.5714285714285715 1.0
0 0.1 21.624258295306348 0.0018780231475830078 10.372469902038574 0.5714285714285715 1.0
0 0.1 18.835025383479486 0.0017800331115722656 10.374249935150146 0.5714285714285715 1.0
0 0.1 16.405565284674683 0.0018241405487060547 10.376074075698853 0.5714285714285715 1.0
0 0.1 14.289472237493916 0.001741647720336914 10.37781572341919 0.5714285714285715 1.0
0 0.1 12.446326187665905 0.0016541481018066406 10.379469871520996 0.5714285714285715 1.0
0 0.1 10.840920713874212 0.007770061492919922 10.387239933013916 0.7499999999999999 1.0
0 0.1 9.44259054057033 0.0024220943450927734 10.389662027359009 0.7499999999999999 1.0
0 0.1 8.224625792416147 0.0027930736541748047 10.392455101013184 0.7499999999999999 1.0
0 0.1 7.163761801874259 0.0028679370880126953 10.395323038101196 0.7499999999999999 1.0
0 0.1 6.239734724625884 0.0030629634857177734 10.398386001586914 0.7499999999999999 1.0
0 0.1 5.43489447450858 0.0270538330078125 10.425439834594727 0.7272727272727272 1.0
0 0.1 4.733867584541418 0.007032871246337891 10.432472705841064 0.7272727272727272 1.0
0 0.1 4.123263554256632 0.007773160934448242 10.440245866775513 0.7272727272727272 1.0
0 0.1 3.591419074200402 0.0556941032409668 10.49593997001648 0.5714285714285714 1.0
0 0.1 3.128175241967003 0.14435982704162598 10.640299797058105 0.4444444444444444 1.0
0 0.1 2.7246835143108377 0.05012178421020508 10.69042158126831 0.4210526315789473 1.0
0 0.1 2.373236688776134 0.08477187156677246 10.775193452835083 0.38095238095238093 1.0
0 0.1 2.0671216863796724 0.3245828151702881 11.099776268005371 0.3333333333333333 1.0
0 0.1 1.8004913233094775 0.48790812492370605 11.587684392929077 0.32000000000000006 1.0
0 0.1 1.5682526223167341 0.5539989471435547 12.141683340072632 0.2857142857142857 1.0
0 0.1 1.3659695304072161 0.4279351234436035 12.569618463516235 0.27586206896551724 1.0
0 0.1 1.1897781846170337 0.2797098159790039 12.84932827949524 0.25806451612903225 1.0
0 0.1 1.036313107341863 0.08429288864135742 12.933621168136597 0.25806451612903225 1.0
0 0.1 0.9026429214570189 0.19421625137329102 13.127837419509888 0.24242424242424243 1.0
0 0.1 0.786214357305898 0.20499801635742188 13.33283543586731 0.2352941176470588 1.0
0 0.1 0.6848034820193963 0.06522488594055176 13.398060321807861 0.2352941176470588 1.0
0 0.1 0.5964732195846044 0.6606361865997314 14.058696508407593 0.2285714285714286 1.0
0 0.1 0.5195363502423698 0.6907908916473389 14.749487400054932 0.2222222222222222 1.0
0 0.1 0.4525232824553942 2.5411810874938965 17.290668487548828 0.19999999999999998 1.0
0 0.1 0.3941539818506903 0.3492748737335205 17.63994336128235 0.19999999999999998 1.0
0 0.1 0.34331352094368267 0.5516889095306396 18.19163227081299 0.19512195121951217 1.0
0 0.1 0.2990307826127625 0.7727041244506836 18.964336395263672 0.19047619047619047 1.0
0 0.1 0.2604599105337001 0.957240104675293 19.921576499938965 0.18181818181818182 1.0
0 0.1 0.22686415225376097 0.38146090507507324 20.303037405014038 0.18181818181818182 1.0
0 0.1 0.19760178628779224 0.15881013870239258 20.46184754371643 0.18181818181818182 1.0
0 0.1 0.17211386442601356 0.12113189697265625 20.582979440689087 0.18181818181818182 1.0
0 0.1 0.14991353511608546 2.148286819458008 22.731266260147095 0.1739130434782609 1.0
0 0.01 28.211963230963963 0.0006361007690429688 22.731902360916138 0.0 1.0
0 0.01 24.573006681497752 0.0006449222564697266 22.732547283172607 0.0 1.0
0 0.01 21.403425646968028 0.0006299018859863281 22.733177185058594 0.0 1.0
0 0.01 18.642677119777133 0.0006279945373535156 22.733805179595947 0.0 1.0
0 0.01 16.238027310431736 0.0006158351898193359 22.734421014785767 0.0 1.0
0 0.01 14.143544365449966 0.0006759166717529297 22.73509693145752 0.0 1.0
0 0.01 12.319221010851523 0.0006642341613769531 22.735761165618896 0.0 1.0
0 0.01 10.730210362611421 0.0006709098815917969 22.73643207550049 0.0 1.0
0 0.01 9.346160307090315 0.0006420612335205078 22.73707413673401 0.0 1.0
0 0.01 8.140633737265514 0.0006310939788818359 22.73770523071289 0.0 1.0
0 0.01 7.090603570541246 0.0006780624389648438 22.738383293151855 0.0 1.0
0 0.01 6.176012902339531 0.0006339550018310547 22.739017248153687 0.0 1.0
0 0.01 5.379391893848717 0.0006432533264160156 22.739660501480103 0.0 1.0
0 0.01 4.685524076001097 0.000720977783203125 22.740381479263306 0.0 1.0
0 0.01 4.081155695663349 0.000682830810546875 22.741064310073853 0.0 1.0
0 0.01 3.554742552184356 0.0006206035614013672 22.741684913635254 0.0 1.0
0 0.01 3.09622948855821 0.0006129741668701172 22.742297887802124 0.0 1.0
0 0.01 2.6968583252045994 0.000720977783203125 22.743018865585327 0.0 1.0
0 0.01 2.349000567658869 0.015978336334228516 22.758997201919556 0.5714285714285715 1.0
0 0.01 2.046011692676912 0.0010459423065185547 22.760043144226074 0.5714285714285715 1.0
0 0.01 1.7821042294352372 0.0010290145874023438 22.761072158813477 0.5714285714285715 1.0
0 0.01 1.5522372115164986 0.0011260509490966797 22.762198209762573 0.5714285714285715 1.0
0 0.01 1.3520198880735976 0.001055002212524414 22.763253211975098 0.5714285714285715 1.0
0 0.01 1.1776278549337647 0.0011470317840576172 22.764400243759155 0.5714285714285715 1.0
0 0.01 1.0257300036406054 0.0051610469818115234 22.769561290740967 0.7499999999999999 1.0
0 0.01 0.8934248930683893 0.0010488033294677734 22.770610094070435 0.7499999999999999 1.0
0 0.01 0.7781853282259436 0.001194000244140625 22.771804094314575 0.7499999999999999 1.0
0 0.01 0.6778100876351608 0.001180887222290039 22.772984981536865 0.7499999999999999 1.0
0 0.01 0.590381877216004 0.001249074935913086 22.77423405647278 0.7499999999999999 1.0
0 0.01 0.5142307075440048 0.013234853744506836 22.787468910217285 0.7272727272727272 1.0
0 0.01 0.44790199493955546 0.003258228302001953 22.790727138519287 0.7272727272727272 1.0
0 0.01 0.39012877707943217 0.04086899757385254 22.83159613609314 0.5000000000000001 1.0
0 0.01 0.33980751241358653 0.046437978744506836 22.878034114837646 0.4 1.0
0 0.01 0.2959770011254507 0.008588075637817383 22.886622190475464 0.4 1.0
0 0.01 0.2578000249994245 0.008988142013549805 22.895610332489014 0.4 1.0
0 0.01 0.22454735549379537 0.06733822822570801 22.96294856071472 0.3076923076923077 1.0
0 0.01 0.19558382455304058 0.012696027755737305 22.97564458847046 0.3076923076923077 1.0
0 0.01 0.1703561920944177 0.18567824363708496 23.161322832107544 0.26666666666666666 1.0
0 0.01 0.14838257842248037 0.062355995178222656 23.223678827285767 0.25806451612903225 1.0
0 0.01 0.12924325971726744 0.01892399787902832 23.242602825164795 0.25806451612903225 1.0
0 0.01 0.1125726507783501 0.06289505958557129 23.305497884750366 0.25 1.0
0 0.01 0.09805232188500161 0.06537199020385742 23.370869874954224 0.24242424242424243 1.0
0 0.01 0.08540491638568569 0.08671259880065918 23.457582473754883 0.2352941176470588 1.0
0 0.01 0.07438885283512764 0.01892828941345215 23.476510763168335 0.2352941176470588 1.0
0 0.01 0.06479371048308594 0.08388400077819824 23.560394763946533 0.2285714285714286 1.0
0 0.01 0.056436209971818335 0.22915983200073242 23.789554595947266 0.21621621621621623 1.0
0 0.01 0.049156712468482675 0.03542804718017578 23.82498264312744 0.21621621621621623 1.0
0 0.01 0.0428161703614703 0.20111703872680664 24.026099681854248 0.20512820512820512 1.0
0 0.01 0.03729347127511503 0.03228187561035156 24.0583815574646 0.20512820512820512 1.0
0 0.01 0.032483124670098805 0.03032088279724121 24.08870244026184 0.20512820512820512 1.0
