[216.40736058 188.4937774  164.18066384 143.00360867 124.55810333
 108.49181534  94.49785828  82.30892987  71.69220614  62.44489425
  54.39035884  47.37474809  41.26405496  35.94155748  31.30558923
  27.26759733  23.75045104  20.68696841  18.01863304  15.69447636
  13.67010404  11.906848    10.37102782   9.03330739   7.86813455
   6.85325305   5.96927734   5.19932239   4.52868107   3.94454329
   3.43575127   2.99258645   2.60658382   2.27037024   1.9775236
   1.72245016   1.5002777    1.30676244   1.138208     0.99139477
   0.86351843   0.75213639   0.65512111   0.57061946   0.49701737
   0.43290895   0.37706963   0.32843281   0.28606948   0.24917044]0 1 312.2098259152708 0.0006310939788818359 0.0006310939788818359 0.0 1.0
0 1 271.93903789811014 0.0006470680236816406 0.0012781620025634766 0.0 1.0
0 1 236.8626295349813 0.009069204330444336 0.010347366333007812 0.33333333333333337 1.0
0 1 206.31059705097118 0.009943962097167969 0.02029132843017578 0.5714285714285715 1.0
0 1 179.69935797424765 0.0057451725006103516 0.026036500930786133 0.5714285714285715 1.0
0 1 156.52060397255676 0.0045278072357177734 0.030564308166503906 0.5714285714285715 1.0
0 1 136.33159152101595 0.00431370735168457 0.03487801551818848 0.5714285714285715 1.0
0 1 118.74668494067365 0.01186990737915039 0.04674792289733887 0.7499999999999999 1.0
0 1 103.42999026917344 0.0077512264251708984 0.054499149322509766 0.7499999999999999 1.0
0 1 90.08893926113359 0.006021976470947266 0.06052112579345703 0.7499999999999999 1.0
0 1 78.46870096453189 0.005949974060058594 0.06647109985351562 0.7499999999999999 1.0
0 1 68.34731412713553 0.006002902984619141 0.07247400283813477 0.7499999999999999 1.0
0 1 59.53144745577994 0.006512880325317383 0.07898688316345215 0.6666666666666665 1.0
0 1 51.85270674408604 0.011548995971679688 0.09053587913513184 0.7272727272727272 1.0
0 1 45.16441833008278 0.011910200119018555 0.10244607925415039 0.7272727272727272 1.0
0 1 39.33882744370648 0.015379190444946289 0.11782526969909668 0.6153846153846154 1.0
0 1 34.26465792907022 0.021962881088256836 0.13978815078735352 0.47058823529411764 1.0
0 1 29.84498672911064 0.030699968338012695 0.1704881191253662 0.3636363636363636 1.0
0 1 25.99539253258091 0.04193305969238281 0.21242117881774902 0.3076923076923077 1.0
0 1 22.642343220204207 0.11812996864318848 0.3305511474609375 0.26666666666666666 1.0
0 1 19.721791308170232 0.13737010955810547 0.46792125701904297 0.27586206896551724 1.0
0 1 17.177950560167822 0.27838802337646484 0.7463092803955078 0.26666666666666666 1.0
0 1 14.962230399696251 0.20856118202209473 0.9548704624176025 0.24242424242424243 1.0
0 1 13.03230776858211 0.19762802124023438 1.152498483657837 0.2222222222222222 1.0
0 1 11.351318703025308 0.1992177963256836 1.3517162799835205 0.2222222222222222 1.0
0 1 9.887154185253786 0.15584516525268555 1.507561445236206 0.21621621621621623 1.0
0 1 8.611846820663045 0.15247297286987305 1.660034418106079 0.20512820512820512 1.0
0 1 7.501036625197576 0.18740105628967285 1.847435474395752 0.19999999999999998 1.0
0 1 6.53350571883761 0.15383219718933105 2.001267671585083 0.20512820512820512 1.0
0 1 5.69077303724795 0.20307302474975586 2.204340696334839 0.18604651162790697 1.0
0 1 4.956741320068812 0.1682569980621338 2.3725976943969727 0.1777777777777778 1.0
0 1 4.317389632878279 0.22312307357788086 2.5957207679748535 0.16666666666666666 1.0
0 1 3.7605055496069455 1.9926409721374512 4.588361740112305 0.1702127659574468 1.0
0 1 3.2754518797500736 0.4035971164703369 4.991958856582642 0.1702127659574468 1.0
0 1 2.8529634845718124 0.22412419319152832 5.21608304977417 0.16666666666666666 1.0
0 1 2.4849703012340436 0.17814111709594727 5.394224166870117 0.163265306122449 1.0
0 1 2.1644431943866964 0.2906382083892822 5.684862375259399 0.163265306122449 1.0
0 1 1.8852596907900219 0.16813898086547852 5.853001356124878 0.163265306122449 1.0
0 1 1.6420870323301746 0.15109014511108398 6.004091501235962 0.163265306122449 1.0
0 1 1.4302803135927475 0.14618897438049316 6.150280475616455 0.163265306122449 1.0
0 1 1.2457937582930971 0.13692498207092285 6.287205457687378 0.163265306122449 1.0
0 1 1.0851034398309916 0.5008668899536133 6.788072347640991 0.1568627450980392 1.0
0 1 0.945139969834425 0.4237368106842041 7.211809158325195 0.1568627450980392 1.0
0 1 0.823229868958621 0.5565497875213623 7.768358945846558 0.1568627450980392 1.0
0 1 0.7170445000483404 0.9823250770568848 8.750684022903442 0.15384615384615383 1.0
0 1 0.624555588222246 0.9805870056152344 9.731271028518677 0.1509433962264151 1.0
0 1 0.5439964782567033 0.7181911468505859 10.449462175369263 0.1509433962264151 1.0
0 1 0.4738283892360109 0.6274368762969971 11.07689905166626 0.1509433962264151 1.0
0 1 0.4127110218901976 0.6462831497192383 11.723182201385498 0.1481481481481481 1.0
0 1 0.3594769571833539 0.6073341369628906 12.330516338348389 0.1481481481481481 1.0
0 0.1 130.20161032759302 0.0006451606750488281 12.331161499023438 0.0 1.0
0 0.1 113.40738729625762 0.0006310939788818359 12.33179259300232 0.0 1.0
0 0.1 98.77938883400856 0.00061798095703125 12.33241057395935 0.0 1.0
0 0.1 86.03820166433057 0.0006229877471923828 12.333033561706543 0.0 1.0
0 0.1 74.9404529934022 0.0006439685821533203 12.333677530288696 0.0 1.0
0 0.1 65.27416178184274 0.0006399154663085938 12.334317445755005 0.0 1.0
0 0.1 56.854689638682785 0.0006668567657470703 12.334984302520752 0.0 1.0
0 0.1 49.52121399451067 0.0006420612335205078 12.335626363754272 0.0 1.0
0 0.1 43.13365618693992 0.0006527900695800781 12.336279153823853 0.0 1.0
0 0.1 37.570005780944214 0.0006692409515380859 12.33694839477539 0.0 1.0
0 0.1 32.7239900151928 0.0006220340728759766 12.337570428848267 0.0 1.0
0 0.1 28.503043857863506 0.0006241798400878906 12.338194608688354 0.0 1.0
0 0.1 24.826541897430772 0.010374069213867188 12.348568677902222 0.5714285714285715 1.0
0 0.1 21.624258295306348 0.002318143844604492 12.350886821746826 0.5714285714285715 1.0
0 0.1 18.835025383479486 0.0020799636840820312 12.352966785430908 0.5714285714285715 1.0
0 0.1 16.405565284674683 0.0019676685333251953 12.354934453964233 0.5714285714285715 1.0
0 0.1 14.289472237493916 0.0019919872283935547 12.356926441192627 0.5714285714285715 1.0
0 0.1 12.446326187665905 0.002216339111328125 12.359142780303955 0.5714285714285715 1.0
0 0.1 10.840920713874212 0.007843017578125 12.36698579788208 0.7499999999999999 1.0
0 0.1 9.44259054057033 0.0027611255645751953 12.369746923446655 0.7499999999999999 1.0
0 0.1 8.224625792416147 0.0028259754180908203 12.372572898864746 0.7499999999999999 1.0
0 0.1 7.163761801874259 0.003017902374267578 12.375590801239014 0.7499999999999999 1.0
0 0.1 6.239734724625884 0.0032842159271240234 12.378875017166138 0.7499999999999999 1.0
0 0.1 5.43489447450858 0.027463912963867188 12.406338930130005 0.7272727272727272 1.0
0 0.1 4.733867584541418 0.007717132568359375 12.414056062698364 0.7272727272727272 1.0
0 0.1 4.123263554256632 0.008785009384155273 12.42284107208252 0.7272727272727272 1.0
0 0.1 3.591419074200402 0.0575411319732666 12.480382204055786 0.5714285714285714 1.0
0 0.1 3.128175241967003 0.14576506614685059 12.626147270202637 0.4444444444444444 1.0
0 0.1 2.7246835143108377 0.05266094207763672 12.678808212280273 0.4210526315789473 1.0
0 0.1 2.373236688776134 0.0893869400024414 12.768195152282715 0.38095238095238093 1.0
0 0.1 2.0671216863796724 0.3795959949493408 13.147791147232056 0.3333333333333333 1.0
0 0.1 1.8004913233094775 0.51285719871521 13.660648345947266 0.32000000000000006 1.0
0 0.1 1.5682526223167341 0.5890340805053711 14.249682426452637 0.2857142857142857 1.0
0 0.1 1.3659695304072161 0.4456310272216797 14.695313453674316 0.27586206896551724 1.0
0 0.1 1.1897781846170337 0.2996389865875244 14.99495244026184 0.25806451612903225 1.0
0 0.1 1.036313107341863 0.09152889251708984 15.08648133277893 0.25806451612903225 1.0
0 0.1 0.9026429214570189 0.2049880027770996 15.29146933555603 0.24242424242424243 1.0
0 0.1 0.786214357305898 0.2138538360595703 15.5053231716156 0.2352941176470588 1.0
0 0.1 0.6848034820193963 0.07296299934387207 15.578286170959473 0.2352941176470588 1.0
0 0.1 0.5964732195846044 0.6980159282684326 16.276302099227905 0.2285714285714286 1.0
0 0.1 0.5195363502423698 0.7283368110656738 17.00463891029358 0.2222222222222222 1.0
0 0.1 0.4525232824553942 2.667877197265625 19.672516107559204 0.19999999999999998 1.0
0 0.1 0.3941539818506903 0.3717811107635498 20.044297218322754 0.19999999999999998 1.0
0 0.1 0.34331352094368267 0.6166050434112549 20.66090226173401 0.19512195121951217 1.0
0 0.1 0.2990307826127625 0.7832257747650146 21.444128036499023 0.19047619047619047 1.0
0 0.1 0.2604599105337001 1.2024638652801514 22.646591901779175 0.18181818181818182 1.0
0 0.1 0.22686415225376097 0.42919325828552246 23.075785160064697 0.18181818181818182 1.0
0 0.1 0.19760178628779224 0.200653076171875 23.276438236236572 0.18181818181818182 1.0
0 0.1 0.17211386442601356 0.13296985626220703 23.40940809249878 0.18181818181818182 1.0
0 0.1 0.14991353511608546 2.408622980117798 25.818031072616577 0.1739130434782609 1.0
0 0.01 28.211963230963963 0.0006451606750488281 25.818676233291626 0.0 1.0
0 0.01 24.573006681497752 0.0006380081176757812 25.8193142414093 0.0 1.0
0 0.01 21.403425646968028 0.0006279945373535156 25.819942235946655 0.0 1.0
0 0.01 18.642677119777133 0.0006361007690429688 25.8205783367157 0.0 1.0
0 0.01 16.238027310431736 0.0006437301635742188 25.821222066879272 0.0 1.0
0 0.01 14.143544365449966 0.0006661415100097656 25.821888208389282 0.0 1.0
0 0.01 12.319221010851523 0.0006418228149414062 25.822530031204224 0.0 1.0
0 0.01 10.730210362611421 0.0007219314575195312 25.823251962661743 0.0 1.0
0 0.01 9.346160307090315 0.0006289482116699219 25.823880910873413 0.0 1.0
0 0.01 8.140633737265514 0.0006270408630371094 25.82450795173645 0.0 1.0
0 0.01 7.090603570541246 0.0006120204925537109 25.825119972229004 0.0 1.0
0 0.01 6.176012902339531 0.0006229877471923828 25.825742959976196 0.0 1.0
0 0.01 5.379391893848717 0.0006186962127685547 25.826361656188965 0.0 1.0
0 0.01 4.685524076001097 0.0006430149078369141 25.8270046710968 0.0 1.0
0 0.01 4.081155695663349 0.0006158351898193359 25.82762050628662 0.0 1.0
0 0.01 3.554742552184356 0.0007710456848144531 25.828391551971436 0.0 1.0
0 0.01 3.09622948855821 0.0006928443908691406 25.829084396362305 0.0 1.0
0 0.01 2.6968583252045994 0.0006840229034423828 25.829768419265747 0.0 1.0
0 0.01 2.349000567658869 0.015876293182373047 25.84564471244812 0.5714285714285715 1.0
0 0.01 2.046011692676912 0.0013070106506347656 25.846951723098755 0.5714285714285715 1.0
0 0.01 1.7821042294352372 0.0012617111206054688 25.84821343421936 0.5714285714285715 1.0
0 0.01 1.5522372115164986 0.0013210773468017578 25.849534511566162 0.5714285714285715 1.0
0 0.01 1.3520198880735976 0.0014531612396240234 25.850987672805786 0.5714285714285715 1.0
0 0.01 1.1776278549337647 0.0016660690307617188 25.852653741836548 0.5714285714285715 1.0
0 0.01 1.0257300036406054 0.005349874496459961 25.858003616333008 0.7499999999999999 1.0
0 0.01 0.8934248930683893 0.0017828941345214844 25.85978651046753 0.7499999999999999 1.0
0 0.01 0.7781853282259436 0.0010480880737304688 25.86083459854126 0.7499999999999999 1.0
0 0.01 0.6778100876351608 0.0010921955108642578 25.861926794052124 0.7499999999999999 1.0
0 0.01 0.590381877216004 0.0013020038604736328 25.863228797912598 0.7499999999999999 1.0
0 0.01 0.5142307075440048 0.013261795043945312 25.876490592956543 0.7272727272727272 1.0
0 0.01 0.44790199493955546 0.0034589767456054688 25.87994956970215 0.7272727272727272 1.0
0 0.01 0.39012877707943217 0.04202699661254883 25.921976566314697 0.5000000000000001 1.0
0 0.01 0.33980751241358653 0.046425819396972656 25.96840238571167 0.4 1.0
0 0.01 0.2959770011254507 0.009345054626464844 25.977747440338135 0.4 1.0
0 0.01 0.2578000249994245 0.010094165802001953 25.987841606140137 0.4 1.0
0 0.01 0.22454735549379537 0.06716370582580566 26.055005311965942 0.3076923076923077 1.0
0 0.01 0.19558382455304058 0.012922048568725586 26.067927360534668 0.3076923076923077 1.0
0 0.01 0.1703561920944177 0.18491792678833008 26.252845287322998 0.26666666666666666 1.0
0 0.01 0.14838257842248037 0.0627291202545166 26.315574407577515 0.25806451612903225 1.0
0 0.01 0.12924325971726744 0.0192868709564209 26.334861278533936 0.25806451612903225 1.0
0 0.01 0.1125726507783501 0.06407594680786133 26.398937225341797 0.25 1.0
0 0.01 0.09805232188500161 0.06495070457458496 26.463887929916382 0.24242424242424243 1.0
0 0.01 0.08540491638568569 0.08810901641845703 26.55199694633484 0.2352941176470588 1.0
0 0.01 0.07438885283512764 0.01982736587524414 26.571824312210083 0.2352941176470588 1.0
0 0.01 0.06479371048308594 0.08394432067871094 26.655768632888794 0.2285714285714286 1.0
0 0.01 0.056436209971818335 0.23226284980773926 26.888031482696533 0.21621621621621623 1.0
0 0.01 0.049156712468482675 0.039916038513183594 26.927947521209717 0.21621621621621623 1.0
0 0.01 0.0428161703614703 0.19939565658569336 27.12734317779541 0.20512820512820512 1.0
0 0.01 0.03729347127511503 0.034483909606933594 27.161827087402344 0.20512820512820512 1.0
0 0.01 0.032483124670098805 0.031023263931274414 27.192850351333618 0.20512820512820512 1.0
