[216.40736058 188.4937774  164.18066384 143.00360867 124.55810333
 108.49181534  94.49785828  82.30892987  71.69220614  62.44489425
  54.39035884  47.37474809  41.26405496  35.94155748  31.30558923
  27.26759733  23.75045104  20.68696841  18.01863304  15.69447636
  13.67010404  11.906848    10.37102782   9.03330739   7.86813455
   6.85325305   5.96927734   5.19932239   4.52868107   3.94454329
   3.43575127   2.99258645   2.60658382   2.27037024   1.9775236
   1.72245016   1.5002777    1.30676244   1.138208     0.99139477
   0.86351843   0.75213639   0.65512111   0.57061946   0.49701737
   0.43290895   0.37706963   0.32843281   0.28606948   0.24917044]0 1 312.2098259152708 0.0011911392211914062 0.0011911392211914062 0.0 1.0
0 1 271.93903789811014 0.0011720657348632812 0.0023632049560546875 0.0 1.0
0 1 236.8626295349813 0.02761101722717285 0.02997422218322754 0.33333333333333337 1.0
0 1 206.31059705097118 0.02192091941833496 0.0518951416015625 0.5714285714285715 1.0
0 1 179.69935797424765 0.011862039566040039 0.06375718116760254 0.5714285714285715 1.0
0 1 156.52060397255676 0.009049177169799805 0.07280635833740234 0.5714285714285715 1.0
0 1 136.33159152101595 0.007973909378051758 0.0807802677154541 0.5714285714285715 1.0
0 1 118.74668494067365 0.023921966552734375 0.10470223426818848 0.7499999999999999 1.0
0 1 103.42999026917344 0.014781951904296875 0.11948418617248535 0.7499999999999999 1.0
0 1 90.08893926113359 0.010937929153442383 0.13042211532592773 0.7499999999999999 1.0
0 1 78.46870096453189 0.009606122970581055 0.1400282382965088 0.7499999999999999 1.0
0 1 68.34731412713553 0.0085601806640625 0.1485884189605713 0.7499999999999999 1.0
0 1 59.53144745577994 0.00900578498840332 0.1575942039489746 0.6666666666666665 1.0
0 1 51.85270674408604 0.013218879699707031 0.17081308364868164 0.7272727272727272 1.0
0 1 45.16441833008278 0.013280868530273438 0.18409395217895508 0.7272727272727272 1.0
0 1 39.33882744370648 0.01327204704284668 0.19736599922180176 0.6153846153846154 1.0
0 1 34.26465792907022 0.01999497413635254 0.2173609733581543 0.47058823529411764 1.0
0 1 29.84498672911064 0.026973724365234375 0.24433469772338867 0.3636363636363636 1.0
0 1 25.99539253258091 0.032579660415649414 0.2769143581390381 0.3076923076923077 1.0
0 1 22.642343220204207 0.09453225135803223 0.3714466094970703 0.26666666666666666 1.0
0 1 19.721791308170232 0.10595130920410156 0.4773979187011719 0.27586206896551724 1.0
0 1 17.177950560167822 0.24462127685546875 0.7220191955566406 0.26666666666666666 1.0
0 1 14.962230399696251 0.17644524574279785 0.8984644412994385 0.24242424242424243 1.0
0 1 13.03230776858211 0.17773103713989258 1.076195478439331 0.2222222222222222 1.0
0 1 11.351318703025308 0.1576251983642578 1.2338206768035889 0.2222222222222222 1.0
0 1 9.887154185253786 0.1240530014038086 1.3578736782073975 0.21621621621621623 1.0
0 1 8.611846820663045 0.12430691719055176 1.4821805953979492 0.20512820512820512 1.0
0 1 7.501036625197576 0.14209198951721191 1.6242725849151611 0.19999999999999998 1.0
0 1 6.53350571883761 0.12380003929138184 1.748072624206543 0.20512820512820512 1.0
0 1 5.69077303724795 0.1653740406036377 1.9134466648101807 0.18604651162790697 1.0
0 1 4.956741320068812 0.12413907051086426 2.037585735321045 0.1777777777777778 1.0
0 1 4.317389632878279 0.17243385314941406 2.210019588470459 0.1702127659574468 1.0
0 1 3.7605055496069455 1.6772327423095703 3.8872523307800293 0.1702127659574468 1.0
0 1 3.2754518797500736 0.3380908966064453 4.225343227386475 0.1702127659574468 1.0
0 1 2.8529634845718124 0.13118791580200195 4.356531143188477 0.16666666666666666 1.0
0 1 2.4849703012340436 0.12990379333496094 4.4864349365234375 0.163265306122449 1.0
0 1 2.1644431943866964 0.22798681259155273 4.71442174911499 0.163265306122449 1.0
0 1 1.8852596907900219 0.09522223472595215 4.809643983840942 0.163265306122449 1.0
0 1 1.6420870323301746 0.09259700775146484 4.902240991592407 0.163265306122449 1.0
0 1 1.4302803135927475 0.09320187568664551 4.995442867279053 0.163265306122449 1.0
0 1 1.2457937582930971 0.09183907508850098 5.087281942367554 0.163265306122449 1.0
0 1 1.0851034398309916 0.22309303283691406 5.310374975204468 0.1568627450980392 1.0
0 1 0.945139969834425 0.22348475456237793 5.533859729766846 0.1568627450980392 1.0
0 1 0.823229868958621 0.3737499713897705 5.907609701156616 0.1568627450980392 1.0
0 1 0.7170445000483404 0.6758458614349365 6.583455562591553 0.15384615384615383 1.0
0 1 0.624555588222246 0.4514791965484619 7.034934759140015 0.1509433962264151 1.0
0 1 0.5439964782567033 0.3113727569580078 7.3463075160980225 0.1509433962264151 1.0
0 1 0.4738283892360109 0.2281508445739746 7.574458360671997 0.1509433962264151 1.0
0 1 0.4127110218901976 0.22357702255249023 7.798035383224487 0.1481481481481481 1.0
0 1 0.3594769571833539 0.22632384300231934 8.024359226226807 0.1481481481481481 1.0
0 0.1 130.20161032759302 0.0011827945709228516 8.02554202079773 0.0 1.0
0 0.1 113.40738729625762 0.0011677742004394531 8.026709794998169 0.0 1.0
0 0.1 98.77938883400856 0.0011661052703857422 8.027875900268555 0.0 1.0
0 0.1 86.03820166433057 0.0011827945709228516 8.029058694839478 0.0 1.0
0 0.1 74.9404529934022 0.0011641979217529297 8.03022289276123 0.0 1.0
0 0.1 65.27416178184274 0.001154184341430664 8.031377077102661 0.0 1.0
0 0.1 56.854689638682785 0.0011620521545410156 8.032539129257202 0.0 1.0
0 0.1 49.52121399451067 0.0011551380157470703 8.03369426727295 0.0 1.0
0 0.1 43.13365618693992 0.0012958049774169922 8.034990072250366 0.0 1.0
0 0.1 37.570005780944214 0.0012500286102294922 8.036240100860596 0.0 1.0
0 0.1 32.7239900151928 0.0012488365173339844 8.03748893737793 0.0 1.0
0 0.1 28.503043857863506 0.0011959075927734375 8.038684844970703 0.0 1.0
0 0.1 24.826541897430772 0.014676809310913086 8.053361654281616 0.5714285714285715 1.0
0 0.1 21.624258295306348 0.004099845886230469 8.057461500167847 0.5714285714285715 1.0
0 0.1 18.835025383479486 0.004055023193359375 8.061516523361206 0.5714285714285715 1.0
0 0.1 16.405565284674683 0.004086971282958984 8.065603494644165 0.5714285714285715 1.0
0 0.1 14.289472237493916 0.003991127014160156 8.069594621658325 0.5714285714285715 1.0
0 0.1 12.446326187665905 0.004108905792236328 8.073703527450562 0.5714285714285715 1.0
0 0.1 10.840920713874212 0.011593341827392578 8.085296869277954 0.7499999999999999 1.0
0 0.1 9.44259054057033 0.005251646041870117 8.090548515319824 0.7499999999999999 1.0
0 0.1 8.224625792416147 0.004364967346191406 8.094913482666016 0.7499999999999999 1.0
0 0.1 7.163761801874259 0.004080057144165039 8.09899353981018 0.7499999999999999 1.0
0 0.1 6.239734724625884 0.004125833511352539 8.103119373321533 0.7499999999999999 1.0
0 0.1 5.43489447450858 0.03149986267089844 8.134619235992432 0.7272727272727272 1.0
0 0.1 4.733867584541418 0.009701013565063477 8.144320249557495 0.7272727272727272 1.0
0 0.1 4.123263554256632 0.009128093719482422 8.153448343276978 0.7272727272727272 1.0
0 0.1 3.591419074200402 0.06183314323425293 8.21528148651123 0.5714285714285714 1.0
0 0.1 3.128175241967003 0.15371298789978027 8.36899447441101 0.4444444444444444 1.0
0 0.1 2.7246835143108377 0.05504584312438965 8.4240403175354 0.4210526315789473 1.0
0 0.1 2.373236688776134 0.0877997875213623 8.511840105056763 0.38095238095238093 1.0
0 0.1 2.0671216863796724 0.28647780418395996 8.798317909240723 0.3333333333333333 1.0
0 0.1 1.8004913233094775 0.50868821144104 9.307006120681763 0.32000000000000006 1.0
0 0.1 1.5682526223167341 0.5573358535766602 9.864341974258423 0.2857142857142857 1.0
0 0.1 1.3659695304072161 0.42739081382751465 10.291732788085938 0.27586206896551724 1.0
0 0.1 1.1897781846170337 0.2746920585632324 10.56642484664917 0.25806451612903225 1.0
0 0.1 1.036313107341863 0.08276104927062988 10.6491858959198 0.25806451612903225 1.0
0 0.1 0.9026429214570189 0.17704010009765625 10.826225996017456 0.24242424242424243 1.0
0 0.1 0.786214357305898 0.20012426376342773 11.026350259780884 0.2352941176470588 1.0
0 0.1 0.6848034820193963 0.06382894515991211 11.090179204940796 0.2352941176470588 1.0
0 0.1 0.5964732195846044 0.6372029781341553 11.727382183074951 0.2285714285714286 1.0
0 0.1 0.5195363502423698 0.6454861164093018 12.372868299484253 0.2222222222222222 1.0
0 0.1 0.4525232824553942 2.3465209007263184 14.719389200210571 0.19999999999999998 1.0
0 0.1 0.3941539818506903 0.2986578941345215 15.018047094345093 0.19999999999999998 1.0
0 0.1 0.34331352094368267 0.4835348129272461 15.501581907272339 0.19512195121951217 1.0
0 0.1 0.2990307826127625 0.7837140560150146 16.285295963287354 0.19047619047619047 1.0
0 0.1 0.2604599105337001 0.8324010372161865 17.11769700050354 0.18604651162790697 1.0
0 0.1 0.22686415225376097 0.2512478828430176 17.368944883346558 0.18181818181818182 1.0
0 0.1 0.19760178628779224 0.13561487197875977 17.504559755325317 0.18181818181818182 1.0
0 0.1 0.17211386442601356 0.11651873588562012 17.621078491210938 0.18181818181818182 1.0
0 0.1 0.14991353511608546 1.670607089996338 19.291685581207275 0.1739130434782609 1.0
0 0.01 28.211963230963963 0.0011658668518066406 19.292851448059082 0.0 1.0
0 0.01 24.573006681497752 0.0012080669403076172 19.29405951499939 0.0 1.0
0 0.01 21.403425646968028 0.0011560916900634766 19.295215606689453 0.0 1.0
0 0.01 18.642677119777133 0.0012049674987792969 19.296420574188232 0.0 1.0
0 0.01 16.238027310431736 0.0012359619140625 19.297656536102295 0.0 1.0
0 0.01 14.143544365449966 0.001222372055053711 19.29887890815735 0.0 1.0
0 0.01 12.319221010851523 0.0011599063873291016 19.300038814544678 0.0 1.0
0 0.01 10.730210362611421 0.0011527538299560547 19.301191568374634 0.0 1.0
0 0.01 9.346160307090315 0.001148223876953125 19.302339792251587 0.0 1.0
0 0.01 8.140633737265514 0.0011820793151855469 19.303521871566772 0.0 1.0
0 0.01 7.090603570541246 0.0012171268463134766 19.304738998413086 0.0 1.0
0 0.01 6.176012902339531 0.0011539459228515625 19.305892944335938 0.0 1.0
0 0.01 5.379391893848717 0.0012197494506835938 19.30711269378662 0.0 1.0
0 0.01 4.685524076001097 0.0011570453643798828 19.308269739151 0.0 1.0
0 0.01 4.081155695663349 0.001241922378540039 19.30951166152954 0.0 1.0
0 0.01 3.554742552184356 0.0012001991271972656 19.31071186065674 0.0 1.0
0 0.01 3.09622948855821 0.0011601448059082031 19.311872005462646 0.0 1.0
0 0.01 2.6968583252045994 0.0011591911315917969 19.31303119659424 0.0 1.0
0 0.01 2.349000567658869 0.009778022766113281 19.32280921936035 0.5714285714285715 1.0
0 0.01 2.046011692676912 0.002666950225830078 19.32547616958618 0.5714285714285715 1.0
0 0.01 1.7821042294352372 0.0024869441986083984 19.32796311378479 0.5714285714285715 1.0
0 0.01 1.5522372115164986 0.0013599395751953125 19.329323053359985 0.5714285714285715 1.0
0 0.01 1.3520198880735976 0.0013628005981445312 19.33068585395813 0.5714285714285715 1.0
0 0.01 1.1776278549337647 0.0013270378112792969 19.33201289176941 0.5714285714285715 1.0
0 0.01 1.0257300036406054 0.010925054550170898 19.34293794631958 0.7499999999999999 1.0
0 0.01 0.8934248930683893 0.002670764923095703 19.345608711242676 0.7499999999999999 1.0
0 0.01 0.7781853282259436 0.0025479793548583984 19.348156690597534 0.7499999999999999 1.0
0 0.01 0.6778100876351608 0.0014009475708007812 19.349557638168335 0.7499999999999999 1.0
0 0.01 0.590381877216004 0.0014028549194335938 19.35096049308777 0.7499999999999999 1.0
0 0.01 0.5142307075440048 0.01872992515563965 19.369690418243408 0.7272727272727272 1.0
0 0.01 0.44790199493955546 0.0030519962310791016 19.372742414474487 0.7272727272727272 1.0
0 0.01 0.39012877707943217 0.04477810859680176 19.41752052307129 0.5000000000000001 1.0
0 0.01 0.33980751241358653 0.05224108695983887 19.469761610031128 0.4 1.0
0 0.01 0.2959770011254507 0.011419296264648438 19.481180906295776 0.4 1.0
0 0.01 0.2578000249994245 0.0106658935546875 19.491846799850464 0.4 1.0
0 0.01 0.22454735549379537 0.07292914390563965 19.564775943756104 0.3076923076923077 1.0
0 0.01 0.19558382455304058 0.01486063003540039 19.579636573791504 0.3076923076923077 1.0
0 0.01 0.1703561920944177 0.18849730491638184 19.768133878707886 0.26666666666666666 1.0
0 0.01 0.14838257842248037 0.07133316993713379 19.83946704864502 0.25806451612903225 1.0
0 0.01 0.12924325971726744 0.021749019622802734 19.861216068267822 0.25806451612903225 1.0
0 0.01 0.1125726507783501 0.07017207145690918 19.93138813972473 0.25 1.0
0 0.01 0.09805232188500161 0.07187771797180176 20.003265857696533 0.24242424242424243 1.0
0 0.01 0.08540491638568569 0.09347891807556152 20.096744775772095 0.2352941176470588 1.0
0 0.01 0.07438885283512764 0.0221710205078125 20.118915796279907 0.2352941176470588 1.0
0 0.01 0.06479371048308594 0.08802485466003418 20.20694065093994 0.2285714285714286 1.0
0 0.01 0.056436209971818335 0.24141383171081543 20.448354482650757 0.21621621621621623 1.0
0 0.01 0.049156712468482675 0.03966784477233887 20.488022327423096 0.21621621621621623 1.0
0 0.01 0.0428161703614703 0.2202441692352295 20.708266496658325 0.20512820512820512 1.0
0 0.01 0.03729347127511503 0.04128885269165039 20.749555349349976 0.20512820512820512 1.0
0 0.01 0.032483124670098805 0.03881692886352539 20.7883722782135 0.20512820512820512 1.0
