[216.40736058 188.4937774  164.18066384 143.00360867 124.55810333
 108.49181534  94.49785828  82.30892987  71.69220614  62.44489425
  54.39035884  47.37474809  41.26405496  35.94155748  31.30558923
  27.26759733  23.75045104  20.68696841  18.01863304  15.69447636
  13.67010404  11.906848    10.37102782   9.03330739   7.86813455
   6.85325305   5.96927734   5.19932239   4.52868107   3.94454329
   3.43575127   2.99258645   2.60658382   2.27037024   1.9775236
   1.72245016   1.5002777    1.30676244   1.138208     0.99139477
   0.86351843   0.75213639   0.65512111   0.57061946   0.49701737
   0.43290895   0.37706963   0.32843281   0.28606948   0.24917044]0 1 312.2098259152708 0.0006389617919921875 0.0006389617919921875 0.0 1.0
0 1 271.93903789811014 0.0006392002105712891 0.0012781620025634766 0.0 1.0
0 1 236.8626295349813 0.006131172180175781 0.007409334182739258 0.33333333333333337 1.0
0 1 206.31059705097118 0.007503986358642578 0.014913320541381836 0.5714285714285715 1.0
0 1 179.69935797424765 0.003654003143310547 0.018567323684692383 0.5714285714285715 1.0
0 1 156.52060397255676 0.002905130386352539 0.021472454071044922 0.5714285714285715 1.0
0 1 136.33159152101595 0.0028638839721679688 0.02433633804321289 0.5714285714285715 1.0
0 1 118.74668494067365 0.008154153823852539 0.03249049186706543 0.7499999999999999 1.0
0 1 103.42999026917344 0.005270957946777344 0.03776144981384277 0.7499999999999999 1.0
0 1 90.08893926113359 0.004516124725341797 0.04227757453918457 0.7499999999999999 1.0
0 1 78.46870096453189 0.004575014114379883 0.04685258865356445 0.7499999999999999 1.0
0 1 68.34731412713553 0.004449129104614258 0.05130171775817871 0.7499999999999999 1.0
0 1 59.53144745577994 0.0051479339599609375 0.05644965171813965 0.6666666666666665 1.0
0 1 51.85270674408604 0.009021282196044922 0.06547093391418457 0.7272727272727272 1.0
0 1 45.16441833008278 0.010570049285888672 0.07604098320007324 0.7272727272727272 1.0
0 1 39.33882744370648 0.011070013046264648 0.08711099624633789 0.6153846153846154 1.0
0 1 34.26465792907022 0.016762971878051758 0.10387396812438965 0.47058823529411764 1.0
0 1 29.84498672911064 0.02509903907775879 0.12897300720214844 0.3636363636363636 1.0
0 1 25.99539253258091 0.030271053314208984 0.15924406051635742 0.3076923076923077 1.0
0 1 22.642343220204207 0.09032177925109863 0.24956583976745605 0.26666666666666666 1.0
0 1 19.721791308170232 0.10370397567749023 0.3532698154449463 0.27586206896551724 1.0
0 1 17.177950560167822 0.24218130111694336 0.5954511165618896 0.26666666666666666 1.0
0 1 14.962230399696251 0.17290616035461426 0.7683572769165039 0.24242424242424243 1.0
0 1 13.03230776858211 0.17422103881835938 0.9425783157348633 0.2222222222222222 1.0
0 1 11.351318703025308 0.15335822105407715 1.0959365367889404 0.2222222222222222 1.0
0 1 9.887154185253786 0.12580013275146484 1.2217366695404053 0.21621621621621623 1.0
0 1 8.611846820663045 0.12468671798706055 1.3464233875274658 0.20512820512820512 1.0
0 1 7.501036625197576 0.14139103889465332 1.4878144264221191 0.19999999999999998 1.0
0 1 6.53350571883761 0.12270402908325195 1.610518455505371 0.20512820512820512 1.0
0 1 5.69077303724795 0.16613078117370605 1.7766492366790771 0.18604651162790697 1.0
0 1 4.956741320068812 0.12223625183105469 1.8988854885101318 0.1777777777777778 1.0
0 1 4.317389632878279 0.1745767593383789 2.0734622478485107 0.1702127659574468 1.0
0 1 3.7605055496069455 1.6637098789215088 3.7371721267700195 0.1702127659574468 1.0
0 1 3.2754518797500736 0.3376731872558594 4.074845314025879 0.1702127659574468 1.0
0 1 2.8529634845718124 0.12923908233642578 4.204084396362305 0.16666666666666666 1.0
0 1 2.4849703012340436 0.1286008358001709 4.332685232162476 0.163265306122449 1.0
0 1 2.1644431943866964 0.227492094039917 4.560177326202393 0.163265306122449 1.0
0 1 1.8852596907900219 0.09409976005554199 4.654277086257935 0.163265306122449 1.0
0 1 1.6420870323301746 0.0930330753326416 4.747310161590576 0.163265306122449 1.0
0 1 1.4302803135927475 0.09299802780151367 4.84030818939209 0.163265306122449 1.0
0 1 1.2457937582930971 0.0945580005645752 4.934866189956665 0.163265306122449 1.0
0 1 1.0851034398309916 0.22485828399658203 5.159724473953247 0.1568627450980392 1.0
0 1 0.945139969834425 0.22317814826965332 5.3829026222229 0.1568627450980392 1.0
0 1 0.823229868958621 0.3776741027832031 5.7605767250061035 0.1568627450980392 1.0
0 1 0.7170445000483404 0.6712698936462402 6.431846618652344 0.15384615384615383 1.0
0 1 0.624555588222246 0.4534928798675537 6.8853394985198975 0.1509433962264151 1.0
0 1 0.5439964782567033 0.29637598991394043 7.181715488433838 0.1509433962264151 1.0
0 1 0.4738283892360109 0.2274329662322998 7.409148454666138 0.1509433962264151 1.0
0 1 0.4127110218901976 0.22384095191955566 7.632989406585693 0.1481481481481481 1.0
0 1 0.3594769571833539 0.228255033493042 7.861244440078735 0.1481481481481481 1.0
0 0.1 130.20161032759302 0.0006401538848876953 7.861884593963623 0.0 1.0
0 0.1 113.40738729625762 0.0006382465362548828 7.862522840499878 0.0 1.0
0 0.1 98.77938883400856 0.00066375732421875 7.863186597824097 0.0 1.0
0 0.1 86.03820166433057 0.0006892681121826172 7.863875865936279 0.0 1.0
0 0.1 74.9404529934022 0.0007071495056152344 7.8645830154418945 0.0 1.0
0 0.1 65.27416178184274 0.0006792545318603516 7.865262269973755 0.0 1.0
0 0.1 56.854689638682785 0.0006618499755859375 7.865924119949341 0.0 1.0
0 0.1 49.52121399451067 0.0006570816040039062 7.866581201553345 0.0 1.0
0 0.1 43.13365618693992 0.000743865966796875 7.867325067520142 0.0 1.0
0 0.1 37.570005780944214 0.0006537437438964844 7.867978811264038 0.0 1.0
0 0.1 32.7239900151928 0.0006170272827148438 7.868595838546753 0.0 1.0
0 0.1 28.503043857863506 0.0006289482116699219 7.869224786758423 0.0 1.0
0 0.1 24.826541897430772 0.009351015090942383 7.878575801849365 0.5714285714285715 1.0
0 0.1 21.624258295306348 0.0015430450439453125 7.8801188468933105 0.5714285714285715 1.0
0 0.1 18.835025383479486 0.0014820098876953125 7.881600856781006 0.5714285714285715 1.0
0 0.1 16.405565284674683 0.0014841556549072266 7.883085012435913 0.5714285714285715 1.0
0 0.1 14.289472237493916 0.0014986991882324219 7.8845837116241455 0.5714285714285715 1.0
0 0.1 12.446326187665905 0.0017180442810058594 7.886301755905151 0.5714285714285715 1.0
0 0.1 10.840920713874212 0.0075190067291259766 7.893820762634277 0.7499999999999999 1.0
0 0.1 9.44259054057033 0.002199888229370117 7.8960206508636475 0.7499999999999999 1.0
0 0.1 8.224625792416147 0.0022301673889160156 7.8982508182525635 0.7499999999999999 1.0
0 0.1 7.163761801874259 0.002576112747192383 7.900826930999756 0.7499999999999999 1.0
0 0.1 6.239734724625884 0.002501964569091797 7.903328895568848 0.7499999999999999 1.0
0 0.1 5.43489447450858 0.026390790939331055 7.929719686508179 0.7272727272727272 1.0
0 0.1 4.733867584541418 0.006006956100463867 7.935726642608643 0.7272727272727272 1.0
0 0.1 4.123263554256632 0.006750822067260742 7.942477464675903 0.7272727272727272 1.0
0 0.1 3.591419074200402 0.05407214164733887 7.996549606323242 0.5714285714285714 1.0
0 0.1 3.128175241967003 0.14157676696777344 8.138126373291016 0.4444444444444444 1.0
0 0.1 2.7246835143108377 0.04782700538635254 8.185953378677368 0.4210526315789473 1.0
0 0.1 2.373236688776134 0.0827798843383789 8.268733263015747 0.38095238095238093 1.0
0 0.1 2.0671216863796724 0.22981810569763184 8.498551368713379 0.3333333333333333 1.0
0 0.1 1.8004913233094775 0.45780491828918457 8.956356287002563 0.32000000000000006 1.0
0 0.1 1.5682526223167341 0.5323688983917236 9.488725185394287 0.2857142857142857 1.0
0 0.1 1.3659695304072161 0.41724729537963867 9.905972480773926 0.27586206896551724 1.0
0 0.1 1.1897781846170337 0.25296998023986816 10.158942461013794 0.25806451612903225 1.0
0 0.1 1.036313107341863 0.07410836219787598 10.23305082321167 0.25806451612903225 1.0
0 0.1 0.9026429214570189 0.16348791122436523 10.396538734436035 0.24242424242424243 1.0
0 0.1 0.786214357305898 0.1888120174407959 10.585350751876831 0.2352941176470588 1.0
0 0.1 0.6848034820193963 0.06157708168029785 10.646927833557129 0.2352941176470588 1.0
0 0.1 0.5964732195846044 0.6300258636474609 11.27695369720459 0.2285714285714286 1.0
0 0.1 0.5195363502423698 0.6345460414886475 11.911499738693237 0.2222222222222222 1.0
0 0.1 0.4525232824553942 2.349760055541992 14.26125979423523 0.19999999999999998 1.0
0 0.1 0.3941539818506903 0.28746604919433594 14.548725843429565 0.19999999999999998 1.0
0 0.1 0.34331352094368267 0.47087597846984863 15.019601821899414 0.19512195121951217 1.0
0 0.1 0.2990307826127625 0.766995906829834 15.786597728729248 0.19047619047619047 1.0
0 0.1 0.2604599105337001 0.8067359924316406 16.59333372116089 0.18604651162790697 1.0
0 0.1 0.22686415225376097 0.23961782455444336 16.832951545715332 0.18181818181818182 1.0
0 0.1 0.19760178628779224 0.12839221954345703 16.96134376525879 0.18181818181818182 1.0
0 0.1 0.17211386442601356 0.11214113235473633 17.073484897613525 0.18181818181818182 1.0
0 0.1 0.14991353511608546 1.636988878250122 18.710473775863647 0.1739130434782609 1.0
0 0.01 28.211963230963963 0.0006401538848876953 18.711113929748535 0.0 1.0
0 0.01 24.573006681497752 0.0006289482116699219 18.711742877960205 0.0 1.0
0 0.01 21.403425646968028 0.0006279945373535156 18.71237087249756 0.0 1.0
0 0.01 18.642677119777133 0.0006318092346191406 18.713002681732178 0.0 1.0
0 0.01 16.238027310431736 0.000659942626953125 18.71366262435913 0.0 1.0
0 0.01 14.143544365449966 0.0006809234619140625 18.714343547821045 0.0 1.0
0 0.01 12.319221010851523 0.0007119178771972656 18.715055465698242 0.0 1.0
0 0.01 10.730210362611421 0.0007131099700927734 18.715768575668335 0.0 1.0
0 0.01 9.346160307090315 0.0006880760192871094 18.716456651687622 0.0 1.0
0 0.01 8.140633737265514 0.0006442070007324219 18.717100858688354 0.0 1.0
0 0.01 7.090603570541246 0.0006411075592041016 18.71774196624756 0.0 1.0
0 0.01 6.176012902339531 0.0006330013275146484 18.718374967575073 0.0 1.0
0 0.01 5.379391893848717 0.000659942626953125 18.719034910202026 0.0 1.0
0 0.01 4.685524076001097 0.0006477832794189453 18.719682693481445 0.0 1.0
0 0.01 4.081155695663349 0.0006368160247802734 18.720319509506226 0.0 1.0
0 0.01 3.554742552184356 0.0006301403045654297 18.72094964981079 0.0 1.0
0 0.01 3.09622948855821 0.0006477832794189453 18.72159743309021 0.0 1.0
0 0.01 2.6968583252045994 0.0006959438323974609 18.722293376922607 0.0 1.0
0 0.01 2.349000567658869 0.015706777572631836 18.73800015449524 0.5714285714285715 1.0
0 0.01 2.046011692676912 0.0010981559753417969 18.73909831047058 0.5714285714285715 1.0
0 0.01 1.7821042294352372 0.0011928081512451172 18.740291118621826 0.5714285714285715 1.0
0 0.01 1.5522372115164986 0.0008721351623535156 18.74116325378418 0.5714285714285715 1.0
0 0.01 1.3520198880735976 0.0007832050323486328 18.74194645881653 0.5714285714285715 1.0
0 0.01 1.1776278549337647 0.0008289813995361328 18.742775440216064 0.5714285714285715 1.0
0 0.01 1.0257300036406054 0.005342960357666016 18.74811840057373 0.7499999999999999 1.0
0 0.01 0.8934248930683893 0.001068115234375 18.749186515808105 0.7499999999999999 1.0
0 0.01 0.7781853282259436 0.0010459423065185547 18.750232458114624 0.7499999999999999 1.0
0 0.01 0.6778100876351608 0.0008599758148193359 18.751092433929443 0.7499999999999999 1.0
0 0.01 0.590381877216004 0.0009658336639404297 18.752058267593384 0.7499999999999999 1.0
0 0.01 0.5142307075440048 0.012191295623779297 18.764249563217163 0.7272727272727272 1.0
0 0.01 0.44790199493955546 0.001965045928955078 18.766214609146118 0.7272727272727272 1.0
0 0.01 0.39012877707943217 0.039109230041503906 18.805323839187622 0.5000000000000001 1.0
0 0.01 0.33980751241358653 0.04535388946533203 18.850677728652954 0.4 1.0
0 0.01 0.2959770011254507 0.00798177719116211 18.858659505844116 0.4 1.0
0 0.01 0.2578000249994245 0.007941007614135742 18.866600513458252 0.4 1.0
0 0.01 0.22454735549379537 0.06556892395019531 18.932169437408447 0.3076923076923077 1.0
0 0.01 0.19558382455304058 0.011327981948852539 18.9434974193573 0.3076923076923077 1.0
0 0.01 0.1703561920944177 0.1814589500427246 19.124956369400024 0.26666666666666666 1.0
0 0.01 0.14838257842248037 0.06026887893676758 19.185225248336792 0.25806451612903225 1.0
0 0.01 0.12924325971726744 0.017067909240722656 19.202293157577515 0.25806451612903225 1.0
0 0.01 0.1125726507783501 0.062429189682006836 19.26472234725952 0.25 1.0
0 0.01 0.09805232188500161 0.06384778022766113 19.328570127487183 0.24242424242424243 1.0
0 0.01 0.08540491638568569 0.08427071571350098 19.412840843200684 0.2352941176470588 1.0
0 0.01 0.07438885283512764 0.017402172088623047 19.430243015289307 0.2352941176470588 1.0
0 0.01 0.06479371048308594 0.08160686492919922 19.511849880218506 0.2285714285714286 1.0
0 0.01 0.056436209971818335 0.22463274002075195 19.736482620239258 0.21621621621621623 1.0
0 0.01 0.049156712468482675 0.03115701675415039 19.767639636993408 0.21621621621621623 1.0
0 0.01 0.0428161703614703 0.19404983520507812 19.961689472198486 0.20512820512820512 1.0
0 0.01 0.03729347127511503 0.0285799503326416 19.990269422531128 0.20512820512820512 1.0
0 0.01 0.032483124670098805 0.027292966842651367 20.01756238937378 0.20512820512820512 1.0
