[216.40736058 188.4937774  164.18066384 143.00360867 124.55810333
 108.49181534  94.49785828  82.30892987  71.69220614  62.44489425
  54.39035884  47.37474809  41.26405496  35.94155748  31.30558923
  27.26759733  23.75045104  20.68696841  18.01863304  15.69447636
  13.67010404  11.906848    10.37102782   9.03330739   7.86813455
   6.85325305   5.96927734   5.19932239   4.52868107   3.94454329
   3.43575127   2.99258645   2.60658382   2.27037024   1.9775236
   1.72245016   1.5002777    1.30676244   1.138208     0.99139477
   0.86351843   0.75213639   0.65512111   0.57061946   0.49701737
   0.43290895   0.37706963   0.32843281   0.28606948   0.24917044]0 1 312.2098259152708 0.0011701583862304688 0.0011701583862304688 0.0 1.0
0 1 271.93903789811014 0.0011570453643798828 0.0023272037506103516 0.0 1.0
0 1 236.8626295349813 0.040019989013671875 0.04234719276428223 0.33333333333333337 1.0
0 1 206.31059705097118 0.030481815338134766 0.07282900810241699 0.5714285714285715 1.0
0 1 179.69935797424765 0.0190737247467041 0.0919027328491211 0.5714285714285715 1.0
0 1 156.52060397255676 0.015393972396850586 0.10729670524597168 0.5714285714285715 1.0
0 1 136.33159152101595 0.01293492317199707 0.12023162841796875 0.5714285714285715 1.0
0 1 118.74668494067365 0.03428792953491211 0.15451955795288086 0.7499999999999999 1.0
0 1 103.42999026917344 0.021870851516723633 0.1763904094696045 0.7499999999999999 1.0
0 1 90.08893926113359 0.016587018966674805 0.1929774284362793 0.7499999999999999 1.0
0 1 78.46870096453189 0.014370918273925781 0.20734834671020508 0.7499999999999999 1.0
0 1 68.34731412713553 0.011896848678588867 0.21924519538879395 0.7499999999999999 1.0
0 1 59.53144745577994 0.012382268905639648 0.2316274642944336 0.6666666666666665 1.0
0 1 51.85270674408604 0.018465042114257812 0.2500925064086914 0.7272727272727272 1.0
0 1 45.16441833008278 0.016138792037963867 0.2662312984466553 0.7272727272727272 1.0
0 1 39.33882744370648 0.018265247344970703 0.284496545791626 0.6153846153846154 1.0
0 1 34.26465792907022 0.029614925384521484 0.31411147117614746 0.47058823529411764 1.0
0 1 29.84498672911064 0.03563427925109863 0.3497457504272461 0.3636363636363636 1.0
0 1 25.99539253258091 0.0494840145111084 0.3992297649383545 0.3076923076923077 1.0
0 1 22.642343220204207 0.1372818946838379 0.5365116596221924 0.26666666666666666 1.0
0 1 19.721791308170232 0.15839505195617676 0.6949067115783691 0.27586206896551724 1.0
0 1 17.177950560167822 0.29631710052490234 0.9912238121032715 0.26666666666666666 1.0
0 1 14.962230399696251 0.220703125 1.2119269371032715 0.24242424242424243 1.0
0 1 13.03230776858211 0.2061607837677002 1.4180877208709717 0.2222222222222222 1.0
0 1 11.351318703025308 0.2037820816040039 1.6218698024749756 0.2222222222222222 1.0
0 1 9.887154185253786 0.16358399391174316 1.7854537963867188 0.21621621621621623 1.0
0 1 8.611846820663045 0.16314101219177246 1.9485948085784912 0.20512820512820512 1.0
0 1 7.501036625197576 0.18810582160949707 2.1367006301879883 0.19999999999999998 1.0
0 1 6.53350571883761 0.1554110050201416 2.29211163520813 0.20512820512820512 1.0
0 1 5.69077303724795 0.2123579978942871 2.504469633102417 0.18604651162790697 1.0
0 1 4.956741320068812 0.17000699043273926 2.6744766235351562 0.1777777777777778 1.0
0 1 4.317389632878279 0.22625303268432617 2.9007296562194824 0.16666666666666666 1.0
0 1 3.7605055496069455 1.9847769737243652 4.885506629943848 0.1702127659574468 1.0
0 1 3.2754518797500736 0.4094970226287842 5.295003652572632 0.1702127659574468 1.0
0 1 2.8529634845718124 0.2244548797607422 5.519458532333374 0.16666666666666666 1.0
0 1 2.4849703012340436 0.1786942481994629 5.698152780532837 0.163265306122449 1.0
0 1 2.1644431943866964 0.2902369499206543 5.988389730453491 0.163265306122449 1.0
0 1 1.8852596907900219 0.16612029075622559 6.154510021209717 0.163265306122449 1.0
0 1 1.6420870323301746 0.15504097938537598 6.309551000595093 0.163265306122449 1.0
0 1 1.4302803135927475 0.1468348503112793 6.456385850906372 0.163265306122449 1.0
0 1 1.2457937582930971 0.13466382026672363 6.591049671173096 0.163265306122449 1.0
0 1 1.0851034398309916 0.520301103591919 7.111350774765015 0.1568627450980392 1.0
0 1 0.945139969834425 0.4401071071624756 7.55145788192749 0.1568627450980392 1.0
0 1 0.823229868958621 0.5795378684997559 8.130995750427246 0.1568627450980392 1.0
0 1 0.7170445000483404 1.0267188549041748 9.157714605331421 0.15384615384615383 1.0
0 1 0.624555588222246 1.0095980167388916 10.167312622070312 0.1509433962264151 1.0
0 1 0.5439964782567033 0.7305500507354736 10.897862672805786 0.1509433962264151 1.0
0 1 0.4738283892360109 0.6302227973937988 11.528085470199585 0.1509433962264151 1.0
0 1 0.4127110218901976 0.6397712230682373 12.167856693267822 0.1481481481481481 1.0
0 1 0.3594769571833539 0.619243860244751 12.787100553512573 0.1481481481481481 1.0
0 0.1 130.20161032759302 0.0011560916900634766 12.788256645202637 0.0 1.0
0 0.1 113.40738729625762 0.001149892807006836 12.789406538009644 0.0 1.0
0 0.1 98.77938883400856 0.0011620521545410156 12.790568590164185 0.0 1.0
0 0.1 86.03820166433057 0.0012128353118896484 12.791781425476074 0.0 1.0
0 0.1 74.9404529934022 0.0011949539184570312 12.792976379394531 0.0 1.0
0 0.1 65.27416178184274 0.0011620521545410156 12.794138431549072 0.0 1.0
0 0.1 56.854689638682785 0.0011818408966064453 12.795320272445679 0.0 1.0
0 0.1 49.52121399451067 0.0011861324310302734 12.796506404876709 0.0 1.0
0 0.1 43.13365618693992 0.0011780261993408203 12.79768443107605 0.0 1.0
0 0.1 37.570005780944214 0.0011820793151855469 12.798866510391235 0.0 1.0
0 0.1 32.7239900151928 0.001146078109741211 12.800012588500977 0.0 1.0
0 0.1 28.503043857863506 0.001178741455078125 12.801191329956055 0.0 1.0
0 0.1 24.826541897430772 0.01733994483947754 12.818531274795532 0.5714285714285715 1.0
0 0.1 21.624258295306348 0.0073091983795166016 12.825840473175049 0.5714285714285715 1.0
0 0.1 18.835025383479486 0.006239652633666992 12.832080125808716 0.5714285714285715 1.0
0 0.1 16.405565284674683 0.00620722770690918 12.838287353515625 0.5714285714285715 1.0
0 0.1 14.289472237493916 0.006318092346191406 12.844605445861816 0.5714285714285715 1.0
0 0.1 12.446326187665905 0.006213188171386719 12.850818634033203 0.5714285714285715 1.0
0 0.1 10.840920713874212 0.01350712776184082 12.864325761795044 0.7499999999999999 1.0
0 0.1 9.44259054057033 0.007364034652709961 12.871689796447754 0.7499999999999999 1.0
0 0.1 8.224625792416147 0.006237983703613281 12.877927780151367 0.7499999999999999 1.0
0 0.1 7.163761801874259 0.006285905838012695 12.88421368598938 0.7499999999999999 1.0
0 0.1 6.239734724625884 0.006213188171386719 12.890426874160767 0.7499999999999999 1.0
0 0.1 5.43489447450858 0.03634500503540039 12.926771879196167 0.7272727272727272 1.0
0 0.1 4.733867584541418 0.014219999313354492 12.940991878509521 0.7272727272727272 1.0
0 0.1 4.123263554256632 0.013643026351928711 12.95463490486145 0.7272727272727272 1.0
0 0.1 3.591419074200402 0.0687870979309082 13.023422002792358 0.5714285714285714 1.0
0 0.1 3.128175241967003 0.15755391120910645 13.180975914001465 0.4444444444444444 1.0
0 0.1 2.7246835143108377 0.06645894050598145 13.247434854507446 0.4210526315789473 1.0
0 0.1 2.373236688776134 0.10378909111022949 13.351223945617676 0.38095238095238093 1.0
0 0.1 2.0671216863796724 0.5945861339569092 13.945810079574585 0.3333333333333333 1.0
0 0.1 1.8004913233094775 0.6436519622802734 14.589462041854858 0.32000000000000006 1.0
0 0.1 1.5682526223167341 0.6481430530548096 15.237605094909668 0.2857142857142857 1.0
0 0.1 1.3659695304072161 0.49167299270629883 15.729278087615967 0.27586206896551724 1.0
0 0.1 1.1897781846170337 0.3581979274749756 16.087476015090942 0.25806451612903225 1.0
0 0.1 1.036313107341863 0.11209988594055176 16.199575901031494 0.25806451612903225 1.0
0 0.1 0.9026429214570189 0.24863004684448242 16.448205947875977 0.24242424242424243 1.0
0 0.1 0.786214357305898 0.2361006736755371 16.684306621551514 0.2352941176470588 1.0
0 0.1 0.6848034820193963 0.08779215812683105 16.772098779678345 0.2352941176470588 1.0
0 0.1 0.5964732195846044 0.7490601539611816 17.521158933639526 0.2285714285714286 1.0
0 0.1 0.5195363502423698 0.8087759017944336 18.32993483543396 0.2222222222222222 1.0
0 0.1 0.4525232824553942 2.8148889541625977 21.144823789596558 0.19999999999999998 1.0
0 0.1 0.3941539818506903 0.4099090099334717 21.55473279953003 0.19999999999999998 1.0
0 0.1 0.34331352094368267 0.6587707996368408 22.21350359916687 0.19512195121951217 1.0
0 0.1 0.2990307826127625 0.8180270195007324 23.031530618667603 0.19047619047619047 1.0
0 0.1 0.2604599105337001 1.2822630405426025 24.313793659210205 0.18181818181818182 1.0
0 0.1 0.22686415225376097 0.4609100818634033 24.77470374107361 0.18181818181818182 1.0
0 0.1 0.19760178628779224 0.21825718879699707 24.992960929870605 0.18181818181818182 1.0
0 0.1 0.17211386442601356 0.14365696907043457 25.13661789894104 0.18181818181818182 1.0
0 0.1 0.14991353511608546 2.598148822784424 27.734766721725464 0.1739130434782609 1.0
0 0.01 28.211963230963963 0.0011649131774902344 27.735931634902954 0.0 1.0
0 0.01 24.573006681497752 0.0012340545654296875 27.737165689468384 0.0 1.0
0 0.01 21.403425646968028 0.0011529922485351562 27.73831868171692 0.0 1.0
0 0.01 18.642677119777133 0.0012009143829345703 27.739519596099854 0.0 1.0
0 0.01 16.238027310431736 0.0012209415435791016 27.740740537643433 0.0 1.0
0 0.01 14.143544365449966 0.0012099742889404297 27.741950511932373 0.0 1.0
0 0.01 12.319221010851523 0.0012369155883789062 27.743187427520752 0.0 1.0
0 0.01 10.730210362611421 0.0013003349304199219 27.744487762451172 0.0 1.0
0 0.01 9.346160307090315 0.0011649131774902344 27.745652675628662 0.0 1.0
0 0.01 8.140633737265514 0.0011451244354248047 27.746797800064087 0.0 1.0
0 0.01 7.090603570541246 0.0011630058288574219 27.747960805892944 0.0 1.0
0 0.01 6.176012902339531 0.0011370182037353516 27.74909782409668 0.0 1.0
0 0.01 5.379391893848717 0.0013058185577392578 27.75040364265442 0.0 1.0
0 0.01 4.685524076001097 0.001230001449584961 27.751633644104004 0.0 1.0
0 0.01 4.081155695663349 0.0011510848999023438 27.752784729003906 0.0 1.0
0 0.01 3.554742552184356 0.0012753009796142578 27.75406002998352 0.0 1.0
0 0.01 3.09622948855821 0.0011682510375976562 27.755228281021118 0.0 1.0
0 0.01 2.6968583252045994 0.0011970996856689453 27.756425380706787 0.0 1.0
0 0.01 2.349000567658869 0.011846065521240234 27.768271446228027 0.5714285714285715 1.0
0 0.01 2.046011692676912 0.003760814666748047 27.772032260894775 0.5714285714285715 1.0
0 0.01 1.7821042294352372 0.0037078857421875 27.775740146636963 0.5714285714285715 1.0
0 0.01 1.5522372115164986 0.003840923309326172 27.77958106994629 0.5714285714285715 1.0
0 0.01 1.3520198880735976 0.003813028335571289 27.78339409828186 0.5714285714285715 1.0
0 0.01 1.1776278549337647 0.0039010047912597656 27.78729510307312 0.5714285714285715 1.0
0 0.01 1.0257300036406054 0.012144804000854492 27.799439907073975 0.7499999999999999 1.0
0 0.01 0.8934248930683893 0.003744840621948242 27.803184747695923 0.7499999999999999 1.0
0 0.01 0.7781853282259436 0.0026159286499023438 27.805800676345825 0.7499999999999999 1.0
0 0.01 0.6778100876351608 0.0025110244750976562 27.808311700820923 0.7499999999999999 1.0
0 0.01 0.590381877216004 0.0026450157165527344 27.810956716537476 0.7499999999999999 1.0
0 0.01 0.5142307075440048 0.02032613754272461 27.8312828540802 0.7272727272727272 1.0
0 0.01 0.44790199493955546 0.0042002201080322266 27.835483074188232 0.7272727272727272 1.0
0 0.01 0.39012877707943217 0.04914379119873047 27.884626865386963 0.5000000000000001 1.0
0 0.01 0.33980751241358653 0.05576610565185547 27.94039297103882 0.4 1.0
0 0.01 0.2959770011254507 0.015246152877807617 27.955639123916626 0.4 1.0
0 0.01 0.2578000249994245 0.014868974685668945 27.970508098602295 0.4 1.0
0 0.01 0.22454735549379537 0.07735705375671387 28.04786515235901 0.3076923076923077 1.0
0 0.01 0.19558382455304058 0.01802229881286621 28.065887451171875 0.3076923076923077 1.0
0 0.01 0.1703561920944177 0.19517898559570312 28.261066436767578 0.26666666666666666 1.0
0 0.01 0.14838257842248037 0.07691216468811035 28.33797860145569 0.25806451612903225 1.0
0 0.01 0.12924325971726744 0.02550792694091797 28.363486528396606 0.25806451612903225 1.0
0 0.01 0.1125726507783501 0.07543277740478516 28.43891930580139 0.25 1.0
0 0.01 0.09805232188500161 0.07582306861877441 28.514742374420166 0.24242424242424243 1.0
0 0.01 0.08540491638568569 0.09886002540588379 28.61360239982605 0.2352941176470588 1.0
0 0.01 0.07438885283512764 0.02597212791442871 28.63957452774048 0.2352941176470588 1.0
0 0.01 0.06479371048308594 0.09237813949584961 28.731952667236328 0.2285714285714286 1.0
0 0.01 0.056436209971818335 0.25296688079833984 28.984919548034668 0.21621621621621623 1.0
0 0.01 0.049156712468482675 0.05134415626525879 29.036263704299927 0.21621621621621623 1.0
0 0.01 0.0428161703614703 0.22826600074768066 29.264529705047607 0.20512820512820512 1.0
0 0.01 0.03729347127511503 0.04912996292114258 29.31365966796875 0.20512820512820512 1.0
0 0.01 0.032483124670098805 0.04509377479553223 29.358753442764282 0.20512820512820512 1.0
