[216.40736058 188.4937774  164.18066384 143.00360867 124.55810333
 108.49181534  94.49785828  82.30892987  71.69220614  62.44489425
  54.39035884  47.37474809  41.26405496  35.94155748  31.30558923
  27.26759733  23.75045104  20.68696841  18.01863304  15.69447636
  13.67010404  11.906848    10.37102782   9.03330739   7.86813455
   6.85325305   5.96927734   5.19932239   4.52868107   3.94454329
   3.43575127   2.99258645   2.60658382   2.27037024   1.9775236
   1.72245016   1.5002777    1.30676244   1.138208     0.99139477
   0.86351843   0.75213639   0.65512111   0.57061946   0.49701737
   0.43290895   0.37706963   0.32843281   0.28606948   0.24917044]0 1 312.2098259152708 0.0011909008026123047 0.0011909008026123047 0.0 1.0
0 1 271.93903789811014 0.0011680126190185547 0.0023589134216308594 0.0 1.0
0 1 236.8626295349813 0.03440093994140625 0.03675985336303711 0.33333333333333337 1.0
0 1 206.31059705097118 0.02478623390197754 0.06154608726501465 0.5714285714285715 1.0
0 1 179.69935797424765 0.015213251113891602 0.07675933837890625 0.5714285714285715 1.0
0 1 156.52060397255676 0.013423919677734375 0.09018325805664062 0.5714285714285715 1.0
0 1 136.33159152101595 0.010740041732788086 0.10092329978942871 0.5714285714285715 1.0
0 1 118.74668494067365 0.030061006546020508 0.13098430633544922 0.7499999999999999 1.0
0 1 103.42999026917344 0.018102169036865234 0.14908647537231445 0.7499999999999999 1.0
0 1 90.08893926113359 0.013772010803222656 0.1628584861755371 0.7499999999999999 1.0
0 1 78.46870096453189 0.011806249618530273 0.17466473579406738 0.7499999999999999 1.0
0 1 68.34731412713553 0.00974416732788086 0.18440890312194824 0.7499999999999999 1.0
0 1 59.53144745577994 0.010341882705688477 0.19475078582763672 0.6666666666666665 1.0
0 1 51.85270674408604 0.015251398086547852 0.21000218391418457 0.7272727272727272 1.0
0 1 45.16441833008278 0.013978004455566406 0.22398018836975098 0.7272727272727272 1.0
0 1 39.33882744370648 0.015001058578491211 0.2389812469482422 0.6153846153846154 1.0
0 1 34.26465792907022 0.024091005325317383 0.26307225227355957 0.47058823529411764 1.0
0 1 29.84498672911064 0.029130935668945312 0.2922031879425049 0.3636363636363636 1.0
0 1 25.99539253258091 0.040585994720458984 0.33278918266296387 0.3076923076923077 1.0
0 1 22.642343220204207 0.11047601699829102 0.4432651996612549 0.26666666666666666 1.0
0 1 19.721791308170232 0.13161110877990723 0.5748763084411621 0.27586206896551724 1.0
0 1 17.177950560167822 0.26927614212036133 0.8441524505615234 0.26666666666666666 1.0
0 1 14.962230399696251 0.19413185119628906 1.0382843017578125 0.24242424242424243 1.0
0 1 13.03230776858211 0.19849705696105957 1.236781358718872 0.2222222222222222 1.0
0 1 11.351318703025308 0.2125401496887207 1.4493215084075928 0.2222222222222222 1.0
0 1 9.887154185253786 0.1482710838317871 1.5975925922393799 0.21621621621621623 1.0
0 1 8.611846820663045 0.14549469947814941 1.7430872917175293 0.20512820512820512 1.0
0 1 7.501036625197576 0.17232275009155273 1.915410041809082 0.19999999999999998 1.0
0 1 6.53350571883761 0.1473560333251953 2.0627660751342773 0.20512820512820512 1.0
0 1 5.69077303724795 0.1910228729248047 2.253788948059082 0.18604651162790697 1.0
0 1 4.956741320068812 0.16213679313659668 2.4159257411956787 0.1777777777777778 1.0
0 1 4.317389632878279 0.2037811279296875 2.619706869125366 0.1702127659574468 1.0
0 1 3.7605055496069455 1.876805305480957 4.496512174606323 0.1702127659574468 1.0
0 1 3.2754518797500736 0.37241387367248535 4.868926048278809 0.1702127659574468 1.0
0 1 2.8529634845718124 0.18373870849609375 5.052664756774902 0.16666666666666666 1.0
0 1 2.4849703012340436 0.14865398406982422 5.201318740844727 0.163265306122449 1.0
0 1 2.1644431943866964 0.25572705268859863 5.457045793533325 0.163265306122449 1.0
0 1 1.8852596907900219 0.14091801643371582 5.597963809967041 0.163265306122449 1.0
0 1 1.6420870323301746 0.12028789520263672 5.718251705169678 0.163265306122449 1.0
0 1 1.4302803135927475 0.1191258430480957 5.837377548217773 0.163265306122449 1.0
0 1 1.2457937582930971 0.11380887031555176 5.951186418533325 0.163265306122449 1.0
0 1 1.0851034398309916 0.39504408836364746 6.346230506896973 0.1568627450980392 1.0
0 1 0.945139969834425 0.3454298973083496 6.691660404205322 0.1568627450980392 1.0
0 1 0.823229868958621 0.4819457530975342 7.1736061573028564 0.1568627450980392 1.0
0 1 0.7170445000483404 0.8242318630218506 7.997838020324707 0.15384615384615383 1.0
0 1 0.624555588222246 0.7470359802246094 8.744874000549316 0.1509433962264151 1.0
0 1 0.5439964782567033 0.542468786239624 9.28734278678894 0.1509433962264151 1.0
0 1 0.4738283892360109 0.4609811305999756 9.748323917388916 0.1509433962264151 1.0
0 1 0.4127110218901976 0.45593905448913574 10.204262971878052 0.1481481481481481 1.0
0 1 0.3594769571833539 0.46313905715942383 10.667402029037476 0.1481481481481481 1.0
0 0.1 130.20161032759302 0.0012021064758300781 10.668604135513306 0.0 1.0
0 0.1 113.40738729625762 0.0011851787567138672 10.66978931427002 0.0 1.0
0 0.1 98.77938883400856 0.001161813735961914 10.670951128005981 0.0 1.0
0 0.1 86.03820166433057 0.0012500286102294922 10.672201156616211 0.0 1.0
0 0.1 74.9404529934022 0.0012400150299072266 10.673441171646118 0.0 1.0
0 0.1 65.27416178184274 0.0011811256408691406 10.674622297286987 0.0 1.0
0 0.1 56.854689638682785 0.0011610984802246094 10.675783395767212 0.0 1.0
0 0.1 49.52121399451067 0.0011510848999023438 10.676934480667114 0.0 1.0
0 0.1 43.13365618693992 0.0011489391326904297 10.678083419799805 0.0 1.0
0 0.1 37.570005780944214 0.001287221908569336 10.679370641708374 0.0 1.0
0 0.1 32.7239900151928 0.0011858940124511719 10.680556535720825 0.0 1.0
0 0.1 28.503043857863506 0.0011548995971679688 10.681711435317993 0.0 1.0
0 0.1 24.826541897430772 0.015089988708496094 10.69680142402649 0.5714285714285715 1.0
0 0.1 21.624258295306348 0.005156993865966797 10.701958417892456 0.5714285714285715 1.0
0 0.1 18.835025383479486 0.005141019821166992 10.707099437713623 0.5714285714285715 1.0
0 0.1 16.405565284674683 0.005095958709716797 10.71219539642334 0.5714285714285715 1.0
0 0.1 14.289472237493916 0.005043983459472656 10.717239379882812 0.5714285714285715 1.0
0 0.1 12.446326187665905 0.0038909912109375 10.72113037109375 0.5714285714285715 1.0
0 0.1 10.840920713874212 0.012712955474853516 10.733843326568604 0.7499999999999999 1.0
0 0.1 9.44259054057033 0.006179094314575195 10.740022420883179 0.7499999999999999 1.0
0 0.1 8.224625792416147 0.005206108093261719 10.74522852897644 0.7499999999999999 1.0
0 0.1 7.163761801874259 0.005132913589477539 10.750361442565918 0.7499999999999999 1.0
0 0.1 6.239734724625884 0.0052471160888671875 10.755608558654785 0.7499999999999999 1.0
0 0.1 5.43489447450858 0.03387117385864258 10.789479732513428 0.7272727272727272 1.0
0 0.1 4.733867584541418 0.012079954147338867 10.801559686660767 0.7272727272727272 1.0
0 0.1 4.123263554256632 0.011578083038330078 10.813137769699097 0.7272727272727272 1.0
0 0.1 3.591419074200402 0.06461000442504883 10.877747774124146 0.5714285714285714 1.0
0 0.1 3.128175241967003 0.15083026885986328 11.028578042984009 0.4444444444444444 1.0
0 0.1 2.7246835143108377 0.058661699295043945 11.087239742279053 0.4210526315789473 1.0
0 0.1 2.373236688776134 0.09012413024902344 11.177363872528076 0.38095238095238093 1.0
0 0.1 2.0671216863796724 0.4442570209503174 11.621620893478394 0.3333333333333333 1.0
0 0.1 1.8004913233094775 0.5541586875915527 12.175779581069946 0.32000000000000006 1.0
0 0.1 1.5682526223167341 0.600003719329834 12.77578330039978 0.2857142857142857 1.0
0 0.1 1.3659695304072161 0.4506111145019531 13.226394414901733 0.27586206896551724 1.0
0 0.1 1.1897781846170337 0.30736398696899414 13.533758401870728 0.25806451612903225 1.0
0 0.1 1.036313107341863 0.09493207931518555 13.628690481185913 0.25806451612903225 1.0
0 0.1 0.9026429214570189 0.21444296836853027 13.843133449554443 0.24242424242424243 1.0
0 0.1 0.786214357305898 0.2156381607055664 14.05877161026001 0.2352941176470588 1.0
0 0.1 0.6848034820193963 0.07029414176940918 14.129065752029419 0.2352941176470588 1.0
0 0.1 0.5964732195846044 0.6698408126831055 14.798906564712524 0.2285714285714286 1.0
0 0.1 0.5195363502423698 0.7062180042266846 15.505124568939209 0.2222222222222222 1.0
0 0.1 0.4525232824553942 2.5607988834381104 18.06592345237732 0.19999999999999998 1.0
0 0.1 0.3941539818506903 0.36574697494506836 18.431670427322388 0.19999999999999998 1.0
0 0.1 0.34331352094368267 0.5674741268157959 18.999144554138184 0.19512195121951217 1.0
0 0.1 0.2990307826127625 0.8020730018615723 19.801217555999756 0.19047619047619047 1.0
0 0.1 0.2604599105337001 0.9992733001708984 20.800490856170654 0.18181818181818182 1.0
0 0.1 0.22686415225376097 0.3938019275665283 21.194292783737183 0.18181818181818182 1.0
0 0.1 0.19760178628779224 0.16752409934997559 21.361816883087158 0.18181818181818182 1.0
0 0.1 0.17211386442601356 0.12901592254638672 21.490832805633545 0.18181818181818182 1.0
0 0.1 0.14991353511608546 2.1661839485168457 23.65701675415039 0.1739130434782609 1.0
0 0.01 28.211963230963963 0.001165151596069336 23.65818190574646 0.0 1.0
0 0.01 24.573006681497752 0.001180887222290039 23.65936279296875 0.0 1.0
0 0.01 21.403425646968028 0.0012319087982177734 23.660594701766968 0.0 1.0
0 0.01 18.642677119777133 0.0012447834014892578 23.661839485168457 0.0 1.0
0 0.01 16.238027310431736 0.001249074935913086 23.66308856010437 0.0 1.0
0 0.01 14.143544365449966 0.0011641979217529297 23.664252758026123 0.0 1.0
0 0.01 12.319221010851523 0.0011568069458007812 23.665409564971924 0.0 1.0
0 0.01 10.730210362611421 0.0011639595031738281 23.666573524475098 0.0 1.0
0 0.01 9.346160307090315 0.00115203857421875 23.667725563049316 0.0 1.0
0 0.01 8.140633737265514 0.0012369155883789062 23.668962478637695 0.0 1.0
0 0.01 7.090603570541246 0.0011970996856689453 23.670159578323364 0.0 1.0
0 0.01 6.176012902339531 0.0012500286102294922 23.671409606933594 0.0 1.0
0 0.01 5.379391893848717 0.0011761188507080078 23.6725857257843 0.0 1.0
0 0.01 4.685524076001097 0.00119781494140625 23.673783540725708 0.0 1.0
0 0.01 4.081155695663349 0.0011448860168457031 23.674928426742554 0.0 1.0
0 0.01 3.554742552184356 0.0012407302856445312 23.6761691570282 0.0 1.0
0 0.01 3.09622948855821 0.0011761188507080078 23.677345275878906 0.0 1.0
0 0.01 2.6968583252045994 0.0011870861053466797 23.678532361984253 0.0 1.0
0 0.01 2.349000567658869 0.01099395751953125 23.689526319503784 0.5714285714285715 1.0
0 0.01 2.046011692676912 0.0025238990783691406 23.692050218582153 0.5714285714285715 1.0
0 0.01 1.7821042294352372 0.002660036087036133 23.69471025466919 0.5714285714285715 1.0
0 0.01 1.5522372115164986 0.0025489330291748047 23.697259187698364 0.5714285714285715 1.0
0 0.01 1.3520198880735976 0.002476930618286133 23.69973611831665 0.5714285714285715 1.0
0 0.01 1.1776278549337647 0.0026540756225585938 23.70239019393921 0.5714285714285715 1.0
0 0.01 1.0257300036406054 0.010905027389526367 23.713295221328735 0.7499999999999999 1.0
0 0.01 0.8934248930683893 0.0026502609252929688 23.71594548225403 0.7499999999999999 1.0
0 0.01 0.7781853282259436 0.002624988555908203 23.718570470809937 0.7499999999999999 1.0
0 0.01 0.6778100876351608 0.002534151077270508 23.721104621887207 0.7499999999999999 1.0
0 0.01 0.590381877216004 0.002686023712158203 23.723790645599365 0.7499999999999999 1.0
0 0.01 0.5142307075440048 0.019883155822753906 23.74367380142212 0.7272727272727272 1.0
0 0.01 0.44790199493955546 0.0042858123779296875 23.74795961380005 0.7272727272727272 1.0
0 0.01 0.39012877707943217 0.04619097709655762 23.794150590896606 0.5000000000000001 1.0
0 0.01 0.33980751241358653 0.05388998985290527 23.84804058074951 0.4 1.0
0 0.01 0.2959770011254507 0.01291203498840332 23.860952615737915 0.4 1.0
0 0.01 0.2578000249994245 0.012407779693603516 23.87336039543152 0.4 1.0
0 0.01 0.22454735549379537 0.07607698440551758 23.949437379837036 0.3076923076923077 1.0
0 0.01 0.19558382455304058 0.016510963439941406 23.965948343276978 0.3076923076923077 1.0
0 0.01 0.1703561920944177 0.1867830753326416 24.15273141860962 0.26666666666666666 1.0
0 0.01 0.14838257842248037 0.07283210754394531 24.225563526153564 0.25806451612903225 1.0
0 0.01 0.12924325971726744 0.024029254913330078 24.249592781066895 0.25806451612903225 1.0
0 0.01 0.1125726507783501 0.07135319709777832 24.320945978164673 0.25 1.0
0 0.01 0.09805232188500161 0.07396197319030762 24.39490795135498 0.24242424242424243 1.0
0 0.01 0.08540491638568569 0.09760403633117676 24.492511987686157 0.2352941176470588 1.0
0 0.01 0.07438885283512764 0.024829387664794922 24.517341375350952 0.2352941176470588 1.0
0 0.01 0.06479371048308594 0.0901179313659668 24.60745930671692 0.2285714285714286 1.0
0 0.01 0.056436209971818335 0.24354195594787598 24.851001262664795 0.21621621621621623 1.0
0 0.01 0.049156712468482675 0.045228004455566406 24.89622926712036 0.21621621621621623 1.0
0 0.01 0.0428161703614703 0.21524310111999512 25.111472368240356 0.20512820512820512 1.0
0 0.01 0.03729347127511503 0.04336714744567871 25.154839515686035 0.20512820512820512 1.0
0 0.01 0.032483124670098805 0.04108595848083496 25.19592547416687 0.20512820512820512 1.0
