[216.40736058 188.4937774  164.18066384 143.00360867 124.55810333
 108.49181534  94.49785828  82.30892987  71.69220614  62.44489425
  54.39035884  47.37474809  41.26405496  35.94155748  31.30558923
  27.26759733  23.75045104  20.68696841  18.01863304  15.69447636
  13.67010404  11.906848    10.37102782   9.03330739   7.86813455
   6.85325305   5.96927734   5.19932239   4.52868107   3.94454329
   3.43575127   2.99258645   2.60658382   2.27037024   1.9775236
   1.72245016   1.5002777    1.30676244   1.138208     0.99139477
   0.86351843   0.75213639   0.65512111   0.57061946   0.49701737
   0.43290895   0.37706963   0.32843281   0.28606948   0.24917044]0 1 312.2098259152708 0.0065729618072509766 0.0065729618072509766 0.0 1.0
0 1 271.93903789811014 0.006470203399658203 0.01304316520690918 0.0 1.0
0 1 236.8626295349813 0.006689786911010742 0.019732952117919922 0.33333333333333337 1.0
0 1 206.31059705097118 0.05877685546875 0.07850980758666992 0.5714285714285715 1.0
0 1 179.69935797424765 0.053224802017211914 0.13173460960388184 0.5714285714285715 1.0
0 1 156.52060397255676 0.045332908630371094 0.17706751823425293 0.5714285714285715 1.0
0 1 136.33159152101595 0.044716596603393555 0.22178411483764648 0.5714285714285715 1.0
0 1 118.74668494067365 0.0576019287109375 0.279386043548584 0.7499999999999999 1.0
0 1 103.42999026917344 0.05108308792114258 0.33046913146972656 0.7499999999999999 1.0
0 1 90.08893926113359 0.051834821701049805 0.38230395317077637 0.7499999999999999 1.0
0 1 78.46870096453189 0.04535388946533203 0.4276578426361084 0.7499999999999999 1.0
0 1 68.34731412713553 0.04457998275756836 0.47223782539367676 0.7499999999999999 1.0
0 1 59.53144745577994 0.05176091194152832 0.5239987373352051 0.6666666666666665 1.0
0 1 51.85270674408604 0.058656930923461914 0.582655668258667 0.7272727272727272 1.0
0 1 45.16441833008278 0.05146193504333496 0.634117603302002 0.7272727272727272 1.0
0 1 39.33882744370648 0.0711069107055664 0.7052245140075684 0.6153846153846154 1.0
0 1 34.26465792907022 0.12511110305786133 0.8303356170654297 0.47058823529411764 1.0
0 1 29.84498672911064 0.1397709846496582 0.9701066017150879 0.3636363636363636 1.0
0 1 25.99539253258091 0.18860197067260742 1.1587085723876953 0.3076923076923077 1.0
0 1 22.642343220204207 0.588533878326416 1.7472424507141113 0.26666666666666666 1.0
0 1 19.721791308170232 0.7087271213531494 2.4559695720672607 0.27586206896551724 1.0
0 1 17.177950560167822 1.0067310333251953 3.462700605392456 0.26666666666666666 1.0
0 1 14.962230399696251 0.8483500480651855 4.311050653457642 0.24242424242424243 1.0
0 1 13.03230776858211 0.667546272277832 4.978596925735474 0.2222222222222222 1.0
0 1 11.351318703025308 0.7904670238494873 5.769063949584961 0.2222222222222222 1.0
0 1 9.887154185253786 0.6798920631408691 6.44895601272583 0.21621621621621623 1.0
0 1 8.611846820663045 0.6827249526977539 7.131680965423584 0.20512820512820512 1.0
0 1 7.501036625197576 0.8531050682067871 7.984786033630371 0.19999999999999998 1.0
0 1 6.53350571883761 0.7107470035552979 8.695533037185669 0.20512820512820512 1.0
0 1 5.69077303724795 0.8805820941925049 9.576115131378174 0.18604651162790697 1.0
0 1 4.956741320068812 0.7462530136108398 10.322368144989014 0.1777777777777778 1.0
0 1 4.317389632878279 0.9514179229736328 11.273786067962646 0.16666666666666666 1.0
0 1 3.7605055496069455 6.9057769775390625 18.17956304550171 0.1702127659574468 1.0
0 1 3.2754518797500736 1.513573169708252 19.69313621520996 0.1702127659574468 1.0
0 1 2.8529634845718124 0.9532899856567383 20.6464262008667 0.16666666666666666 1.0
0 1 2.4849703012340436 1.0524559020996094 21.69888210296631 0.163265306122449 1.0
0 1 2.1644431943866964 1.2316489219665527 22.93053102493286 0.163265306122449 1.0
0 1 1.8852596907900219 0.6208381652832031 23.551369190216064 0.163265306122449 1.0
0 1 1.6420870323301746 0.5726451873779297 24.124014377593994 0.163265306122449 1.0
0 1 1.4302803135927475 0.5606870651245117 24.684701442718506 0.163265306122449 1.0
0 1 1.2457937582930971 0.5539069175720215 25.238608360290527 0.163265306122449 1.0
0 1 1.0851034398309916 3.017153024673462 28.25576138496399 0.1568627450980392 1.0
0 1 0.945139969834425 2.6741719245910645 30.929933309555054 0.1568627450980392 1.0
0 1 0.823229868958621 3.8205361366271973 34.75046944618225 0.1568627450980392 1.0
0 1 0.7170445000483404 7.692763805389404 42.443233251571655 0.15384615384615383 1.0
0 1 0.624555588222246 6.92742395401001 49.370657205581665 0.1509433962264151 1.0
0 1 0.5439964782567033 5.23516321182251 54.605820417404175 0.1509433962264151 1.0
0 1 0.4738283892360109 4.666457176208496 59.27227759361267 0.1509433962264151 1.0
0 1 0.4127110218901976 4.829787015914917 64.10206460952759 0.1481481481481481 1.0
0 1 0.3594769571833539 4.52315092086792 68.62521553039551 0.1481481481481481 1.0
0 0.1 130.20161032759302 0.006313800811767578 68.63152933120728 0.0 1.0
0 0.1 113.40738729625762 0.006610870361328125 68.6381402015686 0.0 1.0
0 0.1 98.77938883400856 0.006487846374511719 68.64462804794312 0.0 1.0
0 0.1 86.03820166433057 0.0065348148345947266 68.65116286277771 0.0 1.0
0 0.1 74.9404529934022 0.006571054458618164 68.65773391723633 0.0 1.0
0 0.1 65.27416178184274 0.006356239318847656 68.66409015655518 0.0 1.0
0 0.1 56.854689638682785 0.00657200813293457 68.67066216468811 0.0 1.0
0 0.1 49.52121399451067 0.05021309852600098 68.72087526321411 0.5714285714285715 1.0
0 0.1 43.13365618693992 0.03772997856140137 68.75860524177551 0.5714285714285715 1.0
0 0.1 37.570005780944214 0.03779411315917969 68.79639935493469 0.5714285714285715 1.0
0 0.1 32.7239900151928 0.03755307197570801 68.8339524269104 0.5714285714285715 1.0
0 0.1 28.503043857863506 0.03841829299926758 68.87237071990967 0.5714285714285715 1.0
0 0.1 24.826541897430772 0.038156747817993164 68.91052746772766 0.5714285714285715 1.0
0 0.1 21.624258295306348 0.0503230094909668 68.96085047721863 0.7499999999999999 1.0
0 0.1 18.835025383479486 0.0453338623046875 69.00618433952332 0.7499999999999999 1.0
0 0.1 16.405565284674683 0.04409599304199219 69.05028033256531 0.7499999999999999 1.0
0 0.1 14.289472237493916 0.037827253341674805 69.08810758590698 0.7499999999999999 1.0
0 0.1 12.446326187665905 0.038223981857299805 69.12633156776428 0.7499999999999999 1.0
0 0.1 10.840920713874212 0.03772330284118652 69.16405487060547 0.7499999999999999 1.0
0 0.1 9.44259054057033 0.03765392303466797 69.20170879364014 0.7499999999999999 1.0
0 0.1 8.224625792416147 0.03820610046386719 69.239914894104 0.7499999999999999 1.0
0 0.1 7.163761801874259 0.050642967224121094 69.29055786132812 0.888888888888889 1.0
0 0.1 6.239734724625884 0.06313109397888184 69.353688955307 0.7272727272727272 1.0
0 0.1 5.43489447450858 0.05075716972351074 69.40444612503052 0.7272727272727272 1.0
0 0.1 4.733867584541418 0.05092597007751465 69.45537209510803 0.7272727272727272 1.0
0 0.1 4.123263554256632 0.10080790519714355 69.55618000030518 0.6153846153846154 1.0
0 0.1 3.591419074200402 0.0836939811706543 69.63987398147583 0.5333333333333333 1.0
0 0.1 3.128175241967003 0.23541021347045898 69.87528419494629 0.4210526315789473 1.0
0 0.1 2.7246835143108377 0.2020268440246582 70.07731103897095 0.38095238095238093 1.0
0 0.1 2.373236688776134 0.1263561248779297 70.20366716384888 0.38095238095238093 1.0
0 0.1 2.0671216863796724 0.43475914001464844 70.63842630386353 0.3333333333333333 1.0
0 0.1 1.8004913233094775 0.39914774894714355 71.03757405281067 0.3076923076923077 1.0
0 0.1 1.5682526223167341 0.39224696159362793 71.4298210144043 0.2857142857142857 1.0
0 0.1 1.3659695304072161 0.4838526248931885 71.91367363929749 0.2962962962962963 1.0
0 0.1 1.1897781846170337 0.41354918479919434 72.32722282409668 0.26666666666666666 1.0
0 0.1 1.036313107341863 0.28519511222839355 72.61241793632507 0.26666666666666666 1.0
0 0.1 0.9026429214570189 0.8481600284576416 73.46057796478271 0.24242424242424243 1.0
0 0.1 0.786214357305898 0.7127182483673096 74.17329621315002 0.2352941176470588 1.0
0 0.1 0.6848034820193963 0.5161342620849609 74.68943047523499 0.2222222222222222 1.0
0 0.1 0.5964732195846044 1.295976161956787 75.98540663719177 0.21621621621621623 1.0
0 0.1 0.5195363502423698 3.3383378982543945 79.32374453544617 0.19999999999999998 1.0
0 0.1 0.4525232824553942 5.3421430587768555 84.66588759422302 0.19512195121951217 1.0
0 0.1 0.3941539818506903 1.579348087310791 86.24523568153381 0.19512195121951217 1.0
0 0.1 0.34331352094368267 1.380190134048462 87.62542581558228 0.19047619047619047 1.0
0 0.1 0.2990307826127625 7.890017747879028 95.5154435634613 0.25 1.0
0 0.1 0.2604599105337001 0.8884339332580566 96.40387749671936 0.25 1.0
0 0.1 0.22686415225376097 0.7051417827606201 97.10901927947998 0.24390243902439027 1.0
0 0.1 0.19760178628779224 0.8388991355895996 97.94791841506958 0.24390243902439027 1.0
0 0.1 0.17211386442601356 0.6761448383331299 98.62406325340271 0.24390243902439027 1.0
0 0.1 0.14991353511608546 0.5622889995574951 99.1863522529602 0.24390243902439027 1.0
0 0.01 28.211963230963963 0.0062978267669677734 99.19265007972717 0.33333333333333337 1.0
0 0.01 24.573006681497752 0.04414701461791992 99.23679709434509 0.5714285714285715 1.0
0 0.01 21.403425646968028 0.037805795669555664 99.27460289001465 0.5714285714285715 1.0
0 0.01 18.642677119777133 0.03784513473510742 99.31244802474976 0.5714285714285715 1.0
0 0.01 16.238027310431736 0.03790903091430664 99.35035705566406 0.5714285714285715 1.0
0 0.01 14.143544365449966 0.03847312927246094 99.38883018493652 0.5714285714285715 1.0
0 0.01 12.319221010851523 0.03863930702209473 99.42746949195862 0.5714285714285715 1.0
0 0.01 10.730210362611421 0.03229498863220215 99.45976448059082 0.5714285714285715 1.0
0 0.01 9.346160307090315 0.05114603042602539 99.51091051101685 0.7499999999999999 1.0
0 0.01 8.140633737265514 0.03866410255432129 99.54957461357117 0.7499999999999999 1.0
0 0.01 7.090603570541246 0.03785991668701172 99.58743453025818 0.7499999999999999 1.0
0 0.01 6.176012902339531 0.038362741470336914 99.62579727172852 0.7499999999999999 1.0
0 0.01 5.379391893848717 0.03875422477722168 99.66455149650574 0.7499999999999999 1.0
0 0.01 4.685524076001097 0.03891301155090332 99.70346450805664 0.7499999999999999 1.0
0 0.01 4.081155695663349 0.03893780708312988 99.74240231513977 0.7499999999999999 1.0
0 0.01 3.554742552184356 0.03821992874145508 99.78062224388123 0.7499999999999999 1.0
0 0.01 3.09622948855821 0.03800320625305176 99.81862545013428 0.7499999999999999 1.0
0 0.01 2.6968583252045994 0.051624298095703125 99.87024974822998 0.888888888888889 1.0
0 0.01 2.349000567658869 0.03211688995361328 99.9023666381836 0.888888888888889 1.0
0 0.01 2.046011692676912 0.05781698226928711 99.96018362045288 0.7272727272727272 1.0
0 0.01 1.7821042294352372 0.04509592056274414 100.00527954101562 0.7272727272727272 1.0
0 0.01 1.5522372115164986 0.08984589576721191 100.09512543678284 0.6666666666666666 1.0
0 0.01 1.3520198880735976 0.08379125595092773 100.17891669273376 0.5714285714285714 1.0
0 0.01 1.1776278549337647 0.11668801307678223 100.29560470581055 0.5000000000000001 1.0
0 0.01 1.0257300036406054 0.12901782989501953 100.42462253570557 0.47058823529411764 1.0
0 0.01 0.8934248930683893 0.12989401817321777 100.55451655387878 0.4444444444444444 1.0
0 0.01 0.7781853282259436 0.10432600975036621 100.65884256362915 0.4444444444444444 1.0
0 0.01 0.6778100876351608 0.1674799919128418 100.82632255554199 0.3478260869565218 1.0
0 0.01 0.590381877216004 0.12145614624023438 100.94777870178223 0.3478260869565218 1.0
0 0.01 0.5142307075440048 0.11661005020141602 101.06438875198364 0.3478260869565218 1.0
0 0.01 0.44790199493955546 0.22337579727172852 101.28776454925537 0.32000000000000006 1.0
0 0.01 0.39012877707943217 0.1531679630279541 101.44093251228333 0.32000000000000006 1.0
0 0.01 0.33980751241358653 0.15004491806030273 101.59097743034363 0.32000000000000006 1.0
0 0.01 0.2959770011254507 0.15088319778442383 101.74186062812805 0.32000000000000006 1.0
0 0.01 0.2578000249994245 0.1882030963897705 101.93006372451782 0.2962962962962963 1.0
0 0.01 0.22454735549379537 0.17488312721252441 102.10494685173035 0.2857142857142857 1.0
0 0.01 0.19558382455304058 0.14249682426452637 102.24744367599487 0.2857142857142857 1.0
0 0.01 0.1703561920944177 0.5446157455444336 102.7920594215393 0.24242424242424243 1.0
0 0.01 0.14838257842248037 0.3268013000488281 103.11886072158813 0.24242424242424243 1.0
0 0.01 0.12924325971726744 0.29993104934692383 103.41879177093506 0.24242424242424243 1.0
0 0.01 0.1125726507783501 0.28073787689208984 103.69952964782715 0.24242424242424243 1.0
0 0.01 0.09805232188500161 0.3627200126647949 104.06224966049194 0.2352941176470588 1.0
0 0.01 0.08540491638568569 0.24531197547912598 104.30756163597107 0.2352941176470588 1.0
0 0.01 0.07438885283512764 0.476546049118042 104.78410768508911 0.2222222222222222 1.0
0 0.01 0.06479371048308594 0.49712395668029785 105.28123164176941 0.2105263157894737 1.0
0 0.01 0.056436209971818335 0.5176870822906494 105.79891872406006 0.20512820512820512 1.0
0 0.01 0.049156712468482675 0.34125804901123047 106.14017677307129 0.20512820512820512 1.0
0 0.01 0.0428161703614703 0.8981771469116211 107.03835391998291 0.19047619047619047 1.0
0 0.01 0.03729347127511503 0.5285980701446533 107.56695199012756 0.19047619047619047 1.0
0 0.01 0.032483124670098805 0.819753885269165 108.38670587539673 0.18181818181818182 1.0
