[216.40736058 188.4937774  164.18066384 143.00360867 124.55810333
 108.49181534  94.49785828  82.30892987  71.69220614  62.44489425
  54.39035884  47.37474809  41.26405496  35.94155748  31.30558923
  27.26759733  23.75045104  20.68696841  18.01863304  15.69447636
  13.67010404  11.906848    10.37102782   9.03330739   7.86813455
   6.85325305   5.96927734   5.19932239   4.52868107   3.94454329
   3.43575127   2.99258645   2.60658382   2.27037024   1.9775236
   1.72245016   1.5002777    1.30676244   1.138208     0.99139477
   0.86351843   0.75213639   0.65512111   0.57061946   0.49701737
   0.43290895   0.37706963   0.32843281   0.28606948   0.24917044]0 1 312.2098259152708 0.0075321197509765625 0.0075321197509765625 0.0 1.0
0 1 271.93903789811014 0.006941795349121094 0.014473915100097656 0.0 1.0
0 1 236.8626295349813 0.006829977035522461 0.021303892135620117 0.33333333333333337 1.0
0 1 206.31059705097118 0.047811031341552734 0.06911492347717285 0.5714285714285715 1.0
0 1 179.69935797424765 0.03918814659118652 0.10830307006835938 0.5714285714285715 1.0
0 1 156.52060397255676 0.03353381156921387 0.14183688163757324 0.5714285714285715 1.0
0 1 136.33159152101595 0.03310990333557129 0.17494678497314453 0.5714285714285715 1.0
0 1 118.74668494067365 0.03990769386291504 0.21485447883605957 0.7499999999999999 1.0
0 1 103.42999026917344 0.033345937728881836 0.2482004165649414 0.7499999999999999 1.0
0 1 90.08893926113359 0.03288578987121582 0.2810862064361572 0.7499999999999999 1.0
0 1 78.46870096453189 0.032411813735961914 0.31349802017211914 0.7499999999999999 1.0
0 1 68.34731412713553 0.032349348068237305 0.34584736824035645 0.7499999999999999 1.0
0 1 59.53144745577994 0.038639068603515625 0.38448643684387207 0.6666666666666665 1.0
0 1 51.85270674408604 0.038980960845947266 0.42346739768981934 0.7272727272727272 1.0
0 1 45.16441833008278 0.03984403610229492 0.46331143379211426 0.7272727272727272 1.0
0 1 39.33882744370648 0.04715418815612793 0.5104656219482422 0.6153846153846154 1.0
0 1 34.26465792907022 0.08504009246826172 0.5955057144165039 0.47058823529411764 1.0
0 1 29.84498672911064 0.08609509468078613 0.68160080909729 0.3636363636363636 1.0
0 1 25.99539253258091 0.11063504219055176 0.7922358512878418 0.3076923076923077 1.0
0 1 22.642343220204207 0.32041192054748535 1.1126477718353271 0.26666666666666666 1.0
0 1 19.721791308170232 0.35689377784729004 1.4695415496826172 0.27586206896551724 1.0
0 1 17.177950560167822 0.6229102611541748 2.092451810836792 0.26666666666666666 1.0
0 1 14.962230399696251 0.520442008972168 2.61289381980896 0.24242424242424243 1.0
0 1 13.03230776858211 0.4399549961090088 3.0528488159179688 0.2222222222222222 1.0
0 1 11.351318703025308 0.41263890266418457 3.4654877185821533 0.2222222222222222 1.0
0 1 9.887154185253786 0.3862299919128418 3.851717710494995 0.21621621621621623 1.0
0 1 8.611846820663045 0.3962290287017822 4.247946739196777 0.20512820512820512 1.0
0 1 7.501036625197576 0.4437088966369629 4.69165563583374 0.19999999999999998 1.0
0 1 6.53350571883761 0.3652498722076416 5.056905508041382 0.20512820512820512 1.0
0 1 5.69077303724795 0.4322030544281006 5.489108562469482 0.18604651162790697 1.0
0 1 4.956741320068812 0.3590559959411621 5.8481645584106445 0.1777777777777778 1.0
0 1 4.317389632878279 0.40955495834350586 6.25771951675415 0.1702127659574468 1.0
0 1 3.7605055496069455 4.834670782089233 11.092390298843384 0.1702127659574468 1.0
0 1 3.2754518797500736 0.9280030727386475 12.020393371582031 0.1702127659574468 1.0
0 1 2.8529634845718124 0.21677017211914062 12.237163543701172 0.16666666666666666 1.0
0 1 2.4849703012340436 0.2890329360961914 12.526196479797363 0.163265306122449 1.0
0 1 2.1644431943866964 0.6487851142883301 13.174981594085693 0.163265306122449 1.0
0 1 1.8852596907900219 0.2773129940032959 13.45229458808899 0.163265306122449 1.0
0 1 1.6420870323301746 0.2653980255126953 13.717692613601685 0.163265306122449 1.0
0 1 1.4302803135927475 0.24689006805419922 13.964582681655884 0.163265306122449 1.0
0 1 1.2457937582930971 0.23964214324951172 14.204224824905396 0.163265306122449 1.0
0 1 1.0851034398309916 1.2479257583618164 15.452150583267212 0.1568627450980392 1.0
0 1 0.945139969834425 1.1416089534759521 16.593759536743164 0.1568627450980392 1.0
0 1 0.823229868958621 2.591031074523926 19.18479061126709 0.1568627450980392 1.0
0 1 0.7170445000483404 0.7487578392028809 19.93354845046997 0.1481481481481481 1.0
0 1 0.624555588222246 7.68290376663208 27.61645221710205 0.15384615384615383 1.0
0 1 0.5439964782567033 0.8155748844146729 28.432027101516724 0.1481481481481481 1.0
0 1 0.4738283892360109 5.917670965194702 34.349698066711426 0.1509433962264151 1.0
0 1 0.4127110218901976 1.518435001373291 35.86813306808472 0.14545454545454545 1.0
0 1 0.3594769571833539 1.8974330425262451 37.76556611061096 0.1481481481481481 1.0
0 0.1 130.20161032759302 0.0063250064849853516 37.77189111709595 0.0 1.0
0 0.1 113.40738729625762 0.006345033645629883 37.77823615074158 0.0 1.0
0 0.1 98.77938883400856 0.006356954574584961 37.78459310531616 0.0 1.0
0 0.1 86.03820166433057 0.006374835968017578 37.79096794128418 0.0 1.0
0 0.1 74.9404529934022 0.0063250064849853516 37.797292947769165 0.0 1.0
0 0.1 65.27416178184274 0.006315946578979492 37.803608894348145 0.0 1.0
0 0.1 56.854689638682785 0.006358146667480469 37.809967041015625 0.0 1.0
0 0.1 49.52121399451067 0.0379641056060791 37.847931146621704 0.5714285714285715 1.0
0 0.1 43.13365618693992 0.03232002258300781 37.88025116920471 0.5714285714285715 1.0
0 0.1 37.570005780944214 0.0264129638671875 37.9066641330719 0.5714285714285715 1.0
0 0.1 32.7239900151928 0.026057958602905273 37.932722091674805 0.5714285714285715 1.0
0 0.1 28.503043857863506 0.025945186614990234 37.958667278289795 0.5714285714285715 1.0
0 0.1 24.826541897430772 0.026215076446533203 37.98488235473633 0.5714285714285715 1.0
0 0.1 21.624258295306348 0.03903007507324219 38.02391242980957 0.7499999999999999 1.0
0 0.1 18.835025383479486 0.025156021118164062 38.049068450927734 0.7499999999999999 1.0
0 0.1 16.405565284674683 0.025197982788085938 38.07426643371582 0.7499999999999999 1.0
0 0.1 14.289472237493916 0.025238990783691406 38.09950542449951 0.7499999999999999 1.0
0 0.1 12.446326187665905 0.025247812271118164 38.12475323677063 0.7499999999999999 1.0
0 0.1 10.840920713874212 0.027019977569580078 38.15177321434021 0.7499999999999999 1.0
0 0.1 9.44259054057033 0.026884078979492188 38.1786572933197 0.7499999999999999 1.0
0 0.1 8.224625792416147 0.025352954864501953 38.204010248184204 0.7499999999999999 1.0
0 0.1 7.163761801874259 0.03768491744995117 38.241695165634155 0.888888888888889 1.0
0 0.1 6.239734724625884 0.04520988464355469 38.28690505027771 0.7272727272727272 1.0
0 0.1 5.43489447450858 0.03245806694030762 38.31936311721802 0.7272727272727272 1.0
0 0.1 4.733867584541418 0.03232407569885254 38.35168719291687 0.7272727272727272 1.0
0 0.1 4.123263554256632 0.06963586807250977 38.42132306098938 0.6153846153846154 1.0
0 0.1 3.591419074200402 0.06368780136108398 38.485010862350464 0.5333333333333333 1.0
0 0.1 3.128175241967003 0.17190885543823242 38.656919717788696 0.4210526315789473 1.0
0 0.1 2.7246835143108377 0.1520860195159912 38.80900573730469 0.38095238095238093 1.0
0 0.1 2.373236688776134 0.08330321311950684 38.892308950424194 0.38095238095238093 1.0
0 0.1 2.0671216863796724 0.31343698501586914 39.20574593544006 0.3333333333333333 1.0
0 0.1 1.8004913233094775 0.283890962600708 39.48963689804077 0.3076923076923077 1.0
0 0.1 1.5682526223167341 0.23062992095947266 39.720266819000244 0.2857142857142857 1.0
0 0.1 1.3659695304072161 0.41126012802124023 40.131526947021484 0.2962962962962963 1.0
0 0.1 1.1897781846170337 0.26189589500427246 40.39342284202576 0.26666666666666666 1.0
0 0.1 1.036313107341863 0.16364407539367676 40.557066917419434 0.26666666666666666 1.0
0 0.1 0.9026429214570189 0.6409111022949219 41.197978019714355 0.24242424242424243 1.0
0 0.1 0.786214357305898 0.4346811771392822 41.63265919685364 0.2352941176470588 1.0
0 0.1 0.6848034820193963 0.2715299129486084 41.904189109802246 0.2222222222222222 1.0
0 0.1 0.5964732195846044 0.9851861000061035 42.88937520980835 0.21621621621621623 1.0
0 0.1 0.5195363502423698 2.2339236736297607 45.12329888343811 0.19999999999999998 1.0
0 0.1 0.4525232824553942 3.0874829292297363 48.21078181266785 0.19512195121951217 1.0
0 0.1 0.3941539818506903 0.5680680274963379 48.778849840164185 0.19512195121951217 1.0
0 0.1 0.34331352094368267 0.6112840175628662 49.39013385772705 0.19047619047619047 1.0
0 0.1 0.2990307826127625 7.069263935089111 56.45939779281616 0.25 1.0
0 0.1 0.2604599105337001 0.42200613021850586 56.88140392303467 0.25 1.0
0 0.1 0.22686415225376097 0.19006109237670898 57.07146501541138 0.24390243902439027 1.0
0 0.1 0.19760178628779224 0.3525519371032715 57.42401695251465 0.24390243902439027 1.0
0 0.1 0.17211386442601356 0.24670624732971191 57.67072319984436 0.24390243902439027 1.0
0 0.1 0.14991353511608546 0.17004799842834473 57.840771198272705 0.24390243902439027 1.0
0 0.01 28.211963230963963 0.006418943405151367 57.847190141677856 0.33333333333333337 1.0
0 0.01 24.573006681497752 0.03157186508178711 57.878762006759644 0.5714285714285715 1.0
0 0.01 21.403425646968028 0.025582075119018555 57.90434408187866 0.5714285714285715 1.0
0 0.01 18.642677119777133 0.025539159774780273 57.92988324165344 0.5714285714285715 1.0
0 0.01 16.238027310431736 0.026022911071777344 57.95590615272522 0.5714285714285715 1.0
0 0.01 14.143544365449966 0.025729894638061523 57.98163604736328 0.5714285714285715 1.0
0 0.01 12.319221010851523 0.02651214599609375 58.008148193359375 0.5714285714285715 1.0
0 0.01 10.730210362611421 0.02653813362121582 58.03468632698059 0.5714285714285715 1.0
0 0.01 9.346160307090315 0.03828096389770508 58.072967290878296 0.7499999999999999 1.0
0 0.01 8.140633737265514 0.025391101837158203 58.098358392715454 0.7499999999999999 1.0
0 0.01 7.090603570541246 0.026086807250976562 58.12444519996643 0.7499999999999999 1.0
0 0.01 6.176012902339531 0.02568507194519043 58.15013027191162 0.7499999999999999 1.0
0 0.01 5.379391893848717 0.02592015266418457 58.176050424575806 0.7499999999999999 1.0
0 0.01 4.685524076001097 0.025535106658935547 58.20158553123474 0.7499999999999999 1.0
0 0.01 4.081155695663349 0.025926828384399414 58.22751235961914 0.7499999999999999 1.0
0 0.01 3.554742552184356 0.025834083557128906 58.25334644317627 0.7499999999999999 1.0
0 0.01 3.09622948855821 0.019356966018676758 58.272703409194946 0.7499999999999999 1.0
0 0.01 2.6968583252045994 0.038407087326049805 58.311110496520996 0.888888888888889 1.0
0 0.01 2.349000567658869 0.020035982131958008 58.331146478652954 0.888888888888889 1.0
0 0.01 2.046011692676912 0.045213937759399414 58.37636041641235 0.7272727272727272 1.0
0 0.01 1.7821042294352372 0.02573394775390625 58.40209436416626 0.7272727272727272 1.0
0 0.01 1.5522372115164986 0.05779099464416504 58.459885358810425 0.6666666666666666 1.0
0 0.01 1.3520198880735976 0.06447005271911621 58.52435541152954 0.5714285714285714 1.0
0 0.01 1.1776278549337647 0.0833122730255127 58.607667684555054 0.5000000000000001 1.0
0 0.01 1.0257300036406054 0.09497308731079102 58.702640771865845 0.47058823529411764 1.0
0 0.01 0.8934248930683893 0.09099698066711426 58.79363775253296 0.4444444444444444 1.0
0 0.01 0.7781853282259436 0.05915188789367676 58.852789640426636 0.4444444444444444 1.0
0 0.01 0.6778100876351608 0.11603307723999023 58.968822717666626 0.3478260869565218 1.0
0 0.01 0.590381877216004 0.0812227725982666 59.05004549026489 0.3478260869565218 1.0
0 0.01 0.5142307075440048 0.07067704200744629 59.12072253227234 0.3478260869565218 1.0
0 0.01 0.44790199493955546 0.1629798412322998 59.28370237350464 0.32000000000000006 1.0
0 0.01 0.39012877707943217 0.08932185173034668 59.373024225234985 0.32000000000000006 1.0
0 0.01 0.33980751241358653 0.08965086936950684 59.46267509460449 0.32000000000000006 1.0
0 0.01 0.2959770011254507 0.08316302299499512 59.54583811759949 0.32000000000000006 1.0
0 0.01 0.2578000249994245 0.12162423133850098 59.66746234893799 0.2962962962962963 1.0
0 0.01 0.22454735549379537 0.10861992835998535 59.776082277297974 0.2857142857142857 1.0
0 0.01 0.19558382455304058 0.07636308670043945 59.85244536399841 0.2857142857142857 1.0
0 0.01 0.1703561920944177 0.3508949279785156 60.20334029197693 0.24242424242424243 1.0
0 0.01 0.14838257842248037 0.15367412567138672 60.357014417648315 0.24242424242424243 1.0
0 0.01 0.12924325971726744 0.13413786888122559 60.49115228652954 0.24242424242424243 1.0
0 0.01 0.1125726507783501 0.12138104438781738 60.61253333091736 0.24242424242424243 1.0
0 0.01 0.09805232188500161 0.20466089248657227 60.81719422340393 0.2352941176470588 1.0
0 0.01 0.08540491638568569 0.09688377380371094 60.91407799720764 0.2352941176470588 1.0
0 0.01 0.07438885283512764 0.303800106048584 61.217878103256226 0.2222222222222222 1.0
0 0.01 0.06479371048308594 0.29683995246887207 61.5147180557251 0.2105263157894737 1.0
0 0.01 0.056436209971818335 0.3099069595336914 61.82462501525879 0.20512820512820512 1.0
0 0.01 0.049156712468482675 0.1414172649383545 61.966042280197144 0.20512820512820512 1.0
0 0.01 0.0428161703614703 0.5642597675323486 62.53030204772949 0.19047619047619047 1.0
0 0.01 0.03729347127511503 0.21836209297180176 62.748664140701294 0.19047619047619047 1.0
0 0.01 0.032483124670098805 0.49530911445617676 63.24397325515747 0.18181818181818182 1.0
