[216.40736058 188.4937774  164.18066384 143.00360867 124.55810333
 108.49181534  94.49785828  82.30892987  71.69220614  62.44489425
  54.39035884  47.37474809  41.26405496  35.94155748  31.30558923
  27.26759733  23.75045104  20.68696841  18.01863304  15.69447636
  13.67010404  11.906848    10.37102782   9.03330739   7.86813455
   6.85325305   5.96927734   5.19932239   4.52868107   3.94454329
   3.43575127   2.99258645   2.60658382   2.27037024   1.9775236
   1.72245016   1.5002777    1.30676244   1.138208     0.99139477
   0.86351843   0.75213639   0.65512111   0.57061946   0.49701737
   0.43290895   0.37706963   0.32843281   0.28606948   0.24917044]0 1 312.2098259152708 0.006610870361328125 0.006610870361328125 0.0 1.0
0 1 271.93903789811014 0.006587982177734375 0.0131988525390625 0.0 1.0
0 1 236.8626295349813 0.006654977798461914 0.019853830337524414 0.33333333333333337 1.0
0 1 206.31059705097118 0.05265688896179199 0.0725107192993164 0.5714285714285715 1.0
0 1 179.69935797424765 0.046975135803222656 0.11948585510253906 0.5714285714285715 1.0
0 1 156.52060397255676 0.041665077209472656 0.16115093231201172 0.5714285714285715 1.0
0 1 136.33159152101595 0.04007720947265625 0.20122814178466797 0.5714285714285715 1.0
0 1 118.74668494067365 0.045855045318603516 0.24708318710327148 0.7499999999999999 1.0
0 1 103.42999026917344 0.044992923736572266 0.29207611083984375 0.7499999999999999 1.0
0 1 90.08893926113359 0.04444599151611328 0.33652210235595703 0.7499999999999999 1.0
0 1 78.46870096453189 0.03902888298034668 0.3755509853363037 0.7499999999999999 1.0
0 1 68.34731412713553 0.040025949478149414 0.4155769348144531 0.7499999999999999 1.0
0 1 59.53144745577994 0.04549598693847656 0.4610729217529297 0.6666666666666665 1.0
0 1 51.85270674408604 0.05191206932067871 0.5129849910736084 0.7272727272727272 1.0
0 1 45.16441833008278 0.04542803764343262 0.558413028717041 0.7272727272727272 1.0
0 1 39.33882744370648 0.06098818778991699 0.619401216506958 0.6153846153846154 1.0
0 1 34.26465792907022 0.11118078231811523 0.7305819988250732 0.47058823529411764 1.0
0 1 29.84498672911064 0.11564993858337402 0.8462319374084473 0.3636363636363636 1.0
0 1 25.99539253258091 0.14625000953674316 0.9924819469451904 0.3076923076923077 1.0
0 1 22.642343220204207 0.46015000343322754 1.452631950378418 0.26666666666666666 1.0
0 1 19.721791308170232 0.532869815826416 1.985501766204834 0.27586206896551724 1.0
0 1 17.177950560167822 0.8360888957977295 2.8215906620025635 0.26666666666666666 1.0
0 1 14.962230399696251 0.69085693359375 3.5124475955963135 0.24242424242424243 1.0
0 1 13.03230776858211 0.5601270198822021 4.072574615478516 0.2222222222222222 1.0
0 1 11.351318703025308 0.6001229286193848 4.6726975440979 0.2222222222222222 1.0
0 1 9.887154185253786 0.5475387573242188 5.220236301422119 0.21621621621621623 1.0
0 1 8.611846820663045 0.5361819267272949 5.756418228149414 0.20512820512820512 1.0
0 1 7.501036625197576 0.6413040161132812 6.397722244262695 0.19999999999999998 1.0
0 1 6.53350571883761 0.5231008529663086 6.920823097229004 0.20512820512820512 1.0
0 1 5.69077303724795 0.6432359218597412 7.564059019088745 0.18604651162790697 1.0
0 1 4.956741320068812 0.5500340461730957 8.11409306526184 0.1777777777777778 1.0
0 1 4.317389632878279 0.6751499176025391 8.78924298286438 0.16666666666666666 1.0
0 1 3.7605055496069455 5.852212905883789 14.641455888748169 0.1702127659574468 1.0
0 1 3.2754518797500736 1.2424900531768799 15.883945941925049 0.1702127659574468 1.0
0 1 2.8529634845718124 0.5981800556182861 16.482125997543335 0.16666666666666666 1.0
0 1 2.4849703012340436 0.7184998989105225 17.200625896453857 0.163265306122449 1.0
0 1 2.1644431943866964 0.9744267463684082 18.175052642822266 0.163265306122449 1.0
0 1 1.8852596907900219 0.43779873847961426 18.61285138130188 0.163265306122449 1.0
0 1 1.6420870323301746 0.41325974464416504 19.026111125946045 0.163265306122449 1.0
0 1 1.4302803135927475 0.40030527114868164 19.426416397094727 0.163265306122449 1.0
0 1 1.2457937582930971 0.38187098503112793 19.808287382125854 0.163265306122449 1.0
0 1 1.0851034398309916 2.185115098953247 21.9934024810791 0.1568627450980392 1.0
0 1 0.945139969834425 1.8587250709533691 23.85212755203247 0.1568627450980392 1.0
0 1 0.823229868958621 3.17274808883667 27.02487564086914 0.1568627450980392 1.0
0 1 0.7170445000483404 6.35088586807251 33.37576150894165 0.15384615384615383 1.0
0 1 0.624555588222246 5.163450002670288 38.53921151161194 0.1509433962264151 1.0
0 1 0.5439964782567033 3.36575984954834 41.90497136116028 0.1509433962264151 1.0
0 1 0.4738283892360109 2.987243175506592 44.89221453666687 0.1509433962264151 1.0
0 1 0.4127110218901976 2.9887290000915527 47.88094353675842 0.1481481481481481 1.0
0 1 0.3594769571833539 2.903115749359131 50.784059286117554 0.1481481481481481 1.0
0 0.1 130.20161032759302 0.006333112716674805 50.79039239883423 0.0 1.0
0 0.1 113.40738729625762 0.006658792495727539 50.797051191329956 0.0 1.0
0 0.1 98.77938883400856 0.006345033645629883 50.803396224975586 0.0 1.0
0 0.1 86.03820166433057 0.006498813629150391 50.809895038604736 0.0 1.0
0 0.1 74.9404529934022 0.006564140319824219 50.81645917892456 0.0 1.0
0 0.1 65.27416178184274 0.006684064865112305 50.82314324378967 0.0 1.0
0 0.1 56.854689638682785 0.006573200225830078 50.8297164440155 0.0 1.0
0 0.1 49.52121399451067 0.044814109802246094 50.87453055381775 0.5714285714285715 1.0
0 0.1 43.13365618693992 0.031829833984375 50.906360387802124 0.5714285714285715 1.0
0 0.1 37.570005780944214 0.03169584274291992 50.938056230545044 0.5714285714285715 1.0
0 0.1 32.7239900151928 0.03206300735473633 50.97011923789978 0.5714285714285715 1.0
0 0.1 28.503043857863506 0.0321500301361084 51.00226926803589 0.5714285714285715 1.0
0 0.1 24.826541897430772 0.03286290168762207 51.03513216972351 0.5714285714285715 1.0
0 0.1 21.624258295306348 0.045896053314208984 51.08102822303772 0.7499999999999999 1.0
0 0.1 18.835025383479486 0.03850293159484863 51.11953115463257 0.7499999999999999 1.0
0 0.1 16.405565284674683 0.03195977210998535 51.151490926742554 0.7499999999999999 1.0
0 0.1 14.289472237493916 0.031846046447753906 51.18333697319031 0.7499999999999999 1.0
0 0.1 12.446326187665905 0.03172183036804199 51.21505880355835 0.7499999999999999 1.0
0 0.1 10.840920713874212 0.03180885314941406 51.246867656707764 0.7499999999999999 1.0
0 0.1 9.44259054057033 0.03177690505981445 51.27864456176758 0.7499999999999999 1.0
0 0.1 8.224625792416147 0.031887054443359375 51.31053161621094 0.7499999999999999 1.0
0 0.1 7.163761801874259 0.04490923881530762 51.355440855026245 0.888888888888889 1.0
0 0.1 6.239734724625884 0.05735325813293457 51.41279411315918 0.7272727272727272 1.0
0 0.1 5.43489447450858 0.038403987884521484 51.4511981010437 0.7272727272727272 1.0
0 0.1 4.733867584541418 0.03827476501464844 51.48947286605835 0.7272727272727272 1.0
0 0.1 4.123263554256632 0.08442187309265137 51.573894739151 0.6153846153846154 1.0
0 0.1 3.591419074200402 0.0790090560913086 51.65290379524231 0.5333333333333333 1.0
0 0.1 3.128175241967003 0.20502662658691406 51.857930421829224 0.4210526315789473 1.0
0 0.1 2.7246835143108377 0.17274117469787598 52.0306715965271 0.38095238095238093 1.0
0 0.1 2.373236688776134 0.10266590118408203 52.13333749771118 0.38095238095238093 1.0
0 0.1 2.0671216863796724 0.37877607345581055 52.51211357116699 0.3333333333333333 1.0
0 0.1 1.8004913233094775 0.34671807289123535 52.85883164405823 0.3076923076923077 1.0
0 0.1 1.5682526223167341 0.3179309368133545 53.17676258087158 0.2857142857142857 1.0
0 0.1 1.3659695304072161 0.45329785346984863 53.63006043434143 0.2962962962962963 1.0
0 0.1 1.1897781846170337 0.3238248825073242 53.953885316848755 0.26666666666666666 1.0
0 0.1 1.036313107341863 0.22175312042236328 54.17563843727112 0.26666666666666666 1.0
0 0.1 0.9026429214570189 0.7531321048736572 54.928770542144775 0.24242424242424243 1.0
0 0.1 0.786214357305898 0.5743570327758789 55.503127574920654 0.2352941176470588 1.0
0 0.1 0.6848034820193963 0.39472484588623047 55.897852420806885 0.2222222222222222 1.0
0 0.1 0.5964732195846044 1.1554908752441406 57.053343296051025 0.21621621621621623 1.0
0 0.1 0.5195363502423698 2.8007779121398926 59.85412120819092 0.19999999999999998 1.0
0 0.1 0.4525232824553942 4.328572750091553 64.18269395828247 0.19512195121951217 1.0
0 0.1 0.3941539818506903 1.1004548072814941 65.28314876556396 0.19512195121951217 1.0
0 0.1 0.34331352094368267 1.0126309394836426 66.29577970504761 0.19047619047619047 1.0
0 0.1 0.2990307826127625 7.646312952041626 73.94209265708923 0.25 1.0
0 0.1 0.2604599105337001 0.6738259792327881 74.61591863632202 0.25 1.0
0 0.1 0.22686415225376097 0.29816699028015137 74.91408562660217 0.24390243902439027 1.0
0 0.1 0.19760178628779224 0.6193840503692627 75.53346967697144 0.24390243902439027 1.0
0 0.1 0.17211386442601356 0.47718214988708496 76.01065182685852 0.24390243902439027 1.0
0 0.1 0.14991353511608546 0.37032389640808105 76.3809757232666 0.24390243902439027 1.0
0 0.01 28.211963230963963 0.006417989730834961 76.38739371299744 0.33333333333333337 1.0
0 0.01 24.573006681497752 0.038762807846069336 76.4261565208435 0.5714285714285715 1.0
0 0.01 21.403425646968028 0.03243589401245117 76.45859241485596 0.5714285714285715 1.0
0 0.01 18.642677119777133 0.033370256423950195 76.49196267127991 0.5714285714285715 1.0
0 0.01 16.238027310431736 0.03310418128967285 76.52506685256958 0.5714285714285715 1.0
0 0.01 14.143544365449966 0.033164024353027344 76.55823087692261 0.5714285714285715 1.0
0 0.01 12.319221010851523 0.03373408317565918 76.59196496009827 0.5714285714285715 1.0
0 0.01 10.730210362611421 0.03325796127319336 76.62522292137146 0.5714285714285715 1.0
0 0.01 9.346160307090315 0.0460968017578125 76.67131972312927 0.7499999999999999 1.0
0 0.01 8.140633737265514 0.03331184387207031 76.70463156700134 0.7499999999999999 1.0
0 0.01 7.090603570541246 0.03351593017578125 76.73814749717712 0.7499999999999999 1.0
0 0.01 6.176012902339531 0.032942771911621094 76.77109026908875 0.7499999999999999 1.0
0 0.01 5.379391893848717 0.03238105773925781 76.803471326828 0.7499999999999999 1.0
0 0.01 4.685524076001097 0.032377004623413086 76.83584833145142 0.7499999999999999 1.0
0 0.01 4.081155695663349 0.03215813636779785 76.86800646781921 0.7499999999999999 1.0
0 0.01 3.554742552184356 0.03252577781677246 76.90053224563599 0.7499999999999999 1.0
0 0.01 3.09622948855821 0.03258204460144043 76.93311429023743 0.7499999999999999 1.0
0 0.01 2.6968583252045994 0.046830177307128906 76.97994446754456 0.888888888888889 1.0
0 0.01 2.349000567658869 0.027087926864624023 77.00703239440918 0.888888888888889 1.0
0 0.01 2.046011692676912 0.05406379699707031 77.06109619140625 0.7272727272727272 1.0
0 0.01 1.7821042294352372 0.0394589900970459 77.1005551815033 0.7272727272727272 1.0
0 0.01 1.5522372115164986 0.07993412017822266 77.18048930168152 0.6666666666666666 1.0
0 0.01 1.3520198880735976 0.07323288917541504 77.25372219085693 0.5714285714285714 1.0
0 0.01 1.1776278549337647 0.10852813720703125 77.36225032806396 0.5000000000000001 1.0
0 0.01 1.0257300036406054 0.1128692626953125 77.47511959075928 0.47058823529411764 1.0
0 0.01 0.8934248930683893 0.11155915260314941 77.58667874336243 0.4444444444444444 1.0
0 0.01 0.7781853282259436 0.07986307144165039 77.66654181480408 0.4444444444444444 1.0
0 0.01 0.6778100876351608 0.14375615119934082 77.81029796600342 0.3478260869565218 1.0
0 0.01 0.590381877216004 0.09952187538146973 77.90981984138489 0.3478260869565218 1.0
0 0.01 0.5142307075440048 0.09309887886047363 78.00291872024536 0.3478260869565218 1.0
0 0.01 0.44790199493955546 0.19606328010559082 78.19898200035095 0.32000000000000006 1.0
0 0.01 0.39012877707943217 0.12283897399902344 78.32182097434998 0.32000000000000006 1.0
0 0.01 0.33980751241358653 0.12043905258178711 78.44226002693176 0.32000000000000006 1.0
0 0.01 0.2959770011254507 0.11958503723144531 78.56184506416321 0.32000000000000006 1.0
0 0.01 0.2578000249994245 0.15615510940551758 78.71800017356873 0.2962962962962963 1.0
0 0.01 0.22454735549379537 0.14435791969299316 78.86235809326172 0.2857142857142857 1.0
0 0.01 0.19558382455304058 0.11238884925842285 78.97474694252014 0.2857142857142857 1.0
0 0.01 0.1703561920944177 0.4636061191558838 79.43835306167603 0.24242424242424243 1.0
0 0.01 0.14838257842248037 0.2397751808166504 79.67812824249268 0.24242424242424243 1.0
0 0.01 0.12924325971726744 0.22068190574645996 79.89881014823914 0.24242424242424243 1.0
0 0.01 0.1125726507783501 0.2017078399658203 80.10051798820496 0.24242424242424243 1.0
0 0.01 0.09805232188500161 0.2894620895385742 80.38998007774353 0.2352941176470588 1.0
0 0.01 0.08540491638568569 0.17134499549865723 80.56132507324219 0.2352941176470588 1.0
0 0.01 0.07438885283512764 0.40271806716918945 80.96404314041138 0.2222222222222222 1.0
0 0.01 0.06479371048308594 0.40764403343200684 81.37168717384338 0.2105263157894737 1.0
0 0.01 0.056436209971818335 0.4315309524536133 81.803218126297 0.20512820512820512 1.0
0 0.01 0.049156712468482675 0.24912786483764648 82.05234599113464 0.20512820512820512 1.0
0 0.01 0.0428161703614703 0.757098913192749 82.80944490432739 0.19047619047619047 1.0
0 0.01 0.03729347127511503 0.3888828754425049 83.1983277797699 0.19047619047619047 1.0
0 0.01 0.032483124670098805 0.6769459247589111 83.87527370452881 0.18181818181818182 1.0
