[216.40736058 188.4937774  164.18066384 143.00360867 124.55810333
 108.49181534  94.49785828  82.30892987  71.69220614  62.44489425
  54.39035884  47.37474809  41.26405496  35.94155748  31.30558923
  27.26759733  23.75045104  20.68696841  18.01863304  15.69447636
  13.67010404  11.906848    10.37102782   9.03330739   7.86813455
   6.85325305   5.96927734   5.19932239   4.52868107   3.94454329
   3.43575127   2.99258645   2.60658382   2.27037024   1.9775236
   1.72245016   1.5002777    1.30676244   1.138208     0.99139477
   0.86351843   0.75213639   0.65512111   0.57061946   0.49701737
   0.43290895   0.37706963   0.32843281   0.28606948   0.24917044]0 1 312.2098259152708 0.0004918575286865234 0.0004918575286865234 0.0 1.0
0 1 271.93903789811014 0.000530242919921875 0.0010221004486083984 0.0 1.0
0 1 236.8626295349813 0.006509065628051758 0.007531166076660156 0.33333333333333337 1.0
0 1 206.31059705097118 0.029019832611083984 0.03655099868774414 0.5714285714285715 1.0
0 1 179.69935797424765 0.019087791442871094 0.055638790130615234 0.5714285714285715 1.0
0 1 156.52060397255676 0.01565074920654297 0.0712895393371582 0.5714285714285715 1.0
0 1 136.33159152101595 0.014027118682861328 0.08531665802001953 0.5714285714285715 1.0
0 1 118.74668494067365 0.013660907745361328 0.09897756576538086 0.7499999999999999 1.0
0 1 103.42999026917344 0.012668132781982422 0.11164569854736328 0.7499999999999999 1.0
0 1 90.08893926113359 0.012283802032470703 0.12392950057983398 0.7499999999999999 1.0
0 1 78.46870096453189 0.012194156646728516 0.1361236572265625 0.7499999999999999 1.0
0 1 68.34731412713553 0.011626958847045898 0.1477506160736084 0.7499999999999999 1.0
0 1 59.53144745577994 0.01802992820739746 0.16578054428100586 0.6666666666666665 1.0
0 1 51.85270674408604 0.012591123580932617 0.17837166786193848 0.7272727272727272 1.0
0 1 45.16441833008278 0.013296842575073242 0.19166851043701172 0.7272727272727272 1.0
0 1 39.33882744370648 0.017570018768310547 0.20923852920532227 0.6153846153846154 1.0
0 1 34.26465792907022 0.026551008224487305 0.23578953742980957 0.47058823529411764 1.0
0 1 29.84498672911064 0.04174184799194336 0.27753138542175293 0.3636363636363636 1.0
0 1 25.99539253258091 0.0548090934753418 0.3323404788970947 0.3076923076923077 1.0
0 1 22.642343220204207 0.14740395545959473 0.47974443435668945 0.26666666666666666 1.0
0 1 19.721791308170232 0.19034409523010254 0.670088529586792 0.27586206896551724 1.0
0 1 17.177950560167822 0.24804306030273438 0.9181315898895264 0.26666666666666666 1.0
0 1 14.962230399696251 0.22321701049804688 1.1413486003875732 0.24242424242424243 1.0
0 1 13.03230776858211 0.1948380470275879 1.3361866474151611 0.2222222222222222 1.0
0 1 11.351318703025308 0.23626494407653809 1.5724515914916992 0.2222222222222222 1.0
0 1 9.887154185253786 0.19527101516723633 1.7677226066589355 0.21621621621621623 1.0
0 1 8.611846820663045 0.19634199142456055 1.964064598083496 0.20512820512820512 1.0
0 1 7.501036625197576 0.23197007179260254 2.1960346698760986 0.19999999999999998 1.0
0 1 6.53350571883761 0.19412922859191895 2.3901638984680176 0.20512820512820512 1.0
0 1 5.69077303724795 0.2652590274810791 2.6554229259490967 0.18604651162790697 1.0
0 1 4.956741320068812 0.23605775833129883 2.8914806842803955 0.1777777777777778 1.0
0 1 4.317389632878279 0.2927098274230957 3.184190511703491 0.16666666666666666 1.0
0 1 3.7605055496069455 2.2342329025268555 5.418423414230347 0.1702127659574468 1.0
0 1 3.2754518797500736 0.5260570049285889 5.9444804191589355 0.1702127659574468 1.0
0 1 2.8529634845718124 0.42270803451538086 6.367188453674316 0.16666666666666666 1.0
0 1 2.4849703012340436 0.3017122745513916 6.668900728225708 0.163265306122449 1.0
0 1 2.1644431943866964 0.4445209503173828 7.113421678543091 0.163265306122449 1.0
0 1 1.8852596907900219 0.29234981536865234 7.405771493911743 0.163265306122449 1.0
0 1 1.6420870323301746 0.27335500717163086 7.679126501083374 0.163265306122449 1.0
0 1 1.4302803135927475 0.2525770664215088 7.931703567504883 0.163265306122449 1.0
0 1 1.2457937582930971 0.23818707466125488 8.169890642166138 0.163265306122449 1.0
0 1 1.0851034398309916 1.0221612453460693 9.192051887512207 0.1568627450980392 1.0
0 1 0.945139969834425 0.9938747882843018 10.185926675796509 0.1568627450980392 1.0
0 1 0.823229868958621 1.1325950622558594 11.318521738052368 0.1568627450980392 1.0
0 1 0.7170445000483404 1.9828741550445557 13.301395893096924 0.15384615384615383 1.0
0 1 0.624555588222246 2.3602921962738037 15.661688089370728 0.1509433962264151 1.0
0 1 0.5439964782567033 1.789255142211914 17.45094323158264 0.1509433962264151 1.0
0 1 0.4738283892360109 1.606942892074585 19.057886123657227 0.1509433962264151 1.0
0 1 0.4127110218901976 1.6960291862487793 20.753915309906006 0.1481481481481481 1.0
0 1 0.3594769571833539 1.5986442565917969 22.352559566497803 0.1481481481481481 1.0
0 0.1 130.20161032759302 0.000476837158203125 22.353036403656006 0.0 1.0
0 0.1 113.40738729625762 0.0004699230194091797 22.353506326675415 0.0 1.0
0 0.1 98.77938883400856 0.0005040168762207031 22.354010343551636 0.0 1.0
0 0.1 86.03820166433057 0.0005011558532714844 22.354511499404907 0.0 1.0
0 0.1 74.9404529934022 0.0005340576171875 22.355045557022095 0.0 1.0
0 0.1 65.27416178184274 0.0005350112915039062 22.3555805683136 0.0 1.0
0 0.1 56.854689638682785 0.0005691051483154297 22.356149673461914 0.0 1.0
0 0.1 49.52121399451067 0.016433000564575195 22.37258267402649 0.5714285714285715 1.0
0 0.1 43.13365618693992 0.012060165405273438 22.384642839431763 0.5714285714285715 1.0
0 0.1 37.570005780944214 0.012193679809570312 22.396836519241333 0.5714285714285715 1.0
0 0.1 32.7239900151928 0.011389017105102539 22.408225536346436 0.5714285714285715 1.0
0 0.1 28.503043857863506 0.010659933090209961 22.418885469436646 0.5714285714285715 1.0
0 0.1 24.826541897430772 0.009723186492919922 22.428608655929565 0.5714285714285715 1.0
0 0.1 21.624258295306348 0.009718179702758789 22.438326835632324 0.5714285714285715 1.0
0 0.1 18.835025383479486 0.012527942657470703 22.450854778289795 0.7499999999999999 1.0
0 0.1 16.405565284674683 0.010127782821655273 22.46098256111145 0.7499999999999999 1.0
0 0.1 14.289472237493916 0.010084867477416992 22.471067428588867 0.7499999999999999 1.0
0 0.1 12.446326187665905 0.00995016098022461 22.481017589569092 0.7499999999999999 1.0
0 0.1 10.840920713874212 0.009788990020751953 22.490806579589844 0.7499999999999999 1.0
0 0.1 9.44259054057033 0.009548187255859375 22.500354766845703 0.7499999999999999 1.0
0 0.1 8.224625792416147 0.00809025764465332 22.508445024490356 0.7499999999999999 1.0
0 0.1 7.163761801874259 0.011140823364257812 22.519585847854614 0.7499999999999999 1.0
0 0.1 6.239734724625884 0.014695167541503906 22.534281015396118 0.7272727272727272 1.0
0 0.1 5.43489447450858 0.011656999588012695 22.54593801498413 0.7272727272727272 1.0
0 0.1 4.733867584541418 0.00967717170715332 22.555615186691284 0.7272727272727272 1.0
0 0.1 4.123263554256632 0.029595136642456055 22.58521032333374 0.6153846153846154 1.0
0 0.1 3.591419074200402 0.026630878448486328 22.611841201782227 0.5714285714285714 1.0
0 0.1 3.128175241967003 0.05321097373962402 22.66505217552185 0.4210526315789473 1.0
0 0.1 2.7246835143108377 0.029310226440429688 22.69436240196228 0.4210526315789473 1.0
0 0.1 2.373236688776134 0.043856143951416016 22.738218545913696 0.38095238095238093 1.0
0 0.1 2.0671216863796724 0.08001208305358887 22.818230628967285 0.3478260869565218 1.0
0 0.1 1.8004913233094775 0.17106199264526367 22.98929262161255 0.32000000000000006 1.0
0 0.1 1.5682526223167341 0.18500399589538574 23.174296617507935 0.2857142857142857 1.0
0 0.1 1.3659695304072161 0.15529608726501465 23.32959270477295 0.27586206896551724 1.0
0 0.1 1.1897781846170337 0.20595407485961914 23.53554677963257 0.25806451612903225 1.0
0 0.1 1.036313107341863 0.10327005386352539 23.638816833496094 0.25806451612903225 1.0
0 0.1 0.9026429214570189 0.14827179908752441 23.787088632583618 0.24242424242424243 1.0
0 0.1 0.786214357305898 0.16245698928833008 23.94954562187195 0.2352941176470588 1.0
0 0.1 0.6848034820193963 0.10557889938354492 24.055124521255493 0.2352941176470588 1.0
0 0.1 0.5964732195846044 0.44959402084350586 24.504718542099 0.2285714285714286 1.0
0 0.1 0.5195363502423698 0.5895228385925293 25.09424138069153 0.2222222222222222 1.0
0 0.1 0.4525232824553942 0.6737418174743652 25.767983198165894 0.20512820512820512 1.0
0 0.1 0.3941539818506903 0.974402666091919 26.742385864257812 0.19999999999999998 1.0
0 0.1 0.34331352094368267 0.5397381782531738 27.282124042510986 0.19512195121951217 1.0
0 0.1 0.2990307826127625 0.41570305824279785 27.697827100753784 0.19047619047619047 1.0
0 0.1 0.2604599105337001 1.3333978652954102 29.031224966049194 0.18181818181818182 1.0
0 0.1 0.22686415225376097 0.6151962280273438 29.646421194076538 0.18181818181818182 1.0
0 0.1 0.19760178628779224 0.3421649932861328 29.98858618736267 0.18181818181818182 1.0
0 0.1 0.17211386442601356 0.2069840431213379 30.19557023048401 0.18181818181818182 1.0
0 0.1 0.14991353511608546 2.801537036895752 32.99710726737976 0.1739130434782609 1.0
0 0.01 28.211963230963963 0.0005810260772705078 32.99768829345703 0.0 1.0
0 0.01 24.573006681497752 0.013835906982421875 33.01152420043945 0.5714285714285715 1.0
0 0.01 21.403425646968028 0.00984501838684082 33.021369218826294 0.5714285714285715 1.0
0 0.01 18.642677119777133 0.009917020797729492 33.03128623962402 0.5714285714285715 1.0
0 0.01 16.238027310431736 0.009619951248168945 33.04090619087219 0.5714285714285715 1.0
0 0.01 14.143544365449966 0.009778261184692383 33.050684452056885 0.5714285714285715 1.0
0 0.01 12.319221010851523 0.009749174118041992 33.06043362617493 0.5714285714285715 1.0
0 0.01 10.730210362611421 0.009042024612426758 33.06947565078735 0.5714285714285715 1.0
0 0.01 9.346160307090315 0.011646270751953125 33.08112192153931 0.7499999999999999 1.0
0 0.01 8.140633737265514 0.009782075881958008 33.090903997421265 0.7499999999999999 1.0
0 0.01 7.090603570541246 0.009427070617675781 33.10033106803894 0.7499999999999999 1.0
0 0.01 6.176012902339531 0.008758068084716797 33.10908913612366 0.7499999999999999 1.0
0 0.01 5.379391893848717 0.008672952651977539 33.117762088775635 0.7499999999999999 1.0
0 0.01 4.685524076001097 0.008706808090209961 33.126468896865845 0.7499999999999999 1.0
0 0.01 4.081155695663349 0.008746862411499023 33.135215759277344 0.7499999999999999 1.0
0 0.01 3.554742552184356 0.008374929428100586 33.143590688705444 0.7499999999999999 1.0
0 0.01 3.09622948855821 0.00748896598815918 33.1510796546936 0.7499999999999999 1.0
0 0.01 2.6968583252045994 0.00716090202331543 33.15824055671692 0.7499999999999999 1.0
0 0.01 2.349000567658869 0.009751081466674805 33.167991638183594 0.7499999999999999 1.0
0 0.01 2.046011692676912 0.013424873352050781 33.181416511535645 0.7272727272727272 1.0
0 0.01 1.7821042294352372 0.009934186935424805 33.19135069847107 0.7272727272727272 1.0
0 0.01 1.5522372115164986 0.009916067123413086 33.20126676559448 0.7272727272727272 1.0
0 0.01 1.3520198880735976 0.024600744247436523 33.22586750984192 0.6153846153846154 1.0
0 0.01 1.1776278549337647 0.01793813705444336 33.24380564689636 0.6153846153846154 1.0
0 0.01 1.0257300036406054 0.03404593467712402 33.277851581573486 0.4210526315789473 1.0
0 0.01 0.8934248930683893 0.021703004837036133 33.29955458641052 0.4210526315789473 1.0
0 0.01 0.7781853282259436 0.020344972610473633 33.319899559020996 0.4210526315789473 1.0
0 0.01 0.6778100876351608 0.021937131881713867 33.34183669090271 0.4210526315789473 1.0
0 0.01 0.590381877216004 0.04354691505432129 33.38538360595703 0.3636363636363636 1.0
0 0.01 0.5142307075440048 0.03832077980041504 33.423704385757446 0.3636363636363636 1.0
0 0.01 0.44790199493955546 0.07169985771179199 33.49540424346924 0.3076923076923077 1.0
0 0.01 0.39012877707943217 0.0637807846069336 33.55918502807617 0.2962962962962963 1.0
0 0.01 0.33980751241358653 0.06186318397521973 33.62104821205139 0.2857142857142857 1.0
0 0.01 0.2959770011254507 0.044142961502075195 33.66519117355347 0.2857142857142857 1.0
0 0.01 0.2578000249994245 0.04346609115600586 33.70865726470947 0.2857142857142857 1.0
0 0.01 0.22454735549379537 0.07450294494628906 33.78316020965576 0.25806451612903225 1.0
0 0.01 0.19558382455304058 0.058326005935668945 33.84148621559143 0.25806451612903225 1.0
0 0.01 0.1703561920944177 0.056337833404541016 33.89782404899597 0.25806451612903225 1.0
0 0.01 0.14838257842248037 0.055338144302368164 33.95316219329834 0.25806451612903225 1.0
0 0.01 0.12924325971726744 0.05424618721008301 34.00740838050842 0.25806451612903225 1.0
0 0.01 0.1125726507783501 0.052902936935424805 34.06031131744385 0.25806451612903225 1.0
0 0.01 0.09805232188500161 0.04525899887084961 34.1055703163147 0.25806451612903225 1.0
0 0.01 0.08540491638568569 0.2502419948577881 34.355812311172485 0.2105263157894737 1.0
0 0.01 0.07438885283512764 0.2889740467071533 34.64478635787964 0.21621621621621623 1.0
0 0.01 0.06479371048308594 0.12908387184143066 34.77387022972107 0.21621621621621623 1.0
0 0.01 0.056436209971818335 0.12951087951660156 34.90338110923767 0.21621621621621623 1.0
0 0.01 0.049156712468482675 0.18254518508911133 35.08592629432678 0.2105263157894737 1.0
0 0.01 0.0428161703614703 0.10978293418884277 35.195709228515625 0.2105263157894737 1.0
0 0.01 0.03729347127511503 0.20377182960510254 35.39948105812073 0.20512820512820512 1.0
0 0.01 0.032483124670098805 0.20229506492614746 35.601776123046875 0.19999999999999998 1.0
