[216.40736058 188.4937774  164.18066384 143.00360867 124.55810333
 108.49181534  94.49785828  82.30892987  71.69220614  62.44489425
  54.39035884  47.37474809  41.26405496  35.94155748  31.30558923
  27.26759733  23.75045104  20.68696841  18.01863304  15.69447636
  13.67010404  11.906848    10.37102782   9.03330739   7.86813455
   6.85325305   5.96927734   5.19932239   4.52868107   3.94454329
   3.43575127   2.99258645   2.60658382   2.27037024   1.9775236
   1.72245016   1.5002777    1.30676244   1.138208     0.99139477
   0.86351843   0.75213639   0.65512111   0.57061946   0.49701737
   0.43290895   0.37706963   0.32843281   0.28606948   0.24917044]0 1 312.2098259152708 0.0004980564117431641 0.0004980564117431641 0.0 1.0
0 1 271.93903789811014 0.0005280971527099609 0.001026153564453125 0.0 1.0
0 1 236.8626295349813 0.005285978317260742 0.006312131881713867 0.33333333333333337 1.0
0 1 206.31059705097118 0.02586197853088379 0.032174110412597656 0.5714285714285715 1.0
0 1 179.69935797424765 0.017125844955444336 0.04929995536804199 0.5714285714285715 1.0
0 1 156.52060397255676 0.013310909271240234 0.06261086463928223 0.5714285714285715 1.0
0 1 136.33159152101595 0.011696815490722656 0.07430768013000488 0.5714285714285715 1.0
0 1 118.74668494067365 0.011912822723388672 0.08622050285339355 0.7499999999999999 1.0
0 1 103.42999026917344 0.011490821838378906 0.09771132469177246 0.7499999999999999 1.0
0 1 90.08893926113359 0.011155843734741211 0.10886716842651367 0.7499999999999999 1.0
0 1 78.46870096453189 0.010022878646850586 0.11889004707336426 0.7499999999999999 1.0
0 1 68.34731412713553 0.010109901428222656 0.12899994850158691 0.7499999999999999 1.0
0 1 59.53144745577994 0.014966011047363281 0.1439659595489502 0.6666666666666665 1.0
0 1 51.85270674408604 0.010790824890136719 0.15475678443908691 0.7272727272727272 1.0
0 1 45.16441833008278 0.011188983917236328 0.16594576835632324 0.7272727272727272 1.0
0 1 39.33882744370648 0.01416015625 0.18010592460632324 0.6153846153846154 1.0
0 1 34.26465792907022 0.022012948989868164 0.2021188735961914 0.47058823529411764 1.0
0 1 29.84498672911064 0.03461718559265137 0.23673605918884277 0.3636363636363636 1.0
0 1 25.99539253258091 0.042658090591430664 0.27939414978027344 0.3076923076923077 1.0
0 1 22.642343220204207 0.11552190780639648 0.3949160575866699 0.26666666666666666 1.0
0 1 19.721791308170232 0.14328908920288086 0.5382051467895508 0.27586206896551724 1.0
0 1 17.177950560167822 0.20812392234802246 0.7463290691375732 0.26666666666666666 1.0
0 1 14.962230399696251 0.1806042194366455 0.9269332885742188 0.24242424242424243 1.0
0 1 13.03230776858211 0.16153883934020996 1.0884721279144287 0.2222222222222222 1.0
0 1 11.351318703025308 0.18967604637145996 1.2781481742858887 0.2222222222222222 1.0
0 1 9.887154185253786 0.15404486656188965 1.4321930408477783 0.21621621621621623 1.0
0 1 8.611846820663045 0.15176701545715332 1.5839600563049316 0.20512820512820512 1.0
0 1 7.501036625197576 0.1724691390991211 1.7564291954040527 0.19999999999999998 1.0
0 1 6.53350571883761 0.14351582527160645 1.8999450206756592 0.20512820512820512 1.0
0 1 5.69077303724795 0.19758105278015137 2.0975260734558105 0.18604651162790697 1.0
0 1 4.956741320068812 0.17301511764526367 2.270541191101074 0.1777777777777778 1.0
0 1 4.317389632878279 0.21117901802062988 2.481720209121704 0.16666666666666666 1.0
0 1 3.7605055496069455 1.9427220821380615 4.424442291259766 0.1702127659574468 1.0
0 1 3.2754518797500736 0.45421528816223145 4.878657579421997 0.1702127659574468 1.0
0 1 2.8529634845718124 0.24984002113342285 5.12849760055542 0.16666666666666666 1.0
0 1 2.4849703012340436 0.19169116020202637 5.320188760757446 0.163265306122449 1.0
0 1 2.1644431943866964 0.35447096824645996 5.674659729003906 0.163265306122449 1.0
0 1 1.8852596907900219 0.19790387153625488 5.872563600540161 0.163265306122449 1.0
0 1 1.6420870323301746 0.18579411506652832 6.0583577156066895 0.163265306122449 1.0
0 1 1.4302803135927475 0.16698908805847168 6.225346803665161 0.163265306122449 1.0
0 1 1.2457937582930971 0.15749812126159668 6.382844924926758 0.163265306122449 1.0
0 1 1.0851034398309916 0.704277753829956 7.087122678756714 0.1568627450980392 1.0
0 1 0.945139969834425 0.6923971176147461 7.77951979637146 0.1568627450980392 1.0
0 1 0.823229868958621 0.9293301105499268 8.708849906921387 0.1568627450980392 1.0
0 1 0.7170445000483404 1.528876781463623 10.23772668838501 0.15384615384615383 1.0
0 1 0.624555588222246 1.703192949295044 11.940919637680054 0.1509433962264151 1.0
0 1 0.5439964782567033 1.1981656551361084 13.139085292816162 0.1509433962264151 1.0
0 1 0.4738283892360109 1.030702829360962 14.169788122177124 0.1509433962264151 1.0
0 1 0.4127110218901976 1.0413551330566406 15.211143255233765 0.1481481481481481 1.0
0 1 0.3594769571833539 1.0142638683319092 16.225407123565674 0.1481481481481481 1.0
0 0.1 130.20161032759302 0.0005011558532714844 16.225908279418945 0.0 1.0
0 0.1 113.40738729625762 0.0004868507385253906 16.22639513015747 0.0 1.0
0 0.1 98.77938883400856 0.0005128383636474609 16.226907968521118 0.0 1.0
0 0.1 86.03820166433057 0.0005087852478027344 16.22741675376892 0.0 1.0
0 0.1 74.9404529934022 0.0005402565002441406 16.227957010269165 0.0 1.0
0 0.1 65.27416178184274 0.0005877017974853516 16.22854471206665 0.0 1.0
0 0.1 56.854689638682785 0.0006031990051269531 16.229147911071777 0.0 1.0
0 0.1 49.52121399451067 0.013691902160644531 16.242839813232422 0.5714285714285715 1.0
0 0.1 43.13365618693992 0.010404109954833984 16.253243923187256 0.5714285714285715 1.0
0 0.1 37.570005780944214 0.009657859802246094 16.262901782989502 0.5714285714285715 1.0
0 0.1 32.7239900151928 0.009087800979614258 16.271989583969116 0.5714285714285715 1.0
0 0.1 28.503043857863506 0.00909280776977539 16.28108239173889 0.5714285714285715 1.0
0 0.1 24.826541897430772 0.007950782775878906 16.28903317451477 0.5714285714285715 1.0
0 0.1 21.624258295306348 0.007524728775024414 16.296557903289795 0.5714285714285715 1.0
0 0.1 18.835025383479486 0.010386943817138672 16.306944847106934 0.7499999999999999 1.0
0 0.1 16.405565284674683 0.008607864379882812 16.315552711486816 0.7499999999999999 1.0
0 0.1 14.289472237493916 0.008551836013793945 16.32410454750061 0.7499999999999999 1.0
0 0.1 12.446326187665905 0.008211135864257812 16.332315683364868 0.7499999999999999 1.0
0 0.1 10.840920713874212 0.00786590576171875 16.340181589126587 0.7499999999999999 1.0
0 0.1 9.44259054057033 0.007919073104858398 16.348100662231445 0.7499999999999999 1.0
0 0.1 8.224625792416147 0.006646156311035156 16.35474681854248 0.7499999999999999 1.0
0 0.1 7.163761801874259 0.009311914443969727 16.36405873298645 0.7499999999999999 1.0
0 0.1 6.239734724625884 0.012001991271972656 16.376060724258423 0.7272727272727272 1.0
0 0.1 5.43489447450858 0.009162187576293945 16.385222911834717 0.7272727272727272 1.0
0 0.1 4.733867584541418 0.008057117462158203 16.393280029296875 0.7272727272727272 1.0
0 0.1 4.123263554256632 0.02484607696533203 16.418126106262207 0.6153846153846154 1.0
0 0.1 3.591419074200402 0.02150893211364746 16.439635038375854 0.5714285714285714 1.0
0 0.1 3.128175241967003 0.04497790336608887 16.484612941741943 0.4210526315789473 1.0
0 0.1 2.7246835143108377 0.02255702018737793 16.50716996192932 0.4210526315789473 1.0
0 0.1 2.373236688776134 0.036897897720336914 16.544067859649658 0.38095238095238093 1.0
0 0.1 2.0671216863796724 0.06387686729431152 16.60794472694397 0.3478260869565218 1.0
0 0.1 1.8004913233094775 0.14758706092834473 16.755531787872314 0.32000000000000006 1.0
0 0.1 1.5682526223167341 0.17641901969909668 16.93195080757141 0.2857142857142857 1.0
0 0.1 1.3659695304072161 0.13201594352722168 17.063966751098633 0.27586206896551724 1.0
0 0.1 1.1897781846170337 0.1539161205291748 17.217882871627808 0.25806451612903225 1.0
0 0.1 1.036313107341863 0.08188104629516602 17.299763917922974 0.25806451612903225 1.0
0 0.1 0.9026429214570189 0.11088061332702637 17.41064453125 0.24242424242424243 1.0
0 0.1 0.786214357305898 0.13243889808654785 17.543083429336548 0.2352941176470588 1.0
0 0.1 0.6848034820193963 0.08160901069641113 17.62469244003296 0.2352941176470588 1.0
0 0.1 0.5964732195846044 0.373276948928833 17.997969388961792 0.2285714285714286 1.0
0 0.1 0.5195363502423698 0.48151588439941406 18.479485273361206 0.2222222222222222 1.0
0 0.1 0.4525232824553942 0.6138510704040527 19.09333634376526 0.20512820512820512 1.0
0 0.1 0.3941539818506903 0.8853709697723389 19.978707313537598 0.19999999999999998 1.0
0 0.1 0.34331352094368267 0.43067002296447754 20.409377336502075 0.19512195121951217 1.0
0 0.1 0.2990307826127625 0.3736751079559326 20.783052444458008 0.19047619047619047 1.0
0 0.1 0.2604599105337001 0.6535658836364746 21.436618328094482 0.18181818181818182 1.0
0 0.1 0.22686415225376097 0.3823890686035156 21.819007396697998 0.18181818181818182 1.0
0 0.1 0.19760178628779224 0.16777586936950684 21.986783266067505 0.18181818181818182 1.0
0 0.1 0.17211386442601356 0.11513185501098633 22.10191512107849 0.18181818181818182 1.0
0 0.1 0.14991353511608546 1.9697751998901367 24.071690320968628 0.1739130434782609 1.0
0 0.01 28.211963230963963 0.0005908012390136719 24.07228112220764 0.0 1.0
0 0.01 24.573006681497752 0.012133121490478516 24.08441424369812 0.5714285714285715 1.0
0 0.01 21.403425646968028 0.00842428207397461 24.092838525772095 0.5714285714285715 1.0
0 0.01 18.642677119777133 0.008502960205078125 24.101341485977173 0.5714285714285715 1.0
0 0.01 16.238027310431736 0.007910728454589844 24.109252214431763 0.5714285714285715 1.0
0 0.01 14.143544365449966 0.00805211067199707 24.11730432510376 0.5714285714285715 1.0
0 0.01 12.319221010851523 0.007543087005615234 24.124847412109375 0.5714285714285715 1.0
0 0.01 10.730210362611421 0.00668025016784668 24.13152766227722 0.5714285714285715 1.0
0 0.01 9.346160307090315 0.010389089584350586 24.141916751861572 0.7499999999999999 1.0
0 0.01 8.140633737265514 0.008002042770385742 24.149918794631958 0.7499999999999999 1.0
0 0.01 7.090603570541246 0.007361173629760742 24.15727996826172 0.7499999999999999 1.0
0 0.01 6.176012902339531 0.007441997528076172 24.164721965789795 0.7499999999999999 1.0
0 0.01 5.379391893848717 0.007339000701904297 24.1720609664917 0.7499999999999999 1.0
0 0.01 4.685524076001097 0.0074329376220703125 24.17949390411377 0.7499999999999999 1.0
0 0.01 4.081155695663349 0.006800174713134766 24.186294078826904 0.7499999999999999 1.0
0 0.01 3.554742552184356 0.006827116012573242 24.193121194839478 0.7499999999999999 1.0
0 0.01 3.09622948855821 0.00516510009765625 24.198286294937134 0.7499999999999999 1.0
0 0.01 2.6968583252045994 0.005370140075683594 24.203656435012817 0.7499999999999999 1.0
0 0.01 2.349000567658869 0.00737309455871582 24.211029529571533 0.7499999999999999 1.0
0 0.01 2.046011692676912 0.011858940124511719 24.222888469696045 0.7272727272727272 1.0
0 0.01 1.7821042294352372 0.00751805305480957 24.230406522750854 0.7272727272727272 1.0
0 0.01 1.5522372115164986 0.007565975189208984 24.237972497940063 0.7272727272727272 1.0
0 0.01 1.3520198880735976 0.020549774169921875 24.258522272109985 0.6153846153846154 1.0
0 0.01 1.1776278549337647 0.014512062072753906 24.27303433418274 0.6153846153846154 1.0
0 0.01 1.0257300036406054 0.02844977378845215 24.30148410797119 0.4210526315789473 1.0
0 0.01 0.8934248930683893 0.016367673873901367 24.317851781845093 0.4210526315789473 1.0
0 0.01 0.7781853282259436 0.015299081802368164 24.33315086364746 0.4210526315789473 1.0
0 0.01 0.6778100876351608 0.015786170959472656 24.348937034606934 0.4210526315789473 1.0
0 0.01 0.590381877216004 0.03554797172546387 24.384485006332397 0.3636363636363636 1.0
0 0.01 0.5142307075440048 0.02963399887084961 24.414119005203247 0.3636363636363636 1.0
0 0.01 0.44790199493955546 0.059122323989868164 24.473241329193115 0.3076923076923077 1.0
0 0.01 0.39012877707943217 0.05261516571044922 24.525856494903564 0.2962962962962963 1.0
0 0.01 0.33980751241358653 0.052541255950927734 24.578397750854492 0.2857142857142857 1.0
0 0.01 0.2959770011254507 0.03439021110534668 24.61278796195984 0.2857142857142857 1.0
0 0.01 0.2578000249994245 0.03369474411010742 24.646482706069946 0.2857142857142857 1.0
0 0.01 0.22454735549379537 0.06348800659179688 24.709970712661743 0.25806451612903225 1.0
0 0.01 0.19558382455304058 0.0461430549621582 24.7561137676239 0.25806451612903225 1.0
0 0.01 0.1703561920944177 0.0451807975769043 24.801294565200806 0.25806451612903225 1.0
0 0.01 0.14838257842248037 0.043211936950683594 24.84450650215149 0.25806451612903225 1.0
0 0.01 0.12924325971726744 0.04135394096374512 24.885860443115234 0.25806451612903225 1.0
0 0.01 0.1125726507783501 0.04031991958618164 24.926180362701416 0.25806451612903225 1.0
0 0.01 0.09805232188500161 0.03401899337768555 24.9601993560791 0.25806451612903225 1.0
0 0.01 0.08540491638568569 0.21752071380615234 25.177720069885254 0.2105263157894737 1.0
0 0.01 0.07438885283512764 0.25219202041625977 25.429912090301514 0.21621621621621623 1.0
0 0.01 0.06479371048308594 0.09779977798461914 25.527711868286133 0.21621621621621623 1.0
0 0.01 0.056436209971818335 0.08556818962097168 25.613280057907104 0.21621621621621623 1.0
0 0.01 0.049156712468482675 0.13988924026489258 25.753169298171997 0.2105263157894737 1.0
0 0.01 0.0428161703614703 0.07566213607788086 25.828831434249878 0.2105263157894737 1.0
0 0.01 0.03729347127511503 0.14989185333251953 25.978723287582397 0.20512820512820512 1.0
0 0.01 0.032483124670098805 0.1586759090423584 26.137399196624756 0.19999999999999998 1.0
