[216.40736058 188.4937774  164.18066384 143.00360867 124.55810333
 108.49181534  94.49785828  82.30892987  71.69220614  62.44489425
  54.39035884  47.37474809  41.26405496  35.94155748  31.30558923
  27.26759733  23.75045104  20.68696841  18.01863304  15.69447636
  13.67010404  11.906848    10.37102782   9.03330739   7.86813455
   6.85325305   5.96927734   5.19932239   4.52868107   3.94454329
   3.43575127   2.99258645   2.60658382   2.27037024   1.9775236
   1.72245016   1.5002777    1.30676244   1.138208     0.99139477
   0.86351843   0.75213639   0.65512111   0.57061946   0.49701737
   0.43290895   0.37706963   0.32843281   0.28606948   0.24917044]0 1 312.2098259152708 0.0005710124969482422 0.0005710124969482422 0.0 1.0
0 1 271.93903789811014 0.0005559921264648438 0.001127004623413086 0.0 1.0
0 1 236.8626295349813 0.004627227783203125 0.005754232406616211 0.33333333333333337 1.0
0 1 206.31059705097118 0.021428823471069336 0.027183055877685547 0.5714285714285715 1.0
0 1 179.69935797424765 0.013920068740844727 0.04110312461853027 0.5714285714285715 1.0
0 1 156.52060397255676 0.011448860168457031 0.052551984786987305 0.5714285714285715 1.0
0 1 136.33159152101595 0.00948190689086914 0.062033891677856445 0.5714285714285715 1.0
0 1 118.74668494067365 0.009510993957519531 0.07154488563537598 0.7499999999999999 1.0
0 1 103.42999026917344 0.009844064712524414 0.08138895034790039 0.7499999999999999 1.0
0 1 90.08893926113359 0.008307933807373047 0.08969688415527344 0.7499999999999999 1.0
0 1 78.46870096453189 0.007790803909301758 0.0974876880645752 0.7499999999999999 1.0
0 1 68.34731412713553 0.007801055908203125 0.10528874397277832 0.7499999999999999 1.0
0 1 59.53144745577994 0.010983943939208984 0.1162726879119873 0.6666666666666665 1.0
0 1 51.85270674408604 0.008271217346191406 0.12454390525817871 0.7272727272727272 1.0
0 1 45.16441833008278 0.008939027786254883 0.1334829330444336 0.7272727272727272 1.0
0 1 39.33882744370648 0.011815786361694336 0.14529871940612793 0.6153846153846154 1.0
0 1 34.26465792907022 0.01631331443786621 0.16161203384399414 0.47058823529411764 1.0
0 1 29.84498672911064 0.02627706527709961 0.18788909912109375 0.3636363636363636 1.0
0 1 25.99539253258091 0.028358936309814453 0.2162480354309082 0.3076923076923077 1.0
0 1 22.642343220204207 0.07689785957336426 0.29314589500427246 0.26666666666666666 1.0
0 1 19.721791308170232 0.0967857837677002 0.38993167877197266 0.27586206896551724 1.0
0 1 17.177950560167822 0.1577317714691162 0.5476634502410889 0.26666666666666666 1.0
0 1 14.962230399696251 0.14041495323181152 0.6880784034729004 0.24242424242424243 1.0
0 1 13.03230776858211 0.12383317947387695 0.8119115829467773 0.2222222222222222 1.0
0 1 11.351318703025308 0.13498711585998535 0.9468986988067627 0.2222222222222222 1.0
0 1 9.887154185253786 0.11418509483337402 1.0610837936401367 0.21621621621621623 1.0
0 1 8.611846820663045 0.11874508857727051 1.1798288822174072 0.20512820512820512 1.0
0 1 7.501036625197576 0.12260198593139648 1.3024308681488037 0.19999999999999998 1.0
0 1 6.53350571883761 0.10079097747802734 1.403221845626831 0.20512820512820512 1.0
0 1 5.69077303724795 0.13120818138122559 1.5344300270080566 0.18604651162790697 1.0
0 1 4.956741320068812 0.11074304580688477 1.6451730728149414 0.1777777777777778 1.0
0 1 4.317389632878279 0.13570094108581543 1.7808740139007568 0.1702127659574468 1.0
0 1 3.7605055496069455 1.5714070796966553 3.352281093597412 0.1702127659574468 1.0
0 1 3.2754518797500736 0.3402707576751709 3.692551851272583 0.1702127659574468 1.0
0 1 2.8529634845718124 0.12492012977600098 3.817471981048584 0.16666666666666666 1.0
0 1 2.4849703012340436 0.0863962173461914 3.9038681983947754 0.163265306122449 1.0
0 1 2.1644431943866964 0.2461540699005127 4.150022268295288 0.163265306122449 1.0
0 1 1.8852596907900219 0.10730600357055664 4.257328271865845 0.163265306122449 1.0
0 1 1.6420870323301746 0.09423398971557617 4.351562261581421 0.163265306122449 1.0
0 1 1.4302803135927475 0.08126688003540039 4.432829141616821 0.163265306122449 1.0
0 1 1.2457937582930971 0.07916474342346191 4.511993885040283 0.163265306122449 1.0
0 1 1.0851034398309916 0.3924980163574219 4.904491901397705 0.1568627450980392 1.0
0 1 0.945139969834425 0.39516210556030273 5.299654006958008 0.1568627450980392 1.0
0 1 0.823229868958621 0.7016270160675049 6.001281023025513 0.1568627450980392 1.0
0 1 0.7170445000483404 1.0257179737091064 7.026998996734619 0.1509433962264151 1.0
0 1 0.624555588222246 1.1051242351531982 8.132123231887817 0.1509433962264151 1.0
0 1 0.5439964782567033 0.5956919193267822 8.7278151512146 0.1509433962264151 1.0
0 1 0.4738283892360109 0.47746896743774414 9.205284118652344 0.1509433962264151 1.0
0 1 0.4127110218901976 0.4519369602203369 9.65722107887268 0.1481481481481481 1.0
0 1 0.3594769571833539 0.4541301727294922 10.111351251602173 0.1481481481481481 1.0
0 0.1 130.20161032759302 0.0005071163177490234 10.111858367919922 0.0 1.0
0 0.1 113.40738729625762 0.0004780292510986328 10.11233639717102 0.0 1.0
0 0.1 98.77938883400856 0.0005450248718261719 10.112881422042847 0.0 1.0
0 0.1 86.03820166433057 0.0005278587341308594 10.113409280776978 0.0 1.0
0 0.1 74.9404529934022 0.0005431175231933594 10.113952398300171 0.0 1.0
0 0.1 65.27416178184274 0.0005381107330322266 10.114490509033203 0.0 1.0
0 0.1 56.854689638682785 0.0005729198455810547 10.115063428878784 0.0 1.0
0 0.1 49.52121399451067 0.011293172836303711 10.126356601715088 0.5714285714285715 1.0
0 0.1 43.13365618693992 0.008637189865112305 10.1349937915802 0.5714285714285715 1.0
0 0.1 37.570005780944214 0.008182048797607422 10.143175840377808 0.5714285714285715 1.0
0 0.1 32.7239900151928 0.007258892059326172 10.150434732437134 0.5714285714285715 1.0
0 0.1 28.503043857863506 0.006638050079345703 10.15707278251648 0.5714285714285715 1.0
0 0.1 24.826541897430772 0.0057830810546875 10.162855863571167 0.5714285714285715 1.0
0 0.1 21.624258295306348 0.0057370662689208984 10.168592929840088 0.5714285714285715 1.0
0 0.1 18.835025383479486 0.00869297981262207 10.17728590965271 0.7499999999999999 1.0
0 0.1 16.405565284674683 0.006700038909912109 10.183985948562622 0.7499999999999999 1.0
0 0.1 14.289472237493916 0.006161928176879883 10.190147876739502 0.7499999999999999 1.0
0 0.1 12.446326187665905 0.006116151809692383 10.196264028549194 0.7499999999999999 1.0
0 0.1 10.840920713874212 0.006088972091674805 10.20235300064087 0.7499999999999999 1.0
0 0.1 9.44259054057033 0.006224155426025391 10.208577156066895 0.7499999999999999 1.0
0 0.1 8.224625792416147 0.004723072052001953 10.213300228118896 0.7499999999999999 1.0
0 0.1 7.163761801874259 0.006209850311279297 10.219510078430176 0.7499999999999999 1.0
0 0.1 6.239734724625884 0.009303092956542969 10.228813171386719 0.7272727272727272 1.0
0 0.1 5.43489447450858 0.007023811340332031 10.23583698272705 0.7272727272727272 1.0
0 0.1 4.733867584541418 0.005819082260131836 10.241656064987183 0.7272727272727272 1.0
0 0.1 4.123263554256632 0.018511056900024414 10.260167121887207 0.6153846153846154 1.0
0 0.1 3.591419074200402 0.01649308204650879 10.276660203933716 0.5714285714285714 1.0
0 0.1 3.128175241967003 0.03665924072265625 10.313319444656372 0.4210526315789473 1.0
0 0.1 2.7246835143108377 0.015524148941040039 10.328843593597412 0.4210526315789473 1.0
0 0.1 2.373236688776134 0.030415058135986328 10.359258651733398 0.38095238095238093 1.0
0 0.1 2.0671216863796724 0.049294233322143555 10.408552885055542 0.3478260869565218 1.0
0 0.1 1.8004913233094775 0.12119412422180176 10.529747009277344 0.32000000000000006 1.0
0 0.1 1.5682526223167341 0.18114399909973145 10.710891008377075 0.2857142857142857 1.0
0 0.1 1.3659695304072161 0.09669804573059082 10.807589054107666 0.27586206896551724 1.0
0 0.1 1.1897781846170337 0.10328817367553711 10.910877227783203 0.25806451612903225 1.0
0 0.1 1.036313107341863 0.057646989822387695 10.96852421760559 0.25806451612903225 1.0
0 0.1 0.9026429214570189 0.07571601867675781 11.044240236282349 0.24242424242424243 1.0
0 0.1 0.786214357305898 0.10056877136230469 11.144809007644653 0.2352941176470588 1.0
0 0.1 0.6848034820193963 0.05420184135437012 11.199010848999023 0.2352941176470588 1.0
0 0.1 0.5964732195846044 0.28830623626708984 11.487317085266113 0.2285714285714286 1.0
0 0.1 0.5195363502423698 0.3465852737426758 11.833902359008789 0.2222222222222222 1.0
0 0.1 0.4525232824553942 0.5390877723693848 12.372990131378174 0.20512820512820512 1.0
0 0.1 0.3941539818506903 0.7905168533325195 13.163506984710693 0.19999999999999998 1.0
0 0.1 0.34331352094368267 0.2654001712799072 13.4289071559906 0.19512195121951217 1.0
0 0.1 0.2990307826127625 0.3107149600982666 13.739622116088867 0.19047619047619047 1.0
0 0.1 0.2604599105337001 0.3602280616760254 14.099850177764893 0.18604651162790697 1.0
0 0.1 0.22686415225376097 0.15442109107971191 14.254271268844604 0.18181818181818182 1.0
0 0.1 0.19760178628779224 0.07990121841430664 14.334172487258911 0.18181818181818182 1.0
0 0.1 0.17211386442601356 0.05473208427429199 14.388904571533203 0.18181818181818182 1.0
0 0.1 0.14991353511608546 1.0594439506530762 15.44834852218628 0.1739130434782609 1.0
0 0.01 28.211963230963963 0.0005791187286376953 15.448927640914917 0.0 1.0
0 0.01 24.573006681497752 0.009644746780395508 15.458572387695312 0.5714285714285715 1.0
0 0.01 21.403425646968028 0.00670313835144043 15.465275526046753 0.5714285714285715 1.0
0 0.01 18.642677119777133 0.006265878677368164 15.471541404724121 0.5714285714285715 1.0
0 0.01 16.238027310431736 0.006220817565917969 15.477762222290039 0.5714285714285715 1.0
0 0.01 14.143544365449966 0.006097316741943359 15.483859539031982 0.5714285714285715 1.0
0 0.01 12.319221010851523 0.006222248077392578 15.490081787109375 0.5714285714285715 1.0
0 0.01 10.730210362611421 0.005593776702880859 15.495675563812256 0.5714285714285715 1.0
0 0.01 9.346160307090315 0.008263111114501953 15.503938674926758 0.7499999999999999 1.0
0 0.01 8.140633737265514 0.0055959224700927734 15.50953459739685 0.7499999999999999 1.0
0 0.01 7.090603570541246 0.0056688785552978516 15.515203475952148 0.7499999999999999 1.0
0 0.01 6.176012902339531 0.005656242370605469 15.520859718322754 0.7499999999999999 1.0
0 0.01 5.379391893848717 0.005731105804443359 15.526590824127197 0.7499999999999999 1.0
0 0.01 4.685524076001097 0.005142927169799805 15.531733751296997 0.7499999999999999 1.0
0 0.01 4.081155695663349 0.005099058151245117 15.536832809448242 0.7499999999999999 1.0
0 0.01 3.554742552184356 0.00510096549987793 15.54193377494812 0.7499999999999999 1.0
0 0.01 3.09622948855821 0.0038068294525146484 15.545740604400635 0.7499999999999999 1.0
0 0.01 2.6968583252045994 0.003847837448120117 15.549588441848755 0.7499999999999999 1.0
0 0.01 2.349000567658869 0.005276918411254883 15.55486536026001 0.7499999999999999 1.0
0 0.01 2.046011692676912 0.009315967559814453 15.564181327819824 0.7272727272727272 1.0
0 0.01 1.7821042294352372 0.005796909332275391 15.5699782371521 0.7272727272727272 1.0
0 0.01 1.5522372115164986 0.00548100471496582 15.575459241867065 0.7272727272727272 1.0
0 0.01 1.3520198880735976 0.016941070556640625 15.592400312423706 0.6153846153846154 1.0
0 0.01 1.1776278549337647 0.010807037353515625 15.603207349777222 0.6153846153846154 1.0
0 0.01 1.0257300036406054 0.024074077606201172 15.627281427383423 0.4210526315789473 1.0
0 0.01 0.8934248930683893 0.012411117553710938 15.639692544937134 0.4210526315789473 1.0
0 0.01 0.7781853282259436 0.01059412956237793 15.650286674499512 0.4210526315789473 1.0
0 0.01 0.6778100876351608 0.011566162109375 15.661852836608887 0.4210526315789473 1.0
0 0.01 0.590381877216004 0.02733778953552246 15.68919062614441 0.3636363636363636 1.0
0 0.01 0.5142307075440048 0.019156932830810547 15.70834755897522 0.3636363636363636 1.0
0 0.01 0.44790199493955546 0.042526960372924805 15.750874519348145 0.3076923076923077 1.0
0 0.01 0.39012877707943217 0.03827619552612305 15.789150714874268 0.2962962962962963 1.0
0 0.01 0.33980751241358653 0.0421299934387207 15.831280708312988 0.2857142857142857 1.0
0 0.01 0.2959770011254507 0.023453950881958008 15.854734659194946 0.2857142857142857 1.0
0 0.01 0.2578000249994245 0.022714853286743164 15.87744951248169 0.2857142857142857 1.0
0 0.01 0.22454735549379537 0.04754781723022461 15.924997329711914 0.25806451612903225 1.0
0 0.01 0.19558382455304058 0.03165388107299805 15.956651210784912 0.25806451612903225 1.0
0 0.01 0.1703561920944177 0.030242919921875 15.986894130706787 0.25806451612903225 1.0
0 0.01 0.14838257842248037 0.028956890106201172 16.01585102081299 0.25806451612903225 1.0
0 0.01 0.12924325971726744 0.027878761291503906 16.043729782104492 0.25806451612903225 1.0
0 0.01 0.1125726507783501 0.026666879653930664 16.070396661758423 0.25806451612903225 1.0
0 0.01 0.09805232188500161 0.021342992782592773 16.091739654541016 0.25806451612903225 1.0
0 0.01 0.08540491638568569 0.17732596397399902 16.269065618515015 0.2105263157894737 1.0
0 0.01 0.07438885283512764 0.20195817947387695 16.47102379798889 0.21621621621621623 1.0
0 0.01 0.06479371048308594 0.05343317985534668 16.52445697784424 0.21621621621621623 1.0
0 0.01 0.056436209971818335 0.051542043685913086 16.57599902153015 0.21621621621621623 1.0
0 0.01 0.049156712468482675 0.10405302047729492 16.680052042007446 0.2105263157894737 1.0
0 0.01 0.0428161703614703 0.033107757568359375 16.713159799575806 0.2105263157894737 1.0
0 0.01 0.03729347127511503 0.10360503196716309 16.81676483154297 0.20512820512820512 1.0
0 0.01 0.032483124670098805 0.10899496078491211 16.92575979232788 0.19999999999999998 1.0
