[216.40736058 188.4937774  164.18066384 143.00360867 124.55810333
 108.49181534  94.49785828  82.30892987  71.69220614  62.44489425
  54.39035884  47.37474809  41.26405496  35.94155748  31.30558923
  27.26759733  23.75045104  20.68696841  18.01863304  15.69447636
  13.67010404  11.906848    10.37102782   9.03330739   7.86813455
   6.85325305   5.96927734   5.19932239   4.52868107   3.94454329
   3.43575127   2.99258645   2.60658382   2.27037024   1.9775236
   1.72245016   1.5002777    1.30676244   1.138208     0.99139477
   0.86351843   0.75213639   0.65512111   0.57061946   0.49701737
   0.43290895   0.37706963   0.32843281   0.28606948   0.24917044]0 1 312.2098259152708 0.0012400150299072266 0.0012400150299072266 0.0 1.0
0 1 271.93903789811014 0.0011730194091796875 0.002413034439086914 0.0 1.0
0 1 236.8626295349813 0.03456687927246094 0.03697991371154785 0.33333333333333337 1.0
0 1 206.31059705097118 0.02506232261657715 0.062042236328125 0.5714285714285715 1.0
0 1 179.69935797424765 0.015542984008789062 0.07758522033691406 0.5714285714285715 1.0
0 1 156.52060397255676 0.013016939163208008 0.09060215950012207 0.5714285714285715 1.0
0 1 136.33159152101595 0.010624885559082031 0.1012270450592041 0.5714285714285715 1.0
0 1 118.74668494067365 0.03052997589111328 0.13175702095031738 0.7499999999999999 1.0
0 1 103.42999026917344 0.018820762634277344 0.15057778358459473 0.7499999999999999 1.0
0 1 90.08893926113359 0.013675928115844727 0.16425371170043945 0.7499999999999999 1.0
0 1 78.46870096453189 0.012122154235839844 0.1763758659362793 0.7499999999999999 1.0
0 1 68.34731412713553 0.009837150573730469 0.18621301651000977 0.7499999999999999 1.0
0 1 59.53144745577994 0.010094881057739258 0.19630789756774902 0.6666666666666665 1.0
0 1 51.85270674408604 0.015376806259155273 0.2116847038269043 0.7272727272727272 1.0
0 1 45.16441833008278 0.01413583755493164 0.22582054138183594 0.7272727272727272 1.0
0 1 39.33882744370648 0.015472888946533203 0.24129343032836914 0.6153846153846154 1.0
0 1 34.26465792907022 0.024243831634521484 0.2655372619628906 0.47058823529411764 1.0
0 1 29.84498672911064 0.02948617935180664 0.29502344131469727 0.3636363636363636 1.0
0 1 25.99539253258091 0.041106224060058594 0.33612966537475586 0.3076923076923077 1.0
0 1 22.642343220204207 0.11434793472290039 0.45047760009765625 0.26666666666666666 1.0
0 1 19.721791308170232 0.12837004661560059 0.5788476467132568 0.27586206896551724 1.0
0 1 17.177950560167822 0.267179012298584 0.8460266590118408 0.26666666666666666 1.0
0 1 14.962230399696251 0.19838881492614746 1.0444154739379883 0.24242424242424243 1.0
0 1 13.03230776858211 0.18745112419128418 1.2318665981292725 0.2222222222222222 1.0
0 1 11.351318703025308 0.18687105178833008 1.4187376499176025 0.2222222222222222 1.0
0 1 9.887154185253786 0.1426229476928711 1.5613605976104736 0.21621621621621623 1.0
0 1 8.611846820663045 0.14435696601867676 1.7057175636291504 0.20512820512820512 1.0
0 1 7.501036625197576 0.16693902015686035 1.8726565837860107 0.19999999999999998 1.0
0 1 6.53350571883761 0.14224481582641602 2.0149013996124268 0.20512820512820512 1.0
0 1 5.69077303724795 0.19100522994995117 2.205906629562378 0.18604651162790697 1.0
0 1 4.956741320068812 0.15641379356384277 2.3623204231262207 0.1777777777777778 1.0
0 1 4.317389632878279 0.20125913619995117 2.563579559326172 0.1702127659574468 1.0
0 1 3.7605055496069455 1.9175512790679932 4.481130838394165 0.1702127659574468 1.0
0 1 3.2754518797500736 0.38853883743286133 4.869669675827026 0.1702127659574468 1.0
0 1 2.8529634845718124 0.18503308296203613 5.0547027587890625 0.16666666666666666 1.0
0 1 2.4849703012340436 0.15244007110595703 5.2071428298950195 0.163265306122449 1.0
0 1 2.1644431943866964 0.2525660991668701 5.45970892906189 0.163265306122449 1.0
0 1 1.8852596907900219 0.1419992446899414 5.601708173751831 0.163265306122449 1.0
0 1 1.6420870323301746 0.12372183799743652 5.725430011749268 0.163265306122449 1.0
0 1 1.4302803135927475 0.11620688438415527 5.841636896133423 0.163265306122449 1.0
0 1 1.2457937582930971 0.11228322982788086 5.953920125961304 0.163265306122449 1.0
0 1 1.0851034398309916 0.4031093120574951 6.357029438018799 0.1568627450980392 1.0
0 1 0.945139969834425 0.3636128902435303 6.720642328262329 0.1568627450980392 1.0
0 1 0.823229868958621 0.5102858543395996 7.230928182601929 0.1568627450980392 1.0
0 1 0.7170445000483404 0.8197550773620605 8.05068325996399 0.15384615384615383 1.0
0 1 0.624555588222246 0.7568418979644775 8.807525157928467 0.1509433962264151 1.0
0 1 0.5439964782567033 0.5326550006866455 9.340180158615112 0.1509433962264151 1.0
0 1 0.4738283892360109 0.4586920738220215 9.798872232437134 0.1509433962264151 1.0
0 1 0.4127110218901976 0.45264101028442383 10.251513242721558 0.1481481481481481 1.0
0 1 0.3594769571833539 0.45188403129577637 10.703397274017334 0.1481481481481481 1.0
0 0.1 130.20161032759302 0.0011756420135498047 10.704572916030884 0.0 1.0
0 0.1 113.40738729625762 0.0012319087982177734 10.705804824829102 0.0 1.0
0 0.1 98.77938883400856 0.0011789798736572266 10.706983804702759 0.0 1.0
0 0.1 86.03820166433057 0.0012133121490478516 10.708197116851807 0.0 1.0
0 0.1 74.9404529934022 0.0012171268463134766 10.70941424369812 0.0 1.0
0 0.1 65.27416178184274 0.0011861324310302734 10.71060037612915 0.0 1.0
0 0.1 56.854689638682785 0.0012180805206298828 10.71181845664978 0.0 1.0
0 0.1 49.52121399451067 0.001168966293334961 10.712987422943115 0.0 1.0
0 0.1 43.13365618693992 0.0013718605041503906 10.714359283447266 0.0 1.0
0 0.1 37.570005780944214 0.001188039779663086 10.715547323226929 0.0 1.0
0 0.1 32.7239900151928 0.0012481212615966797 10.716795444488525 0.0 1.0
0 0.1 28.503043857863506 0.0011551380157470703 10.717950582504272 0.0 1.0
0 0.1 24.826541897430772 0.015519142150878906 10.733469724655151 0.5714285714285715 1.0
0 0.1 21.624258295306348 0.005688905715942383 10.739158630371094 0.5714285714285715 1.0
0 0.1 18.835025383479486 0.006594657897949219 10.745753288269043 0.5714285714285715 1.0
0 0.1 16.405565284674683 0.0069959163665771484 10.75274920463562 0.5714285714285715 1.0
0 0.1 14.289472237493916 0.005812883377075195 10.758562088012695 0.5714285714285715 1.0
0 0.1 12.446326187665905 0.003957986831665039 10.76252007484436 0.5714285714285715 1.0
0 0.1 10.840920713874212 0.013170242309570312 10.77569031715393 0.7499999999999999 1.0
0 0.1 9.44259054057033 0.006386995315551758 10.782077312469482 0.7499999999999999 1.0
0 0.1 8.224625792416147 0.005042314529418945 10.787119626998901 0.7499999999999999 1.0
0 0.1 7.163761801874259 0.005179166793823242 10.792298793792725 0.7499999999999999 1.0
0 0.1 6.239734724625884 0.005347013473510742 10.797645807266235 0.7499999999999999 1.0
0 0.1 5.43489447450858 0.03394317626953125 10.831588983535767 0.7272727272727272 1.0
0 0.1 4.733867584541418 0.012341737747192383 10.843930721282959 0.7272727272727272 1.0
0 0.1 4.123263554256632 0.011823892593383789 10.855754613876343 0.7272727272727272 1.0
0 0.1 3.591419074200402 0.06517195701599121 10.920926570892334 0.5714285714285714 1.0
0 0.1 3.128175241967003 0.1542799472808838 11.075206518173218 0.4444444444444444 1.0
0 0.1 2.7246835143108377 0.06072497367858887 11.135931491851807 0.4210526315789473 1.0
0 0.1 2.373236688776134 0.0911722183227539 11.22710371017456 0.38095238095238093 1.0
0 0.1 2.0671216863796724 0.44446492195129395 11.671568632125854 0.3333333333333333 1.0
0 0.1 1.8004913233094775 0.5586748123168945 12.230243444442749 0.32000000000000006 1.0
0 0.1 1.5682526223167341 0.613739013671875 12.843982458114624 0.2857142857142857 1.0
0 0.1 1.3659695304072161 0.46245813369750977 13.306440591812134 0.27586206896551724 1.0
0 0.1 1.1897781846170337 0.308093786239624 13.614534378051758 0.25806451612903225 1.0
0 0.1 1.036313107341863 0.0966489315032959 13.711183309555054 0.25806451612903225 1.0
0 0.1 0.9026429214570189 0.2210068702697754 13.932190179824829 0.24242424242424243 1.0
0 0.1 0.786214357305898 0.21636295318603516 14.148553133010864 0.2352941176470588 1.0
0 0.1 0.6848034820193963 0.07169413566589355 14.220247268676758 0.2352941176470588 1.0
0 0.1 0.5964732195846044 0.6958208084106445 14.916068077087402 0.2285714285714286 1.0
0 0.1 0.5195363502423698 0.7463936805725098 15.662461757659912 0.2222222222222222 1.0
0 0.1 0.4525232824553942 2.6462290287017822 18.308690786361694 0.19999999999999998 1.0
0 0.1 0.3941539818506903 0.372910737991333 18.681601524353027 0.19999999999999998 1.0
0 0.1 0.34331352094368267 0.574519157409668 19.256120681762695 0.19512195121951217 1.0
0 0.1 0.2990307826127625 0.7934079170227051 20.0495285987854 0.19047619047619047 1.0
0 0.1 0.2604599105337001 0.9889333248138428 21.038461923599243 0.18181818181818182 1.0
0 0.1 0.22686415225376097 0.39573192596435547 21.4341938495636 0.18181818181818182 1.0
0 0.1 0.19760178628779224 0.17171096801757812 21.605904817581177 0.18181818181818182 1.0
0 0.1 0.17211386442601356 0.13103413581848145 21.736938953399658 0.18181818181818182 1.0
0 0.1 0.14991353511608546 2.176851272583008 23.913790225982666 0.1739130434782609 1.0
0 0.01 28.211963230963963 0.0012102127075195312 23.915000438690186 0.0 1.0
0 0.01 24.573006681497752 0.001209259033203125 23.91620969772339 0.0 1.0
0 0.01 21.403425646968028 0.0011608600616455078 23.917370557785034 0.0 1.0
0 0.01 18.642677119777133 0.001207113265991211 23.918577671051025 0.0 1.0
0 0.01 16.238027310431736 0.0012099742889404297 23.919787645339966 0.0 1.0
0 0.01 14.143544365449966 0.0012331008911132812 23.92102074623108 0.0 1.0
0 0.01 12.319221010851523 0.0012059211730957031 23.922226667404175 0.0 1.0
0 0.01 10.730210362611421 0.0011677742004394531 23.923394441604614 0.0 1.0
0 0.01 9.346160307090315 0.0012080669403076172 23.924602508544922 0.0 1.0
0 0.01 8.140633737265514 0.0011959075927734375 23.925798416137695 0.0 1.0
0 0.01 7.090603570541246 0.0011568069458007812 23.926955223083496 0.0 1.0
0 0.01 6.176012902339531 0.0011568069458007812 23.928112030029297 0.0 1.0
0 0.01 5.379391893848717 0.001188039779663086 23.92930006980896 0.0 1.0
0 0.01 4.685524076001097 0.0011758804321289062 23.93047595024109 0.0 1.0
0 0.01 4.081155695663349 0.001230001449584961 23.931705951690674 0.0 1.0
0 0.01 3.554742552184356 0.0011720657348632812 23.932878017425537 0.0 1.0
0 0.01 3.09622948855821 0.0011620521545410156 23.934040069580078 0.0 1.0
0 0.01 2.6968583252045994 0.0011639595031738281 23.935204029083252 0.0 1.0
0 0.01 2.349000567658869 0.010774850845336914 23.94597887992859 0.5714285714285715 1.0
0 0.01 2.046011692676912 0.002573251724243164 23.948552131652832 0.5714285714285715 1.0
0 0.01 1.7821042294352372 0.002836942672729492 23.95138907432556 0.5714285714285715 1.0
0 0.01 1.5522372115164986 0.002626657485961914 23.954015731811523 0.5714285714285715 1.0
0 0.01 1.3520198880735976 0.0025048255920410156 23.956520557403564 0.5714285714285715 1.0
0 0.01 1.1776278549337647 0.0028328895568847656 23.95935344696045 0.5714285714285715 1.0
0 0.01 1.0257300036406054 0.01063680648803711 23.969990253448486 0.7499999999999999 1.0
0 0.01 0.8934248930683893 0.002724170684814453 23.9727144241333 0.7499999999999999 1.0
0 0.01 0.7781853282259436 0.0025391578674316406 23.975253582000732 0.7499999999999999 1.0
0 0.01 0.6778100876351608 0.0025539398193359375 23.97780752182007 0.7499999999999999 1.0
0 0.01 0.590381877216004 0.0025479793548583984 23.980355501174927 0.7499999999999999 1.0
0 0.01 0.5142307075440048 0.020076990127563477 24.00043249130249 0.7272727272727272 1.0
0 0.01 0.44790199493955546 0.004270076751708984 24.0047025680542 0.7272727272727272 1.0
0 0.01 0.39012877707943217 0.047034263610839844 24.05173683166504 0.5000000000000001 1.0
0 0.01 0.33980751241358653 0.053414344787597656 24.105151176452637 0.4 1.0
0 0.01 0.2959770011254507 0.012918949127197266 24.118070125579834 0.4 1.0
0 0.01 0.2578000249994245 0.012155771255493164 24.130225896835327 0.4 1.0
0 0.01 0.22454735549379537 0.07573294639587402 24.2059588432312 0.3076923076923077 1.0
0 0.01 0.19558382455304058 0.016640901565551758 24.222599744796753 0.3076923076923077 1.0
0 0.01 0.1703561920944177 0.19054579734802246 24.413145542144775 0.26666666666666666 1.0
0 0.01 0.14838257842248037 0.07360219955444336 24.48674774169922 0.25806451612903225 1.0
0 0.01 0.12924325971726744 0.024118900299072266 24.51086664199829 0.25806451612903225 1.0
0 0.01 0.1125726507783501 0.07259011268615723 24.58345675468445 0.25 1.0
0 0.01 0.09805232188500161 0.07489895820617676 24.658355712890625 0.24242424242424243 1.0
0 0.01 0.08540491638568569 0.09615492820739746 24.754510641098022 0.2352941176470588 1.0
0 0.01 0.07438885283512764 0.024127960205078125 24.7786386013031 0.2352941176470588 1.0
0 0.01 0.06479371048308594 0.09058094024658203 24.869219541549683 0.2285714285714286 1.0
0 0.01 0.056436209971818335 0.24621200561523438 25.115431547164917 0.21621621621621623 1.0
0 0.01 0.049156712468482675 0.044619083404541016 25.160050630569458 0.21621621621621623 1.0
0 0.01 0.0428161703614703 0.2179861068725586 25.378036737442017 0.20512820512820512 1.0
0 0.01 0.03729347127511503 0.04397320747375488 25.42200994491577 0.20512820512820512 1.0
0 0.01 0.032483124670098805 0.042041778564453125 25.464051723480225 0.20512820512820512 1.0
