[216.40736058 188.4937774  164.18066384 143.00360867 124.55810333
 108.49181534  94.49785828  82.30892987  71.69220614  62.44489425
  54.39035884  47.37474809  41.26405496  35.94155748  31.30558923
  27.26759733  23.75045104  20.68696841  18.01863304  15.69447636
  13.67010404  11.906848    10.37102782   9.03330739   7.86813455
   6.85325305   5.96927734   5.19932239   4.52868107   3.94454329
   3.43575127   2.99258645   2.60658382   2.27037024   1.9775236
   1.72245016   1.5002777    1.30676244   1.138208     0.99139477
   0.86351843   0.75213639   0.65512111   0.57061946   0.49701737
   0.43290895   0.37706963   0.32843281   0.28606948   0.24917044]0 1 312.2098259152708 0.0013382434844970703 0.0013382434844970703 0.0 1.0
0 1 271.93903789811014 0.0014848709106445312 0.0028231143951416016 0.0 1.0
0 1 236.8626295349813 0.03087592124938965 0.03369903564453125 0.33333333333333337 1.0
0 1 206.31059705097118 0.02134990692138672 0.05504894256591797 0.5714285714285715 1.0
0 1 179.69935797424765 0.011644840240478516 0.06669378280639648 0.5714285714285715 1.0
0 1 156.52060397255676 0.009196043014526367 0.07588982582092285 0.5714285714285715 1.0
0 1 136.33159152101595 0.0079498291015625 0.08383965492248535 0.5714285714285715 1.0
0 1 118.74668494067365 0.02568817138671875 0.1095278263092041 0.7499999999999999 1.0
0 1 103.42999026917344 0.015583992004394531 0.12511181831359863 0.7499999999999999 1.0
0 1 90.08893926113359 0.011452913284301758 0.1365647315979004 0.7499999999999999 1.0
0 1 78.46870096453189 0.00964498519897461 0.146209716796875 0.7499999999999999 1.0
0 1 68.34731412713553 0.008720874786376953 0.15493059158325195 0.7499999999999999 1.0
0 1 59.53144745577994 0.009431838989257812 0.16436243057250977 0.6666666666666665 1.0
0 1 51.85270674408604 0.013447999954223633 0.1778104305267334 0.7272727272727272 1.0
0 1 45.16441833008278 0.013211965560913086 0.19102239608764648 0.7272727272727272 1.0
0 1 39.33882744370648 0.013215303421020508 0.204237699508667 0.6153846153846154 1.0
0 1 34.26465792907022 0.021260738372802734 0.22549843788146973 0.47058823529411764 1.0
0 1 29.84498672911064 0.02704310417175293 0.25254154205322266 0.3636363636363636 1.0
0 1 25.99539253258091 0.033323049545288086 0.28586459159851074 0.3076923076923077 1.0
0 1 22.642343220204207 0.09418582916259766 0.3800504207611084 0.26666666666666666 1.0
0 1 19.721791308170232 0.10620903968811035 0.48625946044921875 0.27586206896551724 1.0
0 1 17.177950560167822 0.24362802505493164 0.7298874855041504 0.26666666666666666 1.0
0 1 14.962230399696251 0.16928696632385254 0.8991744518280029 0.24242424242424243 1.0
0 1 13.03230776858211 0.17430925369262695 1.0734837055206299 0.2222222222222222 1.0
0 1 11.351318703025308 0.15206313133239746 1.2255468368530273 0.2222222222222222 1.0
0 1 9.887154185253786 0.13051891326904297 1.3560657501220703 0.21621621621621623 1.0
0 1 8.611846820663045 0.12956595420837402 1.4856317043304443 0.20512820512820512 1.0
0 1 7.501036625197576 0.14528703689575195 1.6309187412261963 0.19999999999999998 1.0
0 1 6.53350571883761 0.12316012382507324 1.7540788650512695 0.20512820512820512 1.0
0 1 5.69077303724795 0.16672015190124512 1.9207990169525146 0.18604651162790697 1.0
0 1 4.956741320068812 0.12480497360229492 2.0456039905548096 0.1777777777777778 1.0
0 1 4.317389632878279 0.16905808448791504 2.2146620750427246 0.1702127659574468 1.0
0 1 3.7605055496069455 1.702883243560791 3.9175453186035156 0.1702127659574468 1.0
0 1 3.2754518797500736 0.35277795791625977 4.270323276519775 0.1702127659574468 1.0
0 1 2.8529634845718124 0.13332509994506836 4.403648376464844 0.16666666666666666 1.0
0 1 2.4849703012340436 0.133530855178833 4.537179231643677 0.163265306122449 1.0
0 1 2.1644431943866964 0.23365187644958496 4.770831108093262 0.163265306122449 1.0
0 1 1.8852596907900219 0.09667372703552246 4.867504835128784 0.163265306122449 1.0
0 1 1.6420870323301746 0.09559822082519531 4.9631030559539795 0.163265306122449 1.0
0 1 1.4302803135927475 0.09639310836791992 5.059496164321899 0.163265306122449 1.0
0 1 1.2457937582930971 0.09512710571289062 5.15462327003479 0.163265306122449 1.0
0 1 1.0851034398309916 0.23075199127197266 5.385375261306763 0.1568627450980392 1.0
0 1 0.945139969834425 0.23012924194335938 5.615504503250122 0.1568627450980392 1.0
0 1 0.823229868958621 0.38744592666625977 6.002950429916382 0.1568627450980392 1.0
0 1 0.7170445000483404 0.6866347789764404 6.689585208892822 0.15384615384615383 1.0
0 1 0.624555588222246 0.4509549140930176 7.14054012298584 0.1509433962264151 1.0
0 1 0.5439964782567033 0.29851531982421875 7.439055442810059 0.1509433962264151 1.0
0 1 0.4738283892360109 0.23574399948120117 7.67479944229126 0.1509433962264151 1.0
0 1 0.4127110218901976 0.22867989540100098 7.903479337692261 0.1481481481481481 1.0
0 1 0.3594769571833539 0.23033404350280762 8.133813381195068 0.1481481481481481 1.0
0 0.1 130.20161032759302 0.0011839866638183594 8.134997367858887 0.0 1.0
0 0.1 113.40738729625762 0.0011780261993408203 8.136175394058228 0.0 1.0
0 0.1 98.77938883400856 0.0011768341064453125 8.137352228164673 0.0 1.0
0 0.1 86.03820166433057 0.0013499259948730469 8.138702154159546 0.0 1.0
0 0.1 74.9404529934022 0.0012278556823730469 8.139930009841919 0.0 1.0
0 0.1 65.27416178184274 0.0012307167053222656 8.141160726547241 0.0 1.0
0 0.1 56.854689638682785 0.0012319087982177734 8.142392635345459 0.0 1.0
0 0.1 49.52121399451067 0.0012750625610351562 8.143667697906494 0.0 1.0
0 0.1 43.13365618693992 0.0011830329895019531 8.144850730895996 0.0 1.0
0 0.1 37.570005780944214 0.0011599063873291016 8.146010637283325 0.0 1.0
0 0.1 32.7239900151928 0.0011548995971679688 8.147165536880493 0.0 1.0
0 0.1 28.503043857863506 0.001153707504272461 8.148319244384766 0.0 1.0
0 0.1 24.826541897430772 0.014403104782104492 8.16272234916687 0.5714285714285715 1.0
0 0.1 21.624258295306348 0.0042340755462646484 8.166956424713135 0.5714285714285715 1.0
0 0.1 18.835025383479486 0.003949165344238281 8.170905590057373 0.5714285714285715 1.0
0 0.1 16.405565284674683 0.004101991653442383 8.175007581710815 0.5714285714285715 1.0
0 0.1 14.289472237493916 0.003818988800048828 8.178826570510864 0.5714285714285715 1.0
0 0.1 12.446326187665905 0.004182100296020508 8.183008670806885 0.5714285714285715 1.0
0 0.1 10.840920713874212 0.011919021606445312 8.19492769241333 0.7499999999999999 1.0
0 0.1 9.44259054057033 0.005154848098754883 8.200082540512085 0.7499999999999999 1.0
0 0.1 8.224625792416147 0.00397801399230957 8.204060554504395 0.7499999999999999 1.0
0 0.1 7.163761801874259 0.0040607452392578125 8.208121299743652 0.7499999999999999 1.0
0 0.1 6.239734724625884 0.0040662288665771484 8.21218752861023 0.7499999999999999 1.0
0 0.1 5.43489447450858 0.03151512145996094 8.24370265007019 0.7272727272727272 1.0
0 0.1 4.733867584541418 0.009926795959472656 8.253629446029663 0.7272727272727272 1.0
0 0.1 4.123263554256632 0.009650945663452148 8.263280391693115 0.7272727272727272 1.0
0 0.1 3.591419074200402 0.06347084045410156 8.326751232147217 0.5714285714285714 1.0
0 0.1 3.128175241967003 0.14783096313476562 8.474582195281982 0.4444444444444444 1.0
0 0.1 2.7246835143108377 0.05598187446594238 8.530564069747925 0.4210526315789473 1.0
0 0.1 2.373236688776134 0.0912330150604248 8.62179708480835 0.38095238095238093 1.0
0 0.1 2.0671216863796724 0.28786492347717285 8.909662008285522 0.3333333333333333 1.0
0 0.1 1.8004913233094775 0.5184078216552734 9.428069829940796 0.32000000000000006 1.0
0 0.1 1.5682526223167341 0.5772678852081299 10.005337715148926 0.2857142857142857 1.0
0 0.1 1.3659695304072161 0.4410984516143799 10.446436166763306 0.27586206896551724 1.0
0 0.1 1.1897781846170337 0.2761518955230713 10.722588062286377 0.25806451612903225 1.0
0 0.1 1.036313107341863 0.08414220809936523 10.806730270385742 0.25806451612903225 1.0
0 0.1 0.9026429214570189 0.18095183372497559 10.987682104110718 0.24242424242424243 1.0
0 0.1 0.786214357305898 0.2038097381591797 11.191491842269897 0.2352941176470588 1.0
0 0.1 0.6848034820193963 0.06516814231872559 11.256659984588623 0.2352941176470588 1.0
0 0.1 0.5964732195846044 0.6557538509368896 11.912413835525513 0.2285714285714286 1.0
0 0.1 0.5195363502423698 0.6522560119628906 12.564669847488403 0.2222222222222222 1.0
0 0.1 0.4525232824553942 2.4072999954223633 14.971969842910767 0.19999999999999998 1.0
0 0.1 0.3941539818506903 0.3029208183288574 15.274890661239624 0.19999999999999998 1.0
0 0.1 0.34331352094368267 0.4884662628173828 15.763356924057007 0.19512195121951217 1.0
0 0.1 0.2990307826127625 0.7973182201385498 16.560675144195557 0.19047619047619047 1.0
0 0.1 0.2604599105337001 0.8423779010772705 17.403053045272827 0.18604651162790697 1.0
0 0.1 0.22686415225376097 0.2503378391265869 17.653390884399414 0.18181818181818182 1.0
0 0.1 0.19760178628779224 0.13511919975280762 17.78851008415222 0.18181818181818182 1.0
0 0.1 0.17211386442601356 0.11437678337097168 17.902886867523193 0.18181818181818182 1.0
0 0.1 0.14991353511608546 1.6870691776275635 19.589956045150757 0.1739130434782609 1.0
0 0.01 28.211963230963963 0.0012028217315673828 19.591158866882324 0.0 1.0
0 0.01 24.573006681497752 0.0012590885162353516 19.59241795539856 0.0 1.0
0 0.01 21.403425646968028 0.0011730194091796875 19.59359097480774 0.0 1.0
0 0.01 18.642677119777133 0.0012133121490478516 19.594804286956787 0.0 1.0
0 0.01 16.238027310431736 0.0012030601501464844 19.596007347106934 0.0 1.0
0 0.01 14.143544365449966 0.0013039112091064453 19.59731125831604 0.0 1.0
0 0.01 12.319221010851523 0.0012311935424804688 19.59854245185852 0.0 1.0
0 0.01 10.730210362611421 0.0011968612670898438 19.59973931312561 0.0 1.0
0 0.01 9.346160307090315 0.0011630058288574219 19.600902318954468 0.0 1.0
0 0.01 8.140633737265514 0.0011508464813232422 19.60205316543579 0.0 1.0
0 0.01 7.090603570541246 0.0011661052703857422 19.603219270706177 0.0 1.0
0 0.01 6.176012902339531 0.001149892807006836 19.604369163513184 0.0 1.0
0 0.01 5.379391893848717 0.0011420249938964844 19.60551118850708 0.0 1.0
0 0.01 4.685524076001097 0.0011491775512695312 19.60666036605835 0.0 1.0
0 0.01 4.081155695663349 0.001172780990600586 19.60783314704895 0.0 1.0
0 0.01 3.554742552184356 0.001168966293334961 19.609002113342285 0.0 1.0
0 0.01 3.09622948855821 0.0013530254364013672 19.610355138778687 0.0 1.0
0 0.01 2.6968583252045994 0.001276254653930664 19.611631393432617 0.0 1.0
0 0.01 2.349000567658869 0.009887933731079102 19.621519327163696 0.5714285714285715 1.0
0 0.01 2.046011692676912 0.0028238296508789062 19.624343156814575 0.5714285714285715 1.0
0 0.01 1.7821042294352372 0.0027980804443359375 19.62714123725891 0.5714285714285715 1.0
0 0.01 1.5522372115164986 0.0014121532440185547 19.62855339050293 0.5714285714285715 1.0
0 0.01 1.3520198880735976 0.001322031021118164 19.629875421524048 0.5714285714285715 1.0
0 0.01 1.1776278549337647 0.0013279914855957031 19.631203413009644 0.5714285714285715 1.0
0 0.01 1.0257300036406054 0.010782003402709961 19.641985416412354 0.7499999999999999 1.0
0 0.01 0.8934248930683893 0.002579927444458008 19.64456534385681 0.7499999999999999 1.0
0 0.01 0.7781853282259436 0.002444744110107422 19.64701008796692 0.7499999999999999 1.0
0 0.01 0.6778100876351608 0.0013692378997802734 19.6483793258667 0.7499999999999999 1.0
0 0.01 0.590381877216004 0.0014557838439941406 19.649835109710693 0.7499999999999999 1.0
0 0.01 0.5142307075440048 0.0189208984375 19.668756008148193 0.7272727272727272 1.0
0 0.01 0.44790199493955546 0.00298309326171875 19.671739101409912 0.7272727272727272 1.0
0 0.01 0.39012877707943217 0.04550790786743164 19.717247009277344 0.5000000000000001 1.0
0 0.01 0.33980751241358653 0.05158686637878418 19.768833875656128 0.4 1.0
0 0.01 0.2959770011254507 0.011492013931274414 19.780325889587402 0.4 1.0
0 0.01 0.2578000249994245 0.0107421875 19.791068077087402 0.4 1.0
0 0.01 0.22454735549379537 0.07480716705322266 19.865875244140625 0.3076923076923077 1.0
0 0.01 0.19558382455304058 0.014802217483520508 19.880677461624146 0.3076923076923077 1.0
0 0.01 0.1703561920944177 0.19231820106506348 20.07299566268921 0.26666666666666666 1.0
0 0.01 0.14838257842248037 0.07094717025756836 20.143942832946777 0.25806451612903225 1.0
0 0.01 0.12924325971726744 0.021630048751831055 20.16557288169861 0.25806451612903225 1.0
0 0.01 0.1125726507783501 0.07035994529724121 20.23593282699585 0.25 1.0
0 0.01 0.09805232188500161 0.07322883605957031 20.30916166305542 0.24242424242424243 1.0
0 0.01 0.08540491638568569 0.0980370044708252 20.407198667526245 0.2352941176470588 1.0
0 0.01 0.07438885283512764 0.02318406105041504 20.43038272857666 0.2352941176470588 1.0
0 0.01 0.06479371048308594 0.0888979434967041 20.519280672073364 0.2285714285714286 1.0
0 0.01 0.056436209971818335 0.24930691719055176 20.768587589263916 0.21621621621621623 1.0
0 0.01 0.049156712468482675 0.03993511199951172 20.808522701263428 0.21621621621621623 1.0
0 0.01 0.0428161703614703 0.21181583404541016 21.020338535308838 0.20512820512820512 1.0
0 0.01 0.03729347127511503 0.04219388961791992 21.062532424926758 0.20512820512820512 1.0
0 0.01 0.032483124670098805 0.038571834564208984 21.101104259490967 0.20512820512820512 1.0
