[216.40736058 188.4937774  164.18066384 143.00360867 124.55810333
 108.49181534  94.49785828  82.30892987  71.69220614  62.44489425
  54.39035884  47.37474809  41.26405496  35.94155748  31.30558923
  27.26759733  23.75045104  20.68696841  18.01863304  15.69447636
  13.67010404  11.906848    10.37102782   9.03330739   7.86813455
   6.85325305   5.96927734   5.19932239   4.52868107   3.94454329
   3.43575127   2.99258645   2.60658382   2.27037024   1.9775236
   1.72245016   1.5002777    1.30676244   1.138208     0.99139477
   0.86351843   0.75213639   0.65512111   0.57061946   0.49701737
   0.43290895   0.37706963   0.32843281   0.28606948   0.24917044]0 1 312.2098259152708 0.000637054443359375 0.000637054443359375 0.0 1.0
0 1 271.93903789811014 0.0006470680236816406 0.0012841224670410156 0.0 1.0
0 1 236.8626295349813 0.006295919418334961 0.0075800418853759766 0.33333333333333337 1.0
0 1 206.31059705097118 0.007915973663330078 0.015496015548706055 0.5714285714285715 1.0
0 1 179.69935797424765 0.004014015197753906 0.01951003074645996 0.5714285714285715 1.0
0 1 156.52060397255676 0.002995014190673828 0.02250504493713379 0.5714285714285715 1.0
0 1 136.33159152101595 0.0030341148376464844 0.025539159774780273 0.5714285714285715 1.0
0 1 118.74668494067365 0.00850677490234375 0.03404593467712402 0.7499999999999999 1.0
0 1 103.42999026917344 0.005319833755493164 0.03936576843261719 0.7499999999999999 1.0
0 1 90.08893926113359 0.0043888092041015625 0.04375457763671875 0.7499999999999999 1.0
0 1 78.46870096453189 0.004454851150512695 0.048209428787231445 0.7499999999999999 1.0
0 1 68.34731412713553 0.004581928253173828 0.05279135704040527 0.7499999999999999 1.0
0 1 59.53144745577994 0.00498199462890625 0.05777335166931152 0.6666666666666665 1.0
0 1 51.85270674408604 0.009202003479003906 0.06697535514831543 0.7272727272727272 1.0
0 1 45.16441833008278 0.01005101203918457 0.0770263671875 0.7272727272727272 1.0
0 1 39.33882744370648 0.010965108871459961 0.08799147605895996 0.6153846153846154 1.0
0 1 34.26465792907022 0.016394853591918945 0.1043863296508789 0.47058823529411764 1.0
0 1 29.84498672911064 0.02429485321044922 0.12868118286132812 0.3636363636363636 1.0
0 1 25.99539253258091 0.03017425537109375 0.15885543823242188 0.3076923076923077 1.0
0 1 22.642343220204207 0.09015893936157227 0.24901437759399414 0.26666666666666666 1.0
0 1 19.721791308170232 0.10328507423400879 0.35229945182800293 0.27586206896551724 1.0
0 1 17.177950560167822 0.24169325828552246 0.5939927101135254 0.26666666666666666 1.0
0 1 14.962230399696251 0.171983003616333 0.7659757137298584 0.24242424242424243 1.0
0 1 13.03230776858211 0.1787400245666504 0.9447157382965088 0.2222222222222222 1.0
0 1 11.351318703025308 0.16288304328918457 1.1075987815856934 0.2222222222222222 1.0
0 1 9.887154185253786 0.1274399757385254 1.2350387573242188 0.21621621621621623 1.0
0 1 8.611846820663045 0.12682890892028809 1.3618676662445068 0.20512820512820512 1.0
0 1 7.501036625197576 0.14427495002746582 1.5061426162719727 0.19999999999999998 1.0
0 1 6.53350571883761 0.1231222152709961 1.6292648315429688 0.20512820512820512 1.0
0 1 5.69077303724795 0.1685779094696045 1.7978427410125732 0.18604651162790697 1.0
0 1 4.956741320068812 0.12269020080566406 1.9205329418182373 0.1777777777777778 1.0
0 1 4.317389632878279 0.17070889472961426 2.0912418365478516 0.1702127659574468 1.0
0 1 3.7605055496069455 1.678232192993164 3.7694740295410156 0.1702127659574468 1.0
0 1 3.2754518797500736 0.3416318893432617 4.111105918884277 0.1702127659574468 1.0
0 1 2.8529634845718124 0.13363409042358398 4.244740009307861 0.16666666666666666 1.0
0 1 2.4849703012340436 0.13591599464416504 4.380656003952026 0.163265306122449 1.0
0 1 2.1644431943866964 0.24147915840148926 4.622135162353516 0.163265306122449 1.0
0 1 1.8852596907900219 0.09627270698547363 4.718407869338989 0.163265306122449 1.0
0 1 1.6420870323301746 0.09460306167602539 4.813010931015015 0.163265306122449 1.0
0 1 1.4302803135927475 0.09662532806396484 4.9096362590789795 0.163265306122449 1.0
0 1 1.2457937582930971 0.09515976905822754 5.004796028137207 0.163265306122449 1.0
0 1 1.0851034398309916 0.2350599765777588 5.239856004714966 0.1568627450980392 1.0
0 1 0.945139969834425 0.2317979335784912 5.471653938293457 0.1568627450980392 1.0
0 1 0.823229868958621 0.38744616508483887 5.859100103378296 0.1568627450980392 1.0
0 1 0.7170445000483404 0.6808829307556152 6.539983034133911 0.15384615384615383 1.0
0 1 0.624555588222246 0.4565911293029785 6.99657416343689 0.1509433962264151 1.0
0 1 0.5439964782567033 0.3053581714630127 7.301932334899902 0.1509433962264151 1.0
0 1 0.4738283892360109 0.22711706161499023 7.529049396514893 0.1509433962264151 1.0
0 1 0.4127110218901976 0.22562503814697266 7.754674434661865 0.1481481481481481 1.0
0 1 0.3594769571833539 0.2279660701751709 7.982640504837036 0.1481481481481481 1.0
0 0.1 130.20161032759302 0.0006999969482421875 7.983340501785278 0.0 1.0
0 0.1 113.40738729625762 0.0006678104400634766 7.984008312225342 0.0 1.0
0 0.1 98.77938883400856 0.0006368160247802734 7.984645128250122 0.0 1.0
0 0.1 86.03820166433057 0.0006327629089355469 7.985277891159058 0.0 1.0
0 0.1 74.9404529934022 0.0006320476531982422 7.985909938812256 0.0 1.0
0 0.1 65.27416178184274 0.00063323974609375 7.98654317855835 0.0 1.0
0 0.1 56.854689638682785 0.0006279945373535156 7.987171173095703 0.0 1.0
0 0.1 49.52121399451067 0.0007321834564208984 7.987903356552124 0.0 1.0
0 0.1 43.13365618693992 0.0006420612335205078 7.9885454177856445 0.0 1.0
0 0.1 37.570005780944214 0.0006260871887207031 7.989171504974365 0.0 1.0
0 0.1 32.7239900151928 0.00061798095703125 7.9897894859313965 0.0 1.0
0 0.1 28.503043857863506 0.0006411075592041016 7.990430593490601 0.0 1.0
0 0.1 24.826541897430772 0.009580135345458984 8.00001072883606 0.5714285714285715 1.0
0 0.1 21.624258295306348 0.0015349388122558594 8.001545667648315 0.5714285714285715 1.0
0 0.1 18.835025383479486 0.0015969276428222656 8.003142595291138 0.5714285714285715 1.0
0 0.1 16.405565284674683 0.001621246337890625 8.004763841629028 0.5714285714285715 1.0
0 0.1 14.289472237493916 0.0016431808471679688 8.006407022476196 0.5714285714285715 1.0
0 0.1 12.446326187665905 0.001708984375 8.008116006851196 0.5714285714285715 1.0
0 0.1 10.840920713874212 0.0074350833892822266 8.015551090240479 0.7499999999999999 1.0
0 0.1 9.44259054057033 0.0023491382598876953 8.017900228500366 0.7499999999999999 1.0
0 0.1 8.224625792416147 0.0021681785583496094 8.020068407058716 0.7499999999999999 1.0
0 0.1 7.163761801874259 0.0027298927307128906 8.022798299789429 0.7499999999999999 1.0
0 0.1 6.239734724625884 0.0026323795318603516 8.025430679321289 0.7499999999999999 1.0
0 0.1 5.43489447450858 0.026352882385253906 8.051783561706543 0.7272727272727272 1.0
0 0.1 4.733867584541418 0.0061070919036865234 8.05789065361023 0.7272727272727272 1.0
0 0.1 4.123263554256632 0.006905078887939453 8.064795732498169 0.7272727272727272 1.0
0 0.1 3.591419074200402 0.05501103401184082 8.11980676651001 0.5714285714285714 1.0
0 0.1 3.128175241967003 0.14319229125976562 8.262999057769775 0.4444444444444444 1.0
0 0.1 2.7246835143108377 0.049024105072021484 8.312023162841797 0.4210526315789473 1.0
0 0.1 2.373236688776134 0.08598613739013672 8.398009300231934 0.38095238095238093 1.0
0 0.1 2.0671216863796724 0.235245943069458 8.633255243301392 0.3333333333333333 1.0
0 0.1 1.8004913233094775 0.47362589836120605 9.106881141662598 0.32000000000000006 1.0
0 0.1 1.5682526223167341 0.5386219024658203 9.645503044128418 0.2857142857142857 1.0
0 0.1 1.3659695304072161 0.4234428405761719 10.06894588470459 0.27586206896551724 1.0
0 0.1 1.1897781846170337 0.2592127323150635 10.328158617019653 0.25806451612903225 1.0
0 0.1 1.036313107341863 0.07666778564453125 10.404826402664185 0.25806451612903225 1.0
0 0.1 0.9026429214570189 0.18171215057373047 10.586538553237915 0.24242424242424243 1.0
0 0.1 0.786214357305898 0.22321319580078125 10.809751749038696 0.2352941176470588 1.0
0 0.1 0.6848034820193963 0.06118416786193848 10.870935916900635 0.2352941176470588 1.0
0 0.1 0.5964732195846044 0.6424367427825928 11.513372659683228 0.2285714285714286 1.0
0 0.1 0.5195363502423698 0.6432070732116699 12.156579732894897 0.2222222222222222 1.0
0 0.1 0.4525232824553942 2.449747085571289 14.606326818466187 0.19999999999999998 1.0
0 0.1 0.3941539818506903 0.2953176498413086 14.901644468307495 0.19999999999999998 1.0
0 0.1 0.34331352094368267 0.4768402576446533 15.378484725952148 0.19512195121951217 1.0
0 0.1 0.2990307826127625 0.7712509632110596 16.149735689163208 0.19047619047619047 1.0
0 0.1 0.2604599105337001 0.8147273063659668 16.964462995529175 0.18604651162790697 1.0
0 0.1 0.22686415225376097 0.24658513069152832 17.211048126220703 0.18181818181818182 1.0
0 0.1 0.19760178628779224 0.12798690795898438 17.339035034179688 0.18181818181818182 1.0
0 0.1 0.17211386442601356 0.11273598670959473 17.451771020889282 0.18181818181818182 1.0
0 0.1 0.14991353511608546 1.6771728992462158 19.128943920135498 0.1739130434782609 1.0
0 0.01 28.211963230963963 0.0006480216979980469 19.129591941833496 0.0 1.0
0 0.01 24.573006681497752 0.0007088184356689453 19.130300760269165 0.0 1.0
0 0.01 21.403425646968028 0.0006289482116699219 19.130929708480835 0.0 1.0
0 0.01 18.642677119777133 0.0006430149078369141 19.131572723388672 0.0 1.0
0 0.01 16.238027310431736 0.0006473064422607422 19.132220029830933 0.0 1.0
0 0.01 14.143544365449966 0.0006852149963378906 19.13290524482727 0.0 1.0
0 0.01 12.319221010851523 0.0006489753723144531 19.133554220199585 0.0 1.0
0 0.01 10.730210362611421 0.0007159709930419922 19.134270191192627 0.0 1.0
0 0.01 9.346160307090315 0.0007448196411132812 19.13501501083374 0.0 1.0
0 0.01 8.140633737265514 0.0006861686706542969 19.135701179504395 0.0 1.0
0 0.01 7.090603570541246 0.0006220340728759766 19.13632321357727 0.0 1.0
0 0.01 6.176012902339531 0.0006310939788818359 19.136954307556152 0.0 1.0
0 0.01 5.379391893848717 0.0006127357482910156 19.137567043304443 0.0 1.0
0 0.01 4.685524076001097 0.0006229877471923828 19.138190031051636 0.0 1.0
0 0.01 4.081155695663349 0.0006120204925537109 19.13880205154419 0.0 1.0
0 0.01 3.554742552184356 0.0006248950958251953 19.139426946640015 0.0 1.0
0 0.01 3.09622948855821 0.0006542205810546875 19.14008116722107 0.0 1.0
0 0.01 2.6968583252045994 0.0006289482116699219 19.14071011543274 0.0 1.0
0 0.01 2.349000567658869 0.015795230865478516 19.156505346298218 0.5714285714285715 1.0
0 0.01 2.046011692676912 0.0010869503021240234 19.157592296600342 0.5714285714285715 1.0
0 0.01 1.7821042294352372 0.001177072525024414 19.158769369125366 0.5714285714285715 1.0
0 0.01 1.5522372115164986 0.0008261203765869141 19.159595489501953 0.5714285714285715 1.0
0 0.01 1.3520198880735976 0.0008609294891357422 19.16045641899109 0.5714285714285715 1.0
0 0.01 1.1776278549337647 0.0008590221405029297 19.161315441131592 0.5714285714285715 1.0
0 0.01 1.0257300036406054 0.0050470829010009766 19.166362524032593 0.7499999999999999 1.0
0 0.01 0.8934248930683893 0.0013151168823242188 19.167677640914917 0.7499999999999999 1.0
0 0.01 0.7781853282259436 0.0010890960693359375 19.168766736984253 0.7499999999999999 1.0
0 0.01 0.6778100876351608 0.0009288787841796875 19.169695615768433 0.7499999999999999 1.0
0 0.01 0.590381877216004 0.0010330677032470703 19.17072868347168 0.7499999999999999 1.0
0 0.01 0.5142307075440048 0.012691974639892578 19.183420658111572 0.7272727272727272 1.0
0 0.01 0.44790199493955546 0.0019452571868896484 19.185365915298462 0.7272727272727272 1.0
0 0.01 0.39012877707943217 0.040338993072509766 19.22570490837097 0.5000000000000001 1.0
0 0.01 0.33980751241358653 0.0476069450378418 19.273311853408813 0.4 1.0
0 0.01 0.2959770011254507 0.00794529914855957 19.281257152557373 0.4 1.0
0 0.01 0.2578000249994245 0.008260011672973633 19.289517164230347 0.4 1.0
0 0.01 0.22454735549379537 0.06671833992004395 19.35623550415039 0.3076923076923077 1.0
0 0.01 0.19558382455304058 0.011442899703979492 19.36767840385437 0.3076923076923077 1.0
0 0.01 0.1703561920944177 0.18697094917297363 19.554649353027344 0.26666666666666666 1.0
0 0.01 0.14838257842248037 0.061155080795288086 19.615804433822632 0.25806451612903225 1.0
0 0.01 0.12924325971726744 0.017152070999145508 19.632956504821777 0.25806451612903225 1.0
0 0.01 0.1125726507783501 0.06322884559631348 19.69618535041809 0.25 1.0
0 0.01 0.09805232188500161 0.06445598602294922 19.76064133644104 0.24242424242424243 1.0
0 0.01 0.08540491638568569 0.08553886413574219 19.846180200576782 0.2352941176470588 1.0
0 0.01 0.07438885283512764 0.017723798751831055 19.863903999328613 0.2352941176470588 1.0
0 0.01 0.06479371048308594 0.08213925361633301 19.946043252944946 0.2285714285714286 1.0
0 0.01 0.056436209971818335 0.22227096557617188 20.168314218521118 0.21621621621621623 1.0
0 0.01 0.049156712468482675 0.030985116958618164 20.199299335479736 0.21621621621621623 1.0
0 0.01 0.0428161703614703 0.1867668628692627 20.386066198349 0.20512820512820512 1.0
0 0.01 0.03729347127511503 0.02866506576538086 20.41473126411438 0.20512820512820512 1.0
0 0.01 0.032483124670098805 0.027467966079711914 20.442199230194092 0.20512820512820512 1.0
