[216.40736058 188.4937774  164.18066384 143.00360867 124.55810333
 108.49181534  94.49785828  82.30892987  71.69220614  62.44489425
  54.39035884  47.37474809  41.26405496  35.94155748  31.30558923
  27.26759733  23.75045104  20.68696841  18.01863304  15.69447636
  13.67010404  11.906848    10.37102782   9.03330739   7.86813455
   6.85325305   5.96927734   5.19932239   4.52868107   3.94454329
   3.43575127   2.99258645   2.60658382   2.27037024   1.9775236
   1.72245016   1.5002777    1.30676244   1.138208     0.99139477
   0.86351843   0.75213639   0.65512111   0.57061946   0.49701737
   0.43290895   0.37706963   0.32843281   0.28606948   0.24917044]0 1 312.2098259152708 0.0011658668518066406 0.0011658668518066406 0.0 1.0
0 1 271.93903789811014 0.0011548995971679688 0.0023207664489746094 0.0 1.0
0 1 236.8626295349813 0.04012489318847656 0.04244565963745117 0.33333333333333337 1.0
0 1 206.31059705097118 0.028586149215698242 0.07103180885314941 0.5714285714285715 1.0
0 1 179.69935797424765 0.01850104331970215 0.08953285217285156 0.5714285714285715 1.0
0 1 156.52060397255676 0.0150299072265625 0.10456275939941406 0.5714285714285715 1.0
0 1 136.33159152101595 0.012952089309692383 0.11751484870910645 0.5714285714285715 1.0
0 1 118.74668494067365 0.03496813774108887 0.1524829864501953 0.7499999999999999 1.0
0 1 103.42999026917344 0.021416902542114258 0.17389988899230957 0.7499999999999999 1.0
0 1 90.08893926113359 0.01666998863220215 0.19056987762451172 0.7499999999999999 1.0
0 1 78.46870096453189 0.014394044876098633 0.20496392250061035 0.7499999999999999 1.0
0 1 68.34731412713553 0.012156248092651367 0.21712017059326172 0.7499999999999999 1.0
0 1 59.53144745577994 0.012238740921020508 0.22935891151428223 0.6666666666666665 1.0
0 1 51.85270674408604 0.018887996673583984 0.2482469081878662 0.7272727272727272 1.0
0 1 45.16441833008278 0.016296863555908203 0.2645437717437744 0.7272727272727272 1.0
0 1 39.33882744370648 0.01843094825744629 0.2829747200012207 0.6153846153846154 1.0
0 1 34.26465792907022 0.030126094818115234 0.31310081481933594 0.47058823529411764 1.0
0 1 29.84498672911064 0.03648018836975098 0.3495810031890869 0.3636363636363636 1.0
0 1 25.99539253258091 0.0574491024017334 0.4070301055908203 0.3076923076923077 1.0
0 1 22.642343220204207 0.13918495178222656 0.5462150573730469 0.26666666666666666 1.0
0 1 19.721791308170232 0.16298818588256836 0.7092032432556152 0.27586206896551724 1.0
0 1 17.177950560167822 0.30374598503112793 1.0129492282867432 0.26666666666666666 1.0
0 1 14.962230399696251 0.22489500045776367 1.2378442287445068 0.24242424242424243 1.0
0 1 13.03230776858211 0.20708107948303223 1.444925308227539 0.2222222222222222 1.0
0 1 11.351318703025308 0.20874309539794922 1.6536684036254883 0.2222222222222222 1.0
0 1 9.887154185253786 0.16748523712158203 1.8211536407470703 0.21621621621621623 1.0
0 1 8.611846820663045 0.16523313522338867 1.986386775970459 0.20512820512820512 1.0
0 1 7.501036625197576 0.19240498542785645 2.1787917613983154 0.19999999999999998 1.0
0 1 6.53350571883761 0.15688133239746094 2.3356730937957764 0.20512820512820512 1.0
0 1 5.69077303724795 0.21521687507629395 2.5508899688720703 0.18604651162790697 1.0
0 1 4.956741320068812 0.17467594146728516 2.7255659103393555 0.1777777777777778 1.0
0 1 4.317389632878279 0.23470497131347656 2.960270881652832 0.16666666666666666 1.0
0 1 3.7605055496069455 2.002703905105591 4.962974786758423 0.1702127659574468 1.0
0 1 3.2754518797500736 0.4138052463531494 5.376780033111572 0.1702127659574468 1.0
0 1 2.8529634845718124 0.23294687271118164 5.609726905822754 0.16666666666666666 1.0
0 1 2.4849703012340436 0.1873641014099121 5.797091007232666 0.163265306122449 1.0
0 1 2.1644431943866964 0.30353832244873047 6.1006293296813965 0.163265306122449 1.0
0 1 1.8852596907900219 0.1728198528289795 6.273449182510376 0.163265306122449 1.0
0 1 1.6420870323301746 0.15782976150512695 6.431278944015503 0.163265306122449 1.0
0 1 1.4302803135927475 0.14467692375183105 6.575955867767334 0.163265306122449 1.0
0 1 1.2457937582930971 0.1375279426574707 6.713483810424805 0.163265306122449 1.0
0 1 1.0851034398309916 0.5138859748840332 7.227369785308838 0.1568627450980392 1.0
0 1 0.945139969834425 0.4329378604888916 7.6603076457977295 0.1568627450980392 1.0
0 1 0.823229868958621 0.564849853515625 8.225157499313354 0.1568627450980392 1.0
0 1 0.7170445000483404 0.9846110343933105 9.209768533706665 0.15384615384615383 1.0
0 1 0.624555588222246 0.9793500900268555 10.18911862373352 0.1509433962264151 1.0
0 1 0.5439964782567033 0.7228119373321533 10.911930561065674 0.1509433962264151 1.0
0 1 0.4738283892360109 0.6364541053771973 11.548384666442871 0.1509433962264151 1.0
0 1 0.4127110218901976 0.645684003829956 12.194068670272827 0.1481481481481481 1.0
0 1 0.3594769571833539 0.6105918884277344 12.804660558700562 0.1481481481481481 1.0
0 0.1 130.20161032759302 0.0011599063873291016 12.80582046508789 0.0 1.0
0 0.1 113.40738729625762 0.0011551380157470703 12.806975603103638 0.0 1.0
0 0.1 98.77938883400856 0.0011570453643798828 12.808132648468018 0.0 1.0
0 0.1 86.03820166433057 0.0011858940124511719 12.809318542480469 0.0 1.0
0 0.1 74.9404529934022 0.0011641979217529297 12.810482740402222 0.0 1.0
0 0.1 65.27416178184274 0.0011570453643798828 12.811639785766602 0.0 1.0
0 0.1 56.854689638682785 0.0011751651763916016 12.812814950942993 0.0 1.0
0 0.1 49.52121399451067 0.0012097358703613281 12.814024686813354 0.0 1.0
0 0.1 43.13365618693992 0.0012009143829345703 12.815225601196289 0.0 1.0
0 0.1 37.570005780944214 0.001157999038696289 12.816383600234985 0.0 1.0
0 0.1 32.7239900151928 0.001149892807006836 12.817533493041992 0.0 1.0
0 0.1 28.503043857863506 0.0011861324310302734 12.818719625473022 0.0 1.0
0 0.1 24.826541897430772 0.017714738845825195 12.836434364318848 0.5714285714285715 1.0
0 0.1 21.624258295306348 0.007886886596679688 12.844321250915527 0.5714285714285715 1.0
0 0.1 18.835025383479486 0.0065288543701171875 12.850850105285645 0.5714285714285715 1.0
0 0.1 16.405565284674683 0.0064220428466796875 12.857272148132324 0.5714285714285715 1.0
0 0.1 14.289472237493916 0.006685972213745117 12.86395812034607 0.5714285714285715 1.0
0 0.1 12.446326187665905 0.006591081619262695 12.870549201965332 0.5714285714285715 1.0
0 0.1 10.840920713874212 0.014121055603027344 12.88467025756836 0.7499999999999999 1.0
0 0.1 9.44259054057033 0.007606029510498047 12.892276287078857 0.7499999999999999 1.0
0 0.1 8.224625792416147 0.006424665451049805 12.898700952529907 0.7499999999999999 1.0
0 0.1 7.163761801874259 0.006955146789550781 12.905656099319458 0.7499999999999999 1.0
0 0.1 6.239734724625884 0.0066869258880615234 12.91234302520752 0.7499999999999999 1.0
0 0.1 5.43489447450858 0.037626028060913086 12.949969053268433 0.7272727272727272 1.0
0 0.1 4.733867584541418 0.014609098434448242 12.96457815170288 0.7272727272727272 1.0
0 0.1 4.123263554256632 0.014089107513427734 12.978667259216309 0.7272727272727272 1.0
0 0.1 3.591419074200402 0.06927275657653809 13.047940015792847 0.5714285714285714 1.0
0 0.1 3.128175241967003 0.1568620204925537 13.2048020362854 0.4444444444444444 1.0
0 0.1 2.7246835143108377 0.06568694114685059 13.270488977432251 0.4210526315789473 1.0
0 0.1 2.373236688776134 0.098358154296875 13.368847131729126 0.38095238095238093 1.0
0 0.1 2.0671216863796724 0.5821058750152588 13.950953006744385 0.3333333333333333 1.0
0 0.1 1.8004913233094775 0.6181521415710449 14.56910514831543 0.32000000000000006 1.0
0 0.1 1.5682526223167341 0.6720521450042725 15.241157293319702 0.2857142857142857 1.0
0 0.1 1.3659695304072161 0.49427294731140137 15.735430240631104 0.27586206896551724 1.0
0 0.1 1.1897781846170337 0.35611867904663086 16.091548919677734 0.25806451612903225 1.0
0 0.1 1.036313107341863 0.1101229190826416 16.201671838760376 0.25806451612903225 1.0
0 0.1 0.9026429214570189 0.2372422218322754 16.43891406059265 0.24242424242424243 1.0
0 0.1 0.786214357305898 0.23221206665039062 16.671126127243042 0.2352941176470588 1.0
0 0.1 0.6848034820193963 0.0834970474243164 16.75462317466736 0.2352941176470588 1.0
0 0.1 0.5964732195846044 0.7420241832733154 17.496647357940674 0.2285714285714286 1.0
0 0.1 0.5195363502423698 0.7711350917816162 18.26778244972229 0.2222222222222222 1.0
0 0.1 0.4525232824553942 2.721086025238037 20.988868474960327 0.19999999999999998 1.0
0 0.1 0.3941539818506903 0.38956689834594727 21.378435373306274 0.19999999999999998 1.0
0 0.1 0.34331352094368267 0.6418850421905518 22.020320415496826 0.19512195121951217 1.0
0 0.1 0.2990307826127625 0.8107509613037109 22.831071376800537 0.19047619047619047 1.0
0 0.1 0.2604599105337001 1.2860541343688965 24.117125511169434 0.18181818181818182 1.0
0 0.1 0.22686415225376097 0.46052098274230957 24.577646493911743 0.18181818181818182 1.0
0 0.1 0.19760178628779224 0.21627378463745117 24.793920278549194 0.18181818181818182 1.0
0 0.1 0.17211386442601356 0.14363312721252441 24.93755340576172 0.18181818181818182 1.0
0 0.1 0.14991353511608546 2.5239949226379395 27.461548328399658 0.1739130434782609 1.0
0 0.01 28.211963230963963 0.00115203857421875 27.462700366973877 0.0 1.0
0 0.01 24.573006681497752 0.0011489391326904297 27.463849306106567 0.0 1.0
0 0.01 21.403425646968028 0.0011489391326904297 27.464998245239258 0.0 1.0
0 0.01 18.642677119777133 0.0011830329895019531 27.46618127822876 0.0 1.0
0 0.01 16.238027310431736 0.0011818408966064453 27.467363119125366 0.0 1.0
0 0.01 14.143544365449966 0.0012080669403076172 27.468571186065674 0.0 1.0
0 0.01 12.319221010851523 0.001207113265991211 27.469778299331665 0.0 1.0
0 0.01 10.730210362611421 0.001146078109741211 27.470924377441406 0.0 1.0
0 0.01 9.346160307090315 0.0011551380157470703 27.472079515457153 0.0 1.0
0 0.01 8.140633737265514 0.0011630058288574219 27.47324252128601 0.0 1.0
0 0.01 7.090603570541246 0.0011529922485351562 27.474395513534546 0.0 1.0
0 0.01 6.176012902339531 0.0013201236724853516 27.47571563720703 0.0 1.0
0 0.01 5.379391893848717 0.0012919902801513672 27.477007627487183 0.0 1.0
0 0.01 4.685524076001097 0.0013561248779296875 27.478363752365112 0.0 1.0
0 0.01 4.081155695663349 0.0013761520385742188 27.479739904403687 0.0 1.0
0 0.01 3.554742552184356 0.0012171268463134766 27.48095703125 0.0 1.0
0 0.01 3.09622948855821 0.0011928081512451172 27.482149839401245 0.0 1.0
0 0.01 2.6968583252045994 0.0011878013610839844 27.48333764076233 0.0 1.0
0 0.01 2.349000567658869 0.012424230575561523 27.49576187133789 0.5714285714285715 1.0
0 0.01 2.046011692676912 0.0038950443267822266 27.499656915664673 0.5714285714285715 1.0
0 0.01 1.7821042294352372 0.003813028335571289 27.503469944000244 0.5714285714285715 1.0
0 0.01 1.5522372115164986 0.0037789344787597656 27.507248878479004 0.5714285714285715 1.0
0 0.01 1.3520198880735976 0.003760099411010742 27.511008977890015 0.5714285714285715 1.0
0 0.01 1.1776278549337647 0.0036432743072509766 27.514652252197266 0.5714285714285715 1.0
0 0.01 1.0257300036406054 0.01224517822265625 27.526897430419922 0.7499999999999999 1.0
0 0.01 0.8934248930683893 0.0037789344787597656 27.53067636489868 0.7499999999999999 1.0
0 0.01 0.7781853282259436 0.002599954605102539 27.533276319503784 0.7499999999999999 1.0
0 0.01 0.6778100876351608 0.0025310516357421875 27.535807371139526 0.7499999999999999 1.0
0 0.01 0.590381877216004 0.002566814422607422 27.538374185562134 0.7499999999999999 1.0
0 0.01 0.5142307075440048 0.020499229431152344 27.558873414993286 0.7272727272727272 1.0
0 0.01 0.44790199493955546 0.00442814826965332 27.56330156326294 0.7272727272727272 1.0
0 0.01 0.39012877707943217 0.049288272857666016 27.612589836120605 0.5000000000000001 1.0
0 0.01 0.33980751241358653 0.0557713508605957 27.6683611869812 0.4 1.0
0 0.01 0.2959770011254507 0.015067100524902344 27.683428287506104 0.4 1.0
0 0.01 0.2578000249994245 0.014672994613647461 27.69810128211975 0.4 1.0
0 0.01 0.22454735549379537 0.07692909240722656 27.775030374526978 0.3076923076923077 1.0
0 0.01 0.19558382455304058 0.017676115036010742 27.79270648956299 0.3076923076923077 1.0
0 0.01 0.1703561920944177 0.1934669017791748 27.986173391342163 0.26666666666666666 1.0
0 0.01 0.14838257842248037 0.07566499710083008 28.061838388442993 0.25806451612903225 1.0
0 0.01 0.12924325971726744 0.025415897369384766 28.087254285812378 0.25806451612903225 1.0
0 0.01 0.1125726507783501 0.07646012306213379 28.16371440887451 0.25 1.0
0 0.01 0.09805232188500161 0.07658720016479492 28.240301609039307 0.24242424242424243 1.0
0 0.01 0.08540491638568569 0.09908294677734375 28.33938455581665 0.2352941176470588 1.0
0 0.01 0.07438885283512764 0.026165008544921875 28.365549564361572 0.2352941176470588 1.0
0 0.01 0.06479371048308594 0.09315991401672363 28.458709478378296 0.2285714285714286 1.0
0 0.01 0.056436209971818335 0.25349926948547363 28.71220874786377 0.21621621621621623 1.0
0 0.01 0.049156712468482675 0.05115699768066406 28.763365745544434 0.21621621621621623 1.0
0 0.01 0.0428161703614703 0.22217893600463867 28.985544681549072 0.20512820512820512 1.0
0 0.01 0.03729347127511503 0.04922294616699219 29.034767627716064 0.20512820512820512 1.0
0 0.01 0.032483124670098805 0.0450589656829834 29.079826593399048 0.20512820512820512 1.0
