[216.40736058 188.4937774  164.18066384 143.00360867 124.55810333
 108.49181534  94.49785828  82.30892987  71.69220614  62.44489425
  54.39035884  47.37474809  41.26405496  35.94155748  31.30558923
  27.26759733  23.75045104  20.68696841  18.01863304  15.69447636
  13.67010404  11.906848    10.37102782   9.03330739   7.86813455
   6.85325305   5.96927734   5.19932239   4.52868107   3.94454329
   3.43575127   2.99258645   2.60658382   2.27037024   1.9775236
   1.72245016   1.5002777    1.30676244   1.138208     0.99139477
   0.86351843   0.75213639   0.65512111   0.57061946   0.49701737
   0.43290895   0.37706963   0.32843281   0.28606948   0.24917044]0 1 312.2098259152708 0.0006341934204101562 0.0006341934204101562 0.0 1.0
0 1 271.93903789811014 0.0006470680236816406 0.0012812614440917969 0.0 1.0
0 1 236.8626295349813 0.0076558589935302734 0.00893712043762207 0.33333333333333337 1.0
0 1 206.31059705097118 0.008574962615966797 0.017512083053588867 0.5714285714285715 1.0
0 1 179.69935797424765 0.004967927932739258 0.022480010986328125 0.5714285714285715 1.0
0 1 156.52060397255676 0.003970146179199219 0.026450157165527344 0.5714285714285715 1.0
0 1 136.33159152101595 0.003429889678955078 0.029880046844482422 0.5714285714285715 1.0
0 1 118.74668494067365 0.01005101203918457 0.03993105888366699 0.7499999999999999 1.0
0 1 103.42999026917344 0.006264686584472656 0.04619574546813965 0.7499999999999999 1.0
0 1 90.08893926113359 0.004870176315307617 0.051065921783447266 0.7499999999999999 1.0
0 1 78.46870096453189 0.00528264045715332 0.056348562240600586 0.7499999999999999 1.0
0 1 68.34731412713553 0.004805803298950195 0.06115436553955078 0.7499999999999999 1.0
0 1 59.53144745577994 0.0054531097412109375 0.06660747528076172 0.6666666666666665 1.0
0 1 51.85270674408604 0.010293006896972656 0.07690048217773438 0.7272727272727272 1.0
0 1 45.16441833008278 0.010708093643188477 0.08760857582092285 0.7272727272727272 1.0
0 1 39.33882744370648 0.012782096862792969 0.10039067268371582 0.6153846153846154 1.0
0 1 34.26465792907022 0.020159006118774414 0.12054967880249023 0.47058823529411764 1.0
0 1 29.84498672911064 0.026961088180541992 0.14751076698303223 0.3636363636363636 1.0
0 1 25.99539253258091 0.037529945373535156 0.18504071235656738 0.3076923076923077 1.0
0 1 22.642343220204207 0.10337686538696289 0.2884175777435303 0.26666666666666666 1.0
0 1 19.721791308170232 0.12134718894958496 0.40976476669311523 0.27586206896551724 1.0
0 1 17.177950560167822 0.26479411125183105 0.6745588779449463 0.26666666666666666 1.0
0 1 14.962230399696251 0.1888599395751953 0.8634188175201416 0.24242424242424243 1.0
0 1 13.03230776858211 0.183121919631958 1.0465407371520996 0.2222222222222222 1.0
0 1 11.351318703025308 0.17749595642089844 1.224036693572998 0.2222222222222222 1.0
0 1 9.887154185253786 0.1377708911895752 1.3618075847625732 0.21621621621621623 1.0
0 1 8.611846820663045 0.13878130912780762 1.5005888938903809 0.20512820512820512 1.0
0 1 7.501036625197576 0.16311287879943848 1.6637017726898193 0.19999999999999998 1.0
0 1 6.53350571883761 0.13922929763793945 1.8029310703277588 0.20512820512820512 1.0
0 1 5.69077303724795 0.18219614028930664 1.9851272106170654 0.18604651162790697 1.0
0 1 4.956741320068812 0.15091681480407715 2.1360440254211426 0.1777777777777778 1.0
0 1 4.317389632878279 0.195512056350708 2.3315560817718506 0.1702127659574468 1.0
0 1 3.7605055496069455 1.9105839729309082 4.242140054702759 0.1702127659574468 1.0
0 1 3.2754518797500736 0.3802170753479004 4.622357130050659 0.1702127659574468 1.0
0 1 2.8529634845718124 0.18127202987670898 4.803629159927368 0.16666666666666666 1.0
0 1 2.4849703012340436 0.14949774742126465 4.953126907348633 0.163265306122449 1.0
0 1 2.1644431943866964 0.25275111198425293 5.205878019332886 0.163265306122449 1.0
0 1 1.8852596907900219 0.14334511756896973 5.3492231369018555 0.163265306122449 1.0
0 1 1.6420870323301746 0.12349724769592285 5.472720384597778 0.163265306122449 1.0
0 1 1.4302803135927475 0.11817312240600586 5.590893507003784 0.163265306122449 1.0
0 1 1.2457937582930971 0.11301088333129883 5.703904390335083 0.163265306122449 1.0
0 1 1.0851034398309916 0.39849305152893066 6.102397441864014 0.1568627450980392 1.0
0 1 0.945139969834425 0.34410595893859863 6.446503400802612 0.1568627450980392 1.0
0 1 0.823229868958621 0.4917728900909424 6.938276290893555 0.1568627450980392 1.0
0 1 0.7170445000483404 0.8122401237487793 7.750516414642334 0.15384615384615383 1.0
0 1 0.624555588222246 0.7519888877868652 8.5025053024292 0.1509433962264151 1.0
0 1 0.5439964782567033 0.5192899703979492 9.021795272827148 0.1509433962264151 1.0
0 1 0.4738283892360109 0.454362154006958 9.476157426834106 0.1509433962264151 1.0
0 1 0.4127110218901976 0.4447643756866455 9.920921802520752 0.1481481481481481 1.0
0 1 0.3594769571833539 0.4513208866119385 10.37224268913269 0.1481481481481481 1.0
0 0.1 130.20161032759302 0.0006761550903320312 10.372918844223022 0.0 1.0
0 0.1 113.40738729625762 0.0006420612335205078 10.373560905456543 0.0 1.0
0 0.1 98.77938883400856 0.0006258487701416016 10.374186754226685 0.0 1.0
0 0.1 86.03820166433057 0.0006289482116699219 10.374815702438354 0.0 1.0
0 0.1 74.9404529934022 0.0006508827209472656 10.375466585159302 0.0 1.0
0 0.1 65.27416178184274 0.0006778240203857422 10.376144409179688 0.0 1.0
0 0.1 56.854689638682785 0.0006570816040039062 10.376801490783691 0.0 1.0
0 0.1 49.52121399451067 0.0006341934204101562 10.377435684204102 0.0 1.0
0 0.1 43.13365618693992 0.0006499290466308594 10.378085613250732 0.0 1.0
0 0.1 37.570005780944214 0.0006709098815917969 10.378756523132324 0.0 1.0
0 0.1 32.7239900151928 0.0006330013275146484 10.379389524459839 0.0 1.0
0 0.1 28.503043857863506 0.000637054443359375 10.380026578903198 0.0 1.0
0 0.1 24.826541897430772 0.009756326675415039 10.389782905578613 0.5714285714285715 1.0
0 0.1 21.624258295306348 0.0018727779388427734 10.391655683517456 0.5714285714285715 1.0
0 0.1 18.835025383479486 0.0017709732055664062 10.393426656723022 0.5714285714285715 1.0
0 0.1 16.405565284674683 0.0017230510711669922 10.39514970779419 0.5714285714285715 1.0
0 0.1 14.289472237493916 0.0018048286437988281 10.396954536437988 0.5714285714285715 1.0
0 0.1 12.446326187665905 0.001699209213256836 10.398653745651245 0.5714285714285715 1.0
0 0.1 10.840920713874212 0.007562875747680664 10.406216621398926 0.7499999999999999 1.0
0 0.1 9.44259054057033 0.0024099349975585938 10.408626556396484 0.7499999999999999 1.0
0 0.1 8.224625792416147 0.002727031707763672 10.411353588104248 0.7499999999999999 1.0
0 0.1 7.163761801874259 0.0028989315032958984 10.414252519607544 0.7499999999999999 1.0
0 0.1 6.239734724625884 0.0030710697174072266 10.417323589324951 0.7499999999999999 1.0
0 0.1 5.43489447450858 0.027109146118164062 10.444432735443115 0.7272727272727272 1.0
0 0.1 4.733867584541418 0.007424831390380859 10.451857566833496 0.7272727272727272 1.0
0 0.1 4.123263554256632 0.007761955261230469 10.459619522094727 0.7272727272727272 1.0
0 0.1 3.591419074200402 0.05745506286621094 10.517074584960938 0.5714285714285714 1.0
0 0.1 3.128175241967003 0.14433503150939941 10.661409616470337 0.4444444444444444 1.0
0 0.1 2.7246835143108377 0.0508418083190918 10.712251424789429 0.4210526315789473 1.0
0 0.1 2.373236688776134 0.0875251293182373 10.799776554107666 0.38095238095238093 1.0
0 0.1 2.0671216863796724 0.3239309787750244 11.12370753288269 0.3333333333333333 1.0
0 0.1 1.8004913233094775 0.49718308448791504 11.620890617370605 0.32000000000000006 1.0
0 0.1 1.5682526223167341 0.5673778057098389 12.188268423080444 0.2857142857142857 1.0
0 0.1 1.3659695304072161 0.4409818649291992 12.629250288009644 0.27586206896551724 1.0
0 0.1 1.1897781846170337 0.2880089282989502 12.917259216308594 0.25806451612903225 1.0
0 0.1 1.036313107341863 0.08672690391540527 13.003986120223999 0.25806451612903225 1.0
0 0.1 0.9026429214570189 0.19860291481018066 13.20258903503418 0.24242424242424243 1.0
0 0.1 0.786214357305898 0.20645999908447266 13.409049034118652 0.2352941176470588 1.0
0 0.1 0.6848034820193963 0.06538105010986328 13.474430084228516 0.2352941176470588 1.0
0 0.1 0.5964732195846044 0.6723849773406982 14.146815061569214 0.2285714285714286 1.0
0 0.1 0.5195363502423698 0.7060327529907227 14.852847814559937 0.2222222222222222 1.0
0 0.1 0.4525232824553942 2.599332809448242 17.45218062400818 0.19999999999999998 1.0
0 0.1 0.3941539818506903 0.35462403297424316 17.806804656982422 0.19999999999999998 1.0
0 0.1 0.34331352094368267 0.5581057071685791 18.364910364151 0.19512195121951217 1.0
0 0.1 0.2990307826127625 0.7782835960388184 19.14319396018982 0.19047619047619047 1.0
0 0.1 0.2604599105337001 0.9683759212493896 20.11156988143921 0.18181818181818182 1.0
0 0.1 0.22686415225376097 0.3801548480987549 20.491724729537964 0.18181818181818182 1.0
0 0.1 0.19760178628779224 0.1592698097229004 20.650994539260864 0.18181818181818182 1.0
0 0.1 0.17211386442601356 0.123291015625 20.774285554885864 0.18181818181818182 1.0
0 0.1 0.14991353511608546 2.1864311695098877 22.960716724395752 0.1739130434782609 1.0
0 0.01 28.211963230963963 0.000637054443359375 22.96135377883911 0.0 1.0
0 0.01 24.573006681497752 0.0006330013275146484 22.961986780166626 0.0 1.0
0 0.01 21.403425646968028 0.0006239414215087891 22.962610721588135 0.0 1.0
0 0.01 18.642677119777133 0.0006661415100097656 22.963276863098145 0.0 1.0
0 0.01 16.238027310431736 0.0006520748138427734 22.963928937911987 0.0 1.0
0 0.01 14.143544365449966 0.0006830692291259766 22.964612007141113 0.0 1.0
0 0.01 12.319221010851523 0.0006411075592041016 22.965253114700317 0.0 1.0
0 0.01 10.730210362611421 0.000637054443359375 22.965890169143677 0.0 1.0
0 0.01 9.346160307090315 0.0006811618804931641 22.96657133102417 0.0 1.0
0 0.01 8.140633737265514 0.000705718994140625 22.96727705001831 0.0 1.0
0 0.01 7.090603570541246 0.0006339550018310547 22.96791100502014 0.0 1.0
0 0.01 6.176012902339531 0.0006389617919921875 22.968549966812134 0.0 1.0
0 0.01 5.379391893848717 0.0006289482116699219 22.969178915023804 0.0 1.0
0 0.01 4.685524076001097 0.0006701946258544922 22.969849109649658 0.0 1.0
0 0.01 4.081155695663349 0.0006499290466308594 22.97049903869629 0.0 1.0
0 0.01 3.554742552184356 0.0007340908050537109 22.971233129501343 0.0 1.0
0 0.01 3.09622948855821 0.000659942626953125 22.971893072128296 0.0 1.0
0 0.01 2.6968583252045994 0.0006902217864990234 22.972583293914795 0.0 1.0
0 0.01 2.349000567658869 0.01608109474182129 22.988664388656616 0.5714285714285715 1.0
0 0.01 2.046011692676912 0.0011241436004638672 22.98978853225708 0.5714285714285715 1.0
0 0.01 1.7821042294352372 0.0011866092681884766 22.99097514152527 0.5714285714285715 1.0
0 0.01 1.5522372115164986 0.0010612010955810547 22.99203634262085 0.5714285714285715 1.0
0 0.01 1.3520198880735976 0.0010461807250976562 22.993082523345947 0.5714285714285715 1.0
0 0.01 1.1776278549337647 0.0010950565338134766 22.99417757987976 0.5714285714285715 1.0
0 0.01 1.0257300036406054 0.005319833755493164 22.999497413635254 0.7499999999999999 1.0
0 0.01 0.8934248930683893 0.001071929931640625 23.000569343566895 0.7499999999999999 1.0
0 0.01 0.7781853282259436 0.0010869503021240234 23.00165629386902 0.7499999999999999 1.0
0 0.01 0.6778100876351608 0.0011987686157226562 23.00285506248474 0.7499999999999999 1.0
0 0.01 0.590381877216004 0.001310110092163086 23.004165172576904 0.7499999999999999 1.0
0 0.01 0.5142307075440048 0.013087034225463867 23.017252206802368 0.7272727272727272 1.0
0 0.01 0.44790199493955546 0.003131866455078125 23.020384073257446 0.7272727272727272 1.0
0 0.01 0.39012877707943217 0.04184293746948242 23.06222701072693 0.5000000000000001 1.0
0 0.01 0.33980751241358653 0.047415971755981445 23.10964298248291 0.4 1.0
0 0.01 0.2959770011254507 0.008785724639892578 23.118428707122803 0.4 1.0
0 0.01 0.2578000249994245 0.009268999099731445 23.127697706222534 0.4 1.0
0 0.01 0.22454735549379537 0.0680849552154541 23.19578266143799 0.3076923076923077 1.0
0 0.01 0.19558382455304058 0.012642145156860352 23.20842480659485 0.3076923076923077 1.0
0 0.01 0.1703561920944177 0.18727588653564453 23.395700693130493 0.26666666666666666 1.0
0 0.01 0.14838257842248037 0.0631721019744873 23.45887279510498 0.25806451612903225 1.0
0 0.01 0.12924325971726744 0.01914191246032715 23.478014707565308 0.25806451612903225 1.0
0 0.01 0.1125726507783501 0.06360435485839844 23.541619062423706 0.25 1.0
0 0.01 0.09805232188500161 0.06541991233825684 23.607038974761963 0.24242424242424243 1.0
0 0.01 0.08540491638568569 0.08811593055725098 23.695154905319214 0.2352941176470588 1.0
0 0.01 0.07438885283512764 0.019108057022094727 23.71426296234131 0.2352941176470588 1.0
0 0.01 0.06479371048308594 0.0833580493927002 23.79762101173401 0.2285714285714286 1.0
0 0.01 0.056436209971818335 0.22847366333007812 24.026094675064087 0.21621621621621623 1.0
0 0.01 0.049156712468482675 0.03539085388183594 24.061485528945923 0.21621621621621623 1.0
0 0.01 0.0428161703614703 0.19898700714111328 24.260472536087036 0.20512820512820512 1.0
0 0.01 0.03729347127511503 0.03215622901916504 24.2926287651062 0.20512820512820512 1.0
0 0.01 0.032483124670098805 0.030192852020263672 24.322821617126465 0.20512820512820512 1.0
