[216.40736058 188.4937774  164.18066384 143.00360867 124.55810333
 108.49181534  94.49785828  82.30892987  71.69220614  62.44489425
  54.39035884  47.37474809  41.26405496  35.94155748  31.30558923
  27.26759733  23.75045104  20.68696841  18.01863304  15.69447636
  13.67010404  11.906848    10.37102782   9.03330739   7.86813455
   6.85325305   5.96927734   5.19932239   4.52868107   3.94454329
   3.43575127   2.99258645   2.60658382   2.27037024   1.9775236
   1.72245016   1.5002777    1.30676244   1.138208     0.99139477
   0.86351843   0.75213639   0.65512111   0.57061946   0.49701737
   0.43290895   0.37706963   0.32843281   0.28606948   0.24917044]0 1 312.2098259152708 0.0006358623504638672 0.0006358623504638672 0.0 1.0
0 1 271.93903789811014 0.0006620883941650391 0.0012979507446289062 0.0 1.0
0 1 236.8626295349813 0.00900578498840332 0.010303735733032227 0.33333333333333337 1.0
0 1 206.31059705097118 0.009737014770507812 0.02004075050354004 0.5714285714285715 1.0
0 1 179.69935797424765 0.005563020706176758 0.025603771209716797 0.5714285714285715 1.0
0 1 156.52060397255676 0.004730939865112305 0.0303347110748291 0.5714285714285715 1.0
0 1 136.33159152101595 0.00394892692565918 0.03428363800048828 0.5714285714285715 1.0
0 1 118.74668494067365 0.011018037796020508 0.04530167579650879 0.7499999999999999 1.0
0 1 103.42999026917344 0.007292985916137695 0.052594661712646484 0.7499999999999999 1.0
0 1 90.08893926113359 0.006198883056640625 0.05879354476928711 0.7499999999999999 1.0
0 1 78.46870096453189 0.00580596923828125 0.06459951400756836 0.7499999999999999 1.0
0 1 68.34731412713553 0.005388021469116211 0.06998753547668457 0.7499999999999999 1.0
0 1 59.53144745577994 0.006148815155029297 0.07613635063171387 0.6666666666666665 1.0
0 1 51.85270674408604 0.01165008544921875 0.08778643608093262 0.7272727272727272 1.0
0 1 45.16441833008278 0.011822223663330078 0.0996086597442627 0.7272727272727272 1.0
0 1 39.33882744370648 0.014745950698852539 0.11435461044311523 0.6153846153846154 1.0
0 1 34.26465792907022 0.021955013275146484 0.13630962371826172 0.47058823529411764 1.0
0 1 29.84498672911064 0.030601978302001953 0.16691160202026367 0.3636363636363636 1.0
0 1 25.99539253258091 0.04160904884338379 0.20852065086364746 0.3076923076923077 1.0
0 1 22.642343220204207 0.12134289741516113 0.3298635482788086 0.26666666666666666 1.0
0 1 19.721791308170232 0.13936090469360352 0.4692244529724121 0.27586206896551724 1.0
0 1 17.177950560167822 0.28966689109802246 0.7588913440704346 0.26666666666666666 1.0
0 1 14.962230399696251 0.2063300609588623 0.9652214050292969 0.24242424242424243 1.0
0 1 13.03230776858211 0.19505000114440918 1.160271406173706 0.2222222222222222 1.0
0 1 11.351318703025308 0.1965348720550537 1.3568062782287598 0.2222222222222222 1.0
0 1 9.887154185253786 0.15325307846069336 1.5100593566894531 0.21621621621621623 1.0
0 1 8.611846820663045 0.15692400932312012 1.6669833660125732 0.20512820512820512 1.0
0 1 7.501036625197576 0.18013691902160645 1.8471202850341797 0.19999999999999998 1.0
0 1 6.53350571883761 0.15421104431152344 2.001331329345703 0.20512820512820512 1.0
0 1 5.69077303724795 0.21099185943603516 2.2123231887817383 0.18604651162790697 1.0
0 1 4.956741320068812 0.17649579048156738 2.3888189792633057 0.1777777777777778 1.0
0 1 4.317389632878279 0.23023509979248047 2.619054079055786 0.16666666666666666 1.0
0 1 3.7605055496069455 1.980349063873291 4.599403142929077 0.1702127659574468 1.0
0 1 3.2754518797500736 0.4172511100769043 5.0166542530059814 0.1702127659574468 1.0
0 1 2.8529634845718124 0.22220921516418457 5.238863468170166 0.16666666666666666 1.0
0 1 2.4849703012340436 0.18429017066955566 5.423153638839722 0.163265306122449 1.0
0 1 2.1644431943866964 0.2952089309692383 5.71836256980896 0.163265306122449 1.0
0 1 1.8852596907900219 0.17073988914489746 5.889102458953857 0.163265306122449 1.0
0 1 1.6420870323301746 0.1572868824005127 6.04638934135437 0.163265306122449 1.0
0 1 1.4302803135927475 0.14918875694274902 6.195578098297119 0.163265306122449 1.0
0 1 1.2457937582930971 0.13759279251098633 6.3331708908081055 0.163265306122449 1.0
0 1 1.0851034398309916 0.5030980110168457 6.836268901824951 0.1568627450980392 1.0
0 1 0.945139969834425 0.43500638008117676 7.271275281906128 0.1568627450980392 1.0
0 1 0.823229868958621 0.5698790550231934 7.841154336929321 0.1568627450980392 1.0
0 1 0.7170445000483404 0.9825773239135742 8.823731660842896 0.15384615384615383 1.0
0 1 0.624555588222246 0.9720728397369385 9.795804500579834 0.1509433962264151 1.0
0 1 0.5439964782567033 0.7106020450592041 10.506406545639038 0.1509433962264151 1.0
0 1 0.4738283892360109 0.6323230266571045 11.138729572296143 0.1509433962264151 1.0
0 1 0.4127110218901976 0.6477487087249756 11.786478281021118 0.1481481481481481 1.0
0 1 0.3594769571833539 0.6226918697357178 12.409170150756836 0.1481481481481481 1.0
0 0.1 130.20161032759302 0.0006420612335205078 12.409812211990356 0.0 1.0
0 0.1 113.40738729625762 0.0006368160247802734 12.410449028015137 0.0 1.0
0 0.1 98.77938883400856 0.0006270408630371094 12.411076068878174 0.0 1.0
0 0.1 86.03820166433057 0.0006647109985351562 12.411740779876709 0.0 1.0
0 0.1 74.9404529934022 0.0007550716400146484 12.412495851516724 0.0 1.0
0 0.1 65.27416178184274 0.0006549358367919922 12.413150787353516 0.0 1.0
0 0.1 56.854689638682785 0.0006229877471923828 12.413773775100708 0.0 1.0
0 0.1 49.52121399451067 0.0006310939788818359 12.41440486907959 0.0 1.0
0 0.1 43.13365618693992 0.0006437301635742188 12.415048599243164 0.0 1.0
0 0.1 37.570005780944214 0.0006687641143798828 12.415717363357544 0.0 1.0
0 0.1 32.7239900151928 0.0006771087646484375 12.416394472122192 0.0 1.0
0 0.1 28.503043857863506 0.0007278919219970703 12.41712236404419 0.0 1.0
0 0.1 24.826541897430772 0.010504961013793945 12.427627325057983 0.5714285714285715 1.0
0 0.1 21.624258295306348 0.0023260116577148438 12.429953336715698 0.5714285714285715 1.0
0 0.1 18.835025383479486 0.002173185348510742 12.432126522064209 0.5714285714285715 1.0
0 0.1 16.405565284674683 0.001953125 12.434079647064209 0.5714285714285715 1.0
0 0.1 14.289472237493916 0.002068042755126953 12.436147689819336 0.5714285714285715 1.0
0 0.1 12.446326187665905 0.00238800048828125 12.438535690307617 0.5714285714285715 1.0
0 0.1 10.840920713874212 0.008069992065429688 12.446605682373047 0.7499999999999999 1.0
0 0.1 9.44259054057033 0.002665996551513672 12.44927167892456 0.7499999999999999 1.0
0 0.1 8.224625792416147 0.002953052520751953 12.452224731445312 0.7499999999999999 1.0
0 0.1 7.163761801874259 0.002956867218017578 12.45518159866333 0.7499999999999999 1.0
0 0.1 6.239734724625884 0.0033931732177734375 12.458574771881104 0.7499999999999999 1.0
0 0.1 5.43489447450858 0.02797102928161621 12.48654580116272 0.7272727272727272 1.0
0 0.1 4.733867584541418 0.007902860641479492 12.4944486618042 0.7272727272727272 1.0
0 0.1 4.123263554256632 0.008826732635498047 12.503275394439697 0.7272727272727272 1.0
0 0.1 3.591419074200402 0.05735206604003906 12.560627460479736 0.5714285714285714 1.0
0 0.1 3.128175241967003 0.1486670970916748 12.709294557571411 0.4444444444444444 1.0
0 0.1 2.7246835143108377 0.05420708656311035 12.763501644134521 0.4210526315789473 1.0
0 0.1 2.373236688776134 0.09012222290039062 12.853623867034912 0.38095238095238093 1.0
0 0.1 2.0671216863796724 0.3776509761810303 13.231274843215942 0.3333333333333333 1.0
0 0.1 1.8004913233094775 0.49979686737060547 13.731071710586548 0.32000000000000006 1.0
0 0.1 1.5682526223167341 0.6035308837890625 14.33460259437561 0.2857142857142857 1.0
0 0.1 1.3659695304072161 0.44422221183776855 14.778824806213379 0.27586206896551724 1.0
0 0.1 1.1897781846170337 0.3002030849456787 15.079027891159058 0.25806451612903225 1.0
0 0.1 1.036313107341863 0.09230709075927734 15.171334981918335 0.25806451612903225 1.0
0 0.1 0.9026429214570189 0.2135930061340332 15.384927988052368 0.24242424242424243 1.0
0 0.1 0.786214357305898 0.21757888793945312 15.602506875991821 0.2352941176470588 1.0
0 0.1 0.6848034820193963 0.0751187801361084 15.67762565612793 0.2352941176470588 1.0
0 0.1 0.5964732195846044 0.7094399929046631 16.387065649032593 0.2285714285714286 1.0
0 0.1 0.5195363502423698 0.7408058643341064 17.1278715133667 0.2222222222222222 1.0
0 0.1 0.4525232824553942 2.6624581813812256 19.790329694747925 0.19999999999999998 1.0
0 0.1 0.3941539818506903 0.40344786643981934 20.193777561187744 0.19999999999999998 1.0
0 0.1 0.34331352094368267 0.6209359169006348 20.81471347808838 0.19512195121951217 1.0
0 0.1 0.2990307826127625 0.7884500026702881 21.603163480758667 0.19047619047619047 1.0
0 0.1 0.2604599105337001 1.2112319469451904 22.814395427703857 0.18181818181818182 1.0
0 0.1 0.22686415225376097 0.4412229061126709 23.25561833381653 0.18181818181818182 1.0
0 0.1 0.19760178628779224 0.20069670677185059 23.45631504058838 0.18181818181818182 1.0
0 0.1 0.17211386442601356 0.13457608222961426 23.590891122817993 0.18181818181818182 1.0
0 0.1 0.14991353511608546 2.445714235305786 26.03660535812378 0.1739130434782609 1.0
0 0.01 28.211963230963963 0.0006351470947265625 26.037240505218506 0.0 1.0
0 0.01 24.573006681497752 0.0006821155548095703 26.037922620773315 0.0 1.0
0 0.01 21.403425646968028 0.0006327629089355469 26.03855538368225 0.0 1.0
0 0.01 18.642677119777133 0.0006289482116699219 26.03918433189392 0.0 1.0
0 0.01 16.238027310431736 0.0006508827209472656 26.039835214614868 0.0 1.0
0 0.01 14.143544365449966 0.000659942626953125 26.04049515724182 0.0 1.0
0 0.01 12.319221010851523 0.0006477832794189453 26.04114294052124 0.0 1.0
0 0.01 10.730210362611421 0.0006749629974365234 26.041817903518677 0.0 1.0
0 0.01 9.346160307090315 0.0006868839263916016 26.04250478744507 0.0 1.0
0 0.01 8.140633737265514 0.0006740093231201172 26.04317879676819 0.0 1.0
0 0.01 7.090603570541246 0.0006237030029296875 26.043802499771118 0.0 1.0
0 0.01 6.176012902339531 0.0006461143493652344 26.044448614120483 0.0 1.0
0 0.01 5.379391893848717 0.0006749629974365234 26.04512357711792 0.0 1.0
0 0.01 4.685524076001097 0.0007669925689697266 26.04589056968689 0.0 1.0
0 0.01 4.081155695663349 0.0006308555603027344 26.046521425247192 0.0 1.0
0 0.01 3.554742552184356 0.0006263256072998047 26.047147750854492 0.0 1.0
0 0.01 3.09622948855821 0.0007419586181640625 26.047889709472656 0.0 1.0
0 0.01 2.6968583252045994 0.0006639957427978516 26.048553705215454 0.0 1.0
0 0.01 2.349000567658869 0.01599717140197754 26.06455087661743 0.5714285714285715 1.0
0 0.01 2.046011692676912 0.0015511512756347656 26.066102027893066 0.5714285714285715 1.0
0 0.01 1.7821042294352372 0.0013020038604736328 26.06740403175354 0.5714285714285715 1.0
0 0.01 1.5522372115164986 0.0013539791107177734 26.068758010864258 0.5714285714285715 1.0
0 0.01 1.3520198880735976 0.001447916030883789 26.07020592689514 0.5714285714285715 1.0
0 0.01 1.1776278549337647 0.0017070770263671875 26.07191300392151 0.5714285714285715 1.0
0 0.01 1.0257300036406054 0.005405902862548828 26.077318906784058 0.7499999999999999 1.0
0 0.01 0.8934248930683893 0.001767873764038086 26.079086780548096 0.7499999999999999 1.0
0 0.01 0.7781853282259436 0.0010449886322021484 26.080131769180298 0.7499999999999999 1.0
0 0.01 0.6778100876351608 0.0012710094451904297 26.08140277862549 0.7499999999999999 1.0
0 0.01 0.590381877216004 0.0013260841369628906 26.08272886276245 0.7499999999999999 1.0
0 0.01 0.5142307075440048 0.013037919998168945 26.09576678276062 0.7272727272727272 1.0
0 0.01 0.44790199493955546 0.003216981887817383 26.098983764648438 0.7272727272727272 1.0
0 0.01 0.39012877707943217 0.04214191436767578 26.141125679016113 0.5000000000000001 1.0
0 0.01 0.33980751241358653 0.0477139949798584 26.18883967399597 0.4 1.0
0 0.01 0.2959770011254507 0.009549140930175781 26.198388814926147 0.4 1.0
0 0.01 0.2578000249994245 0.010428190231323242 26.20881700515747 0.4 1.0
0 0.01 0.22454735549379537 0.07143998146057129 26.280256986618042 0.3076923076923077 1.0
0 0.01 0.19558382455304058 0.013240814208984375 26.293497800827026 0.3076923076923077 1.0
0 0.01 0.1703561920944177 0.190964937210083 26.48446273803711 0.26666666666666666 1.0
0 0.01 0.14838257842248037 0.06415009498596191 26.54861283302307 0.25806451612903225 1.0
0 0.01 0.12924325971726744 0.0196530818939209 26.568265914916992 0.25806451612903225 1.0
0 0.01 0.1125726507783501 0.06454086303710938 26.6328067779541 0.25 1.0
0 0.01 0.09805232188500161 0.06670498847961426 26.699511766433716 0.24242424242424243 1.0
0 0.01 0.08540491638568569 0.0926828384399414 26.792194604873657 0.2352941176470588 1.0
0 0.01 0.07438885283512764 0.020548105239868164 26.812742710113525 0.2352941176470588 1.0
0 0.01 0.06479371048308594 0.0888822078704834 26.90162491798401 0.2285714285714286 1.0
0 0.01 0.056436209971818335 0.23810935020446777 27.139734268188477 0.21621621621621623 1.0
0 0.01 0.049156712468482675 0.04000687599182129 27.179741144180298 0.21621621621621623 1.0
0 0.01 0.0428161703614703 0.20830917358398438 27.388050317764282 0.20512820512820512 1.0
0 0.01 0.03729347127511503 0.03541684150695801 27.42346715927124 0.20512820512820512 1.0
0 0.01 0.032483124670098805 0.03163766860961914 27.45510482788086 0.20512820512820512 1.0
