[216.40736058 188.4937774  164.18066384 143.00360867 124.55810333
 108.49181534  94.49785828  82.30892987  71.69220614  62.44489425
  54.39035884  47.37474809  41.26405496  35.94155748  31.30558923
  27.26759733  23.75045104  20.68696841  18.01863304  15.69447636
  13.67010404  11.906848    10.37102782   9.03330739   7.86813455
   6.85325305   5.96927734   5.19932239   4.52868107   3.94454329
   3.43575127   2.99258645   2.60658382   2.27037024   1.9775236
   1.72245016   1.5002777    1.30676244   1.138208     0.99139477
   0.86351843   0.75213639   0.65512111   0.57061946   0.49701737
   0.43290895   0.37706963   0.32843281   0.28606948   0.24917044]0 1 312.2098259152708 0.006440877914428711 0.006440877914428711 0.0 1.0
0 1 271.93903789811014 0.006572723388671875 0.013013601303100586 0.0 1.0
0 1 236.8626295349813 0.0067310333251953125 0.0197446346282959 0.33333333333333337 1.0
0 1 206.31059705097118 0.0572657585144043 0.0770103931427002 0.5714285714285715 1.0
0 1 179.69935797424765 0.05392122268676758 0.13093161582946777 0.5714285714285715 1.0
0 1 156.52060397255676 0.04491019248962402 0.1758418083190918 0.5714285714285715 1.0
0 1 136.33159152101595 0.04463815689086914 0.22047996520996094 0.5714285714285715 1.0
0 1 118.74668494067365 0.056999921798706055 0.277479887008667 0.7499999999999999 1.0
0 1 103.42999026917344 0.050772905349731445 0.32825279235839844 0.7499999999999999 1.0
0 1 90.08893926113359 0.050935983657836914 0.37918877601623535 0.7499999999999999 1.0
0 1 78.46870096453189 0.04490494728088379 0.42409372329711914 0.7499999999999999 1.0
0 1 68.34731412713553 0.04468584060668945 0.4687795639038086 0.7499999999999999 1.0
0 1 59.53144745577994 0.050704002380371094 0.5194835662841797 0.6666666666666665 1.0
0 1 51.85270674408604 0.05701494216918945 0.5764985084533691 0.7272727272727272 1.0
0 1 45.16441833008278 0.05133223533630371 0.6278307437896729 0.7272727272727272 1.0
0 1 39.33882744370648 0.07036399841308594 0.6981947422027588 0.6153846153846154 1.0
0 1 34.26465792907022 0.12494587898254395 0.8231406211853027 0.47058823529411764 1.0
0 1 29.84498672911064 0.14708924293518066 0.9702298641204834 0.3636363636363636 1.0
0 1 25.99539253258091 0.19016337394714355 1.160393238067627 0.3076923076923077 1.0
0 1 22.642343220204207 0.5765211582183838 1.7369143962860107 0.26666666666666666 1.0
0 1 19.721791308170232 0.6938948631286621 2.430809259414673 0.27586206896551724 1.0
0 1 17.177950560167822 0.9856886863708496 3.4164979457855225 0.26666666666666666 1.0
0 1 14.962230399696251 0.8371291160583496 4.253627061843872 0.24242424242424243 1.0
0 1 13.03230776858211 0.650831937789917 4.904458999633789 0.2222222222222222 1.0
0 1 11.351318703025308 0.7800641059875488 5.684523105621338 0.2222222222222222 1.0
0 1 9.887154185253786 0.6643409729003906 6.3488640785217285 0.21621621621621623 1.0
0 1 8.611846820663045 0.6654090881347656 7.014273166656494 0.20512820512820512 1.0
0 1 7.501036625197576 0.8346149921417236 7.848888158798218 0.19999999999999998 1.0
0 1 6.53350571883761 0.6865882873535156 8.535476446151733 0.20512820512820512 1.0
0 1 5.69077303724795 0.8474640846252441 9.382940530776978 0.18604651162790697 1.0
0 1 4.956741320068812 0.7370119094848633 10.11995244026184 0.1777777777777778 1.0
0 1 4.317389632878279 0.945850133895874 11.065802574157715 0.16666666666666666 1.0
0 1 3.7605055496069455 6.7828991413116455 17.84870171546936 0.1702127659574468 1.0
0 1 3.2754518797500736 1.506760835647583 19.355462551116943 0.1702127659574468 1.0
0 1 2.8529634845718124 0.9461190700531006 20.301581621170044 0.16666666666666666 1.0
0 1 2.4849703012340436 1.0520222187042236 21.353603839874268 0.163265306122449 1.0
0 1 2.1644431943866964 1.2390360832214355 22.592639923095703 0.163265306122449 1.0
0 1 1.8852596907900219 0.6283907890319824 23.221030712127686 0.163265306122449 1.0
0 1 1.6420870323301746 0.5755181312561035 23.79654884338379 0.163265306122449 1.0
0 1 1.4302803135927475 0.5592410564422607 24.35578989982605 0.163265306122449 1.0
0 1 1.2457937582930971 0.5507760047912598 24.90656590461731 0.163265306122449 1.0
0 1 1.0851034398309916 3.0106070041656494 27.91717290878296 0.1568627450980392 1.0
0 1 0.945139969834425 2.619615316390991 30.53678822517395 0.1568627450980392 1.0
0 1 0.823229868958621 3.76192307472229 34.29871129989624 0.1568627450980392 1.0
0 1 0.7170445000483404 7.572135925292969 41.87084722518921 0.15384615384615383 1.0
0 1 0.624555588222246 6.960533142089844 48.83138036727905 0.1509433962264151 1.0
0 1 0.5439964782567033 5.044281005859375 53.87566137313843 0.1509433962264151 1.0
0 1 0.4738283892360109 4.508548736572266 58.38421010971069 0.1509433962264151 1.0
0 1 0.4127110218901976 4.667482137680054 63.05169224739075 0.1481481481481481 1.0
0 1 0.3594769571833539 4.442562103271484 67.49425435066223 0.1481481481481481 1.0
0 0.1 130.20161032759302 0.006302833557128906 67.50055718421936 0.0 1.0
0 0.1 113.40738729625762 0.006398200988769531 67.50695538520813 0.0 1.0
0 0.1 98.77938883400856 0.006247997283935547 67.51320338249207 0.0 1.0
0 0.1 86.03820166433057 0.006296873092651367 67.51950025558472 0.0 1.0
0 0.1 74.9404529934022 0.006258964538574219 67.52575922012329 0.0 1.0
0 0.1 65.27416178184274 0.0063190460205078125 67.5320782661438 0.0 1.0
0 0.1 56.854689638682785 0.006378889083862305 67.53845715522766 0.0 1.0
0 0.1 49.52121399451067 0.04992175102233887 67.58837890625 0.5714285714285715 1.0
0 0.1 43.13365618693992 0.03744792938232422 67.62582683563232 0.5714285714285715 1.0
0 0.1 37.570005780944214 0.037396907806396484 67.66322374343872 0.5714285714285715 1.0
0 0.1 32.7239900151928 0.03734564781188965 67.70056939125061 0.5714285714285715 1.0
0 0.1 28.503043857863506 0.03737616539001465 67.73794555664062 0.5714285714285715 1.0
0 0.1 24.826541897430772 0.037364959716796875 67.77531051635742 0.5714285714285715 1.0
0 0.1 21.624258295306348 0.04996895790100098 67.82527947425842 0.7499999999999999 1.0
0 0.1 18.835025383479486 0.043643951416015625 67.86892342567444 0.7499999999999999 1.0
0 0.1 16.405565284674683 0.043524980545043945 67.91244840621948 0.7499999999999999 1.0
0 0.1 14.289472237493916 0.03733682632446289 67.94978523254395 0.7499999999999999 1.0
0 0.1 12.446326187665905 0.03734922409057617 67.98713445663452 0.7499999999999999 1.0
0 0.1 10.840920713874212 0.037367820739746094 68.02450227737427 0.7499999999999999 1.0
0 0.1 9.44259054057033 0.037459373474121094 68.06196165084839 0.7499999999999999 1.0
0 0.1 8.224625792416147 0.037412166595458984 68.09937381744385 0.7499999999999999 1.0
0 0.1 7.163761801874259 0.05069899559020996 68.15007281303406 0.888888888888889 1.0
0 0.1 6.239734724625884 0.06317496299743652 68.2132477760315 0.7272727272727272 1.0
0 0.1 5.43489447450858 0.05119681358337402 68.26444458961487 0.7272727272727272 1.0
0 0.1 4.733867584541418 0.05037808418273926 68.31482267379761 0.7272727272727272 1.0
0 0.1 4.123263554256632 0.10049295425415039 68.41531562805176 0.6153846153846154 1.0
0 0.1 3.591419074200402 0.08183908462524414 68.497154712677 0.5333333333333333 1.0
0 0.1 3.128175241967003 0.2337191104888916 68.7308738231659 0.4210526315789473 1.0
0 0.1 2.7246835143108377 0.19580793380737305 68.92668175697327 0.38095238095238093 1.0
0 0.1 2.373236688776134 0.12624502182006836 69.05292677879333 0.38095238095238093 1.0
0 0.1 2.0671216863796724 0.43627023696899414 69.48919701576233 0.3333333333333333 1.0
0 0.1 1.8004913233094775 0.39765501022338867 69.88685202598572 0.3076923076923077 1.0
0 0.1 1.5682526223167341 0.3852992057800293 70.27215123176575 0.2857142857142857 1.0
0 0.1 1.3659695304072161 0.4801459312438965 70.75229716300964 0.2962962962962963 1.0
0 0.1 1.1897781846170337 0.41265320777893066 71.16495037078857 0.26666666666666666 1.0
0 0.1 1.036313107341863 0.279876708984375 71.44482707977295 0.26666666666666666 1.0
0 0.1 0.9026429214570189 0.8382778167724609 72.28310489654541 0.24242424242424243 1.0
0 0.1 0.786214357305898 0.7066192626953125 72.98972415924072 0.2352941176470588 1.0
0 0.1 0.6848034820193963 0.4938530921936035 73.48357725143433 0.2222222222222222 1.0
0 0.1 0.5964732195846044 1.275420904159546 74.75899815559387 0.21621621621621623 1.0
0 0.1 0.5195363502423698 3.327871084213257 78.08686923980713 0.19999999999999998 1.0
0 0.1 0.4525232824553942 5.3523499965667725 83.4392192363739 0.19512195121951217 1.0
0 0.1 0.3941539818506903 1.5575599670410156 84.99677920341492 0.19512195121951217 1.0
0 0.1 0.34331352094368267 1.3676187992095947 86.36439800262451 0.19047619047619047 1.0
0 0.1 0.2990307826127625 7.884469032287598 94.24886703491211 0.25 1.0
0 0.1 0.2604599105337001 0.8822832107543945 95.1311502456665 0.25 1.0
0 0.1 0.22686415225376097 0.6940560340881348 95.82520627975464 0.24390243902439027 1.0
0 0.1 0.19760178628779224 0.8374109268188477 96.66261720657349 0.24390243902439027 1.0
0 0.1 0.17211386442601356 0.6649460792541504 97.32756328582764 0.24390243902439027 1.0
0 0.1 0.14991353511608546 0.5548672676086426 97.88243055343628 0.24390243902439027 1.0
0 0.01 28.211963230963963 0.006288051605224609 97.8887186050415 0.33333333333333337 1.0
0 0.01 24.573006681497752 0.04390406608581543 97.93262267112732 0.5714285714285715 1.0
0 0.01 21.403425646968028 0.037660837173461914 97.97028350830078 0.5714285714285715 1.0
0 0.01 18.642677119777133 0.03750205039978027 98.00778555870056 0.5714285714285715 1.0
0 0.01 16.238027310431736 0.037798166275024414 98.04558372497559 0.5714285714285715 1.0
0 0.01 14.143544365449966 0.03822493553161621 98.0838086605072 0.5714285714285715 1.0
0 0.01 12.319221010851523 0.03818082809448242 98.12198948860168 0.5714285714285715 1.0
0 0.01 10.730210362611421 0.031958818435668945 98.15394830703735 0.5714285714285715 1.0
0 0.01 9.346160307090315 0.05048799514770508 98.20443630218506 0.7499999999999999 1.0
0 0.01 8.140633737265514 0.037899017333984375 98.24233531951904 0.7499999999999999 1.0
0 0.01 7.090603570541246 0.03820967674255371 98.2805449962616 0.7499999999999999 1.0
0 0.01 6.176012902339531 0.037473201751708984 98.3180181980133 0.7499999999999999 1.0
0 0.01 5.379391893848717 0.03786206245422363 98.35588026046753 0.7499999999999999 1.0
0 0.01 4.685524076001097 0.037680864334106445 98.39356112480164 0.7499999999999999 1.0
0 0.01 4.081155695663349 0.03768515586853027 98.43124628067017 0.7499999999999999 1.0
0 0.01 3.554742552184356 0.03775286674499512 98.46899914741516 0.7499999999999999 1.0
0 0.01 3.09622948855821 0.03799581527709961 98.50699496269226 0.7499999999999999 1.0
0 0.01 2.6968583252045994 0.05068683624267578 98.55768179893494 0.888888888888889 1.0
0 0.01 2.349000567658869 0.03169989585876465 98.5893816947937 0.888888888888889 1.0
0 0.01 2.046011692676912 0.05668020248413086 98.64606189727783 0.7272727272727272 1.0
0 0.01 1.7821042294352372 0.044412851333618164 98.69047474861145 0.7272727272727272 1.0
0 0.01 1.5522372115164986 0.08872294425964355 98.7791976928711 0.6666666666666666 1.0
0 0.01 1.3520198880735976 0.08316469192504883 98.86236238479614 0.5714285714285714 1.0
0 0.01 1.1776278549337647 0.1145637035369873 98.97692608833313 0.5000000000000001 1.0
0 0.01 1.0257300036406054 0.12756776809692383 99.10449385643005 0.47058823529411764 1.0
0 0.01 0.8934248930683893 0.12788176536560059 99.23237562179565 0.4444444444444444 1.0
0 0.01 0.7781853282259436 0.10325121879577637 99.33562684059143 0.4444444444444444 1.0
0 0.01 0.6778100876351608 0.16513895988464355 99.50076580047607 0.3478260869565218 1.0
0 0.01 0.590381877216004 0.12083315849304199 99.62159895896912 0.3478260869565218 1.0
0 0.01 0.5142307075440048 0.1151130199432373 99.73671197891235 0.3478260869565218 1.0
0 0.01 0.44790199493955546 0.22191905975341797 99.95863103866577 0.32000000000000006 1.0
0 0.01 0.39012877707943217 0.15162110328674316 100.11025214195251 0.32000000000000006 1.0
0 0.01 0.33980751241358653 0.14556002616882324 100.25581216812134 0.32000000000000006 1.0
0 0.01 0.2959770011254507 0.14582395553588867 100.40163612365723 0.32000000000000006 1.0
0 0.01 0.2578000249994245 0.1866741180419922 100.58831024169922 0.2962962962962963 1.0
0 0.01 0.22454735549379537 0.17168688774108887 100.75999712944031 0.2857142857142857 1.0
0 0.01 0.19558382455304058 0.14017677307128906 100.9001739025116 0.2857142857142857 1.0
0 0.01 0.1703561920944177 0.5408859252929688 101.44105982780457 0.24242424242424243 1.0
0 0.01 0.14838257842248037 0.32537078857421875 101.76643061637878 0.24242424242424243 1.0
0 0.01 0.12924325971726744 0.2988400459289551 102.06527066230774 0.24242424242424243 1.0
0 0.01 0.1125726507783501 0.280040979385376 102.34531164169312 0.24242424242424243 1.0
0 0.01 0.09805232188500161 0.362194299697876 102.70750594139099 0.2352941176470588 1.0
0 0.01 0.08540491638568569 0.24315214157104492 102.95065808296204 0.2352941176470588 1.0
0 0.01 0.07438885283512764 0.47169995307922363 103.42235803604126 0.2222222222222222 1.0
0 0.01 0.06479371048308594 0.48618507385253906 103.9085431098938 0.2105263157894737 1.0
0 0.01 0.056436209971818335 0.5160777568817139 104.42462086677551 0.20512820512820512 1.0
0 0.01 0.049156712468482675 0.33881497383117676 104.76343584060669 0.20512820512820512 1.0
0 0.01 0.0428161703614703 0.8948588371276855 105.65829467773438 0.19047619047619047 1.0
0 0.01 0.03729347127511503 0.5272159576416016 106.18551063537598 0.19047619047619047 1.0
0 0.01 0.032483124670098805 0.8163368701934814 107.00184750556946 0.18181818181818182 1.0
