[216.40736058 188.4937774  164.18066384 143.00360867 124.55810333
 108.49181534  94.49785828  82.30892987  71.69220614  62.44489425
  54.39035884  47.37474809  41.26405496  35.94155748  31.30558923
  27.26759733  23.75045104  20.68696841  18.01863304  15.69447636
  13.67010404  11.906848    10.37102782   9.03330739   7.86813455
   6.85325305   5.96927734   5.19932239   4.52868107   3.94454329
   3.43575127   2.99258645   2.60658382   2.27037024   1.9775236
   1.72245016   1.5002777    1.30676244   1.138208     0.99139477
   0.86351843   0.75213639   0.65512111   0.57061946   0.49701737
   0.43290895   0.37706963   0.32843281   0.28606948   0.24917044]0 1 312.2098259152708 0.012521982192993164 0.012521982192993164 0.0 1.0
0 1 271.93903789811014 0.0071849822998046875 0.01970696449279785 0.0 1.0
0 1 236.8626295349813 0.013892173767089844 0.033599138259887695 0.33333333333333337 1.0
0 1 206.31059705097118 0.05559706687927246 0.08919620513916016 0.5714285714285715 1.0
0 1 179.69935797424765 0.03849196434020996 0.12768816947937012 0.5714285714285715 1.0
0 1 156.52060397255676 0.03199625015258789 0.159684419631958 0.5714285714285715 1.0
0 1 136.33159152101595 0.03286290168762207 0.19254732131958008 0.5714285714285715 1.0
0 1 118.74668494067365 0.03827619552612305 0.23082351684570312 0.7499999999999999 1.0
0 1 103.42999026917344 0.03484797477722168 0.2656714916229248 0.7499999999999999 1.0
0 1 90.08893926113359 0.03233003616333008 0.2980015277862549 0.7499999999999999 1.0
0 1 78.46870096453189 0.03232717514038086 0.33032870292663574 0.7499999999999999 1.0
0 1 68.34731412713553 0.031852006912231445 0.3621807098388672 0.7499999999999999 1.0
0 1 59.53144745577994 0.03856015205383301 0.4007408618927002 0.6666666666666665 1.0
0 1 51.85270674408604 0.03839683532714844 0.43913769721984863 0.7272727272727272 1.0
0 1 45.16441833008278 0.03784012794494629 0.4769778251647949 0.7272727272727272 1.0
0 1 39.33882744370648 0.044264793395996094 0.521242618560791 0.6153846153846154 1.0
0 1 34.26465792907022 0.08253121376037598 0.603773832321167 0.47058823529411764 1.0
0 1 29.84498672911064 0.0836489200592041 0.6874227523803711 0.3636363636363636 1.0
0 1 25.99539253258091 0.10875797271728516 0.7961807250976562 0.3076923076923077 1.0
0 1 22.642343220204207 0.3089311122894287 1.105111837387085 0.26666666666666666 1.0
0 1 19.721791308170232 0.34853315353393555 1.4536449909210205 0.27586206896551724 1.0
0 1 17.177950560167822 0.6289899349212646 2.082634925842285 0.26666666666666666 1.0
0 1 14.962230399696251 0.5103759765625 2.593010902404785 0.24242424242424243 1.0
0 1 13.03230776858211 0.43745899200439453 3.0304698944091797 0.2222222222222222 1.0
0 1 11.351318703025308 0.4102511405944824 3.440721035003662 0.2222222222222222 1.0
0 1 9.887154185253786 0.38416600227355957 3.8248870372772217 0.21621621621621623 1.0
0 1 8.611846820663045 0.39259910583496094 4.217486143112183 0.20512820512820512 1.0
0 1 7.501036625197576 0.4409060478210449 4.6583921909332275 0.19999999999999998 1.0
0 1 6.53350571883761 0.3634507656097412 5.021842956542969 0.20512820512820512 1.0
0 1 5.69077303724795 0.43291401863098145 5.45475697517395 0.18604651162790697 1.0
0 1 4.956741320068812 0.35887789726257324 5.813634872436523 0.1777777777777778 1.0
0 1 4.317389632878279 0.4082322120666504 6.221867084503174 0.1702127659574468 1.0
0 1 3.7605055496069455 4.783806800842285 11.005673885345459 0.1702127659574468 1.0
0 1 3.2754518797500736 0.9237241744995117 11.92939805984497 0.1702127659574468 1.0
0 1 2.8529634845718124 0.2140200138092041 12.143418073654175 0.16666666666666666 1.0
0 1 2.4849703012340436 0.289107084274292 12.432525157928467 0.163265306122449 1.0
0 1 2.1644431943866964 0.6520860195159912 13.084611177444458 0.163265306122449 1.0
0 1 1.8852596907900219 0.2770869731903076 13.361698150634766 0.163265306122449 1.0
0 1 1.6420870323301746 0.2644319534301758 13.626130104064941 0.163265306122449 1.0
0 1 1.4302803135927475 0.2456953525543213 13.871825456619263 0.163265306122449 1.0
0 1 1.2457937582930971 0.2337050437927246 14.105530500411987 0.163265306122449 1.0
0 1 1.0851034398309916 1.225597858428955 15.331128358840942 0.1568627450980392 1.0
0 1 0.945139969834425 1.0723369121551514 16.403465270996094 0.1568627450980392 1.0
0 1 0.823229868958621 2.5605533123016357 18.96401858329773 0.1568627450980392 1.0
0 1 0.7170445000483404 0.7442107200622559 19.708229303359985 0.1481481481481481 1.0
0 1 0.624555588222246 7.554655075073242 27.262884378433228 0.15384615384615383 1.0
0 1 0.5439964782567033 0.8112828731536865 28.074167251586914 0.1481481481481481 1.0
0 1 0.4738283892360109 5.858755111694336 33.93292236328125 0.1509433962264151 1.0
0 1 0.4127110218901976 1.5078420639038086 35.44076442718506 0.14545454545454545 1.0
0 1 0.3594769571833539 1.873993158340454 37.31475758552551 0.1481481481481481 1.0
0 0.1 130.20161032759302 0.0062978267669677734 37.32105541229248 0.0 1.0
0 0.1 113.40738729625762 0.006673336029052734 37.32772874832153 0.0 1.0
0 0.1 98.77938883400856 0.00654911994934082 37.334277868270874 0.0 1.0
0 0.1 86.03820166433057 0.006513118743896484 37.34079098701477 0.0 1.0
0 0.1 74.9404529934022 0.006496906280517578 37.34728789329529 0.0 1.0
0 0.1 65.27416178184274 0.00683283805847168 37.35412073135376 0.0 1.0
0 0.1 56.854689638682785 0.006593227386474609 37.360713958740234 0.0 1.0
0 0.1 49.52121399451067 0.03857088088989258 37.39928483963013 0.5714285714285715 1.0
0 0.1 43.13365618693992 0.032195091247558594 37.431479930877686 0.5714285714285715 1.0
0 0.1 37.570005780944214 0.025682926177978516 37.457162857055664 0.5714285714285715 1.0
0 0.1 32.7239900151928 0.025831937789916992 37.48299479484558 0.5714285714285715 1.0
0 0.1 28.503043857863506 0.025876998901367188 37.50887179374695 0.5714285714285715 1.0
0 0.1 24.826541897430772 0.02568221092224121 37.53455400466919 0.5714285714285715 1.0
0 0.1 21.624258295306348 0.038316965103149414 37.57287096977234 0.7499999999999999 1.0
0 0.1 18.835025383479486 0.02567601203918457 37.59854698181152 0.7499999999999999 1.0
0 0.1 16.405565284674683 0.025596141815185547 37.62414312362671 0.7499999999999999 1.0
0 0.1 14.289472237493916 0.025681257247924805 37.649824380874634 0.7499999999999999 1.0
0 0.1 12.446326187665905 0.025326251983642578 37.675150632858276 0.7499999999999999 1.0
0 0.1 10.840920713874212 0.02553582191467285 37.70068645477295 0.7499999999999999 1.0
0 0.1 9.44259054057033 0.02567911148071289 37.72636556625366 0.7499999999999999 1.0
0 0.1 8.224625792416147 0.02567601203918457 37.75204157829285 0.7499999999999999 1.0
0 0.1 7.163761801874259 0.03823113441467285 37.79027271270752 0.888888888888889 1.0
0 0.1 6.239734724625884 0.04465913772583008 37.83493185043335 0.7272727272727272 1.0
0 0.1 5.43489447450858 0.03244805335998535 37.867379903793335 0.7272727272727272 1.0
0 0.1 4.733867584541418 0.03252291679382324 37.89990282058716 0.7272727272727272 1.0
0 0.1 4.123263554256632 0.06968188285827637 37.969584703445435 0.6153846153846154 1.0
0 0.1 3.591419074200402 0.06360697746276855 38.0331916809082 0.5333333333333333 1.0
0 0.1 3.128175241967003 0.17112994194030762 38.20432162284851 0.4210526315789473 1.0
0 0.1 2.7246835143108377 0.1520709991455078 38.35639262199402 0.38095238095238093 1.0
0 0.1 2.373236688776134 0.0826272964477539 38.43901991844177 0.38095238095238093 1.0
0 0.1 2.0671216863796724 0.3106098175048828 38.749629735946655 0.3333333333333333 1.0
0 0.1 1.8004913233094775 0.3041229248046875 39.05375266075134 0.3076923076923077 1.0
0 0.1 1.5682526223167341 0.2306501865386963 39.28440284729004 0.2857142857142857 1.0
0 0.1 1.3659695304072161 0.41010522842407227 39.69450807571411 0.2962962962962963 1.0
0 0.1 1.1897781846170337 0.2608308792114258 39.95533895492554 0.26666666666666666 1.0
0 0.1 1.036313107341863 0.16048789024353027 40.11582684516907 0.26666666666666666 1.0
0 0.1 0.9026429214570189 0.6403470039367676 40.756173849105835 0.24242424242424243 1.0
0 0.1 0.786214357305898 0.44077396392822266 41.19694781303406 0.2352941176470588 1.0
0 0.1 0.6848034820193963 0.26938891410827637 41.466336727142334 0.2222222222222222 1.0
0 0.1 0.5964732195846044 0.9733600616455078 42.43969678878784 0.21621621621621623 1.0
0 0.1 0.5195363502423698 2.2685389518737793 44.70823574066162 0.19999999999999998 1.0
0 0.1 0.4525232824553942 3.1806211471557617 47.88885688781738 0.19512195121951217 1.0
0 0.1 0.3941539818506903 0.5573539733886719 48.446210861206055 0.19512195121951217 1.0
0 0.1 0.34331352094368267 0.5996527671813965 49.04586362838745 0.19047619047619047 1.0
0 0.1 0.2990307826127625 7.0581440925598145 56.104007720947266 0.25 1.0
0 0.1 0.2604599105337001 0.41688013076782227 56.52088785171509 0.25 1.0
0 0.1 0.22686415225376097 0.19092082977294922 56.71180868148804 0.24390243902439027 1.0
0 0.1 0.19760178628779224 0.35074687004089355 57.06255555152893 0.24390243902439027 1.0
0 0.1 0.17211386442601356 0.24337100982666016 57.30592656135559 0.24390243902439027 1.0
0 0.1 0.14991353511608546 0.16937494277954102 57.47530150413513 0.24390243902439027 1.0
0 0.01 28.211963230963963 0.006340980529785156 57.48164248466492 0.33333333333333337 1.0
0 0.01 24.573006681497752 0.031829833984375 57.51347231864929 0.5714285714285715 1.0
0 0.01 21.403425646968028 0.025664091110229492 57.53913640975952 0.5714285714285715 1.0
0 0.01 18.642677119777133 0.02564096450805664 57.56477737426758 0.5714285714285715 1.0
0 0.01 16.238027310431736 0.02542710304260254 57.59020447731018 0.5714285714285715 1.0
0 0.01 14.143544365449966 0.02562999725341797 57.6158344745636 0.5714285714285715 1.0
0 0.01 12.319221010851523 0.025861024856567383 57.641695499420166 0.5714285714285715 1.0
0 0.01 10.730210362611421 0.025048255920410156 57.666743755340576 0.5714285714285715 1.0
0 0.01 9.346160307090315 0.03774690628051758 57.704490661621094 0.7499999999999999 1.0
0 0.01 8.140633737265514 0.025249004364013672 57.72973966598511 0.7499999999999999 1.0
0 0.01 7.090603570541246 0.025163888931274414 57.75490355491638 0.7499999999999999 1.0
0 0.01 6.176012902339531 0.025169849395751953 57.780073404312134 0.7499999999999999 1.0
0 0.01 5.379391893848717 0.025165081024169922 57.805238485336304 0.7499999999999999 1.0
0 0.01 4.685524076001097 0.025166034698486328 57.83040452003479 0.7499999999999999 1.0
0 0.01 4.081155695663349 0.025146007537841797 57.85555052757263 0.7499999999999999 1.0
0 0.01 3.554742552184356 0.025310993194580078 57.88086152076721 0.7499999999999999 1.0
0 0.01 3.09622948855821 0.01900792121887207 57.899869441986084 0.7499999999999999 1.0
0 0.01 2.6968583252045994 0.03799295425415039 57.937862396240234 0.888888888888889 1.0
0 0.01 2.349000567658869 0.018981218338012695 57.95684361457825 0.888888888888889 1.0
0 0.01 2.046011692676912 0.0441441535949707 58.00098776817322 0.7272727272727272 1.0
0 0.01 1.7821042294352372 0.025404930114746094 58.026392698287964 0.7272727272727272 1.0
0 0.01 1.5522372115164986 0.0573277473449707 58.083720445632935 0.6666666666666666 1.0
0 0.01 1.3520198880735976 0.06385588645935059 58.147576332092285 0.5714285714285714 1.0
0 0.01 1.1776278549337647 0.08276510238647461 58.23034143447876 0.5000000000000001 1.0
0 0.01 1.0257300036406054 0.08909201622009277 58.31943345069885 0.47058823529411764 1.0
0 0.01 0.8934248930683893 0.08980607986450195 58.409239530563354 0.4444444444444444 1.0
0 0.01 0.7781853282259436 0.05787014961242676 58.46710968017578 0.4444444444444444 1.0
0 0.01 0.6778100876351608 0.11476612091064453 58.581875801086426 0.3478260869565218 1.0
0 0.01 0.590381877216004 0.06991004943847656 58.6517858505249 0.3478260869565218 1.0
0 0.01 0.5142307075440048 0.0705258846282959 58.7223117351532 0.3478260869565218 1.0
0 0.01 0.44790199493955546 0.15837979316711426 58.88069152832031 0.32000000000000006 1.0
0 0.01 0.39012877707943217 0.0888819694519043 58.96957349777222 0.32000000000000006 1.0
0 0.01 0.33980751241358653 0.08824992179870605 59.05782341957092 0.32000000000000006 1.0
0 0.01 0.2959770011254507 0.0831289291381836 59.140952348709106 0.32000000000000006 1.0
0 0.01 0.2578000249994245 0.12068009376525879 59.261632442474365 0.2962962962962963 1.0
0 0.01 0.22454735549379537 0.10820794105529785 59.36984038352966 0.2857142857142857 1.0
0 0.01 0.19558382455304058 0.07662487030029297 59.446465253829956 0.2857142857142857 1.0
0 0.01 0.1703561920944177 0.3478126525878906 59.79427790641785 0.24242424242424243 1.0
0 0.01 0.14838257842248037 0.15221929550170898 59.946497201919556 0.24242424242424243 1.0
0 0.01 0.12924325971726744 0.13405704498291016 60.080554246902466 0.24242424242424243 1.0
0 0.01 0.1125726507783501 0.12086987495422363 60.20142412185669 0.24242424242424243 1.0
0 0.01 0.09805232188500161 0.20338201522827148 60.40480613708496 0.2352941176470588 1.0
0 0.01 0.08540491638568569 0.09626007080078125 60.50106620788574 0.2352941176470588 1.0
0 0.01 0.07438885283512764 0.3008842468261719 60.801950454711914 0.2222222222222222 1.0
0 0.01 0.06479371048308594 0.2920680046081543 61.09401845932007 0.2105263157894737 1.0
0 0.01 0.056436209971818335 0.3066990375518799 61.40071749687195 0.20512820512820512 1.0
0 0.01 0.049156712468482675 0.14011597633361816 61.540833473205566 0.20512820512820512 1.0
0 0.01 0.0428161703614703 0.5623788833618164 62.10321235656738 0.19047619047619047 1.0
0 0.01 0.03729347127511503 0.21752190589904785 62.32073426246643 0.19047619047619047 1.0
0 0.01 0.032483124670098805 0.48488593101501465 62.805620193481445 0.18181818181818182 1.0
