[216.40736058 188.4937774  164.18066384 143.00360867 124.55810333
 108.49181534  94.49785828  82.30892987  71.69220614  62.44489425
  54.39035884  47.37474809  41.26405496  35.94155748  31.30558923
  27.26759733  23.75045104  20.68696841  18.01863304  15.69447636
  13.67010404  11.906848    10.37102782   9.03330739   7.86813455
   6.85325305   5.96927734   5.19932239   4.52868107   3.94454329
   3.43575127   2.99258645   2.60658382   2.27037024   1.9775236
   1.72245016   1.5002777    1.30676244   1.138208     0.99139477
   0.86351843   0.75213639   0.65512111   0.57061946   0.49701737
   0.43290895   0.37706963   0.32843281   0.28606948   0.24917044]0 1 312.2098259152708 0.006738901138305664 0.006738901138305664 0.0 1.0
0 1 271.93903789811014 0.006493091583251953 0.013231992721557617 0.0 1.0
0 1 236.8626295349813 0.0066051483154296875 0.019837141036987305 0.33333333333333337 1.0
0 1 206.31059705097118 0.05142402648925781 0.07126116752624512 0.5714285714285715 1.0
0 1 179.69935797424765 0.04466390609741211 0.11592507362365723 0.5714285714285715 1.0
0 1 156.52060397255676 0.03821396827697754 0.15413904190063477 0.5714285714285715 1.0
0 1 136.33159152101595 0.03806471824645996 0.19220376014709473 0.5714285714285715 1.0
0 1 118.74668494067365 0.04493594169616699 0.23713970184326172 0.7499999999999999 1.0
0 1 103.42999026917344 0.04451799392700195 0.28165769577026367 0.7499999999999999 1.0
0 1 90.08893926113359 0.04455685615539551 0.3262145519256592 0.7499999999999999 1.0
0 1 78.46870096453189 0.03835797309875488 0.36457252502441406 0.7499999999999999 1.0
0 1 68.34731412713553 0.03841876983642578 0.40299129486083984 0.7499999999999999 1.0
0 1 59.53144745577994 0.0483250617980957 0.45131635665893555 0.6666666666666665 1.0
0 1 51.85270674408604 0.05404520034790039 0.5053615570068359 0.7272727272727272 1.0
0 1 45.16441833008278 0.04492998123168945 0.5502915382385254 0.7272727272727272 1.0
0 1 39.33882744370648 0.05713033676147461 0.607421875 0.6153846153846154 1.0
0 1 34.26465792907022 0.10978889465332031 0.7172107696533203 0.47058823529411764 1.0
0 1 29.84498672911064 0.11484193801879883 0.8320527076721191 0.3636363636363636 1.0
0 1 25.99539253258091 0.14432907104492188 0.976381778717041 0.3076923076923077 1.0
0 1 22.642343220204207 0.4526939392089844 1.4290757179260254 0.26666666666666666 1.0
0 1 19.721791308170232 0.5271003246307373 1.9561760425567627 0.27586206896551724 1.0
0 1 17.177950560167822 0.8084819316864014 2.764657974243164 0.26666666666666666 1.0
0 1 14.962230399696251 0.675886869430542 3.440544843673706 0.24242424242424243 1.0
0 1 13.03230776858211 0.544471025466919 3.985015869140625 0.2222222222222222 1.0
0 1 11.351318703025308 0.5872299671173096 4.572245836257935 0.2222222222222222 1.0
0 1 9.887154185253786 0.5291309356689453 5.10137677192688 0.21621621621621623 1.0
0 1 8.611846820663045 0.52364182472229 5.62501859664917 0.20512820512820512 1.0
0 1 7.501036625197576 0.6316432952880859 6.256661891937256 0.19999999999999998 1.0
0 1 6.53350571883761 0.5216038227081299 6.778265714645386 0.20512820512820512 1.0
0 1 5.69077303724795 0.6418271064758301 7.420092821121216 0.18604651162790697 1.0
0 1 4.956741320068812 0.5451850891113281 7.965277910232544 0.1777777777777778 1.0
0 1 4.317389632878279 0.6708879470825195 8.636165857315063 0.16666666666666666 1.0
0 1 3.7605055496069455 5.740885019302368 14.377050876617432 0.1702127659574468 1.0
0 1 3.2754518797500736 1.214982032775879 15.59203290939331 0.1702127659574468 1.0
0 1 2.8529634845718124 0.5787909030914307 16.17082381248474 0.16666666666666666 1.0
0 1 2.4849703012340436 0.7027549743652344 16.873578786849976 0.163265306122449 1.0
0 1 2.1644431943866964 0.9468259811401367 17.820404767990112 0.163265306122449 1.0
0 1 1.8852596907900219 0.4211890697479248 18.241593837738037 0.163265306122449 1.0
0 1 1.6420870323301746 0.41789793968200684 18.659491777420044 0.163265306122449 1.0
0 1 1.4302803135927475 0.39218711853027344 19.051678895950317 0.163265306122449 1.0
0 1 1.2457937582930971 0.37423229217529297 19.42591118812561 0.163265306122449 1.0
0 1 1.0851034398309916 2.1032681465148926 21.529179334640503 0.1568627450980392 1.0
0 1 0.945139969834425 1.79776930809021 23.326948642730713 0.1568627450980392 1.0
0 1 0.823229868958621 3.0968477725982666 26.42379641532898 0.1568627450980392 1.0
0 1 0.7170445000483404 6.231189012527466 32.654985427856445 0.15384615384615383 1.0
0 1 0.624555588222246 5.254836082458496 37.90982151031494 0.1509433962264151 1.0
0 1 0.5439964782567033 3.364531993865967 41.27435350418091 0.1509433962264151 1.0
0 1 0.4738283892360109 2.8970859050750732 44.17143940925598 0.1509433962264151 1.0
0 1 0.4127110218901976 2.943664073944092 47.11510348320007 0.1481481481481481 1.0
0 1 0.3594769571833539 2.8636670112609863 49.97877049446106 0.1481481481481481 1.0
0 0.1 130.20161032759302 0.006329059600830078 49.98509955406189 0.0 1.0
0 0.1 113.40738729625762 0.006483316421508789 49.9915828704834 0.0 1.0
0 0.1 98.77938883400856 0.006676912307739258 49.99825978279114 0.0 1.0
0 0.1 86.03820166433057 0.0065190792083740234 50.00477886199951 0.0 1.0
0 0.1 74.9404529934022 0.0073778629302978516 50.01215672492981 0.0 1.0
0 0.1 65.27416178184274 0.0068817138671875 50.019038438797 0.0 1.0
0 0.1 56.854689638682785 0.0066950321197509766 50.02573347091675 0.0 1.0
0 0.1 49.52121399451067 0.04537796974182129 50.07111144065857 0.5714285714285715 1.0
0 0.1 43.13365618693992 0.032003164291381836 50.10311460494995 0.5714285714285715 1.0
0 0.1 37.570005780944214 0.032248735427856445 50.13536334037781 0.5714285714285715 1.0
0 0.1 32.7239900151928 0.03181195259094238 50.16717529296875 0.5714285714285715 1.0
0 0.1 28.503043857863506 0.0320591926574707 50.19923448562622 0.5714285714285715 1.0
0 0.1 24.826541897430772 0.031951904296875 50.231186389923096 0.5714285714285715 1.0
0 0.1 21.624258295306348 0.044599056243896484 50.27578544616699 0.7499999999999999 1.0
0 0.1 18.835025383479486 0.03832125663757324 50.314106702804565 0.7499999999999999 1.0
0 0.1 16.405565284674683 0.03210592269897461 50.34621262550354 0.7499999999999999 1.0
0 0.1 14.289472237493916 0.03201007843017578 50.378222703933716 0.7499999999999999 1.0
0 0.1 12.446326187665905 0.03178071975708008 50.410003423690796 0.7499999999999999 1.0
0 0.1 10.840920713874212 0.032011985778808594 50.442015409469604 0.7499999999999999 1.0
0 0.1 9.44259054057033 0.03258490562438965 50.474600315093994 0.7499999999999999 1.0
0 0.1 8.224625792416147 0.0321202278137207 50.506720542907715 0.7499999999999999 1.0
0 0.1 7.163761801874259 0.04450368881225586 50.55122423171997 0.888888888888889 1.0
0 0.1 6.239734724625884 0.056876182556152344 50.60810041427612 0.7272727272727272 1.0
0 0.1 5.43489447450858 0.03812408447265625 50.64622449874878 0.7272727272727272 1.0
0 0.1 4.733867584541418 0.03844308853149414 50.68466758728027 0.7272727272727272 1.0
0 0.1 4.123263554256632 0.0822899341583252 50.7669575214386 0.6153846153846154 1.0
0 0.1 3.591419074200402 0.07624125480651855 50.84319877624512 0.5333333333333333 1.0
0 0.1 3.128175241967003 0.2032930850982666 51.046491861343384 0.4210526315789473 1.0
0 0.1 2.7246835143108377 0.17101216316223145 51.217504024505615 0.38095238095238093 1.0
0 0.1 2.373236688776134 0.10273480415344238 51.32023882865906 0.38095238095238093 1.0
0 0.1 2.0671216863796724 0.3759469985961914 51.69618582725525 0.3333333333333333 1.0
0 0.1 1.8004913233094775 0.34314799308776855 52.03933382034302 0.3076923076923077 1.0
0 0.1 1.5682526223167341 0.3040790557861328 52.34341287612915 0.2857142857142857 1.0
0 0.1 1.3659695304072161 0.445188045501709 52.78860092163086 0.2962962962962963 1.0
0 0.1 1.1897781846170337 0.3185708522796631 53.10717177391052 0.26666666666666666 1.0
0 0.1 1.036313107341863 0.21627187728881836 53.32344365119934 0.26666666666666666 1.0
0 0.1 0.9026429214570189 0.8097720146179199 54.13321566581726 0.24242424242424243 1.0
0 0.1 0.786214357305898 0.5682418346405029 54.701457500457764 0.2352941176470588 1.0
0 0.1 0.6848034820193963 0.3810691833496094 55.08252668380737 0.2222222222222222 1.0
0 0.1 0.5964732195846044 1.1285300254821777 56.21105670928955 0.21621621621621623 1.0
0 0.1 0.5195363502423698 2.732501983642578 58.94355869293213 0.19999999999999998 1.0
0 0.1 0.4525232824553942 4.200755834579468 63.1443145275116 0.19512195121951217 1.0
0 0.1 0.3941539818506903 1.0769176483154297 64.22123217582703 0.19512195121951217 1.0
0 0.1 0.34331352094368267 0.9945647716522217 65.21579694747925 0.19047619047619047 1.0
0 0.1 0.2990307826127625 7.432884931564331 72.64868187904358 0.25 1.0
0 0.1 0.2604599105337001 0.6575169563293457 73.30619883537292 0.25 1.0
0 0.1 0.22686415225376097 0.2936558723449707 73.5998547077179 0.24390243902439027 1.0
0 0.1 0.19760178628779224 0.6068019866943359 74.20665669441223 0.24390243902439027 1.0
0 0.1 0.17211386442601356 0.4656248092651367 74.67228150367737 0.24390243902439027 1.0
0 0.1 0.14991353511608546 0.3644118309020996 75.03669333457947 0.24390243902439027 1.0
0 0.01 28.211963230963963 0.006501913070678711 75.04319524765015 0.33333333333333337 1.0
0 0.01 24.573006681497752 0.03868699073791504 75.08188223838806 0.5714285714285715 1.0
0 0.01 21.403425646968028 0.032019853591918945 75.11390209197998 0.5714285714285715 1.0
0 0.01 18.642677119777133 0.0324099063873291 75.14631199836731 0.5714285714285715 1.0
0 0.01 16.238027310431736 0.03205299377441406 75.17836499214172 0.5714285714285715 1.0
0 0.01 14.143544365449966 0.032156944274902344 75.21052193641663 0.5714285714285715 1.0
0 0.01 12.319221010851523 0.03209400177001953 75.24261593818665 0.5714285714285715 1.0
0 0.01 10.730210362611421 0.03207087516784668 75.27468681335449 0.5714285714285715 1.0
0 0.01 9.346160307090315 0.04439902305603027 75.31908583641052 0.7499999999999999 1.0
0 0.01 8.140633737265514 0.031826019287109375 75.35091185569763 0.7499999999999999 1.0
0 0.01 7.090603570541246 0.03209805488586426 75.3830099105835 0.7499999999999999 1.0
0 0.01 6.176012902339531 0.03182530403137207 75.41483521461487 0.7499999999999999 1.0
0 0.01 5.379391893848717 0.03212904930114746 75.44696426391602 0.7499999999999999 1.0
0 0.01 4.685524076001097 0.031996965408325195 75.47896122932434 0.7499999999999999 1.0
0 0.01 4.081155695663349 0.032186031341552734 75.5111472606659 0.7499999999999999 1.0
0 0.01 3.554742552184356 0.03246808052062988 75.54361534118652 0.7499999999999999 1.0
0 0.01 3.09622948855821 0.032025814056396484 75.57564115524292 0.7499999999999999 1.0
0 0.01 2.6968583252045994 0.045005083084106445 75.62064623832703 0.888888888888889 1.0
0 0.01 2.349000567658869 0.025831937789916992 75.64647817611694 0.888888888888889 1.0
0 0.01 2.046011692676912 0.05129289627075195 75.6977710723877 0.7272727272727272 1.0
0 0.01 1.7821042294352372 0.03857588768005371 75.73634696006775 0.7272727272727272 1.0
0 0.01 1.5522372115164986 0.07689213752746582 75.81323909759521 0.6666666666666666 1.0
0 0.01 1.3520198880735976 0.07069110870361328 75.88393020629883 0.5714285714285714 1.0
0 0.01 1.1776278549337647 0.10303997993469238 75.98697018623352 0.5000000000000001 1.0
0 0.01 1.0257300036406054 0.10951709747314453 76.09648728370667 0.47058823529411764 1.0
0 0.01 0.8934248930683893 0.11192607879638672 76.20841336250305 0.4444444444444444 1.0
0 0.01 0.7781853282259436 0.0782768726348877 76.28669023513794 0.4444444444444444 1.0
0 0.01 0.6778100876351608 0.14068818092346191 76.4273784160614 0.3478260869565218 1.0
0 0.01 0.590381877216004 0.09775781631469727 76.5251362323761 0.3478260869565218 1.0
0 0.01 0.5142307075440048 0.09078788757324219 76.61592411994934 0.3478260869565218 1.0
0 0.01 0.44790199493955546 0.19222712516784668 76.80815124511719 0.32000000000000006 1.0
0 0.01 0.39012877707943217 0.12179279327392578 76.92994403839111 0.32000000000000006 1.0
0 0.01 0.33980751241358653 0.1147458553314209 77.04468989372253 0.32000000000000006 1.0
0 0.01 0.2959770011254507 0.11517786979675293 77.15986776351929 0.32000000000000006 1.0
0 0.01 0.2578000249994245 0.1538858413696289 77.31375360488892 0.2962962962962963 1.0
0 0.01 0.22454735549379537 0.1406552791595459 77.45440888404846 0.2857142857142857 1.0
0 0.01 0.19558382455304058 0.10876893997192383 77.56317782402039 0.2857142857142857 1.0
0 0.01 0.1703561920944177 0.4460270404815674 78.00920486450195 0.24242424242424243 1.0
0 0.01 0.14838257842248037 0.2366650104522705 78.24586987495422 0.24242424242424243 1.0
0 0.01 0.12924325971726744 0.21820998191833496 78.46407985687256 0.24242424242424243 1.0
0 0.01 0.1125726507783501 0.19896697998046875 78.66304683685303 0.24242424242424243 1.0
0 0.01 0.09805232188500161 0.2798948287963867 78.94294166564941 0.2352941176470588 1.0
0 0.01 0.08540491638568569 0.1708967685699463 79.11383843421936 0.2352941176470588 1.0
0 0.01 0.07438885283512764 0.3907430171966553 79.50458145141602 0.2222222222222222 1.0
0 0.01 0.06479371048308594 0.391765832901001 79.89634728431702 0.2105263157894737 1.0
0 0.01 0.056436209971818335 0.41240811347961426 80.30875539779663 0.20512820512820512 1.0
0 0.01 0.049156712468482675 0.23726797103881836 80.54602336883545 0.20512820512820512 1.0
0 0.01 0.0428161703614703 0.7285211086273193 81.27454447746277 0.19047619047619047 1.0
0 0.01 0.03729347127511503 0.37457990646362305 81.64912438392639 0.19047619047619047 1.0
0 0.01 0.032483124670098805 0.6558380126953125 82.3049623966217 0.18181818181818182 1.0
