[216.40736058 188.4937774  164.18066384 143.00360867 124.55810333
 108.49181534  94.49785828  82.30892987  71.69220614  62.44489425
  54.39035884  47.37474809  41.26405496  35.94155748  31.30558923
  27.26759733  23.75045104  20.68696841  18.01863304  15.69447636
  13.67010404  11.906848    10.37102782   9.03330739   7.86813455
   6.85325305   5.96927734   5.19932239   4.52868107   3.94454329
   3.43575127   2.99258645   2.60658382   2.27037024   1.9775236
   1.72245016   1.5002777    1.30676244   1.138208     0.99139477
   0.86351843   0.75213639   0.65512111   0.57061946   0.49701737
   0.43290895   0.37706963   0.32843281   0.28606948   0.24917044]0 1 312.2098259152708 0.0005371570587158203 0.0005371570587158203 0.0 1.0
0 1 271.93903789811014 0.0005578994750976562 0.0010950565338134766 0.0 1.0
0 1 236.8626295349813 0.004708766937255859 0.005803823471069336 0.33333333333333337 1.0
0 1 206.31059705097118 0.021155834197998047 0.026959657669067383 0.5714285714285715 1.0
0 1 179.69935797424765 0.013381242752075195 0.04034090042114258 0.5714285714285715 1.0
0 1 156.52060397255676 0.011183738708496094 0.05152463912963867 0.5714285714285715 1.0
0 1 136.33159152101595 0.009434938430786133 0.060959577560424805 0.5714285714285715 1.0
0 1 118.74668494067365 0.009315967559814453 0.07027554512023926 0.7499999999999999 1.0
0 1 103.42999026917344 0.008831024169921875 0.07910656929016113 0.7499999999999999 1.0
0 1 90.08893926113359 0.008238077163696289 0.08734464645385742 0.7499999999999999 1.0
0 1 78.46870096453189 0.007753133773803711 0.09509778022766113 0.7499999999999999 1.0
0 1 68.34731412713553 0.007792234420776367 0.1028900146484375 0.7499999999999999 1.0
0 1 59.53144745577994 0.010955095291137695 0.1138451099395752 0.6666666666666665 1.0
0 1 51.85270674408604 0.008075952529907227 0.12192106246948242 0.7272727272727272 1.0
0 1 45.16441833008278 0.00862884521484375 0.13054990768432617 0.7272727272727272 1.0
0 1 39.33882744370648 0.011380910873413086 0.14193081855773926 0.6153846153846154 1.0
0 1 34.26465792907022 0.015334844589233398 0.15726566314697266 0.47058823529411764 1.0
0 1 29.84498672911064 0.025681257247924805 0.18294692039489746 0.3636363636363636 1.0
0 1 25.99539253258091 0.028380870819091797 0.21132779121398926 0.3076923076923077 1.0
0 1 22.642343220204207 0.07696104049682617 0.28828883171081543 0.26666666666666666 1.0
0 1 19.721791308170232 0.09646105766296387 0.3847498893737793 0.27586206896551724 1.0
0 1 17.177950560167822 0.1574409008026123 0.5421907901763916 0.26666666666666666 1.0
0 1 14.962230399696251 0.13533687591552734 0.677527666091919 0.24242424242424243 1.0
0 1 13.03230776858211 0.12127184867858887 0.7987995147705078 0.2222222222222222 1.0
0 1 11.351318703025308 0.13406610488891602 0.9328656196594238 0.2222222222222222 1.0
0 1 9.887154185253786 0.11311531066894531 1.0459809303283691 0.21621621621621623 1.0
0 1 8.611846820663045 0.11765789985656738 1.1636388301849365 0.20512820512820512 1.0
0 1 7.501036625197576 0.12090492248535156 1.284543752670288 0.19999999999999998 1.0
0 1 6.53350571883761 0.1006016731262207 1.3851454257965088 0.20512820512820512 1.0
0 1 5.69077303724795 0.1318221092224121 1.516967535018921 0.18604651162790697 1.0
0 1 4.956741320068812 0.11043882369995117 1.627406358718872 0.1777777777777778 1.0
0 1 4.317389632878279 0.13393402099609375 1.7613403797149658 0.1702127659574468 1.0
0 1 3.7605055496069455 1.5511751174926758 3.3125154972076416 0.1702127659574468 1.0
0 1 3.2754518797500736 0.33758997917175293 3.6501054763793945 0.1702127659574468 1.0
0 1 2.8529634845718124 0.1245718002319336 3.774677276611328 0.16666666666666666 1.0
0 1 2.4849703012340436 0.0852811336517334 3.8599584102630615 0.163265306122449 1.0
0 1 2.1644431943866964 0.244704008102417 4.1046624183654785 0.163265306122449 1.0
0 1 1.8852596907900219 0.10644078254699707 4.211103200912476 0.163265306122449 1.0
0 1 1.6420870323301746 0.09728002548217773 4.308383226394653 0.163265306122449 1.0
0 1 1.4302803135927475 0.08111929893493652 4.38950252532959 0.163265306122449 1.0
0 1 1.2457937582930971 0.07828378677368164 4.4677863121032715 0.163265306122449 1.0
0 1 1.0851034398309916 0.39042210578918457 4.858208417892456 0.1568627450980392 1.0
0 1 0.945139969834425 0.3936147689819336 5.25182318687439 0.1568627450980392 1.0
0 1 0.823229868958621 0.6926441192626953 5.944467306137085 0.1568627450980392 1.0
0 1 0.7170445000483404 1.018754005432129 6.963221311569214 0.1509433962264151 1.0
0 1 0.624555588222246 1.1028480529785156 8.06606936454773 0.1509433962264151 1.0
0 1 0.5439964782567033 0.5900559425354004 8.65612530708313 0.1509433962264151 1.0
0 1 0.4738283892360109 0.47287821769714355 9.129003524780273 0.1509433962264151 1.0
0 1 0.4127110218901976 0.4479942321777344 9.576997756958008 0.1481481481481481 1.0
0 1 0.3594769571833539 0.4544868469238281 10.031484603881836 0.1481481481481481 1.0
0 0.1 130.20161032759302 0.0005209445953369141 10.032005548477173 0.0 1.0
0 0.1 113.40738729625762 0.0004870891571044922 10.032492637634277 0.0 1.0
0 0.1 98.77938883400856 0.0005109310150146484 10.033003568649292 0.0 1.0
0 0.1 86.03820166433057 0.0005099773406982422 10.03351354598999 0.0 1.0
0 0.1 74.9404529934022 0.0005438327789306641 10.034057378768921 0.0 1.0
0 0.1 65.27416178184274 0.0005519390106201172 10.034609317779541 0.0 1.0
0 0.1 56.854689638682785 0.0005838871002197266 10.03519320487976 0.0 1.0
0 0.1 49.52121399451067 0.011506795883178711 10.04670000076294 0.5714285714285715 1.0
0 0.1 43.13365618693992 0.008238792419433594 10.054938793182373 0.5714285714285715 1.0
0 0.1 37.570005780944214 0.007845163345336914 10.06278395652771 0.5714285714285715 1.0
0 0.1 32.7239900151928 0.007498979568481445 10.070282936096191 0.5714285714285715 1.0
0 0.1 28.503043857863506 0.0068759918212890625 10.07715892791748 0.5714285714285715 1.0
0 0.1 24.826541897430772 0.0058917999267578125 10.083050727844238 0.5714285714285715 1.0
0 0.1 21.624258295306348 0.0056438446044921875 10.08869457244873 0.5714285714285715 1.0
0 0.1 18.835025383479486 0.008707046508789062 10.09740161895752 0.7499999999999999 1.0
0 0.1 16.405565284674683 0.006582736968994141 10.103984355926514 0.7499999999999999 1.0
0 0.1 14.289472237493916 0.006103038787841797 10.110087394714355 0.7499999999999999 1.0
0 0.1 12.446326187665905 0.006122112274169922 10.116209506988525 0.7499999999999999 1.0
0 0.1 10.840920713874212 0.006109952926635742 10.122319459915161 0.7499999999999999 1.0
0 0.1 9.44259054057033 0.006098031997680664 10.128417491912842 0.7499999999999999 1.0
0 0.1 8.224625792416147 0.004599094390869141 10.133016586303711 0.7499999999999999 1.0
0 0.1 7.163761801874259 0.006186962127685547 10.139203548431396 0.7499999999999999 1.0
0 0.1 6.239734724625884 0.008982181549072266 10.148185729980469 0.7272727272727272 1.0
0 0.1 5.43489447450858 0.006922006607055664 10.155107736587524 0.7272727272727272 1.0
0 0.1 4.733867584541418 0.005934000015258789 10.161041736602783 0.7272727272727272 1.0
0 0.1 4.123263554256632 0.018388032913208008 10.179429769515991 0.6153846153846154 1.0
0 0.1 3.591419074200402 0.016304969787597656 10.195734739303589 0.5714285714285714 1.0
0 0.1 3.128175241967003 0.036498069763183594 10.232232809066772 0.4210526315789473 1.0
0 0.1 2.7246835143108377 0.014962911605834961 10.247195720672607 0.4210526315789473 1.0
0 0.1 2.373236688776134 0.030200958251953125 10.27739667892456 0.38095238095238093 1.0
0 0.1 2.0671216863796724 0.049414873123168945 10.32681155204773 0.3478260869565218 1.0
0 0.1 1.8004913233094775 0.12095785140991211 10.447769403457642 0.32000000000000006 1.0
0 0.1 1.5682526223167341 0.17529797554016113 10.623067378997803 0.2857142857142857 1.0
0 0.1 1.3659695304072161 0.09646415710449219 10.719531536102295 0.27586206896551724 1.0
0 0.1 1.1897781846170337 0.10311508178710938 10.822646617889404 0.25806451612903225 1.0
0 0.1 1.036313107341863 0.057112932205200195 10.879759550094604 0.25806451612903225 1.0
0 0.1 0.9026429214570189 0.07494211196899414 10.954701662063599 0.24242424242424243 1.0
0 0.1 0.786214357305898 0.09932494163513184 11.05402660369873 0.2352941176470588 1.0
0 0.1 0.6848034820193963 0.053849220275878906 11.10787582397461 0.2352941176470588 1.0
0 0.1 0.5964732195846044 0.28714871406555176 11.395024538040161 0.2285714285714286 1.0
0 0.1 0.5195363502423698 0.3445010185241699 11.739525556564331 0.2222222222222222 1.0
0 0.1 0.4525232824553942 0.5363702774047852 12.275895833969116 0.20512820512820512 1.0
0 0.1 0.3941539818506903 0.7869467735290527 13.062842607498169 0.19999999999999998 1.0
0 0.1 0.34331352094368267 0.2639486789703369 13.326791286468506 0.19512195121951217 1.0
0 0.1 0.2990307826127625 0.3106520175933838 13.63744330406189 0.19047619047619047 1.0
0 0.1 0.2604599105337001 0.3591611385345459 13.996604442596436 0.18604651162790697 1.0
0 0.1 0.22686415225376097 0.15426111221313477 14.15086555480957 0.18181818181818182 1.0
0 0.1 0.19760178628779224 0.0787508487701416 14.229616403579712 0.18181818181818182 1.0
0 0.1 0.17211386442601356 0.05493593215942383 14.284552335739136 0.18181818181818182 1.0
0 0.1 0.14991353511608546 1.048922061920166 15.333474397659302 0.1739130434782609 1.0
0 0.01 28.211963230963963 0.0005939006805419922 15.334068298339844 0.0 1.0
0 0.01 24.573006681497752 0.00987386703491211 15.343942165374756 0.5714285714285715 1.0
0 0.01 21.403425646968028 0.006698131561279297 15.350640296936035 0.5714285714285715 1.0
0 0.01 18.642677119777133 0.006245136260986328 15.356885433197021 0.5714285714285715 1.0
0 0.01 16.238027310431736 0.006269931793212891 15.363155364990234 0.5714285714285715 1.0
0 0.01 14.143544365449966 0.006173849105834961 15.36932921409607 0.5714285714285715 1.0
0 0.01 12.319221010851523 0.0058171749114990234 15.375146389007568 0.5714285714285715 1.0
0 0.01 10.730210362611421 0.005558967590332031 15.3807053565979 0.5714285714285715 1.0
0 0.01 9.346160307090315 0.007662057876586914 15.388367414474487 0.7499999999999999 1.0
0 0.01 8.140633737265514 0.00557708740234375 15.393944501876831 0.7499999999999999 1.0
0 0.01 7.090603570541246 0.005571842193603516 15.399516344070435 0.7499999999999999 1.0
0 0.01 6.176012902339531 0.005591154098510742 15.405107498168945 0.7499999999999999 1.0
0 0.01 5.379391893848717 0.005600929260253906 15.4107084274292 0.7499999999999999 1.0
0 0.01 4.685524076001097 0.005052328109741211 15.41576075553894 0.7499999999999999 1.0
0 0.01 4.081155695663349 0.00506591796875 15.42082667350769 0.7499999999999999 1.0
0 0.01 3.554742552184356 0.005124807357788086 15.425951480865479 0.7499999999999999 1.0
0 0.01 3.09622948855821 0.003595113754272461 15.429546594619751 0.7499999999999999 1.0
0 0.01 2.6968583252045994 0.003616809844970703 15.433163404464722 0.7499999999999999 1.0
0 0.01 2.349000567658869 0.004927158355712891 15.438090562820435 0.7499999999999999 1.0
0 0.01 2.046011692676912 0.008945941925048828 15.447036504745483 0.7272727272727272 1.0
0 0.01 1.7821042294352372 0.005205869674682617 15.452242374420166 0.7272727272727272 1.0
0 0.01 1.5522372115164986 0.005265951156616211 15.457508325576782 0.7272727272727272 1.0
0 0.01 1.3520198880735976 0.016232967376708984 15.473741292953491 0.6153846153846154 1.0
0 0.01 1.1776278549337647 0.01032400131225586 15.484065294265747 0.6153846153846154 1.0
0 0.01 1.0257300036406054 0.023334026336669922 15.507399320602417 0.4210526315789473 1.0
0 0.01 0.8934248930683893 0.011189937591552734 15.51858925819397 0.4210526315789473 1.0
0 0.01 0.7781853282259436 0.01014089584350586 15.528730154037476 0.4210526315789473 1.0
0 0.01 0.6778100876351608 0.010911941528320312 15.539642095565796 0.4210526315789473 1.0
0 0.01 0.590381877216004 0.02676677703857422 15.56640887260437 0.3636363636363636 1.0
0 0.01 0.5142307075440048 0.019024133682250977 15.585433006286621 0.3636363636363636 1.0
0 0.01 0.44790199493955546 0.04171490669250488 15.627147912979126 0.3076923076923077 1.0
0 0.01 0.39012877707943217 0.037896156311035156 15.665044069290161 0.2962962962962963 1.0
0 0.01 0.33980751241358653 0.042224884033203125 15.707268953323364 0.2857142857142857 1.0
0 0.01 0.2959770011254507 0.023005008697509766 15.730273962020874 0.2857142857142857 1.0
0 0.01 0.2578000249994245 0.0223081111907959 15.75258207321167 0.2857142857142857 1.0
0 0.01 0.22454735549379537 0.0467829704284668 15.799365043640137 0.25806451612903225 1.0
0 0.01 0.19558382455304058 0.030863046646118164 15.830228090286255 0.25806451612903225 1.0
0 0.01 0.1703561920944177 0.029922008514404297 15.86015009880066 0.25806451612903225 1.0
0 0.01 0.14838257842248037 0.06691479682922363 15.927064895629883 0.25806451612903225 1.0
0 0.01 0.12924325971726744 0.027669191360473633 15.954734086990356 0.25806451612903225 1.0
0 0.01 0.1125726507783501 0.026658058166503906 15.98139214515686 0.25806451612903225 1.0
0 0.01 0.09805232188500161 0.021316051483154297 16.002708196640015 0.25806451612903225 1.0
0 0.01 0.08540491638568569 0.17699790000915527 16.17970609664917 0.2105263157894737 1.0
0 0.01 0.07438885283512764 0.2008678913116455 16.380573987960815 0.21621621621621623 1.0
0 0.01 0.06479371048308594 0.0523381233215332 16.43291211128235 0.21621621621621623 1.0
0 0.01 0.056436209971818335 0.05025911331176758 16.483171224594116 0.21621621621621623 1.0
0 0.01 0.049156712468482675 0.10211420059204102 16.585285425186157 0.2105263157894737 1.0
0 0.01 0.0428161703614703 0.032498836517333984 16.61778426170349 0.2105263157894737 1.0
0 0.01 0.03729347127511503 0.10115694999694824 16.71894121170044 0.20512820512820512 1.0
0 0.01 0.032483124670098805 0.10759305953979492 16.826534271240234 0.19999999999999998 1.0
