[216.40736058 188.4937774  164.18066384 143.00360867 124.55810333
 108.49181534  94.49785828  82.30892987  71.69220614  62.44489425
  54.39035884  47.37474809  41.26405496  35.94155748  31.30558923
  27.26759733  23.75045104  20.68696841  18.01863304  15.69447636
  13.67010404  11.906848    10.37102782   9.03330739   7.86813455
   6.85325305   5.96927734   5.19932239   4.52868107   3.94454329
   3.43575127   2.99258645   2.60658382   2.27037024   1.9775236
   1.72245016   1.5002777    1.30676244   1.138208     0.99139477
   0.86351843   0.75213639   0.65512111   0.57061946   0.49701737
   0.43290895   0.37706963   0.32843281   0.28606948   0.24917044]0 1 312.2098259152708 0.0004892349243164062 0.0004892349243164062 0.0 1.0
0 1 271.93903789811014 0.0005140304565429688 0.001003265380859375 0.0 1.0
0 1 236.8626295349813 0.006090641021728516 0.007093906402587891 0.33333333333333337 1.0
0 1 206.31059705097118 0.028493881225585938 0.03558778762817383 0.5714285714285715 1.0
0 1 179.69935797424765 0.018680810928344727 0.054268598556518555 0.5714285714285715 1.0
0 1 156.52060397255676 0.015633821487426758 0.06990242004394531 0.5714285714285715 1.0
0 1 136.33159152101595 0.01390695571899414 0.08380937576293945 0.5714285714285715 1.0
0 1 118.74668494067365 0.013473749160766602 0.09728312492370605 0.7499999999999999 1.0
0 1 103.42999026917344 0.012366056442260742 0.1096491813659668 0.7499999999999999 1.0
0 1 90.08893926113359 0.012523889541625977 0.12217307090759277 0.7499999999999999 1.0
0 1 78.46870096453189 0.011881828308105469 0.13405489921569824 0.7499999999999999 1.0
0 1 68.34731412713553 0.011411905288696289 0.14546680450439453 0.7499999999999999 1.0
0 1 59.53144745577994 0.017676115036010742 0.16314291954040527 0.6666666666666665 1.0
0 1 51.85270674408604 0.012462854385375977 0.17560577392578125 0.7272727272727272 1.0
0 1 45.16441833008278 0.012809038162231445 0.1884148120880127 0.7272727272727272 1.0
0 1 39.33882744370648 0.017180919647216797 0.2055957317352295 0.6153846153846154 1.0
0 1 34.26465792907022 0.02604508399963379 0.23164081573486328 0.47058823529411764 1.0
0 1 29.84498672911064 0.0396418571472168 0.2712826728820801 0.3636363636363636 1.0
0 1 25.99539253258091 0.05194973945617676 0.32323241233825684 0.3076923076923077 1.0
0 1 22.642343220204207 0.1468791961669922 0.470111608505249 0.26666666666666666 1.0
0 1 19.721791308170232 0.18945813179016113 0.6595697402954102 0.27586206896551724 1.0
0 1 17.177950560167822 0.24624991416931152 0.9058196544647217 0.26666666666666666 1.0
0 1 14.962230399696251 0.22394084930419922 1.129760503768921 0.24242424242424243 1.0
0 1 13.03230776858211 0.19030404090881348 1.3200645446777344 0.2222222222222222 1.0
0 1 11.351318703025308 0.23567986488342285 1.5557444095611572 0.2222222222222222 1.0
0 1 9.887154185253786 0.19273781776428223 1.7484822273254395 0.21621621621621623 1.0
0 1 8.611846820663045 0.1938621997833252 1.9423444271087646 0.20512820512820512 1.0
0 1 7.501036625197576 0.22691106796264648 2.169255495071411 0.19999999999999998 1.0
0 1 6.53350571883761 0.18892812728881836 2.3581836223602295 0.20512820512820512 1.0
0 1 5.69077303724795 0.25778627395629883 2.6159698963165283 0.18604651162790697 1.0
0 1 4.956741320068812 0.23110222816467285 2.847072124481201 0.1777777777777778 1.0
0 1 4.317389632878279 0.29202699661254883 3.13909912109375 0.16666666666666666 1.0
0 1 3.7605055496069455 2.18891978263855 5.3280189037323 0.1702127659574468 1.0
0 1 3.2754518797500736 0.5252799987792969 5.853298902511597 0.1702127659574468 1.0
0 1 2.8529634845718124 0.3618638515472412 6.215162754058838 0.16666666666666666 1.0
0 1 2.4849703012340436 0.2970001697540283 6.512162923812866 0.163265306122449 1.0
0 1 2.1644431943866964 0.4389991760253906 6.951162099838257 0.163265306122449 1.0
0 1 1.8852596907900219 0.28925275802612305 7.24041485786438 0.163265306122449 1.0
0 1 1.6420870323301746 0.27225399017333984 7.51266884803772 0.163265306122449 1.0
0 1 1.4302803135927475 0.25002074241638184 7.762689590454102 0.163265306122449 1.0
0 1 1.2457937582930971 0.2368941307067871 7.999583721160889 0.163265306122449 1.0
0 1 1.0851034398309916 1.0030488967895508 9.00263261795044 0.1568627450980392 1.0
0 1 0.945139969834425 0.9811263084411621 9.983758926391602 0.1568627450980392 1.0
0 1 0.823229868958621 1.1268601417541504 11.110619068145752 0.1568627450980392 1.0
0 1 0.7170445000483404 1.976548194885254 13.087167263031006 0.15384615384615383 1.0
0 1 0.624555588222246 2.3427629470825195 15.429930210113525 0.1509433962264151 1.0
0 1 0.5439964782567033 1.7664759159088135 17.19640612602234 0.1509433962264151 1.0
0 1 0.4738283892360109 1.586223840713501 18.78262996673584 0.1509433962264151 1.0
0 1 0.4127110218901976 1.6448841094970703 20.42751407623291 0.1481481481481481 1.0
0 1 0.3594769571833539 1.578503131866455 22.006017208099365 0.1481481481481481 1.0
0 0.1 130.20161032759302 0.0004711151123046875 22.00648832321167 0.0 1.0
0 0.1 113.40738729625762 0.00047087669372558594 22.006959199905396 0.0 1.0
0 0.1 98.77938883400856 0.0005009174346923828 22.007460117340088 0.0 1.0
0 0.1 86.03820166433057 0.0005049705505371094 22.007965087890625 0.0 1.0
0 0.1 74.9404529934022 0.0005331039428710938 22.008498191833496 0.0 1.0
0 0.1 65.27416178184274 0.0005369186401367188 22.009035110473633 0.0 1.0
0 0.1 56.854689638682785 0.0005748271942138672 22.009609937667847 0.0 1.0
0 0.1 49.52121399451067 0.01580214500427246 22.02541208267212 0.5714285714285715 1.0
0 0.1 43.13365618693992 0.011729001998901367 22.03714108467102 0.5714285714285715 1.0
0 0.1 37.570005780944214 0.01120305061340332 22.048344135284424 0.5714285714285715 1.0
0 0.1 32.7239900151928 0.010790348052978516 22.059134483337402 0.5714285714285715 1.0
0 0.1 28.503043857863506 0.010232925415039062 22.06936740875244 0.5714285714285715 1.0
0 0.1 24.826541897430772 0.009178876876831055 22.078546285629272 0.5714285714285715 1.0
0 0.1 21.624258295306348 0.009206056594848633 22.08775234222412 0.5714285714285715 1.0
0 0.1 18.835025383479486 0.01227712631225586 22.100029468536377 0.7499999999999999 1.0
0 0.1 16.405565284674683 0.009705066680908203 22.109734535217285 0.7499999999999999 1.0
0 0.1 14.289472237493916 0.00963592529296875 22.119370460510254 0.7499999999999999 1.0
0 0.1 12.446326187665905 0.00967097282409668 22.12904143333435 0.7499999999999999 1.0
0 0.1 10.840920713874212 0.009299039840698242 22.13834047317505 0.7499999999999999 1.0
0 0.1 9.44259054057033 0.009220123291015625 22.147560596466064 0.7499999999999999 1.0
0 0.1 8.224625792416147 0.007676839828491211 22.155237436294556 0.7499999999999999 1.0
0 0.1 7.163761801874259 0.010921001434326172 22.166158437728882 0.7499999999999999 1.0
0 0.1 6.239734724625884 0.014233827590942383 22.180392265319824 0.7272727272727272 1.0
0 0.1 5.43489447450858 0.011165857315063477 22.191558122634888 0.7272727272727272 1.0
0 0.1 4.733867584541418 0.009465217590332031 22.20102334022522 0.7272727272727272 1.0
0 0.1 4.123263554256632 0.028538227081298828 22.22956156730652 0.6153846153846154 1.0
0 0.1 3.591419074200402 0.025537967681884766 22.255099534988403 0.5714285714285714 1.0
0 0.1 3.128175241967003 0.051722049713134766 22.306821584701538 0.4210526315789473 1.0
0 0.1 2.7246835143108377 0.028605937957763672 22.3354275226593 0.4210526315789473 1.0
0 0.1 2.373236688776134 0.04313302040100098 22.378560543060303 0.38095238095238093 1.0
0 0.1 2.0671216863796724 0.07816720008850098 22.456727743148804 0.3478260869565218 1.0
0 0.1 1.8004913233094775 0.16806411743164062 22.624791860580444 0.32000000000000006 1.0
0 0.1 1.5682526223167341 0.18346500396728516 22.80825686454773 0.2857142857142857 1.0
0 0.1 1.3659695304072161 0.15476107597351074 22.96301794052124 0.27586206896551724 1.0
0 0.1 1.1897781846170337 0.20290684700012207 23.165924787521362 0.25806451612903225 1.0
0 0.1 1.036313107341863 0.10208415985107422 23.268008947372437 0.25806451612903225 1.0
0 0.1 0.9026429214570189 0.14661407470703125 23.414623022079468 0.24242424242424243 1.0
0 0.1 0.786214357305898 0.1609652042388916 23.57558822631836 0.2352941176470588 1.0
0 0.1 0.6848034820193963 0.10439705848693848 23.679985284805298 0.2352941176470588 1.0
0 0.1 0.5964732195846044 0.44089412689208984 24.120879411697388 0.2285714285714286 1.0
0 0.1 0.5195363502423698 0.5825519561767578 24.703431367874146 0.2222222222222222 1.0
0 0.1 0.4525232824553942 0.6676268577575684 25.371058225631714 0.20512820512820512 1.0
0 0.1 0.3941539818506903 0.9679698944091797 26.339028120040894 0.19999999999999998 1.0
0 0.1 0.34331352094368267 0.5352950096130371 26.87432312965393 0.19512195121951217 1.0
0 0.1 0.2990307826127625 0.4160728454589844 27.290395975112915 0.19047619047619047 1.0
0 0.1 0.2604599105337001 1.3071742057800293 28.597570180892944 0.18181818181818182 1.0
0 0.1 0.22686415225376097 0.606651782989502 29.204221963882446 0.18181818181818182 1.0
0 0.1 0.19760178628779224 0.3399510383605957 29.544173002243042 0.18181818181818182 1.0
0 0.1 0.17211386442601356 0.21776270866394043 29.761935710906982 0.18181818181818182 1.0
0 0.1 0.14991353511608546 2.7745211124420166 32.536456823349 0.1739130434782609 1.0
0 0.01 28.211963230963963 0.0005908012390136719 32.53704762458801 0.0 1.0
0 0.01 24.573006681497752 0.01367497444152832 32.55072259902954 0.5714285714285715 1.0
0 0.01 21.403425646968028 0.009847879409790039 32.56057047843933 0.5714285714285715 1.0
0 0.01 18.642677119777133 0.009814023971557617 32.57038450241089 0.5714285714285715 1.0
0 0.01 16.238027310431736 0.01056218147277832 32.58094668388367 0.5714285714285715 1.0
0 0.01 14.143544365449966 0.009525060653686523 32.59047174453735 0.5714285714285715 1.0
0 0.01 12.319221010851523 0.009348154067993164 32.59981989860535 0.5714285714285715 1.0
0 0.01 10.730210362611421 0.008314132690429688 32.608134031295776 0.5714285714285715 1.0
0 0.01 9.346160307090315 0.011368751525878906 32.619502782821655 0.7499999999999999 1.0
0 0.01 8.140633737265514 0.009180784225463867 32.62868356704712 0.7499999999999999 1.0
0 0.01 7.090603570541246 0.009291887283325195 32.637975454330444 0.7499999999999999 1.0
0 0.01 6.176012902339531 0.008615732192993164 32.64659118652344 0.7499999999999999 1.0
0 0.01 5.379391893848717 0.008662939071655273 32.65525412559509 0.7499999999999999 1.0
0 0.01 4.685524076001097 0.008716106414794922 32.66397023200989 0.7499999999999999 1.0
0 0.01 4.081155695663349 0.008631706237792969 32.67260193824768 0.7499999999999999 1.0
0 0.01 3.554742552184356 0.008127927780151367 32.68072986602783 0.7499999999999999 1.0
0 0.01 3.09622948855821 0.00716400146484375 32.687893867492676 0.7499999999999999 1.0
0 0.01 2.6968583252045994 0.006721019744873047 32.69461488723755 0.7499999999999999 1.0
0 0.01 2.349000567658869 0.00925898551940918 32.70387387275696 0.7499999999999999 1.0
0 0.01 2.046011692676912 0.012706995010375977 32.716580867767334 0.7272727272727272 1.0
0 0.01 1.7821042294352372 0.009450912475585938 32.72603178024292 0.7272727272727272 1.0
0 0.01 1.5522372115164986 0.009424924850463867 32.735456705093384 0.7272727272727272 1.0
0 0.01 1.3520198880735976 0.023977041244506836 32.75943374633789 0.6153846153846154 1.0
0 0.01 1.1776278549337647 0.01749706268310547 32.776930809020996 0.6153846153846154 1.0
0 0.01 1.0257300036406054 0.03277897834777832 32.809709787368774 0.4210526315789473 1.0
0 0.01 0.8934248930683893 0.020772933959960938 32.830482721328735 0.4210526315789473 1.0
0 0.01 0.7781853282259436 0.01969313621520996 32.850175857543945 0.4210526315789473 1.0
0 0.01 0.6778100876351608 0.021224260330200195 32.871400117874146 0.4210526315789473 1.0
0 0.01 0.590381877216004 0.042283058166503906 32.91368317604065 0.3636363636363636 1.0
0 0.01 0.5142307075440048 0.03762483596801758 32.95130801200867 0.3636363636363636 1.0
0 0.01 0.44790199493955546 0.06873321533203125 33.0200412273407 0.3076923076923077 1.0
0 0.01 0.39012877707943217 0.0614469051361084 33.08148813247681 0.2962962962962963 1.0
0 0.01 0.33980751241358653 0.060524702072143555 33.14201283454895 0.2857142857142857 1.0
0 0.01 0.2959770011254507 0.0431370735168457 33.185149908065796 0.2857142857142857 1.0
0 0.01 0.2578000249994245 0.0418858528137207 33.22703576087952 0.2857142857142857 1.0
0 0.01 0.22454735549379537 0.07393670082092285 33.30097246170044 0.25806451612903225 1.0
0 0.01 0.19558382455304058 0.05807304382324219 33.35904550552368 0.25806451612903225 1.0
0 0.01 0.1703561920944177 0.05609321594238281 33.415138721466064 0.25806451612903225 1.0
0 0.01 0.14838257842248037 0.05467104911804199 33.469809770584106 0.25806451612903225 1.0
0 0.01 0.12924325971726744 0.05369305610656738 33.523502826690674 0.25806451612903225 1.0
0 0.01 0.1125726507783501 0.052542924880981445 33.576045751571655 0.25806451612903225 1.0
0 0.01 0.09805232188500161 0.04503583908081055 33.621081590652466 0.25806451612903225 1.0
0 0.01 0.08540491638568569 0.24806594848632812 33.869147539138794 0.2105263157894737 1.0
0 0.01 0.07438885283512764 0.28675365447998047 34.155901193618774 0.21621621621621623 1.0
0 0.01 0.06479371048308594 0.12802910804748535 34.28393030166626 0.21621621621621623 1.0
0 0.01 0.056436209971818335 0.12648582458496094 34.41041612625122 0.21621621621621623 1.0
0 0.01 0.049156712468482675 0.17920708656311035 34.58962321281433 0.2105263157894737 1.0
0 0.01 0.0428161703614703 0.10924911499023438 34.698872327804565 0.2105263157894737 1.0
0 0.01 0.03729347127511503 0.19296693801879883 34.891839265823364 0.20512820512820512 1.0
0 0.01 0.032483124670098805 0.2004251480102539 35.09226441383362 0.19999999999999998 1.0
