[216.40736058 188.4937774  164.18066384 143.00360867 124.55810333
 108.49181534  94.49785828  82.30892987  71.69220614  62.44489425
  54.39035884  47.37474809  41.26405496  35.94155748  31.30558923
  27.26759733  23.75045104  20.68696841  18.01863304  15.69447636
  13.67010404  11.906848    10.37102782   9.03330739   7.86813455
   6.85325305   5.96927734   5.19932239   4.52868107   3.94454329
   3.43575127   2.99258645   2.60658382   2.27037024   1.9775236
   1.72245016   1.5002777    1.30676244   1.138208     0.99139477
   0.86351843   0.75213639   0.65512111   0.57061946   0.49701737
   0.43290895   0.37706963   0.32843281   0.28606948   0.24917044]0 1 312.2098259152708 0.0004999637603759766 0.0004999637603759766 0.0 1.0
0 1 271.93903789811014 0.0005249977111816406 0.0010249614715576172 0.0 1.0
0 1 236.8626295349813 0.005157947540283203 0.00618290901184082 0.33333333333333337 1.0
0 1 206.31059705097118 0.02575206756591797 0.03193497657775879 0.5714285714285715 1.0
0 1 179.69935797424765 0.016682863235473633 0.04861783981323242 0.5714285714285715 1.0
0 1 156.52060397255676 0.013444900512695312 0.062062740325927734 0.5714285714285715 1.0
0 1 136.33159152101595 0.011958122253417969 0.0740208625793457 0.5714285714285715 1.0
0 1 118.74668494067365 0.011907100677490234 0.08592796325683594 0.7499999999999999 1.0
0 1 103.42999026917344 0.01166987419128418 0.09759783744812012 0.7499999999999999 1.0
0 1 90.08893926113359 0.010549068450927734 0.10814690589904785 0.7499999999999999 1.0
0 1 78.46870096453189 0.010104894638061523 0.11825180053710938 0.7499999999999999 1.0
0 1 68.34731412713553 0.009890079498291016 0.1281418800354004 0.7499999999999999 1.0
0 1 59.53144745577994 0.014470100402832031 0.14261198043823242 0.6666666666666665 1.0
0 1 51.85270674408604 0.010596275329589844 0.15320825576782227 0.7272727272727272 1.0
0 1 45.16441833008278 0.011137962341308594 0.16434621810913086 0.7272727272727272 1.0
0 1 39.33882744370648 0.013968706130981445 0.1783149242401123 0.6153846153846154 1.0
0 1 34.26465792907022 0.021454811096191406 0.1997697353363037 0.47058823529411764 1.0
0 1 29.84498672911064 0.033715009689331055 0.23348474502563477 0.3636363636363636 1.0
0 1 25.99539253258091 0.04108285903930664 0.2745676040649414 0.3076923076923077 1.0
0 1 22.642343220204207 0.11328411102294922 0.3878517150878906 0.26666666666666666 1.0
0 1 19.721791308170232 0.14345812797546387 0.5313098430633545 0.27586206896551724 1.0
0 1 17.177950560167822 0.2085728645324707 0.7398827075958252 0.26666666666666666 1.0
0 1 14.962230399696251 0.17893099784851074 0.9188137054443359 0.24242424242424243 1.0
0 1 13.03230776858211 0.15663433074951172 1.0754480361938477 0.2222222222222222 1.0
0 1 11.351318703025308 0.19051599502563477 1.2659640312194824 0.2222222222222222 1.0
0 1 9.887154185253786 0.1571657657623291 1.4231297969818115 0.21621621621621623 1.0
0 1 8.611846820663045 0.15175294876098633 1.5748827457427979 0.20512820512820512 1.0
0 1 7.501036625197576 0.17324304580688477 1.7481257915496826 0.19999999999999998 1.0
0 1 6.53350571883761 0.1429896354675293 1.891115427017212 0.20512820512820512 1.0
0 1 5.69077303724795 0.19620895385742188 2.087324380874634 0.18604651162790697 1.0
0 1 4.956741320068812 0.16682910919189453 2.2541534900665283 0.1777777777777778 1.0
0 1 4.317389632878279 0.20700907707214355 2.461162567138672 0.16666666666666666 1.0
0 1 3.7605055496069455 1.876127004623413 4.337289571762085 0.1702127659574468 1.0
0 1 3.2754518797500736 0.4316720962524414 4.768961668014526 0.1702127659574468 1.0
0 1 2.8529634845718124 0.2416839599609375 5.010645627975464 0.16666666666666666 1.0
0 1 2.4849703012340436 0.18351316452026367 5.1941587924957275 0.163265306122449 1.0
0 1 2.1644431943866964 0.34482693672180176 5.538985729217529 0.163265306122449 1.0
0 1 1.8852596907900219 0.19468474388122559 5.733670473098755 0.163265306122449 1.0
0 1 1.6420870323301746 0.1808011531829834 5.914471626281738 0.163265306122449 1.0
0 1 1.4302803135927475 0.16603732109069824 6.0805089473724365 0.163265306122449 1.0
0 1 1.2457937582930971 0.1550142765045166 6.235523223876953 0.163265306122449 1.0
0 1 1.0851034398309916 0.7006762027740479 6.936199426651001 0.1568627450980392 1.0
0 1 0.945139969834425 0.6832270622253418 7.619426488876343 0.1568627450980392 1.0
0 1 0.823229868958621 0.898996114730835 8.518422603607178 0.1568627450980392 1.0
0 1 0.7170445000483404 1.4998068809509277 10.018229484558105 0.15384615384615383 1.0
0 1 0.624555588222246 1.676717758178711 11.694947242736816 0.1509433962264151 1.0
0 1 0.5439964782567033 1.1573381423950195 12.852285385131836 0.1509433962264151 1.0
0 1 0.4738283892360109 1.0018441677093506 13.854129552841187 0.1509433962264151 1.0
0 1 0.4127110218901976 1.028465747833252 14.882595300674438 0.1481481481481481 1.0
0 1 0.3594769571833539 1.0119707584381104 15.894566059112549 0.1481481481481481 1.0
0 0.1 130.20161032759302 0.0005030632019042969 15.895069122314453 0.0 1.0
0 0.1 113.40738729625762 0.0004820823669433594 15.895551204681396 0.0 1.0
0 0.1 98.77938883400856 0.0005159378051757812 15.896067142486572 0.0 1.0
0 0.1 86.03820166433057 0.0005109310150146484 15.896578073501587 0.0 1.0
0 0.1 74.9404529934022 0.0005640983581542969 15.897142171859741 0.0 1.0
0 0.1 65.27416178184274 0.0005781650543212891 15.897720336914062 0.0 1.0
0 0.1 56.854689638682785 0.0006172657012939453 15.898337602615356 0.0 1.0
0 0.1 49.52121399451067 0.014116287231445312 15.912453889846802 0.5714285714285715 1.0
0 0.1 43.13365618693992 0.010149955749511719 15.922603845596313 0.5714285714285715 1.0
0 0.1 37.570005780944214 0.009620904922485352 15.932224750518799 0.5714285714285715 1.0
0 0.1 32.7239900151928 0.0091400146484375 15.941364765167236 0.5714285714285715 1.0
0 0.1 28.503043857863506 0.008919239044189453 15.950284004211426 0.5714285714285715 1.0
0 0.1 24.826541897430772 0.008040904998779297 15.958324909210205 0.5714285714285715 1.0
0 0.1 21.624258295306348 0.007642030715942383 15.965966939926147 0.5714285714285715 1.0
0 0.1 18.835025383479486 0.01044607162475586 15.976413011550903 0.7499999999999999 1.0
0 0.1 16.405565284674683 0.008414983749389648 15.984827995300293 0.7499999999999999 1.0
0 0.1 14.289472237493916 0.008499860763549805 15.993327856063843 0.7499999999999999 1.0
0 0.1 12.446326187665905 0.007657051086425781 16.00098490715027 0.7499999999999999 1.0
0 0.1 10.840920713874212 0.007788896560668945 16.008773803710938 0.7499999999999999 1.0
0 0.1 9.44259054057033 0.007957935333251953 16.01673173904419 0.7499999999999999 1.0
0 0.1 8.224625792416147 0.00623011589050293 16.022961854934692 0.7499999999999999 1.0
0 0.1 7.163761801874259 0.009075164794921875 16.032037019729614 0.7499999999999999 1.0
0 0.1 6.239734724625884 0.011887073516845703 16.04392409324646 0.7272727272727272 1.0
0 0.1 5.43489447450858 0.009322166442871094 16.05324625968933 0.7272727272727272 1.0
0 0.1 4.733867584541418 0.00815272331237793 16.06139898300171 0.7272727272727272 1.0
0 0.1 4.123263554256632 0.02501702308654785 16.086416006088257 0.6153846153846154 1.0
0 0.1 3.591419074200402 0.02174210548400879 16.108158111572266 0.5714285714285714 1.0
0 0.1 3.128175241967003 0.044972896575927734 16.153131008148193 0.4210526315789473 1.0
0 0.1 2.7246835143108377 0.022842884063720703 16.175973892211914 0.4210526315789473 1.0
0 0.1 2.373236688776134 0.03712320327758789 16.213097095489502 0.38095238095238093 1.0
0 0.1 2.0671216863796724 0.06386613845825195 16.276963233947754 0.3478260869565218 1.0
0 0.1 1.8004913233094775 0.14809393882751465 16.42505717277527 0.32000000000000006 1.0
0 0.1 1.5682526223167341 0.1756131649017334 16.600670337677002 0.2857142857142857 1.0
0 0.1 1.3659695304072161 0.1260521411895752 16.726722478866577 0.27586206896551724 1.0
0 0.1 1.1897781846170337 0.1539146900177002 16.880637168884277 0.25806451612903225 1.0
0 0.1 1.036313107341863 0.08275604248046875 16.963393211364746 0.25806451612903225 1.0
0 0.1 0.9026429214570189 0.1088409423828125 17.07223415374756 0.24242424242424243 1.0
0 0.1 0.786214357305898 0.1307070255279541 17.202941179275513 0.2352941176470588 1.0
0 0.1 0.6848034820193963 0.07973814010620117 17.282679319381714 0.2352941176470588 1.0
0 0.1 0.5964732195846044 0.3631141185760498 17.645793437957764 0.2285714285714286 1.0
0 0.1 0.5195363502423698 0.4741523265838623 18.119945764541626 0.2222222222222222 1.0
0 0.1 0.4525232824553942 0.6076719760894775 18.727617740631104 0.20512820512820512 1.0
0 0.1 0.3941539818506903 0.8698239326477051 19.59744167327881 0.19999999999999998 1.0
0 0.1 0.34331352094368267 0.42191171646118164 20.01935338973999 0.19512195121951217 1.0
0 0.1 0.2990307826127625 0.36458706855773926 20.38394045829773 0.19047619047619047 1.0
0 0.1 0.2604599105337001 0.6392228603363037 21.023163318634033 0.18181818181818182 1.0
0 0.1 0.22686415225376097 0.3734259605407715 21.396589279174805 0.18181818181818182 1.0
0 0.1 0.19760178628779224 0.1662769317626953 21.5628662109375 0.18181818181818182 1.0
0 0.1 0.17211386442601356 0.11329388618469238 21.676160097122192 0.18181818181818182 1.0
0 0.1 0.14991353511608546 1.9199421405792236 23.596102237701416 0.1739130434782609 1.0
0 0.01 28.211963230963963 0.0006091594696044922 23.59671139717102 0.0 1.0
0 0.01 24.573006681497752 0.012096881866455078 23.608808279037476 0.5714285714285715 1.0
0 0.01 21.403425646968028 0.008289098739624023 23.6170973777771 0.5714285714285715 1.0
0 0.01 18.642677119777133 0.00832509994506836 23.625422477722168 0.5714285714285715 1.0
0 0.01 16.238027310431736 0.007894039154052734 23.63331651687622 0.5714285714285715 1.0
0 0.01 14.143544365449966 0.008091211318969727 23.64140772819519 0.5714285714285715 1.0
0 0.01 12.319221010851523 0.007398843765258789 23.64880657196045 0.5714285714285715 1.0
0 0.01 10.730210362611421 0.0071010589599609375 23.65590763092041 0.5714285714285715 1.0
0 0.01 9.346160307090315 0.01007223129272461 23.665979862213135 0.7499999999999999 1.0
0 0.01 8.140633737265514 0.007735013961791992 23.673714876174927 0.7499999999999999 1.0
0 0.01 7.090603570541246 0.0074160099029541016 23.68113088607788 0.7499999999999999 1.0
0 0.01 6.176012902339531 0.007303953170776367 23.688434839248657 0.7499999999999999 1.0
0 0.01 5.379391893848717 0.007508039474487305 23.695942878723145 0.7499999999999999 1.0
0 0.01 4.685524076001097 0.007380247116088867 23.703323125839233 0.7499999999999999 1.0
0 0.01 4.081155695663349 0.006829023361206055 23.71015214920044 0.7499999999999999 1.0
0 0.01 3.554742552184356 0.006973981857299805 23.71712613105774 0.7499999999999999 1.0
0 0.01 3.09622948855821 0.005334138870239258 23.72246026992798 0.7499999999999999 1.0
0 0.01 2.6968583252045994 0.0053021907806396484 23.727762460708618 0.7499999999999999 1.0
0 0.01 2.349000567658869 0.007441997528076172 23.735204458236694 0.7499999999999999 1.0
0 0.01 2.046011692676912 0.01197195053100586 23.7471764087677 0.7272727272727272 1.0
0 0.01 1.7821042294352372 0.00769805908203125 23.75487446784973 0.7272727272727272 1.0
0 0.01 1.5522372115164986 0.0075151920318603516 23.762389659881592 0.7272727272727272 1.0
0 0.01 1.3520198880735976 0.020421743392944336 23.782811403274536 0.6153846153846154 1.0
0 0.01 1.1776278549337647 0.014623165130615234 23.79743456840515 0.6153846153846154 1.0
0 0.01 1.0257300036406054 0.028134822845458984 23.82556939125061 0.4210526315789473 1.0
0 0.01 0.8934248930683893 0.016443967819213867 23.842013359069824 0.4210526315789473 1.0
0 0.01 0.7781853282259436 0.015348196029663086 23.857361555099487 0.4210526315789473 1.0
0 0.01 0.6778100876351608 0.01576685905456543 23.873128414154053 0.4210526315789473 1.0
0 0.01 0.590381877216004 0.03526115417480469 23.908389568328857 0.3636363636363636 1.0
0 0.01 0.5142307075440048 0.02869129180908203 23.93708086013794 0.3636363636363636 1.0
0 0.01 0.44790199493955546 0.056089162826538086 23.993170022964478 0.3076923076923077 1.0
0 0.01 0.39012877707943217 0.05136990547180176 24.04453992843628 0.2962962962962963 1.0
0 0.01 0.33980751241358653 0.05101203918457031 24.09555196762085 0.2857142857142857 1.0
0 0.01 0.2959770011254507 0.03322792053222656 24.128779888153076 0.2857142857142857 1.0
0 0.01 0.2578000249994245 0.03243303298950195 24.161212921142578 0.2857142857142857 1.0
0 0.01 0.22454735549379537 0.06140613555908203 24.22261905670166 0.25806451612903225 1.0
0 0.01 0.19558382455304058 0.044608116149902344 24.267227172851562 0.25806451612903225 1.0
0 0.01 0.1703561920944177 0.04354596138000488 24.310773134231567 0.25806451612903225 1.0
0 0.01 0.14838257842248037 0.0424349308013916 24.35320806503296 0.25806451612903225 1.0
0 0.01 0.12924325971726744 0.04129195213317871 24.394500017166138 0.25806451612903225 1.0
0 0.01 0.1125726507783501 0.04035210609436035 24.434852123260498 0.25806451612903225 1.0
0 0.01 0.09805232188500161 0.03371286392211914 24.468564987182617 0.25806451612903225 1.0
0 0.01 0.08540491638568569 0.20984530448913574 24.678410291671753 0.2105263157894737 1.0
0 0.01 0.07438885283512764 0.24470090866088867 24.92311120033264 0.21621621621621623 1.0
0 0.01 0.06479371048308594 0.09489202499389648 25.018003225326538 0.21621621621621623 1.0
0 0.01 0.056436209971818335 0.08535575866699219 25.10335898399353 0.21621621621621623 1.0
0 0.01 0.049156712468482675 0.13840699195861816 25.24176597595215 0.2105263157894737 1.0
0 0.01 0.0428161703614703 0.07506275177001953 25.316828727722168 0.2105263157894737 1.0
0 0.01 0.03729347127511503 0.14708900451660156 25.46391773223877 0.20512820512820512 1.0
0 0.01 0.032483124670098805 0.15516996383666992 25.61908769607544 0.19999999999999998 1.0
