[216.40736058 188.4937774  164.18066384 143.00360867 124.55810333
 108.49181534  94.49785828  82.30892987  71.69220614  62.44489425
  54.39035884  47.37474809  41.26405496  35.94155748  31.30558923
  27.26759733  23.75045104  20.68696841  18.01863304  15.69447636
  13.67010404  11.906848    10.37102782   9.03330739   7.86813455
   6.85325305   5.96927734   5.19932239   4.52868107   3.94454329
   3.43575127   2.99258645   2.60658382   2.27037024   1.9775236
   1.72245016   1.5002777    1.30676244   1.138208     0.99139477
   0.86351843   0.75213639   0.65512111   0.57061946   0.49701737
   0.43290895   0.37706963   0.32843281   0.28606948   0.24917044]0 1 312.2098259152708 0.0011630058288574219 0.0011630058288574219 0.0 1.0
0 1 271.93903789811014 0.0011529922485351562 0.002315998077392578 0.0 1.0
0 1 236.8626295349813 0.039025068283081055 0.04134106636047363 0.33333333333333337 1.0
0 1 206.31059705097118 0.028602123260498047 0.06994318962097168 0.5714285714285715 1.0
0 1 179.69935797424765 0.018207788467407227 0.0881509780883789 0.5714285714285715 1.0
0 1 156.52060397255676 0.014509916305541992 0.1026608943939209 0.5714285714285715 1.0
0 1 136.33159152101595 0.012624263763427734 0.11528515815734863 0.5714285714285715 1.0
0 1 118.74668494067365 0.03432321548461914 0.14960837364196777 0.7499999999999999 1.0
0 1 103.42999026917344 0.0216829776763916 0.17129135131835938 0.7499999999999999 1.0
0 1 90.08893926113359 0.01668715476989746 0.18797850608825684 0.7499999999999999 1.0
0 1 78.46870096453189 0.014297962188720703 0.20227646827697754 0.7499999999999999 1.0
0 1 68.34731412713553 0.012049198150634766 0.2143256664276123 0.7499999999999999 1.0
0 1 59.53144745577994 0.01247406005859375 0.22679972648620605 0.6666666666666665 1.0
0 1 51.85270674408604 0.01864910125732422 0.24544882774353027 0.7272727272727272 1.0
0 1 45.16441833008278 0.016092777252197266 0.26154160499572754 0.7272727272727272 1.0
0 1 39.33882744370648 0.018586158752441406 0.28012776374816895 0.6153846153846154 1.0
0 1 34.26465792907022 0.02989792823791504 0.310025691986084 0.47058823529411764 1.0
0 1 29.84498672911064 0.03598213195800781 0.3460078239440918 0.3636363636363636 1.0
0 1 25.99539253258091 0.04933619499206543 0.3953440189361572 0.3076923076923077 1.0
0 1 22.642343220204207 0.137099027633667 0.5324430465698242 0.26666666666666666 1.0
0 1 19.721791308170232 0.15716195106506348 0.6896049976348877 0.27586206896551724 1.0
0 1 17.177950560167822 0.29586195945739746 0.9854669570922852 0.26666666666666666 1.0
0 1 14.962230399696251 0.22403192520141602 1.2094988822937012 0.24242424242424243 1.0
0 1 13.03230776858211 0.20594215393066406 1.4154410362243652 0.2222222222222222 1.0
0 1 11.351318703025308 0.20489978790283203 1.6203408241271973 0.2222222222222222 1.0
0 1 9.887154185253786 0.16447210311889648 1.7848129272460938 0.21621621621621623 1.0
0 1 8.611846820663045 0.16347599029541016 1.948288917541504 0.20512820512820512 1.0
0 1 7.501036625197576 0.18966293334960938 2.1379518508911133 0.19999999999999998 1.0
0 1 6.53350571883761 0.15581798553466797 2.2937698364257812 0.20512820512820512 1.0
0 1 5.69077303724795 0.21340727806091309 2.5071771144866943 0.18604651162790697 1.0
0 1 4.956741320068812 0.16812992095947266 2.675307035446167 0.1777777777777778 1.0
0 1 4.317389632878279 0.2239701747894287 2.8992772102355957 0.16666666666666666 1.0
0 1 3.7605055496069455 1.966766119003296 4.866043329238892 0.1702127659574468 1.0
0 1 3.2754518797500736 0.4062230587005615 5.272266387939453 0.1702127659574468 1.0
0 1 2.8529634845718124 0.22068190574645996 5.492948293685913 0.16666666666666666 1.0
0 1 2.4849703012340436 0.1773209571838379 5.670269250869751 0.163265306122449 1.0
0 1 2.1644431943866964 0.28720903396606445 5.957478284835815 0.163265306122449 1.0
0 1 1.8852596907900219 0.1662440299987793 6.123722314834595 0.163265306122449 1.0
0 1 1.6420870323301746 0.15289902687072754 6.276621341705322 0.163265306122449 1.0
0 1 1.4302803135927475 0.1437690258026123 6.420390367507935 0.163265306122449 1.0
0 1 1.2457937582930971 0.1338942050933838 6.554284572601318 0.163265306122449 1.0
0 1 1.0851034398309916 0.49954676628112793 7.053831338882446 0.1568627450980392 1.0
0 1 0.945139969834425 0.4188871383666992 7.4727184772491455 0.1568627450980392 1.0
0 1 0.823229868958621 0.5511353015899658 8.023853778839111 0.1568627450980392 1.0
0 1 0.7170445000483404 0.9671480655670166 8.991001844406128 0.15384615384615383 1.0
0 1 0.624555588222246 0.9654779434204102 9.956479787826538 0.1509433962264151 1.0
0 1 0.5439964782567033 0.6987318992614746 10.655211687088013 0.1509433962264151 1.0
0 1 0.4738283892360109 0.6210498809814453 11.276261568069458 0.1509433962264151 1.0
0 1 0.4127110218901976 0.6377451419830322 11.91400671005249 0.1481481481481481 1.0
0 1 0.3594769571833539 0.6005699634552002 12.51457667350769 0.1481481481481481 1.0
0 0.1 130.20161032759302 0.001153707504272461 12.515730381011963 0.0 1.0
0 0.1 113.40738729625762 0.0011508464813232422 12.516881227493286 0.0 1.0
0 0.1 98.77938883400856 0.0011510848999023438 12.518032312393188 0.0 1.0
0 0.1 86.03820166433057 0.0012369155883789062 12.519269227981567 0.0 1.0
0 0.1 74.9404529934022 0.0012340545654296875 12.520503282546997 0.0 1.0
0 0.1 65.27416178184274 0.0011527538299560547 12.521656036376953 0.0 1.0
0 0.1 56.854689638682785 0.0011551380157470703 12.5228111743927 0.0 1.0
0 0.1 49.52121399451067 0.001216888427734375 12.524028062820435 0.0 1.0
0 0.1 43.13365618693992 0.0012011528015136719 12.525229215621948 0.0 1.0
0 0.1 37.570005780944214 0.0012180805206298828 12.526447296142578 0.0 1.0
0 0.1 32.7239900151928 0.0011630058288574219 12.527610301971436 0.0 1.0
0 0.1 28.503043857863506 0.00115203857421875 12.528762340545654 0.0 1.0
0 0.1 24.826541897430772 0.017756938934326172 12.54651927947998 0.5714285714285715 1.0
0 0.1 21.624258295306348 0.007475137710571289 12.553994417190552 0.5714285714285715 1.0
0 0.1 18.835025383479486 0.00632929801940918 12.560323715209961 0.5714285714285715 1.0
0 0.1 16.405565284674683 0.006113767623901367 12.566437482833862 0.5714285714285715 1.0
0 0.1 14.289472237493916 0.006319761276245117 12.572757244110107 0.5714285714285715 1.0
0 0.1 12.446326187665905 0.006330251693725586 12.579087495803833 0.5714285714285715 1.0
0 0.1 10.840920713874212 0.013649940490722656 12.592737436294556 0.7499999999999999 1.0
0 0.1 9.44259054057033 0.007630109786987305 12.600367546081543 0.7499999999999999 1.0
0 0.1 8.224625792416147 0.006243228912353516 12.606610774993896 0.7499999999999999 1.0
0 0.1 7.163761801874259 0.0062770843505859375 12.612887859344482 0.7499999999999999 1.0
0 0.1 6.239734724625884 0.006150960922241211 12.619038820266724 0.7499999999999999 1.0
0 0.1 5.43489447450858 0.03712606430053711 12.65616488456726 0.7272727272727272 1.0
0 0.1 4.733867584541418 0.01446390151977539 12.670628786087036 0.7272727272727272 1.0
0 0.1 4.123263554256632 0.01371908187866211 12.684347867965698 0.7272727272727272 1.0
0 0.1 3.591419074200402 0.0680551528930664 12.752403020858765 0.5714285714285714 1.0
0 0.1 3.128175241967003 0.1535181999206543 12.905921220779419 0.4444444444444444 1.0
0 0.1 2.7246835143108377 0.06369686126708984 12.969618082046509 0.4210526315789473 1.0
0 0.1 2.373236688776134 0.09669303894042969 13.066311120986938 0.38095238095238093 1.0
0 0.1 2.0671216863796724 0.5587918758392334 13.625102996826172 0.3333333333333333 1.0
0 0.1 1.8004913233094775 0.5872821807861328 14.212385177612305 0.32000000000000006 1.0
0 0.1 1.5682526223167341 0.6330199241638184 14.845405101776123 0.2857142857142857 1.0
0 0.1 1.3659695304072161 0.46529507637023926 15.310700178146362 0.27586206896551724 1.0
0 0.1 1.1897781846170337 0.3422873020172119 15.652987480163574 0.25806451612903225 1.0
0 0.1 1.036313107341863 0.10712194442749023 15.760109424591064 0.25806451612903225 1.0
0 0.1 0.9026429214570189 0.23569393157958984 15.995803356170654 0.24242424242424243 1.0
0 0.1 0.786214357305898 0.22535085678100586 16.22115421295166 0.2352941176470588 1.0
0 0.1 0.6848034820193963 0.08039593696594238 16.301550149917603 0.2352941176470588 1.0
0 0.1 0.5964732195846044 0.7147841453552246 17.016334295272827 0.2285714285714286 1.0
0 0.1 0.5195363502423698 0.7530219554901123 17.76935625076294 0.2222222222222222 1.0
0 0.1 0.4525232824553942 2.6774351596832275 20.446791410446167 0.19999999999999998 1.0
0 0.1 0.3941539818506903 0.38443613052368164 20.83122754096985 0.19999999999999998 1.0
0 0.1 0.34331352094368267 0.6370267868041992 21.468254327774048 0.19512195121951217 1.0
0 0.1 0.2990307826127625 0.7920031547546387 22.260257482528687 0.19047619047619047 1.0
0 0.1 0.2604599105337001 1.2730400562286377 23.533297538757324 0.18181818181818182 1.0
0 0.1 0.22686415225376097 0.4511280059814453 23.98442554473877 0.18181818181818182 1.0
0 0.1 0.19760178628779224 0.21294689178466797 24.197372436523438 0.18181818181818182 1.0
0 0.1 0.17211386442601356 0.14078521728515625 24.338157653808594 0.18181818181818182 1.0
0 0.1 0.14991353511608546 2.5219619274139404 26.860119581222534 0.1739130434782609 1.0
0 0.01 28.211963230963963 0.0011742115020751953 26.86129379272461 0.0 1.0
0 0.01 24.573006681497752 0.0011620521545410156 26.86245584487915 0.0 1.0
0 0.01 21.403425646968028 0.0011451244354248047 26.863600969314575 0.0 1.0
0 0.01 18.642677119777133 0.0012111663818359375 26.86481213569641 0.0 1.0
0 0.01 16.238027310431736 0.0012431144714355469 26.866055250167847 0.0 1.0
0 0.01 14.143544365449966 0.0011639595031738281 26.86721920967102 0.0 1.0
0 0.01 12.319221010851523 0.0011510848999023438 26.868370294570923 0.0 1.0
0 0.01 10.730210362611421 0.0012269020080566406 26.86959719657898 0.0 1.0
0 0.01 9.346160307090315 0.0011699199676513672 26.87076711654663 0.0 1.0
0 0.01 8.140633737265514 0.0011823177337646484 26.871949434280396 0.0 1.0
0 0.01 7.090603570541246 0.0011529922485351562 26.87310242652893 0.0 1.0
0 0.01 6.176012902339531 0.0011739730834960938 26.874276399612427 0.0 1.0
0 0.01 5.379391893848717 0.0012278556823730469 26.8755042552948 0.0 1.0
0 0.01 4.685524076001097 0.0012133121490478516 26.876717567443848 0.0 1.0
0 0.01 4.081155695663349 0.001184225082397461 26.877901792526245 0.0 1.0
0 0.01 3.554742552184356 0.001180887222290039 26.879082679748535 0.0 1.0
0 0.01 3.09622948855821 0.0012443065643310547 26.880326986312866 0.0 1.0
0 0.01 2.6968583252045994 0.00119781494140625 26.881524801254272 0.0 1.0
0 0.01 2.349000567658869 0.011919021606445312 26.893443822860718 0.5714285714285715 1.0
0 0.01 2.046011692676912 0.003957033157348633 26.897400856018066 0.5714285714285715 1.0
0 0.01 1.7821042294352372 0.0037987232208251953 26.90119957923889 0.5714285714285715 1.0
0 0.01 1.5522372115164986 0.0038192272186279297 26.90501880645752 0.5714285714285715 1.0
0 0.01 1.3520198880735976 0.0036678314208984375 26.908686637878418 0.5714285714285715 1.0
0 0.01 1.1776278549337647 0.0037992000579833984 26.9124858379364 0.5714285714285715 1.0
0 0.01 1.0257300036406054 0.011764049530029297 26.92424988746643 0.7499999999999999 1.0
0 0.01 0.8934248930683893 0.0037550926208496094 26.92800498008728 0.7499999999999999 1.0
0 0.01 0.7781853282259436 0.002492189407348633 26.93049716949463 0.7499999999999999 1.0
0 0.01 0.6778100876351608 0.0025670528411865234 26.933064222335815 0.7499999999999999 1.0
0 0.01 0.590381877216004 0.002525806427001953 26.935590028762817 0.7499999999999999 1.0
0 0.01 0.5142307075440048 0.020084857940673828 26.95567488670349 0.7272727272727272 1.0
0 0.01 0.44790199493955546 0.004316806793212891 26.959991693496704 0.7272727272727272 1.0
0 0.01 0.39012877707943217 0.04852104187011719 27.00851273536682 0.5000000000000001 1.0
0 0.01 0.33980751241358653 0.0549769401550293 27.06348967552185 0.4 1.0
0 0.01 0.2959770011254507 0.015173912048339844 27.07866358757019 0.4 1.0
0 0.01 0.2578000249994245 0.014484882354736328 27.093148469924927 0.4 1.0
0 0.01 0.22454735549379537 0.075347900390625 27.16849637031555 0.3076923076923077 1.0
0 0.01 0.19558382455304058 0.017586946487426758 27.18608331680298 0.3076923076923077 1.0
0 0.01 0.1703561920944177 0.1901392936706543 27.376222610473633 0.26666666666666666 1.0
0 0.01 0.14838257842248037 0.07474470138549805 27.45096731185913 0.25806451612903225 1.0
0 0.01 0.12924325971726744 0.02506422996520996 27.47603154182434 0.25806451612903225 1.0
0 0.01 0.1125726507783501 0.0745851993560791 27.55061674118042 0.25 1.0
0 0.01 0.09805232188500161 0.07486820220947266 27.625484943389893 0.24242424242424243 1.0
0 0.01 0.08540491638568569 0.0986640453338623 27.724148988723755 0.2352941176470588 1.0
0 0.01 0.07438885283512764 0.02617502212524414 27.750324010849 0.2352941176470588 1.0
0 0.01 0.06479371048308594 0.09197115898132324 27.842295169830322 0.2285714285714286 1.0
0 0.01 0.056436209971818335 0.25169897079467773 28.093994140625 0.21621621621621623 1.0
0 0.01 0.049156712468482675 0.051817893981933594 28.145812034606934 0.21621621621621623 1.0
0 0.01 0.0428161703614703 0.2268369197845459 28.37264895439148 0.20512820512820512 1.0
0 0.01 0.03729347127511503 0.04825615882873535 28.420905113220215 0.20512820512820512 1.0
0 0.01 0.032483124670098805 0.04379868507385254 28.464703798294067 0.20512820512820512 1.0
