[216.40736058 188.4937774  164.18066384 143.00360867 124.55810333
 108.49181534  94.49785828  82.30892987  71.69220614  62.44489425
  54.39035884  47.37474809  41.26405496  35.94155748  31.30558923
  27.26759733  23.75045104  20.68696841  18.01863304  15.69447636
  13.67010404  11.906848    10.37102782   9.03330739   7.86813455
   6.85325305   5.96927734   5.19932239   4.52868107   3.94454329
   3.43575127   2.99258645   2.60658382   2.27037024   1.9775236
   1.72245016   1.5002777    1.30676244   1.138208     0.99139477
   0.86351843   0.75213639   0.65512111   0.57061946   0.49701737
   0.43290895   0.37706963   0.32843281   0.28606948   0.24917044]0 1 312.2098259152708 0.0006432533264160156 0.0006432533264160156 0.0 1.0
0 1 271.93903789811014 0.0006432533264160156 0.0012865066528320312 0.0 1.0
0 1 236.8626295349813 0.008816957473754883 0.010103464126586914 0.33333333333333337 1.0
0 1 206.31059705097118 0.009685039520263672 0.019788503646850586 0.5714285714285715 1.0
0 1 179.69935797424765 0.00537109375 0.025159597396850586 0.5714285714285715 1.0
0 1 156.52060397255676 0.00466609001159668 0.029825687408447266 0.5714285714285715 1.0
0 1 136.33159152101595 0.003874063491821289 0.033699750900268555 0.5714285714285715 1.0
0 1 118.74668494067365 0.011035919189453125 0.04473567008972168 0.7499999999999999 1.0
0 1 103.42999026917344 0.006916046142578125 0.051651716232299805 0.7499999999999999 1.0
0 1 90.08893926113359 0.006114006042480469 0.05776572227478027 0.7499999999999999 1.0
0 1 78.46870096453189 0.005656003952026367 0.06342172622680664 0.7499999999999999 1.0
0 1 68.34731412713553 0.0055179595947265625 0.0689396858215332 0.7499999999999999 1.0
0 1 59.53144745577994 0.006273031234741211 0.07521271705627441 0.6666666666666665 1.0
0 1 51.85270674408604 0.011218070983886719 0.08643078804016113 0.7272727272727272 1.0
0 1 45.16441833008278 0.011764049530029297 0.09819483757019043 0.7272727272727272 1.0
0 1 39.33882744370648 0.014497995376586914 0.11269283294677734 0.6153846153846154 1.0
0 1 34.26465792907022 0.02185988426208496 0.1345527172088623 0.47058823529411764 1.0
0 1 29.84498672911064 0.029729843139648438 0.16428256034851074 0.3636363636363636 1.0
0 1 25.99539253258091 0.04078102111816406 0.2050635814666748 0.3076923076923077 1.0
0 1 22.642343220204207 0.11582112312316895 0.32088470458984375 0.26666666666666666 1.0
0 1 19.721791308170232 0.13506698608398438 0.4559516906738281 0.27586206896551724 1.0
0 1 17.177950560167822 0.2770111560821533 0.7329628467559814 0.26666666666666666 1.0
0 1 14.962230399696251 0.20085620880126953 0.933819055557251 0.24242424242424243 1.0
0 1 13.03230776858211 0.1923990249633789 1.1262180805206299 0.2222222222222222 1.0
0 1 11.351318703025308 0.19736385345458984 1.3235819339752197 0.2222222222222222 1.0
0 1 9.887154185253786 0.1548168659210205 1.4783987998962402 0.21621621621621623 1.0
0 1 8.611846820663045 0.15477991104125977 1.6331787109375 0.20512820512820512 1.0
0 1 7.501036625197576 0.1833479404449463 1.8165266513824463 0.19999999999999998 1.0
0 1 6.53350571883761 0.15721511840820312 1.9737417697906494 0.20512820512820512 1.0
0 1 5.69077303724795 0.20328307151794434 2.1770248413085938 0.18604651162790697 1.0
0 1 4.956741320068812 0.16691112518310547 2.343935966491699 0.1777777777777778 1.0
0 1 4.317389632878279 0.21686005592346191 2.560796022415161 0.16666666666666666 1.0
0 1 3.7605055496069455 1.9413120746612549 4.502108097076416 0.1702127659574468 1.0
0 1 3.2754518797500736 0.40029382705688477 4.902401924133301 0.1702127659574468 1.0
0 1 2.8529634845718124 0.21680498123168945 5.11920690536499 0.16666666666666666 1.0
0 1 2.4849703012340436 0.17607712745666504 5.295284032821655 0.163265306122449 1.0
0 1 2.1644431943866964 0.2800567150115967 5.575340747833252 0.163265306122449 1.0
0 1 1.8852596907900219 0.16177105903625488 5.737111806869507 0.163265306122449 1.0
0 1 1.6420870323301746 0.1486341953277588 5.885746002197266 0.163265306122449 1.0
0 1 1.4302803135927475 0.14132189750671387 6.0270678997039795 0.163265306122449 1.0
0 1 1.2457937582930971 0.1311631202697754 6.158231019973755 0.163265306122449 1.0
0 1 1.0851034398309916 0.47631001472473145 6.634541034698486 0.1568627450980392 1.0
0 1 0.945139969834425 0.4179251194000244 7.052466154098511 0.1568627450980392 1.0
0 1 0.823229868958621 0.5403058528900146 7.592772006988525 0.1568627450980392 1.0
0 1 0.7170445000483404 0.9541990756988525 8.546971082687378 0.15384615384615383 1.0
0 1 0.624555588222246 0.9628260135650635 9.509797096252441 0.1509433962264151 1.0
0 1 0.5439964782567033 0.6932737827301025 10.203070878982544 0.1509433962264151 1.0
0 1 0.4738283892360109 0.619596004486084 10.822666883468628 0.1509433962264151 1.0
0 1 0.4127110218901976 0.6282129287719727 11.4508798122406 0.1481481481481481 1.0
0 1 0.3594769571833539 0.599233865737915 12.050113677978516 0.1481481481481481 1.0
0 0.1 130.20161032759302 0.0006470680236816406 12.050760746002197 0.0 1.0
0 0.1 113.40738729625762 0.0006418228149414062 12.051402568817139 0.0 1.0
0 0.1 98.77938883400856 0.0006189346313476562 12.052021503448486 0.0 1.0
0 0.1 86.03820166433057 0.0006260871887207031 12.052647590637207 0.0 1.0
0 0.1 74.9404529934022 0.0006458759307861328 12.053293466567993 0.0 1.0
0 0.1 65.27416178184274 0.0006439685821533203 12.053937435150146 0.0 1.0
0 0.1 56.854689638682785 0.000659942626953125 12.0545973777771 0.0 1.0
0 0.1 49.52121399451067 0.0006301403045654297 12.055227518081665 0.0 1.0
0 0.1 43.13365618693992 0.0006222724914550781 12.05584979057312 0.0 1.0
0 0.1 37.570005780944214 0.0006461143493652344 12.056495904922485 0.0 1.0
0 0.1 32.7239900151928 0.0006136894226074219 12.057109594345093 0.0 1.0
0 0.1 28.503043857863506 0.0006248950958251953 12.057734489440918 0.0 1.0
0 0.1 24.826541897430772 0.010434865951538086 12.068169355392456 0.5714285714285715 1.0
0 0.1 21.624258295306348 0.002228975296020508 12.070398330688477 0.5714285714285715 1.0
0 0.1 18.835025383479486 0.0019767284393310547 12.072375059127808 0.5714285714285715 1.0
0 0.1 16.405565284674683 0.002053976058959961 12.074429035186768 0.5714285714285715 1.0
0 0.1 14.289472237493916 0.001993894577026367 12.076422929763794 0.5714285714285715 1.0
0 0.1 12.446326187665905 0.0022079944610595703 12.078630924224854 0.5714285714285715 1.0
0 0.1 10.840920713874212 0.00792074203491211 12.086551666259766 0.7499999999999999 1.0
0 0.1 9.44259054057033 0.0029349327087402344 12.089486598968506 0.7499999999999999 1.0
0 0.1 8.224625792416147 0.0027446746826171875 12.092231273651123 0.7499999999999999 1.0
0 0.1 7.163761801874259 0.003083944320678711 12.095315217971802 0.7499999999999999 1.0
0 0.1 6.239734724625884 0.00321197509765625 12.098527193069458 0.7499999999999999 1.0
0 0.1 5.43489447450858 0.02730417251586914 12.125831365585327 0.7272727272727272 1.0
0 0.1 4.733867584541418 0.007559299468994141 12.133390665054321 0.7272727272727272 1.0
0 0.1 4.123263554256632 0.00860905647277832 12.1419997215271 0.7272727272727272 1.0
0 0.1 3.591419074200402 0.05656599998474121 12.19856572151184 0.5714285714285714 1.0
0 0.1 3.128175241967003 0.1424708366394043 12.341036558151245 0.4444444444444444 1.0
0 0.1 2.7246835143108377 0.051892995834350586 12.392929553985596 0.4210526315789473 1.0
0 0.1 2.373236688776134 0.08700799942016602 12.479937553405762 0.38095238095238093 1.0
0 0.1 2.0671216863796724 0.37999510765075684 12.859932661056519 0.3333333333333333 1.0
0 0.1 1.8004913233094775 0.49400806427001953 13.353940725326538 0.32000000000000006 1.0
0 0.1 1.5682526223167341 0.5742819309234619 13.92822265625 0.2857142857142857 1.0
0 0.1 1.3659695304072161 0.4361598491668701 14.36438250541687 0.27586206896551724 1.0
0 0.1 1.1897781846170337 0.2962980270385742 14.660680532455444 0.25806451612903225 1.0
0 0.1 1.036313107341863 0.09081196784973145 14.751492500305176 0.25806451612903225 1.0
0 0.1 0.9026429214570189 0.2043590545654297 14.955851554870605 0.24242424242424243 1.0
0 0.1 0.786214357305898 0.20833897590637207 15.164190530776978 0.2352941176470588 1.0
0 0.1 0.6848034820193963 0.07213211059570312 15.23632264137268 0.2352941176470588 1.0
0 0.1 0.5964732195846044 0.6789629459381104 15.915285587310791 0.2285714285714286 1.0
0 0.1 0.5195363502423698 0.7141439914703369 16.629429578781128 0.2222222222222222 1.0
0 0.1 0.4525232824553942 2.6124329566955566 19.241862535476685 0.19999999999999998 1.0
0 0.1 0.3941539818506903 0.36612772941589355 19.607990264892578 0.19999999999999998 1.0
0 0.1 0.34331352094368267 0.5900349617004395 20.198025226593018 0.19512195121951217 1.0
0 0.1 0.2990307826127625 0.7770121097564697 20.975037336349487 0.19047619047619047 1.0
0 0.1 0.2604599105337001 1.2045588493347168 22.179596185684204 0.18181818181818182 1.0
0 0.1 0.22686415225376097 0.42594218254089355 22.605538368225098 0.18181818181818182 1.0
0 0.1 0.19760178628779224 0.1978590488433838 22.80339741706848 0.18181818181818182 1.0
0 0.1 0.17211386442601356 0.1309659481048584 22.93436336517334 0.18181818181818182 1.0
0 0.1 0.14991353511608546 2.3774771690368652 25.311840534210205 0.1739130434782609 1.0
0 0.01 28.211963230963963 0.0006890296936035156 25.31252956390381 0.0 1.0
0 0.01 24.573006681497752 0.0006377696990966797 25.313167333602905 0.0 1.0
0 0.01 21.403425646968028 0.0006220340728759766 25.31378936767578 0.0 1.0
0 0.01 18.642677119777133 0.0006291866302490234 25.31441855430603 0.0 1.0
0 0.01 16.238027310431736 0.0006558895111083984 25.31507444381714 0.0 1.0
0 0.01 14.143544365449966 0.0006577968597412109 25.31573224067688 0.0 1.0
0 0.01 12.319221010851523 0.0006728172302246094 25.316405057907104 0.0 1.0
0 0.01 10.730210362611421 0.0006349086761474609 25.317039966583252 0.0 1.0
0 0.01 9.346160307090315 0.0006432533264160156 25.317683219909668 0.0 1.0
0 0.01 8.140633737265514 0.0006349086761474609 25.318318128585815 0.0 1.0
0 0.01 7.090603570541246 0.000614166259765625 25.31893229484558 0.0 1.0
0 0.01 6.176012902339531 0.0006279945373535156 25.319560289382935 0.0 1.0
0 0.01 5.379391893848717 0.00061798095703125 25.320178270339966 0.0 1.0
0 0.01 4.685524076001097 0.0006263256072998047 25.320804595947266 0.0 1.0
0 0.01 4.081155695663349 0.0006430149078369141 25.321447610855103 0.0 1.0
0 0.01 3.554742552184356 0.000659942626953125 25.322107553482056 0.0 1.0
0 0.01 3.09622948855821 0.0006520748138427734 25.3227596282959 0.0 1.0
0 0.01 2.6968583252045994 0.0006508827209472656 25.323410511016846 0.0 1.0
0 0.01 2.349000567658869 0.015995025634765625 25.33940553665161 0.5714285714285715 1.0
0 0.01 2.046011692676912 0.0013301372528076172 25.34073567390442 0.5714285714285715 1.0
0 0.01 1.7821042294352372 0.0013010501861572266 25.342036724090576 0.5714285714285715 1.0
0 0.01 1.5522372115164986 0.001355886459350586 25.343392610549927 0.5714285714285715 1.0
0 0.01 1.3520198880735976 0.0015420913696289062 25.344934701919556 0.5714285714285715 1.0
0 0.01 1.1776278549337647 0.001631021499633789 25.34656572341919 0.5714285714285715 1.0
0 0.01 1.0257300036406054 0.00533294677734375 25.351898670196533 0.7499999999999999 1.0
0 0.01 0.8934248930683893 0.0018482208251953125 25.35374689102173 0.7499999999999999 1.0
0 0.01 0.7781853282259436 0.001107931137084961 25.354854822158813 0.7499999999999999 1.0
0 0.01 0.6778100876351608 0.0012242794036865234 25.3560791015625 0.7499999999999999 1.0
0 0.01 0.590381877216004 0.0012040138244628906 25.357283115386963 0.7499999999999999 1.0
0 0.01 0.5142307075440048 0.012883901596069336 25.370167016983032 0.7272727272727272 1.0
0 0.01 0.44790199493955546 0.0032787322998046875 25.373445749282837 0.7272727272727272 1.0
0 0.01 0.39012877707943217 0.04109311103820801 25.414538860321045 0.5000000000000001 1.0
0 0.01 0.33980751241358653 0.0468449592590332 25.461383819580078 0.4 1.0
0 0.01 0.2959770011254507 0.00935816764831543 25.470741987228394 0.4 1.0
0 0.01 0.2578000249994245 0.010139942169189453 25.480881929397583 0.4 1.0
0 0.01 0.22454735549379537 0.06705403327941895 25.547935962677002 0.3076923076923077 1.0
0 0.01 0.19558382455304058 0.012884855270385742 25.560820817947388 0.3076923076923077 1.0
0 0.01 0.1703561920944177 0.2219240665435791 25.782744884490967 0.26666666666666666 1.0
0 0.01 0.14838257842248037 0.07558488845825195 25.85832977294922 0.25806451612903225 1.0
0 0.01 0.12924325971726744 0.0201570987701416 25.87848687171936 0.25806451612903225 1.0
0 0.01 0.1125726507783501 0.0644831657409668 25.942970037460327 0.25 1.0
0 0.01 0.09805232188500161 0.06537413597106934 26.008344173431396 0.24242424242424243 1.0
0 0.01 0.08540491638568569 0.08869004249572754 26.097034215927124 0.2352941176470588 1.0
0 0.01 0.07438885283512764 0.019958972930908203 26.116993188858032 0.2352941176470588 1.0
0 0.01 0.06479371048308594 0.08461809158325195 26.201611280441284 0.2285714285714286 1.0
0 0.01 0.056436209971818335 0.23265838623046875 26.434269666671753 0.21621621621621623 1.0
0 0.01 0.049156712468482675 0.03860616683959961 26.472875833511353 0.21621621621621623 1.0
0 0.01 0.0428161703614703 0.2009439468383789 26.67381978034973 0.20512820512820512 1.0
0 0.01 0.03729347127511503 0.03467988967895508 26.708499670028687 0.20512820512820512 1.0
0 0.01 0.032483124670098805 0.031001806259155273 26.739501476287842 0.20512820512820512 1.0
