[216.40736058 188.4937774  164.18066384 143.00360867 124.55810333
 108.49181534  94.49785828  82.30892987  71.69220614  62.44489425
  54.39035884  47.37474809  41.26405496  35.94155748  31.30558923
  27.26759733  23.75045104  20.68696841  18.01863304  15.69447636
  13.67010404  11.906848    10.37102782   9.03330739   7.86813455
   6.85325305   5.96927734   5.19932239   4.52868107   3.94454329
   3.43575127   2.99258645   2.60658382   2.27037024   1.9775236
   1.72245016   1.5002777    1.30676244   1.138208     0.99139477
   0.86351843   0.75213639   0.65512111   0.57061946   0.49701737
   0.43290895   0.37706963   0.32843281   0.28606948   0.24917044]0 1 312.2098259152708 0.0011839866638183594 0.0011839866638183594 0.0 1.0
0 1 271.93903789811014 0.0011570453643798828 0.002341032028198242 0.0 1.0
0 1 236.8626295349813 0.0342869758605957 0.036628007888793945 0.33333333333333337 1.0
0 1 206.31059705097118 0.025207042694091797 0.06183505058288574 0.5714285714285715 1.0
0 1 179.69935797424765 0.015318870544433594 0.07715392112731934 0.5714285714285715 1.0
0 1 156.52060397255676 0.0129547119140625 0.09010863304138184 0.5714285714285715 1.0
0 1 136.33159152101595 0.01031494140625 0.10042357444763184 0.5714285714285715 1.0
0 1 118.74668494067365 0.029795169830322266 0.1302187442779541 0.7499999999999999 1.0
0 1 103.42999026917344 0.0194089412689209 0.149627685546875 0.7499999999999999 1.0
0 1 90.08893926113359 0.013322114944458008 0.162949800491333 0.7499999999999999 1.0
0 1 78.46870096453189 0.011990785598754883 0.1749405860900879 0.7499999999999999 1.0
0 1 68.34731412713553 0.009673833847045898 0.1846144199371338 0.7499999999999999 1.0
0 1 59.53144745577994 0.010115861892700195 0.19473028182983398 0.6666666666666665 1.0
0 1 51.85270674408604 0.015298843383789062 0.21002912521362305 0.7272727272727272 1.0
0 1 45.16441833008278 0.013978004455566406 0.22400712966918945 0.7272727272727272 1.0
0 1 39.33882744370648 0.015046119689941406 0.23905324935913086 0.6153846153846154 1.0
0 1 34.26465792907022 0.024200916290283203 0.26325416564941406 0.47058823529411764 1.0
0 1 29.84498672911064 0.029233932495117188 0.29248809814453125 0.3636363636363636 1.0
0 1 25.99539253258091 0.041167259216308594 0.33365535736083984 0.3076923076923077 1.0
0 1 22.642343220204207 0.11034083366394043 0.4439961910247803 0.26666666666666666 1.0
0 1 19.721791308170232 0.12760710716247559 0.5716032981872559 0.27586206896551724 1.0
0 1 17.177950560167822 0.27240800857543945 0.8440113067626953 0.26666666666666666 1.0
0 1 14.962230399696251 0.1920158863067627 1.036027193069458 0.24242424242424243 1.0
0 1 13.03230776858211 0.1861250400543213 1.2221522331237793 0.2222222222222222 1.0
0 1 11.351318703025308 0.18044710159301758 1.4025993347167969 0.2222222222222222 1.0
0 1 9.887154185253786 0.14037775993347168 1.5429770946502686 0.21621621621621623 1.0
0 1 8.611846820663045 0.1386430263519287 1.6816201210021973 0.20512820512820512 1.0
0 1 7.501036625197576 0.16414213180541992 1.8457622528076172 0.19999999999999998 1.0
0 1 6.53350571883761 0.13808393478393555 1.9838461875915527 0.20512820512820512 1.0
0 1 5.69077303724795 0.18098092079162598 2.1648271083831787 0.18604651162790697 1.0
0 1 4.956741320068812 0.15101218223571777 2.3158392906188965 0.1777777777777778 1.0
0 1 4.317389632878279 0.1898958683013916 2.505735158920288 0.1702127659574468 1.0
0 1 3.7605055496069455 1.8655922412872314 4.3713274002075195 0.1702127659574468 1.0
0 1 3.2754518797500736 0.3702361583709717 4.741563558578491 0.1702127659574468 1.0
0 1 2.8529634845718124 0.1784071922302246 4.919970750808716 0.16666666666666666 1.0
0 1 2.4849703012340436 0.14477896690368652 5.064749717712402 0.163265306122449 1.0
0 1 2.1644431943866964 0.2474229335784912 5.3121726512908936 0.163265306122449 1.0
0 1 1.8852596907900219 0.13864898681640625 5.4508216381073 0.163265306122449 1.0
0 1 1.6420870323301746 0.1191108226776123 5.569932460784912 0.163265306122449 1.0
0 1 1.4302803135927475 0.2139449119567871 5.783877372741699 0.163265306122449 1.0
0 1 1.2457937582930971 0.1312108039855957 5.915088176727295 0.163265306122449 1.0
0 1 1.0851034398309916 0.38715696334838867 6.302245140075684 0.1568627450980392 1.0
0 1 0.945139969834425 0.3392629623413086 6.641508102416992 0.1568627450980392 1.0
0 1 0.823229868958621 0.47564220428466797 7.11715030670166 0.1568627450980392 1.0
0 1 0.7170445000483404 0.7964286804199219 7.913578987121582 0.15384615384615383 1.0
0 1 0.624555588222246 0.7333371639251709 8.646916151046753 0.1509433962264151 1.0
0 1 0.5439964782567033 0.5106189250946045 9.157535076141357 0.1509433962264151 1.0
0 1 0.4738283892360109 0.4430379867553711 9.600573062896729 0.1509433962264151 1.0
0 1 0.4127110218901976 0.44268178939819336 10.043254852294922 0.1481481481481481 1.0
0 1 0.3594769571833539 0.4430687427520752 10.486323595046997 0.1481481481481481 1.0
0 0.1 130.20161032759302 0.0012102127075195312 10.487533807754517 0.0 1.0
0 0.1 113.40738729625762 0.0011699199676513672 10.488703727722168 0.0 1.0
0 0.1 98.77938883400856 0.0012097358703613281 10.48991346359253 0.0 1.0
0 0.1 86.03820166433057 0.001161813735961914 10.491075277328491 0.0 1.0
0 0.1 74.9404529934022 0.001149892807006836 10.492225170135498 0.0 1.0
0 0.1 65.27416178184274 0.0012328624725341797 10.493458032608032 0.0 1.0
0 0.1 56.854689638682785 0.0011942386627197266 10.494652271270752 0.0 1.0
0 0.1 49.52121399451067 0.001222848892211914 10.495875120162964 0.0 1.0
0 0.1 43.13365618693992 0.0012269020080566406 10.49710202217102 0.0 1.0
0 0.1 37.570005780944214 0.0011870861053466797 10.498289108276367 0.0 1.0
0 0.1 32.7239900151928 0.0011599063873291016 10.499449014663696 0.0 1.0
0 0.1 28.503043857863506 0.0011470317840576172 10.500596046447754 0.0 1.0
0 0.1 24.826541897430772 0.015221834182739258 10.515817880630493 0.5714285714285715 1.0
0 0.1 21.624258295306348 0.005280017852783203 10.521097898483276 0.5714285714285715 1.0
0 0.1 18.835025383479486 0.005372285842895508 10.526470184326172 0.5714285714285715 1.0
0 0.1 16.405565284674683 0.005087137222290039 10.531557321548462 0.5714285714285715 1.0
0 0.1 14.289472237493916 0.0050029754638671875 10.536560297012329 0.5714285714285715 1.0
0 0.1 12.446326187665905 0.003933906555175781 10.540494203567505 0.5714285714285715 1.0
0 0.1 10.840920713874212 0.012585878372192383 10.553080081939697 0.7499999999999999 1.0
0 0.1 9.44259054057033 0.006564140319824219 10.559644222259521 0.7499999999999999 1.0
0 0.1 8.224625792416147 0.0053768157958984375 10.56502103805542 0.7499999999999999 1.0
0 0.1 7.163761801874259 0.005330085754394531 10.570351123809814 0.7499999999999999 1.0
0 0.1 6.239734724625884 0.005126953125 10.575478076934814 0.7499999999999999 1.0
0 0.1 5.43489447450858 0.033780813217163086 10.609258890151978 0.7272727272727272 1.0
0 0.1 4.733867584541418 0.011934041976928711 10.621192932128906 0.7272727272727272 1.0
0 0.1 4.123263554256632 0.011405229568481445 10.632598161697388 0.7272727272727272 1.0
0 0.1 3.591419074200402 0.0633687973022461 10.695966958999634 0.5714285714285714 1.0
0 0.1 3.128175241967003 0.1487569808959961 10.84472393989563 0.4444444444444444 1.0
0 0.1 2.7246835143108377 0.05846381187438965 10.90318775177002 0.4210526315789473 1.0
0 0.1 2.373236688776134 0.08963513374328613 10.992822885513306 0.38095238095238093 1.0
0 0.1 2.0671216863796724 0.43048596382141113 11.423308849334717 0.3333333333333333 1.0
0 0.1 1.8004913233094775 0.5524048805236816 11.975713729858398 0.32000000000000006 1.0
0 0.1 1.5682526223167341 0.5976560115814209 12.57336974143982 0.2857142857142857 1.0
0 0.1 1.3659695304072161 0.44899606704711914 13.022365808486938 0.27586206896551724 1.0
0 0.1 1.1897781846170337 0.30939197540283203 13.33175778388977 0.25806451612903225 1.0
0 0.1 1.036313107341863 0.09582018852233887 13.42757797241211 0.25806451612903225 1.0
0 0.1 0.9026429214570189 0.21465492248535156 13.642232894897461 0.24242424242424243 1.0
0 0.1 0.786214357305898 0.21997499465942383 13.862207889556885 0.2352941176470588 1.0
0 0.1 0.6848034820193963 0.07070493698120117 13.932912826538086 0.2352941176470588 1.0
0 0.1 0.5964732195846044 0.6766390800476074 14.609551906585693 0.2285714285714286 1.0
0 0.1 0.5195363502423698 0.7323579788208008 15.341909885406494 0.2222222222222222 1.0
0 0.1 0.4525232824553942 2.6025729179382324 17.944482803344727 0.19999999999999998 1.0
0 0.1 0.3941539818506903 0.3651001453399658 18.309582948684692 0.19999999999999998 1.0
0 0.1 0.34331352094368267 0.5693070888519287 18.87889003753662 0.19512195121951217 1.0
0 0.1 0.2990307826127625 0.7950489521026611 19.673938989639282 0.19047619047619047 1.0
0 0.1 0.2604599105337001 0.9784750938415527 20.652414083480835 0.18181818181818182 1.0
0 0.1 0.22686415225376097 0.3876497745513916 21.040063858032227 0.18181818181818182 1.0
0 0.1 0.19760178628779224 0.16671395301818848 21.206777811050415 0.18181818181818182 1.0
0 0.1 0.17211386442601356 0.1272721290588379 21.334049940109253 0.18181818181818182 1.0
0 0.1 0.14991353511608546 2.1530020236968994 23.487051963806152 0.1739130434782609 1.0
0 0.01 28.211963230963963 0.001155853271484375 23.488207817077637 0.0 1.0
0 0.01 24.573006681497752 0.0011572837829589844 23.489365100860596 0.0 1.0
0 0.01 21.403425646968028 0.0011458396911621094 23.490510940551758 0.0 1.0
0 0.01 18.642677119777133 0.0012180805206298828 23.491729021072388 0.0 1.0
0 0.01 16.238027310431736 0.0012199878692626953 23.49294900894165 0.0 1.0
0 0.01 14.143544365449966 0.0011560916900634766 23.494105100631714 0.0 1.0
0 0.01 12.319221010851523 0.0011470317840576172 23.49525213241577 0.0 1.0
0 0.01 10.730210362611421 0.00115203857421875 23.49640417098999 0.0 1.0
0 0.01 9.346160307090315 0.0011470317840576172 23.497551202774048 0.0 1.0
0 0.01 8.140633737265514 0.0012390613555908203 23.49879026412964 0.0 1.0
0 0.01 7.090603570541246 0.0011501312255859375 23.499940395355225 0.0 1.0
0 0.01 6.176012902339531 0.0011491775512695312 23.501089572906494 0.0 1.0
0 0.01 5.379391893848717 0.0011589527130126953 23.502248525619507 0.0 1.0
0 0.01 4.685524076001097 0.00115203857421875 23.503400564193726 0.0 1.0
0 0.01 4.081155695663349 0.0012090206146240234 23.50460958480835 0.0 1.0
0 0.01 3.554742552184356 0.0011959075927734375 23.505805492401123 0.0 1.0
0 0.01 3.09622948855821 0.0011479854583740234 23.506953477859497 0.0 1.0
0 0.01 2.6968583252045994 0.0011448860168457031 23.508098363876343 0.0 1.0
0 0.01 2.349000567658869 0.010853290557861328 23.518951654434204 0.5714285714285715 1.0
0 0.01 2.046011692676912 0.0025200843811035156 23.521471738815308 0.5714285714285715 1.0
0 0.01 1.7821042294352372 0.002706289291381836 23.52417802810669 0.5714285714285715 1.0
0 0.01 1.5522372115164986 0.002584695816040039 23.52676272392273 0.5714285714285715 1.0
0 0.01 1.3520198880735976 0.002547025680541992 23.52930974960327 0.5714285714285715 1.0
0 0.01 1.1776278549337647 0.0026979446411132812 23.532007694244385 0.5714285714285715 1.0
0 0.01 1.0257300036406054 0.010748863220214844 23.5427565574646 0.7499999999999999 1.0
0 0.01 0.8934248930683893 0.002443075180053711 23.545199632644653 0.7499999999999999 1.0
0 0.01 0.7781853282259436 0.002487659454345703 23.547687292099 0.7499999999999999 1.0
0 0.01 0.6778100876351608 0.002596139907836914 23.550283432006836 0.7499999999999999 1.0
0 0.01 0.590381877216004 0.0025091171264648438 23.5527925491333 0.7499999999999999 1.0
0 0.01 0.5142307075440048 0.0200808048248291 23.57287335395813 0.7272727272727272 1.0
0 0.01 0.44790199493955546 0.004133701324462891 23.577007055282593 0.7272727272727272 1.0
0 0.01 0.39012877707943217 0.04578423500061035 23.622791290283203 0.5000000000000001 1.0
0 0.01 0.33980751241358653 0.05273103713989258 23.675522327423096 0.4 1.0
0 0.01 0.2959770011254507 0.01241302490234375 23.68793535232544 0.4 1.0
0 0.01 0.2578000249994245 0.0122528076171875 23.700188159942627 0.4 1.0
0 0.01 0.22454735549379537 0.07448101043701172 23.77466917037964 0.3076923076923077 1.0
0 0.01 0.19558382455304058 0.016525983810424805 23.791195154190063 0.3076923076923077 1.0
0 0.01 0.1703561920944177 0.1874408721923828 23.978636026382446 0.26666666666666666 1.0
0 0.01 0.14838257842248037 0.07231998443603516 24.05095601081848 0.25806451612903225 1.0
0 0.01 0.12924325971726744 0.0237119197845459 24.074667930603027 0.25806451612903225 1.0
0 0.01 0.1125726507783501 0.07039189338684082 24.145059823989868 0.25 1.0
0 0.01 0.09805232188500161 0.07368087768554688 24.218740701675415 0.24242424242424243 1.0
0 0.01 0.08540491638568569 0.09373593330383301 24.312476634979248 0.2352941176470588 1.0
0 0.01 0.07438885283512764 0.02382683753967285 24.33630347251892 0.2352941176470588 1.0
0 0.01 0.06479371048308594 0.08919501304626465 24.425498485565186 0.2285714285714286 1.0
0 0.01 0.056436209971818335 0.24332118034362793 24.668819665908813 0.21621621621621623 1.0
0 0.01 0.049156712468482675 0.04392194747924805 24.71274161338806 0.21621621621621623 1.0
0 0.01 0.0428161703614703 0.2137441635131836 24.926485776901245 0.20512820512820512 1.0
0 0.01 0.03729347127511503 0.04334402084350586 24.96982979774475 0.20512820512820512 1.0
0 0.01 0.032483124670098805 0.040875911712646484 25.010705709457397 0.20512820512820512 1.0
