[216.40736058 188.4937774  164.18066384 143.00360867 124.55810333
 108.49181534  94.49785828  82.30892987  71.69220614  62.44489425
  54.39035884  47.37474809  41.26405496  35.94155748  31.30558923
  27.26759733  23.75045104  20.68696841  18.01863304  15.69447636
  13.67010404  11.906848    10.37102782   9.03330739   7.86813455
   6.85325305   5.96927734   5.19932239   4.52868107   3.94454329
   3.43575127   2.99258645   2.60658382   2.27037024   1.9775236
   1.72245016   1.5002777    1.30676244   1.138208     0.99139477
   0.86351843   0.75213639   0.65512111   0.57061946   0.49701737
   0.43290895   0.37706963   0.32843281   0.28606948   0.24917044]0 1 312.2098259152708 0.0006341934204101562 0.0006341934204101562 0.0 1.0
0 1 271.93903789811014 0.0006411075592041016 0.0012753009796142578 0.0 1.0
0 1 236.8626295349813 0.007431983947753906 0.008707284927368164 0.33333333333333337 1.0
0 1 206.31059705097118 0.008407831192016602 0.017115116119384766 0.5714285714285715 1.0
0 1 179.69935797424765 0.004846096038818359 0.021961212158203125 0.5714285714285715 1.0
0 1 156.52060397255676 0.003789186477661133 0.025750398635864258 0.5714285714285715 1.0
0 1 136.33159152101595 0.003538846969604492 0.02928924560546875 0.5714285714285715 1.0
0 1 118.74668494067365 0.01018381118774414 0.03947305679321289 0.7499999999999999 1.0
0 1 103.42999026917344 0.006232023239135742 0.04570508003234863 0.7499999999999999 1.0
0 1 90.08893926113359 0.004814863204956055 0.05051994323730469 0.7499999999999999 1.0
0 1 78.46870096453189 0.004909038543701172 0.05542898178100586 0.7499999999999999 1.0
0 1 68.34731412713553 0.004942178726196289 0.06037116050720215 0.7499999999999999 1.0
0 1 59.53144745577994 0.005399942398071289 0.06577110290527344 0.6666666666666665 1.0
0 1 51.85270674408604 0.010000228881835938 0.07577133178710938 0.7272727272727272 1.0
0 1 45.16441833008278 0.010635614395141602 0.08640694618225098 0.7272727272727272 1.0
0 1 39.33882744370648 0.012518882751464844 0.09892582893371582 0.6153846153846154 1.0
0 1 34.26465792907022 0.019633769989013672 0.11855959892272949 0.47058823529411764 1.0
0 1 29.84498672911064 0.026758909225463867 0.14531850814819336 0.3636363636363636 1.0
0 1 25.99539253258091 0.036895036697387695 0.18221354484558105 0.3076923076923077 1.0
0 1 22.642343220204207 0.10120701789855957 0.2834205627441406 0.26666666666666666 1.0
0 1 19.721791308170232 0.11904287338256836 0.402463436126709 0.27586206896551724 1.0
0 1 17.177950560167822 0.26428890228271484 0.6667523384094238 0.26666666666666666 1.0
0 1 14.962230399696251 0.18950986862182617 0.85626220703125 0.24242424242424243 1.0
0 1 13.03230776858211 0.18301105499267578 1.0392732620239258 0.2222222222222222 1.0
0 1 11.351318703025308 0.1798391342163086 1.2191123962402344 0.2222222222222222 1.0
0 1 9.887154185253786 0.13951992988586426 1.3586323261260986 0.21621621621621623 1.0
0 1 8.611846820663045 0.13970398902893066 1.4983363151550293 0.20512820512820512 1.0
0 1 7.501036625197576 0.16273188591003418 1.6610682010650635 0.19999999999999998 1.0
0 1 6.53350571883761 0.13773369789123535 1.7988018989562988 0.20512820512820512 1.0
0 1 5.69077303724795 0.18166399002075195 1.9804658889770508 0.18604651162790697 1.0
0 1 4.956741320068812 0.1506340503692627 2.1310999393463135 0.1777777777777778 1.0
0 1 4.317389632878279 0.1909160614013672 2.3220160007476807 0.1702127659574468 1.0
0 1 3.7605055496069455 1.8448052406311035 4.166821241378784 0.1702127659574468 1.0
0 1 3.2754518797500736 0.36774301528930664 4.534564256668091 0.1702127659574468 1.0
0 1 2.8529634845718124 0.17703604698181152 4.711600303649902 0.16666666666666666 1.0
0 1 2.4849703012340436 0.14481401443481445 4.856414318084717 0.163265306122449 1.0
0 1 2.1644431943866964 0.2472987174987793 5.103713035583496 0.163265306122449 1.0
0 1 1.8852596907900219 0.13906216621398926 5.242775201797485 0.163265306122449 1.0
0 1 1.6420870323301746 0.11867475509643555 5.361449956893921 0.163265306122449 1.0
0 1 1.4302803135927475 0.11492228507995605 5.476372241973877 0.163265306122449 1.0
0 1 1.2457937582930971 0.11218500137329102 5.588557243347168 0.163265306122449 1.0
0 1 1.0851034398309916 0.3845980167388916 5.97315526008606 0.1568627450980392 1.0
0 1 0.945139969834425 0.3407888412475586 6.313944101333618 0.1568627450980392 1.0
0 1 0.823229868958621 0.4780852794647217 6.79202938079834 0.1568627450980392 1.0
0 1 0.7170445000483404 0.8070671558380127 7.5990965366363525 0.15384615384615383 1.0
0 1 0.624555588222246 0.7300419807434082 8.32913851737976 0.1509433962264151 1.0
0 1 0.5439964782567033 0.5126831531524658 8.841821670532227 0.1509433962264151 1.0
0 1 0.4738283892360109 0.43865394592285156 9.280475616455078 0.1509433962264151 1.0
0 1 0.4127110218901976 0.4418959617614746 9.722371578216553 0.1481481481481481 1.0
0 1 0.3594769571833539 0.4385719299316406 10.160943508148193 0.1481481481481481 1.0
0 0.1 130.20161032759302 0.0006561279296875 10.16159963607788 0.0 1.0
0 0.1 113.40738729625762 0.0006473064422607422 10.162246942520142 0.0 1.0
0 0.1 98.77938883400856 0.0006248950958251953 10.162871837615967 0.0 1.0
0 0.1 86.03820166433057 0.0006279945373535156 10.16349983215332 0.0 1.0
0 0.1 74.9404529934022 0.0006670951843261719 10.164166927337646 0.0 1.0
0 0.1 65.27416178184274 0.0006628036499023438 10.164829730987549 0.0 1.0
0 0.1 56.854689638682785 0.0006670951843261719 10.165496826171875 0.0 1.0
0 0.1 49.52121399451067 0.0006248950958251953 10.1661217212677 0.0 1.0
0 0.1 43.13365618693992 0.0006401538848876953 10.166761875152588 0.0 1.0
0 0.1 37.570005780944214 0.0006237030029296875 10.167385578155518 0.0 1.0
0 0.1 32.7239900151928 0.0006248950958251953 10.168010473251343 0.0 1.0
0 0.1 28.503043857863506 0.0006272792816162109 10.168637752532959 0.0 1.0
0 0.1 24.826541897430772 0.00986790657043457 10.178505659103394 0.5714285714285715 1.0
0 0.1 21.624258295306348 0.0017848014831542969 10.180290460586548 0.5714285714285715 1.0
0 0.1 18.835025383479486 0.0017459392547607422 10.182036399841309 0.5714285714285715 1.0
0 0.1 16.405565284674683 0.0018267631530761719 10.183863162994385 0.5714285714285715 1.0
0 0.1 14.289472237493916 0.0017251968383789062 10.185588359832764 0.5714285714285715 1.0
0 0.1 12.446326187665905 0.0017118453979492188 10.187300205230713 0.5714285714285715 1.0
0 0.1 10.840920713874212 0.007759809494018555 10.195060014724731 0.7499999999999999 1.0
0 0.1 9.44259054057033 0.002601146697998047 10.19766116142273 0.7499999999999999 1.0
0 0.1 8.224625792416147 0.0026869773864746094 10.200348138809204 0.7499999999999999 1.0
0 0.1 7.163761801874259 0.002686023712158203 10.203034162521362 0.7499999999999999 1.0
0 0.1 6.239734724625884 0.003080129623413086 10.206114292144775 0.7499999999999999 1.0
0 0.1 5.43489447450858 0.026439189910888672 10.232553482055664 0.7272727272727272 1.0
0 0.1 4.733867584541418 0.006931304931640625 10.239484786987305 0.7272727272727272 1.0
0 0.1 4.123263554256632 0.007801055908203125 10.247285842895508 0.7272727272727272 1.0
0 0.1 3.591419074200402 0.05478811264038086 10.302073955535889 0.5714285714285714 1.0
0 0.1 3.128175241967003 0.1398768424987793 10.441950798034668 0.4444444444444444 1.0
0 0.1 2.7246835143108377 0.05112195014953613 10.493072748184204 0.4210526315789473 1.0
0 0.1 2.373236688776134 0.08424091339111328 10.577313661575317 0.38095238095238093 1.0
0 0.1 2.0671216863796724 0.3162980079650879 10.893611669540405 0.3333333333333333 1.0
0 0.1 1.8004913233094775 0.48030877113342285 11.373920440673828 0.32000000000000006 1.0
0 0.1 1.5682526223167341 0.5574872493743896 11.931407690048218 0.2857142857142857 1.0
0 0.1 1.3659695304072161 0.4301779270172119 12.36158561706543 0.27586206896551724 1.0
0 0.1 1.1897781846170337 0.27805614471435547 12.639641761779785 0.25806451612903225 1.0
0 0.1 1.036313107341863 0.08338260650634766 12.723024368286133 0.25806451612903225 1.0
0 0.1 0.9026429214570189 0.19285821914672852 12.915882587432861 0.24242424242424243 1.0
0 0.1 0.786214357305898 0.20499467849731445 13.120877265930176 0.2352941176470588 1.0
0 0.1 0.6848034820193963 0.0651390552520752 13.186016321182251 0.2352941176470588 1.0
0 0.1 0.5964732195846044 0.6577041149139404 13.843720436096191 0.2285714285714286 1.0
0 0.1 0.5195363502423698 0.6880509853363037 14.531771421432495 0.2222222222222222 1.0
0 0.1 0.4525232824553942 2.5175390243530273 17.049310445785522 0.19999999999999998 1.0
0 0.1 0.3941539818506903 0.34812164306640625 17.39743208885193 0.19999999999999998 1.0
0 0.1 0.34331352094368267 0.5506808757781982 17.948112964630127 0.19512195121951217 1.0
0 0.1 0.2990307826127625 0.768125057220459 18.716238021850586 0.19047619047619047 1.0
0 0.1 0.2604599105337001 0.9486708641052246 19.66490888595581 0.18181818181818182 1.0
0 0.1 0.22686415225376097 0.3803431987762451 20.045252084732056 0.18181818181818182 1.0
0 0.1 0.19760178628779224 0.15567302703857422 20.20092511177063 0.18181818181818182 1.0
0 0.1 0.17211386442601356 0.1185610294342041 20.319486141204834 0.18181818181818182 1.0
0 0.1 0.14991353511608546 2.119403839111328 22.438889980316162 0.1739130434782609 1.0
0 0.01 28.211963230963963 0.0006530284881591797 22.43954300880432 0.0 1.0
0 0.01 24.573006681497752 0.0006289482116699219 22.44017195701599 0.0 1.0
0 0.01 21.403425646968028 0.0006399154663085938 22.4408118724823 0.0 1.0
0 0.01 18.642677119777133 0.0006489753723144531 22.441460847854614 0.0 1.0
0 0.01 16.238027310431736 0.0007162094116210938 22.442177057266235 0.0 1.0
0 0.01 14.143544365449966 0.0006380081176757812 22.44281506538391 0.0 1.0
0 0.01 12.319221010851523 0.0006432533264160156 22.443458318710327 0.0 1.0
0 0.01 10.730210362611421 0.0007181167602539062 22.44417643547058 0.0 1.0
0 0.01 9.346160307090315 0.0006229877471923828 22.444799423217773 0.0 1.0
0 0.01 8.140633737265514 0.0006282329559326172 22.445427656173706 0.0 1.0
0 0.01 7.090603570541246 0.0006160736083984375 22.446043729782104 0.0 1.0
0 0.01 6.176012902339531 0.0006189346313476562 22.446662664413452 0.0 1.0
0 0.01 5.379391893848717 0.0006999969482421875 22.447362661361694 0.0 1.0
0 0.01 4.685524076001097 0.0006930828094482422 22.448055744171143 0.0 1.0
0 0.01 4.081155695663349 0.0006389617919921875 22.448694705963135 0.0 1.0
0 0.01 3.554742552184356 0.0006620883941650391 22.4493567943573 0.0 1.0
0 0.01 3.09622948855821 0.0006418228149414062 22.44999861717224 0.0 1.0
0 0.01 2.6968583252045994 0.0006430149078369141 22.450641632080078 0.0 1.0
0 0.01 2.349000567658869 0.016214847564697266 22.466856479644775 0.5714285714285715 1.0
0 0.01 2.046011692676912 0.001096963882446289 22.46795344352722 0.5714285714285715 1.0
0 0.01 1.7821042294352372 0.0011630058288574219 22.46911644935608 0.5714285714285715 1.0
0 0.01 1.5522372115164986 0.001074075698852539 22.47019052505493 0.5714285714285715 1.0
0 0.01 1.3520198880735976 0.001069784164428711 22.47126030921936 0.5714285714285715 1.0
0 0.01 1.1776278549337647 0.001110076904296875 22.472370386123657 0.5714285714285715 1.0
0 0.01 1.0257300036406054 0.005246877670288086 22.477617263793945 0.7499999999999999 1.0
0 0.01 0.8934248930683893 0.0010449886322021484 22.478662252426147 0.7499999999999999 1.0
0 0.01 0.7781853282259436 0.0011398792266845703 22.479802131652832 0.7499999999999999 1.0
0 0.01 0.6778100876351608 0.0012810230255126953 22.481083154678345 0.7499999999999999 1.0
0 0.01 0.590381877216004 0.0012922286987304688 22.482375383377075 0.7499999999999999 1.0
0 0.01 0.5142307075440048 0.012822151184082031 22.495197534561157 0.7272727272727272 1.0
0 0.01 0.44790199493955546 0.0031890869140625 22.49838662147522 0.7272727272727272 1.0
0 0.01 0.39012877707943217 0.04050493240356445 22.538891553878784 0.5000000000000001 1.0
0 0.01 0.33980751241358653 0.045868873596191406 22.584760427474976 0.4 1.0
0 0.01 0.2959770011254507 0.008567094802856445 22.593327522277832 0.4 1.0
0 0.01 0.2578000249994245 0.009122848510742188 22.602450370788574 0.4 1.0
0 0.01 0.22454735549379537 0.06644487380981445 22.66889524459839 0.3076923076923077 1.0
0 0.01 0.19558382455304058 0.012562990188598633 22.681458234786987 0.3076923076923077 1.0
0 0.01 0.1703561920944177 0.18309807777404785 22.864556312561035 0.26666666666666666 1.0
0 0.01 0.14838257842248037 0.06192898750305176 22.926485300064087 0.25806451612903225 1.0
0 0.01 0.12924325971726744 0.01872396469116211 22.94520926475525 0.25806451612903225 1.0
0 0.01 0.1125726507783501 0.06226992607116699 23.007479190826416 0.25 1.0
0 0.01 0.09805232188500161 0.0641021728515625 23.07158136367798 0.24242424242424243 1.0
0 0.01 0.08540491638568569 0.0864560604095459 23.158037424087524 0.2352941176470588 1.0
0 0.01 0.07438885283512764 0.018594741821289062 23.176632165908813 0.2352941176470588 1.0
0 0.01 0.06479371048308594 0.08194184303283691 23.25857400894165 0.2285714285714286 1.0
0 0.01 0.056436209971818335 0.22518205642700195 23.483756065368652 0.21621621621621623 1.0
0 0.01 0.049156712468482675 0.034765005111694336 23.518521070480347 0.21621621621621623 1.0
0 0.01 0.0428161703614703 0.19579410552978516 23.714315176010132 0.20512820512820512 1.0
0 0.01 0.03729347127511503 0.03162693977355957 23.74594211578369 0.20512820512820512 1.0
0 0.01 0.032483124670098805 0.029505014419555664 23.775447130203247 0.20512820512820512 1.0
