[216.40736058 188.4937774  164.18066384 143.00360867 124.55810333
 108.49181534  94.49785828  82.30892987  71.69220614  62.44489425
  54.39035884  47.37474809  41.26405496  35.94155748  31.30558923
  27.26759733  23.75045104  20.68696841  18.01863304  15.69447636
  13.67010404  11.906848    10.37102782   9.03330739   7.86813455
   6.85325305   5.96927734   5.19932239   4.52868107   3.94454329
   3.43575127   2.99258645   2.60658382   2.27037024   1.9775236
   1.72245016   1.5002777    1.30676244   1.138208     0.99139477
   0.86351843   0.75213639   0.65512111   0.57061946   0.49701737
   0.43290895   0.37706963   0.32843281   0.28606948   0.24917044]0 1 312.2098259152708 0.0011801719665527344 0.0011801719665527344 0.0 1.0
0 1 271.93903789811014 0.0011620521545410156 0.00234222412109375 0.0 1.0
0 1 236.8626295349813 0.02692580223083496 0.02926802635192871 0.33333333333333337 1.0
0 1 206.31059705097118 0.02085280418395996 0.05012083053588867 0.5714285714285715 1.0
0 1 179.69935797424765 0.011584997177124023 0.061705827713012695 0.5714285714285715 1.0
0 1 156.52060397255676 0.008855819702148438 0.07056164741516113 0.5714285714285715 1.0
0 1 136.33159152101595 0.0077817440032958984 0.07834339141845703 0.5714285714285715 1.0
0 1 118.74668494067365 0.023642301559448242 0.10198569297790527 0.7499999999999999 1.0
0 1 103.42999026917344 0.014870643615722656 0.11685633659362793 0.7499999999999999 1.0
0 1 90.08893926113359 0.010989189147949219 0.12784552574157715 0.7499999999999999 1.0
0 1 78.46870096453189 0.00982975959777832 0.13767528533935547 0.7499999999999999 1.0
0 1 68.34731412713553 0.008622884750366211 0.14629817008972168 0.7499999999999999 1.0
0 1 59.53144745577994 0.008852958679199219 0.1551511287689209 0.6666666666666665 1.0
0 1 51.85270674408604 0.012979984283447266 0.16813111305236816 0.7272727272727272 1.0
0 1 45.16441833008278 0.012701988220214844 0.180833101272583 0.7272727272727272 1.0
0 1 39.33882744370648 0.01247715950012207 0.19331026077270508 0.6153846153846154 1.0
0 1 34.26465792907022 0.01910400390625 0.21241426467895508 0.47058823529411764 1.0
0 1 29.84498672911064 0.025817155838012695 0.23823142051696777 0.3636363636363636 1.0
0 1 25.99539253258091 0.03230118751525879 0.27053260803222656 0.3076923076923077 1.0
0 1 22.642343220204207 0.09316897392272949 0.36370158195495605 0.26666666666666666 1.0
0 1 19.721791308170232 0.10440587997436523 0.4681074619293213 0.27586206896551724 1.0
0 1 17.177950560167822 0.24344706535339355 0.7115545272827148 0.26666666666666666 1.0
0 1 14.962230399696251 0.17096424102783203 0.8825187683105469 0.24242424242424243 1.0
0 1 13.03230776858211 0.1724529266357422 1.054971694946289 0.2222222222222222 1.0
0 1 11.351318703025308 0.1562492847442627 1.2112209796905518 0.2222222222222222 1.0
0 1 9.887154185253786 0.12312507629394531 1.334346055984497 0.21621621621621623 1.0
0 1 8.611846820663045 0.12299108505249023 1.4573371410369873 0.20512820512820512 1.0
0 1 7.501036625197576 0.13937687873840332 1.5967140197753906 0.19999999999999998 1.0
0 1 6.53350571883761 0.11999297142028809 1.7167069911956787 0.20512820512820512 1.0
0 1 5.69077303724795 0.16332221031188965 1.8800292015075684 0.18604651162790697 1.0
0 1 4.956741320068812 0.11943697929382324 1.9994661808013916 0.1777777777777778 1.0
0 1 4.317389632878279 0.1636340618133545 2.163100242614746 0.1702127659574468 1.0
0 1 3.7605055496069455 1.6532957553863525 3.8163959980010986 0.1702127659574468 1.0
0 1 3.2754518797500736 0.41620373725891113 4.23259973526001 0.1702127659574468 1.0
0 1 2.8529634845718124 0.12828898429870605 4.360888719558716 0.16666666666666666 1.0
0 1 2.4849703012340436 0.1283872127532959 4.489275932312012 0.163265306122449 1.0
0 1 2.1644431943866964 0.26628589630126953 4.755561828613281 0.163265306122449 1.0
0 1 1.8852596907900219 0.09491729736328125 4.8504791259765625 0.163265306122449 1.0
0 1 1.6420870323301746 0.09302186965942383 4.943500995635986 0.163265306122449 1.0
0 1 1.4302803135927475 0.09171605110168457 5.035217046737671 0.163265306122449 1.0
0 1 1.2457937582930971 0.09114789962768555 5.1263649463653564 0.163265306122449 1.0
0 1 1.0851034398309916 0.21950411796569824 5.345869064331055 0.1568627450980392 1.0
0 1 0.945139969834425 0.2197408676147461 5.565609931945801 0.1568627450980392 1.0
0 1 0.823229868958621 0.37820005416870117 5.943809986114502 0.1568627450980392 1.0
0 1 0.7170445000483404 0.6634187698364258 6.607228755950928 0.15384615384615383 1.0
0 1 0.624555588222246 0.4702870845794678 7.0775158405303955 0.1509433962264151 1.0
0 1 0.5439964782567033 0.3014228343963623 7.378938674926758 0.1509433962264151 1.0
0 1 0.4738283892360109 0.22104477882385254 7.59998345375061 0.1509433962264151 1.0
0 1 0.4127110218901976 0.2232828140258789 7.823266267776489 0.1481481481481481 1.0
0 1 0.3594769571833539 0.22471880912780762 8.047985076904297 0.1481481481481481 1.0
0 0.1 130.20161032759302 0.0011630058288574219 8.049148082733154 0.0 1.0
0 0.1 113.40738729625762 0.0011610984802246094 8.050309181213379 0.0 1.0
0 0.1 98.77938883400856 0.001153707504272461 8.051462888717651 0.0 1.0
0 0.1 86.03820166433057 0.0012149810791015625 8.052677869796753 0.0 1.0
0 0.1 74.9404529934022 0.0012280941009521484 8.053905963897705 0.0 1.0
0 0.1 65.27416178184274 0.0011608600616455078 8.05506682395935 0.0 1.0
0 0.1 56.854689638682785 0.00115203857421875 8.05621886253357 0.0 1.0
0 0.1 49.52121399451067 0.0011518001556396484 8.057370662689209 0.0 1.0
0 0.1 43.13365618693992 0.0011477470397949219 8.058518409729004 0.0 1.0
0 0.1 37.570005780944214 0.001238107681274414 8.059756517410278 0.0 1.0
0 0.1 32.7239900151928 0.0011668205261230469 8.060923337936401 0.0 1.0
0 0.1 28.503043857863506 0.0011870861053466797 8.062110424041748 0.0 1.0
0 0.1 24.826541897430772 0.013865947723388672 8.075976371765137 0.5714285714285715 1.0
0 0.1 21.624258295306348 0.003985881805419922 8.079962253570557 0.5714285714285715 1.0
0 0.1 18.835025383479486 0.004199028015136719 8.084161281585693 0.5714285714285715 1.0
0 0.1 16.405565284674683 0.004069089889526367 8.08823037147522 0.5714285714285715 1.0
0 0.1 14.289472237493916 0.003988981246948242 8.092219352722168 0.5714285714285715 1.0
0 0.1 12.446326187665905 0.004014730453491211 8.09623408317566 0.5714285714285715 1.0
0 0.1 10.840920713874212 0.011394739151000977 8.10762882232666 0.7499999999999999 1.0
0 0.1 9.44259054057033 0.0051729679107666016 8.112801790237427 0.7499999999999999 1.0
0 0.1 8.224625792416147 0.004167318344116211 8.116969108581543 0.7499999999999999 1.0
0 0.1 7.163761801874259 0.003977298736572266 8.120946407318115 0.7499999999999999 1.0
0 0.1 6.239734724625884 0.003900289535522461 8.124846696853638 0.7499999999999999 1.0
0 0.1 5.43489447450858 0.03117990493774414 8.156026601791382 0.7272727272727272 1.0
0 0.1 4.733867584541418 0.009749889373779297 8.165776491165161 0.7272727272727272 1.0
0 0.1 4.123263554256632 0.009059906005859375 8.17483639717102 0.7272727272727272 1.0
0 0.1 3.591419074200402 0.061243295669555664 8.236079692840576 0.5714285714285714 1.0
0 0.1 3.128175241967003 0.1449720859527588 8.381051778793335 0.4444444444444444 1.0
0 0.1 2.7246835143108377 0.0546879768371582 8.435739755630493 0.4210526315789473 1.0
0 0.1 2.373236688776134 0.08768606185913086 8.523425817489624 0.38095238095238093 1.0
0 0.1 2.0671216863796724 0.2850148677825928 8.808440685272217 0.3333333333333333 1.0
0 0.1 1.8004913233094775 0.5101706981658936 9.31861138343811 0.32000000000000006 1.0
0 0.1 1.5682526223167341 0.5556340217590332 9.874245405197144 0.2857142857142857 1.0
0 0.1 1.3659695304072161 0.42621612548828125 10.300461530685425 0.27586206896551724 1.0
0 0.1 1.1897781846170337 0.2738769054412842 10.574338436126709 0.25806451612903225 1.0
0 0.1 1.036313107341863 0.08208990097045898 10.656428337097168 0.25806451612903225 1.0
0 0.1 0.9026429214570189 0.17467880249023438 10.831107139587402 0.24242424242424243 1.0
0 0.1 0.786214357305898 0.20258784294128418 11.033694982528687 0.2352941176470588 1.0
0 0.1 0.6848034820193963 0.06389522552490234 11.097590208053589 0.2352941176470588 1.0
0 0.1 0.5964732195846044 0.6348142623901367 11.732404470443726 0.2285714285714286 1.0
0 0.1 0.5195363502423698 0.6995439529418945 12.43194842338562 0.2222222222222222 1.0
0 0.1 0.4525232824553942 2.456757068634033 14.888705492019653 0.19999999999999998 1.0
0 0.1 0.3941539818506903 0.29780125617980957 15.186506748199463 0.19999999999999998 1.0
0 0.1 0.34331352094368267 0.4714498519897461 15.657956600189209 0.19512195121951217 1.0
0 0.1 0.2990307826127625 0.7823100090026855 16.440266609191895 0.19047619047619047 1.0
0 0.1 0.2604599105337001 0.8500008583068848 17.29026746749878 0.18604651162790697 1.0
0 0.1 0.22686415225376097 0.24679899215698242 17.53706645965576 0.18181818181818182 1.0
0 0.1 0.19760178628779224 0.13196802139282227 17.669034481048584 0.18181818181818182 1.0
0 0.1 0.17211386442601356 0.11383605003356934 17.782870531082153 0.18181818181818182 1.0
0 0.1 0.14991353511608546 1.639653205871582 19.422523736953735 0.1739130434782609 1.0
0 0.01 28.211963230963963 0.0011661052703857422 19.42368984222412 0.0 1.0
0 0.01 24.573006681497752 0.0011577606201171875 19.42484760284424 0.0 1.0
0 0.01 21.403425646968028 0.0011630058288574219 19.426010608673096 0.0 1.0
0 0.01 18.642677119777133 0.0012350082397460938 19.427245616912842 0.0 1.0
0 0.01 16.238027310431736 0.0012559890747070312 19.42850160598755 0.0 1.0
0 0.01 14.143544365449966 0.001155853271484375 19.429657459259033 0.0 1.0
0 0.01 12.319221010851523 0.0011870861053466797 19.43084454536438 0.0 1.0
0 0.01 10.730210362611421 0.0012159347534179688 19.432060480117798 0.0 1.0
0 0.01 9.346160307090315 0.0011591911315917969 19.43321967124939 0.0 1.0
0 0.01 8.140633737265514 0.0013120174407958984 19.434531688690186 0.0 1.0
0 0.01 7.090603570541246 0.0011589527130126953 19.4356906414032 0.0 1.0
0 0.01 6.176012902339531 0.0011668205261230469 19.43685746192932 0.0 1.0
0 0.01 5.379391893848717 0.0012178421020507812 19.438075304031372 0.0 1.0
0 0.01 4.685524076001097 0.0011441707611083984 19.43921947479248 0.0 1.0
0 0.01 4.081155695663349 0.0014641284942626953 19.440683603286743 0.0 1.0
0 0.01 3.554742552184356 0.0011980533599853516 19.44188165664673 0.0 1.0
0 0.01 3.09622948855821 0.001194000244140625 19.44307565689087 0.0 1.0
0 0.01 2.6968583252045994 0.0012247562408447266 19.444300413131714 0.0 1.0
0 0.01 2.349000567658869 0.009613752365112305 19.453914165496826 0.5714285714285715 1.0
0 0.01 2.046011692676912 0.002716064453125 19.45663022994995 0.5714285714285715 1.0
0 0.01 1.7821042294352372 0.002599000930786133 19.459229230880737 0.5714285714285715 1.0
0 0.01 1.5522372115164986 0.0012967586517333984 19.46052598953247 0.5714285714285715 1.0
0 0.01 1.3520198880735976 0.0013163089752197266 19.46184229850769 0.5714285714285715 1.0
0 0.01 1.1776278549337647 0.0014140605926513672 19.463256359100342 0.5714285714285715 1.0
0 0.01 1.0257300036406054 0.01080012321472168 19.474056482315063 0.7499999999999999 1.0
0 0.01 0.8934248930683893 0.0025169849395751953 19.47657346725464 0.7499999999999999 1.0
0 0.01 0.7781853282259436 0.002655029296875 19.479228496551514 0.7499999999999999 1.0
0 0.01 0.6778100876351608 0.0013689994812011719 19.480597496032715 0.7499999999999999 1.0
0 0.01 0.590381877216004 0.0013897418975830078 19.481987237930298 0.7499999999999999 1.0
0 0.01 0.5142307075440048 0.019068002700805664 19.501055240631104 0.7272727272727272 1.0
0 0.01 0.44790199493955546 0.002965211868286133 19.50402045249939 0.7272727272727272 1.0
0 0.01 0.39012877707943217 0.044654130935668945 19.54867458343506 0.5000000000000001 1.0
0 0.01 0.33980751241358653 0.05177187919616699 19.600446462631226 0.4 1.0
0 0.01 0.2959770011254507 0.011344194412231445 19.611790657043457 0.4 1.0
0 0.01 0.2578000249994245 0.010809898376464844 19.622600555419922 0.4 1.0
0 0.01 0.22454735549379537 0.07297110557556152 19.695571660995483 0.3076923076923077 1.0
0 0.01 0.19558382455304058 0.014815092086791992 19.710386753082275 0.3076923076923077 1.0
0 0.01 0.1703561920944177 0.1853170394897461 19.89570379257202 0.26666666666666666 1.0
0 0.01 0.14838257842248037 0.07040166854858398 19.966105461120605 0.25806451612903225 1.0
0 0.01 0.12924325971726744 0.021410226821899414 19.987515687942505 0.25806451612903225 1.0
0 0.01 0.1125726507783501 0.06953787803649902 20.057053565979004 0.25 1.0
0 0.01 0.09805232188500161 0.07111692428588867 20.128170490264893 0.24242424242424243 1.0
0 0.01 0.08540491638568569 0.09164595603942871 20.21981644630432 0.2352941176470588 1.0
0 0.01 0.07438885283512764 0.022381067276000977 20.242197513580322 0.2352941176470588 1.0
0 0.01 0.06479371048308594 0.08839297294616699 20.33059048652649 0.2285714285714286 1.0
0 0.01 0.056436209971818335 0.23625397682189941 20.56684446334839 0.21621621621621623 1.0
0 0.01 0.049156712468482675 0.03923988342285156 20.60608434677124 0.21621621621621623 1.0
0 0.01 0.0428161703614703 0.20704007148742676 20.813124418258667 0.20512820512820512 1.0
0 0.01 0.03729347127511503 0.04010796546936035 20.853232383728027 0.20512820512820512 1.0
0 0.01 0.032483124670098805 0.03813290596008301 20.89136528968811 0.20512820512820512 1.0
