[216.40736058 188.4937774  164.18066384 143.00360867 124.55810333
 108.49181534  94.49785828  82.30892987  71.69220614  62.44489425
  54.39035884  47.37474809  41.26405496  35.94155748  31.30558923
  27.26759733  23.75045104  20.68696841  18.01863304  15.69447636
  13.67010404  11.906848    10.37102782   9.03330739   7.86813455
   6.85325305   5.96927734   5.19932239   4.52868107   3.94454329
   3.43575127   2.99258645   2.60658382   2.27037024   1.9775236
   1.72245016   1.5002777    1.30676244   1.138208     0.99139477
   0.86351843   0.75213639   0.65512111   0.57061946   0.49701737
   0.43290895   0.37706963   0.32843281   0.28606948   0.24917044]0 1 312.2098259152708 0.0006639957427978516 0.0006639957427978516 0.0 1.0
0 1 271.93903789811014 0.0007009506225585938 0.0013649463653564453 0.0 1.0
0 1 236.8626295349813 0.006367683410644531 0.0077326297760009766 0.33333333333333337 1.0
0 1 206.31059705097118 0.007646322250366211 0.015378952026367188 0.5714285714285715 1.0
0 1 179.69935797424765 0.0037288665771484375 0.019107818603515625 0.5714285714285715 1.0
0 1 156.52060397255676 0.003098011016845703 0.022205829620361328 0.5714285714285715 1.0
0 1 136.33159152101595 0.00284576416015625 0.025051593780517578 0.5714285714285715 1.0
0 1 118.74668494067365 0.008481025695800781 0.03353261947631836 0.7499999999999999 1.0
0 1 103.42999026917344 0.005630016326904297 0.039162635803222656 0.7499999999999999 1.0
0 1 90.08893926113359 0.004519224166870117 0.04368185997009277 0.7499999999999999 1.0
0 1 78.46870096453189 0.0043790340423583984 0.04806089401245117 0.7499999999999999 1.0
0 1 68.34731412713553 0.0047528743743896484 0.05281376838684082 0.7499999999999999 1.0
0 1 59.53144745577994 0.005028247833251953 0.05784201622009277 0.6666666666666665 1.0
0 1 51.85270674408604 0.00921177864074707 0.06705379486083984 0.7272727272727272 1.0
0 1 45.16441833008278 0.009949922561645508 0.07700371742248535 0.7272727272727272 1.0
0 1 39.33882744370648 0.012271881103515625 0.08927559852600098 0.6153846153846154 1.0
0 1 34.26465792907022 0.01697993278503418 0.10625553131103516 0.47058823529411764 1.0
0 1 29.84498672911064 0.026139020919799805 0.13239455223083496 0.3636363636363636 1.0
0 1 25.99539253258091 0.03127789497375488 0.16367244720458984 0.3076923076923077 1.0
0 1 22.642343220204207 0.08855700492858887 0.2522294521331787 0.26666666666666666 1.0
0 1 19.721791308170232 0.10088181495666504 0.35311126708984375 0.27586206896551724 1.0
0 1 17.177950560167822 0.2400038242340088 0.5931150913238525 0.26666666666666666 1.0
0 1 14.962230399696251 0.1681962013244629 0.7613112926483154 0.24242424242424243 1.0
0 1 13.03230776858211 0.17142295837402344 0.9327342510223389 0.2222222222222222 1.0
0 1 11.351318703025308 0.1522660255432129 1.0850002765655518 0.2222222222222222 1.0
0 1 9.887154185253786 0.12335991859436035 1.208360195159912 0.21621621621621623 1.0
0 1 8.611846820663045 0.1224219799041748 1.330782175064087 0.20512820512820512 1.0
0 1 7.501036625197576 0.14056897163391113 1.471351146697998 0.19999999999999998 1.0
0 1 6.53350571883761 0.12067604064941406 1.592027187347412 0.20512820512820512 1.0
0 1 5.69077303724795 0.16268110275268555 1.7547082901000977 0.18604651162790697 1.0
0 1 4.956741320068812 0.12035703659057617 1.8750653266906738 0.1777777777777778 1.0
0 1 4.317389632878279 0.1644749641418457 2.0395402908325195 0.1702127659574468 1.0
0 1 3.7605055496069455 1.6355369091033936 3.675077199935913 0.1702127659574468 1.0
0 1 3.2754518797500736 0.3333120346069336 4.008389234542847 0.1702127659574468 1.0
0 1 2.8529634845718124 0.12877488136291504 4.137164115905762 0.16666666666666666 1.0
0 1 2.4849703012340436 0.12795209884643555 4.265116214752197 0.163265306122449 1.0
0 1 2.1644431943866964 0.22607898712158203 4.491195201873779 0.163265306122449 1.0
0 1 1.8852596907900219 0.0935368537902832 4.5847320556640625 0.163265306122449 1.0
0 1 1.6420870323301746 0.09284400939941406 4.677576065063477 0.163265306122449 1.0
0 1 1.4302803135927475 0.09183001518249512 4.769406080245972 0.163265306122449 1.0
0 1 1.2457937582930971 0.09181499481201172 4.861221075057983 0.163265306122449 1.0
0 1 1.0851034398309916 0.21927189826965332 5.080492973327637 0.1568627450980392 1.0
0 1 0.945139969834425 0.22077202796936035 5.301265001296997 0.1568627450980392 1.0
0 1 0.823229868958621 0.36720895767211914 5.668473958969116 0.1568627450980392 1.0
0 1 0.7170445000483404 0.6623597145080566 6.330833673477173 0.15384615384615383 1.0
0 1 0.624555588222246 0.44236207008361816 6.773195743560791 0.1509433962264151 1.0
0 1 0.5439964782567033 0.29324889183044434 7.066444635391235 0.1509433962264151 1.0
0 1 0.4738283892360109 0.2220461368560791 7.2884907722473145 0.1509433962264151 1.0
0 1 0.4127110218901976 0.22083783149719238 7.509328603744507 0.1481481481481481 1.0
0 1 0.3594769571833539 0.22430992126464844 7.733638525009155 0.1481481481481481 1.0
0 0.1 130.20161032759302 0.0006301403045654297 7.734268665313721 0.0 1.0
0 0.1 113.40738729625762 0.0006320476531982422 7.734900712966919 0.0 1.0
0 0.1 98.77938883400856 0.0006282329559326172 7.735528945922852 0.0 1.0
0 0.1 86.03820166433057 0.0006291866302490234 7.736158132553101 0.0 1.0
0 0.1 74.9404529934022 0.0006499290466308594 7.7368080615997314 0.0 1.0
0 0.1 65.27416178184274 0.0007169246673583984 7.73752498626709 0.0 1.0
0 0.1 56.854689638682785 0.0006721019744873047 7.738197088241577 0.0 1.0
0 0.1 49.52121399451067 0.0006372928619384766 7.738834381103516 0.0 1.0
0 0.1 43.13365618693992 0.0006477832794189453 7.739482164382935 0.0 1.0
0 0.1 37.570005780944214 0.0006327629089355469 7.74011492729187 0.0 1.0
0 0.1 32.7239900151928 0.0006210803985595703 7.74073600769043 0.0 1.0
0 0.1 28.503043857863506 0.0006279945373535156 7.741364002227783 0.0 1.0
0 0.1 24.826541897430772 0.009216070175170898 7.750580072402954 0.5714285714285715 1.0
0 0.1 21.624258295306348 0.0016808509826660156 7.75226092338562 0.5714285714285715 1.0
0 0.1 18.835025383479486 0.0015480518341064453 7.753808975219727 0.5714285714285715 1.0
0 0.1 16.405565284674683 0.00152587890625 7.755334854125977 0.5714285714285715 1.0
0 0.1 14.289472237493916 0.001558065414428711 7.756892919540405 0.5714285714285715 1.0
0 0.1 12.446326187665905 0.0016829967498779297 7.758575916290283 0.5714285714285715 1.0
0 0.1 10.840920713874212 0.007584810256958008 7.766160726547241 0.7499999999999999 1.0
0 0.1 9.44259054057033 0.0023789405822753906 7.768539667129517 0.7499999999999999 1.0
0 0.1 8.224625792416147 0.002372264862060547 7.770911931991577 0.7499999999999999 1.0
0 0.1 7.163761801874259 0.002493143081665039 7.773405075073242 0.7499999999999999 1.0
0 0.1 6.239734724625884 0.0025177001953125 7.775922775268555 0.7499999999999999 1.0
0 0.1 5.43489447450858 0.02606511116027832 7.801987886428833 0.7272727272727272 1.0
0 0.1 4.733867584541418 0.00602412223815918 7.808012008666992 0.7272727272727272 1.0
0 0.1 4.123263554256632 0.007074117660522461 7.815086126327515 0.7272727272727272 1.0
0 0.1 3.591419074200402 0.0542750358581543 7.869361162185669 0.5714285714285714 1.0
0 0.1 3.128175241967003 0.13892602920532227 8.008287191390991 0.4444444444444444 1.0
0 0.1 2.7246835143108377 0.04753303527832031 8.055820226669312 0.4210526315789473 1.0
0 0.1 2.373236688776134 0.08264589309692383 8.138466119766235 0.38095238095238093 1.0
0 0.1 2.0671216863796724 0.22890901565551758 8.367375135421753 0.3333333333333333 1.0
0 0.1 1.8004913233094775 0.46205687522888184 8.829432010650635 0.32000000000000006 1.0
0 0.1 1.5682526223167341 0.5318400859832764 9.361272096633911 0.2857142857142857 1.0
0 0.1 1.3659695304072161 0.4123051166534424 9.773577213287354 0.27586206896551724 1.0
0 0.1 1.1897781846170337 0.25502967834472656 10.02860689163208 0.25806451612903225 1.0
0 0.1 1.036313107341863 0.0753781795501709 10.103985071182251 0.25806451612903225 1.0
0 0.1 0.9026429214570189 0.1623249053955078 10.266309976577759 0.24242424242424243 1.0
0 0.1 0.786214357305898 0.19027304649353027 10.456583023071289 0.2352941176470588 1.0
0 0.1 0.6848034820193963 0.05860090255737305 10.515183925628662 0.2352941176470588 1.0
0 0.1 0.5964732195846044 0.622211217880249 11.137395143508911 0.2285714285714286 1.0
0 0.1 0.5195363502423698 0.629957914352417 11.767353057861328 0.2222222222222222 1.0
0 0.1 0.4525232824553942 2.4218409061431885 14.189193964004517 0.19999999999999998 1.0
0 0.1 0.3941539818506903 0.2856898307800293 14.474883794784546 0.19999999999999998 1.0
0 0.1 0.34331352094368267 0.4609520435333252 14.935835838317871 0.19512195121951217 1.0
0 0.1 0.2990307826127625 0.7556591033935547 15.691494941711426 0.19047619047619047 1.0
0 0.1 0.2604599105337001 0.7970230579376221 16.488517999649048 0.18604651162790697 1.0
0 0.1 0.22686415225376097 0.23762917518615723 16.726147174835205 0.18181818181818182 1.0
0 0.1 0.19760178628779224 0.12693500518798828 16.853082180023193 0.18181818181818182 1.0
0 0.1 0.17211386442601356 0.11150312423706055 16.964585304260254 0.18181818181818182 1.0
0 0.1 0.14991353511608546 1.6358871459960938 18.600472450256348 0.1739130434782609 1.0
0 0.01 28.211963230963963 0.0006451606750488281 18.601117610931396 0.0 1.0
0 0.01 24.573006681497752 0.0006270408630371094 18.601744651794434 0.0 1.0
0 0.01 21.403425646968028 0.0006270408630371094 18.60237169265747 0.0 1.0
0 0.01 18.642677119777133 0.0006268024444580078 18.60299849510193 0.0 1.0
0 0.01 16.238027310431736 0.0006792545318603516 18.60367774963379 0.0 1.0
0 0.01 14.143544365449966 0.0006756782531738281 18.604353427886963 0.0 1.0
0 0.01 12.319221010851523 0.0006420612335205078 18.604995489120483 0.0 1.0
0 0.01 10.730210362611421 0.0006237030029296875 18.605619192123413 0.0 1.0
0 0.01 9.346160307090315 0.0006380081176757812 18.60625720024109 0.0 1.0
0 0.01 8.140633737265514 0.0006551742553710938 18.60691237449646 0.0 1.0
0 0.01 7.090603570541246 0.0006580352783203125 18.60757040977478 0.0 1.0
0 0.01 6.176012902339531 0.0006320476531982422 18.60820245742798 0.0 1.0
0 0.01 5.379391893848717 0.0006449222564697266 18.60884737968445 0.0 1.0
0 0.01 4.685524076001097 0.0006461143493652344 18.609493494033813 0.0 1.0
0 0.01 4.081155695663349 0.0006241798400878906 18.6101176738739 0.0 1.0
0 0.01 3.554742552184356 0.0006339550018310547 18.610751628875732 0.0 1.0
0 0.01 3.09622948855821 0.0006368160247802734 18.611388444900513 0.0 1.0
0 0.01 2.6968583252045994 0.0007448196411132812 18.612133264541626 0.0 1.0
0 0.01 2.349000567658869 0.015645980834960938 18.627779245376587 0.5714285714285715 1.0
0 0.01 2.046011692676912 0.0010807514190673828 18.628859996795654 0.5714285714285715 1.0
0 0.01 1.7821042294352372 0.0010459423065185547 18.629905939102173 0.5714285714285715 1.0
0 0.01 1.5522372115164986 0.0008027553558349609 18.630708694458008 0.5714285714285715 1.0
0 0.01 1.3520198880735976 0.0007970333099365234 18.631505727767944 0.5714285714285715 1.0
0 0.01 1.1776278549337647 0.0008509159088134766 18.632356643676758 0.5714285714285715 1.0
0 0.01 1.0257300036406054 0.005151033401489258 18.637507677078247 0.7499999999999999 1.0
0 0.01 0.8934248930683893 0.0010900497436523438 18.6385977268219 0.7499999999999999 1.0
0 0.01 0.7781853282259436 0.0011410713195800781 18.63973879814148 0.7499999999999999 1.0
0 0.01 0.6778100876351608 0.0008711814880371094 18.640609979629517 0.7499999999999999 1.0
0 0.01 0.590381877216004 0.0009598731994628906 18.64156985282898 0.7499999999999999 1.0
0 0.01 0.5142307075440048 0.012196063995361328 18.65376591682434 0.7272727272727272 1.0
0 0.01 0.44790199493955546 0.0019137859344482422 18.65567970275879 0.7272727272727272 1.0
0 0.01 0.39012877707943217 0.03956294059753418 18.695242643356323 0.5000000000000001 1.0
0 0.01 0.33980751241358653 0.04533815383911133 18.740580797195435 0.4 1.0
0 0.01 0.2959770011254507 0.007798910140991211 18.748379707336426 0.4 1.0
0 0.01 0.2578000249994245 0.00786900520324707 18.756248712539673 0.4 1.0
0 0.01 0.22454735549379537 0.06641721725463867 18.82266592979431 0.3076923076923077 1.0
0 0.01 0.19558382455304058 0.011431217193603516 18.834097146987915 0.3076923076923077 1.0
0 0.01 0.1703561920944177 0.18150568008422852 19.015602827072144 0.26666666666666666 1.0
0 0.01 0.14838257842248037 0.05956625938415527 19.0751690864563 0.25806451612903225 1.0
0 0.01 0.12924325971726744 0.01658320426940918 19.091752290725708 0.25806451612903225 1.0
0 0.01 0.1125726507783501 0.0600888729095459 19.151841163635254 0.25 1.0
0 0.01 0.09805232188500161 0.06273913383483887 19.214580297470093 0.24242424242424243 1.0
0 0.01 0.08540491638568569 0.08333396911621094 19.297914266586304 0.2352941176470588 1.0
0 0.01 0.07438885283512764 0.017278194427490234 19.315192461013794 0.2352941176470588 1.0
0 0.01 0.06479371048308594 0.07967376708984375 19.394866228103638 0.2285714285714286 1.0
0 0.01 0.056436209971818335 0.2219991683959961 19.616865396499634 0.21621621621621623 1.0
0 0.01 0.049156712468482675 0.030620813369750977 19.647486209869385 0.21621621621621623 1.0
0 0.01 0.0428161703614703 0.190385103225708 19.837871313095093 0.20512820512820512 1.0
0 0.01 0.03729347127511503 0.028310060501098633 19.86618137359619 0.20512820512820512 1.0
0 0.01 0.032483124670098805 0.027164936065673828 19.893346309661865 0.20512820512820512 1.0
