[216.40736058 188.4937774  164.18066384 143.00360867 124.55810333
 108.49181534  94.49785828  82.30892987  71.69220614  62.44489425
  54.39035884  47.37474809  41.26405496  35.94155748  31.30558923
  27.26759733  23.75045104  20.68696841  18.01863304  15.69447636
  13.67010404  11.906848    10.37102782   9.03330739   7.86813455
   6.85325305   5.96927734   5.19932239   4.52868107   3.94454329
   3.43575127   2.99258645   2.60658382   2.27037024   1.9775236
   1.72245016   1.5002777    1.30676244   1.138208     0.99139477
   0.86351843   0.75213639   0.65512111   0.57061946   0.49701737
   0.43290895   0.37706963   0.32843281   0.28606948   0.24917044]0 1 312.2098259152708 0.006532907485961914 0.006532907485961914 0.0 1.0
0 1 271.93903789811014 0.006678104400634766 0.01321101188659668 0.0 1.0
0 1 236.8626295349813 0.00667881965637207 0.01988983154296875 0.33333333333333337 1.0
0 1 206.31059705097118 0.05289721488952637 0.07278704643249512 0.5714285714285715 1.0
0 1 179.69935797424765 0.04516911506652832 0.11795616149902344 0.5714285714285715 1.0
0 1 156.52060397255676 0.038308143615722656 0.1562643051147461 0.5714285714285715 1.0
0 1 136.33159152101595 0.0387568473815918 0.1950211524963379 0.5714285714285715 1.0
0 1 118.74668494067365 0.04623818397521973 0.24125933647155762 0.7499999999999999 1.0
0 1 103.42999026917344 0.04438900947570801 0.2856483459472656 0.7499999999999999 1.0
0 1 90.08893926113359 0.0444798469543457 0.33012819290161133 0.7499999999999999 1.0
0 1 78.46870096453189 0.03817391395568848 0.3683021068572998 0.7499999999999999 1.0
0 1 68.34731412713553 0.03813982009887695 0.40644192695617676 0.7499999999999999 1.0
0 1 59.53144745577994 0.04444694519042969 0.45088887214660645 0.6666666666666665 1.0
0 1 51.85270674408604 0.050343990325927734 0.5012328624725342 0.7272727272727272 1.0
0 1 45.16441833008278 0.04417085647583008 0.5454037189483643 0.7272727272727272 1.0
0 1 39.33882744370648 0.05813288688659668 0.6035366058349609 0.6153846153846154 1.0
0 1 34.26465792907022 0.11076617240905762 0.7143027782440186 0.47058823529411764 1.0
0 1 29.84498672911064 0.11780309677124023 0.8321058750152588 0.3636363636363636 1.0
0 1 25.99539253258091 0.1516108512878418 0.9837167263031006 0.3076923076923077 1.0
0 1 22.642343220204207 0.47660017013549805 1.4603168964385986 0.26666666666666666 1.0
0 1 19.721791308170232 0.5383501052856445 1.9986670017242432 0.27586206896551724 1.0
0 1 17.177950560167822 0.8174910545349121 2.8161580562591553 0.26666666666666666 1.0
0 1 14.962230399696251 0.6818068027496338 3.497964859008789 0.24242424242424243 1.0
0 1 13.03230776858211 0.5518488883972168 4.049813747406006 0.2222222222222222 1.0
0 1 11.351318703025308 0.5981817245483398 4.647995471954346 0.2222222222222222 1.0
0 1 9.887154185253786 0.5337071418762207 5.181702613830566 0.21621621621621623 1.0
0 1 8.611846820663045 0.5594949722290039 5.74119758605957 0.20512820512820512 1.0
0 1 7.501036625197576 0.6591432094573975 6.400340795516968 0.19999999999999998 1.0
0 1 6.53350571883761 0.5341570377349854 6.934497833251953 0.20512820512820512 1.0
0 1 5.69077303724795 0.6497848033905029 7.584282636642456 0.18604651162790697 1.0
0 1 4.956741320068812 0.5547788143157959 8.139061450958252 0.1777777777777778 1.0
0 1 4.317389632878279 0.6705238819122314 8.809585332870483 0.16666666666666666 1.0
0 1 3.7605055496069455 5.7857301235198975 14.59531545639038 0.1702127659574468 1.0
0 1 3.2754518797500736 1.2137410640716553 15.809056520462036 0.1702127659574468 1.0
0 1 2.8529634845718124 0.5795862674713135 16.38864278793335 0.16666666666666666 1.0
0 1 2.4849703012340436 0.7028999328613281 17.091542720794678 0.163265306122449 1.0
0 1 2.1644431943866964 0.9593970775604248 18.050939798355103 0.163265306122449 1.0
0 1 1.8852596907900219 0.42456483840942383 18.475504636764526 0.163265306122449 1.0
0 1 1.6420870323301746 0.4057140350341797 18.881218671798706 0.163265306122449 1.0
0 1 1.4302803135927475 0.39290595054626465 19.27412462234497 0.163265306122449 1.0
0 1 1.2457937582930971 0.3768329620361328 19.650957584381104 0.163265306122449 1.0
0 1 1.0851034398309916 2.1482889652252197 21.799246549606323 0.1568627450980392 1.0
0 1 0.945139969834425 1.8133549690246582 23.61260151863098 0.1568627450980392 1.0
0 1 0.823229868958621 3.1074540615081787 26.72005558013916 0.1568627450980392 1.0
0 1 0.7170445000483404 6.307726144790649 33.02778172492981 0.15384615384615383 1.0
0 1 0.624555588222246 5.099722862243652 38.12750458717346 0.1509433962264151 1.0
0 1 0.5439964782567033 3.3594179153442383 41.4869225025177 0.1509433962264151 1.0
0 1 0.4738283892360109 2.9475090503692627 44.43443155288696 0.1509433962264151 1.0
0 1 0.4127110218901976 2.9604501724243164 47.39488172531128 0.1481481481481481 1.0
0 1 0.3594769571833539 2.9091081619262695 50.30398988723755 0.1481481481481481 1.0
0 0.1 130.20161032759302 0.0063610076904296875 50.31035089492798 0.0 1.0
0 0.1 113.40738729625762 0.006496906280517578 50.316847801208496 0.0 1.0
0 0.1 98.77938883400856 0.0064661502838134766 50.32331395149231 0.0 1.0
0 0.1 86.03820166433057 0.006696224212646484 50.330010175704956 0.0 1.0
0 0.1 74.9404529934022 0.006491184234619141 50.336501359939575 0.0 1.0
0 0.1 65.27416178184274 0.0066680908203125 50.34316945075989 0.0 1.0
0 0.1 56.854689638682785 0.0067789554595947266 50.34994840621948 0.0 1.0
0 0.1 49.52121399451067 0.04483985900878906 50.39478826522827 0.5714285714285715 1.0
0 0.1 43.13365618693992 0.03199005126953125 50.4267783164978 0.5714285714285715 1.0
0 0.1 37.570005780944214 0.03194284439086914 50.45872116088867 0.5714285714285715 1.0
0 0.1 32.7239900151928 0.03174614906311035 50.49046730995178 0.5714285714285715 1.0
0 0.1 28.503043857863506 0.03183388710021973 50.522301197052 0.5714285714285715 1.0
0 0.1 24.826541897430772 0.0320587158203125 50.554359912872314 0.5714285714285715 1.0
0 0.1 21.624258295306348 0.04451799392700195 50.598877906799316 0.7499999999999999 1.0
0 0.1 18.835025383479486 0.03786587715148926 50.636743783950806 0.7499999999999999 1.0
0 0.1 16.405565284674683 0.031983137130737305 50.66872692108154 0.7499999999999999 1.0
0 0.1 14.289472237493916 0.03176689147949219 50.700493812561035 0.7499999999999999 1.0
0 0.1 12.446326187665905 0.03194999694824219 50.73244380950928 0.7499999999999999 1.0
0 0.1 10.840920713874212 0.0317387580871582 50.764182567596436 0.7499999999999999 1.0
0 0.1 9.44259054057033 0.03180193901062012 50.795984506607056 0.7499999999999999 1.0
0 0.1 8.224625792416147 0.03186392784118652 50.82784843444824 0.7499999999999999 1.0
0 0.1 7.163761801874259 0.04436612129211426 50.872214555740356 0.888888888888889 1.0
0 0.1 6.239734724625884 0.057147979736328125 50.929362535476685 0.7272727272727272 1.0
0 0.1 5.43489447450858 0.038915157318115234 50.9682776927948 0.7272727272727272 1.0
0 0.1 4.733867584541418 0.03812408447265625 51.006401777267456 0.7272727272727272 1.0
0 0.1 4.123263554256632 0.09200692176818848 51.098408699035645 0.6153846153846154 1.0
0 0.1 3.591419074200402 0.0768289566040039 51.17523765563965 0.5333333333333333 1.0
0 0.1 3.128175241967003 0.20292997360229492 51.37816762924194 0.4210526315789473 1.0
0 0.1 2.7246835143108377 0.1737678050994873 51.55193543434143 0.38095238095238093 1.0
0 0.1 2.373236688776134 0.10412287712097168 51.6560583114624 0.38095238095238093 1.0
0 0.1 2.0671216863796724 0.3731520175933838 52.029210329055786 0.3333333333333333 1.0
0 0.1 1.8004913233094775 0.3357512950897217 52.36496162414551 0.3076923076923077 1.0
0 0.1 1.5682526223167341 0.306469202041626 52.671430826187134 0.2857142857142857 1.0
0 0.1 1.3659695304072161 0.4446098804473877 53.11604070663452 0.2962962962962963 1.0
0 0.1 1.1897781846170337 0.3207411766052246 53.436781883239746 0.26666666666666666 1.0
0 0.1 1.036313107341863 0.21701884269714355 53.65380072593689 0.26666666666666666 1.0
0 0.1 0.9026429214570189 0.7621841430664062 54.415984869003296 0.24242424242424243 1.0
0 0.1 0.786214357305898 0.5702688694000244 54.98625373840332 0.2352941176470588 1.0
0 0.1 0.6848034820193963 0.38043212890625 55.36668586730957 0.2222222222222222 1.0
0 0.1 0.5964732195846044 1.138587236404419 56.50527310371399 0.21621621621621623 1.0
0 0.1 0.5195363502423698 2.7646682262420654 59.269941329956055 0.19999999999999998 1.0
0 0.1 0.4525232824553942 4.197790145874023 63.46773147583008 0.19512195121951217 1.0
0 0.1 0.3941539818506903 1.0769760608673096 64.54470753669739 0.19512195121951217 1.0
0 0.1 0.34331352094368267 0.9977319240570068 65.5424394607544 0.19047619047619047 1.0
0 0.1 0.2990307826127625 7.529086112976074 73.07152557373047 0.25 1.0
0 0.1 0.2604599105337001 0.6982719898223877 73.76979756355286 0.25 1.0
0 0.1 0.22686415225376097 0.299731969833374 74.06952953338623 0.24390243902439027 1.0
0 0.1 0.19760178628779224 0.6021177768707275 74.67164731025696 0.24390243902439027 1.0
0 0.1 0.17211386442601356 0.4671599864959717 75.13880729675293 0.24390243902439027 1.0
0 0.1 0.14991353511608546 0.3628811836242676 75.5016884803772 0.24390243902439027 1.0
0 0.01 28.211963230963963 0.0064389705657958984 75.508127450943 0.33333333333333337 1.0
0 0.01 24.573006681497752 0.03876471519470215 75.5468921661377 0.5714285714285715 1.0
0 0.01 21.403425646968028 0.03169512748718262 75.57858729362488 0.5714285714285715 1.0
0 0.01 18.642677119777133 0.031951189041137695 75.61053848266602 0.5714285714285715 1.0
0 0.01 16.238027310431736 0.03182816505432129 75.64236664772034 0.5714285714285715 1.0
0 0.01 14.143544365449966 0.03186392784118652 75.67423057556152 0.5714285714285715 1.0
0 0.01 12.319221010851523 0.03196597099304199 75.70619654655457 0.5714285714285715 1.0
0 0.01 10.730210362611421 0.032135963439941406 75.7383325099945 0.5714285714285715 1.0
0 0.01 9.346160307090315 0.044561147689819336 75.78289365768433 0.7499999999999999 1.0
0 0.01 8.140633737265514 0.03185296058654785 75.81474661827087 0.7499999999999999 1.0
0 0.01 7.090603570541246 0.03177380561828613 75.84652042388916 0.7499999999999999 1.0
0 0.01 6.176012902339531 0.03203082084655762 75.87855124473572 0.7499999999999999 1.0
0 0.01 5.379391893848717 0.03200483322143555 75.91055607795715 0.7499999999999999 1.0
0 0.01 4.685524076001097 0.031883955001831055 75.94244003295898 0.7499999999999999 1.0
0 0.01 4.081155695663349 0.03202700614929199 75.97446703910828 0.7499999999999999 1.0
0 0.01 3.554742552184356 0.03193807601928711 76.00640511512756 0.7499999999999999 1.0
0 0.01 3.09622948855821 0.03226184844970703 76.03866696357727 0.7499999999999999 1.0
0 0.01 2.6968583252045994 0.0448153018951416 76.08348226547241 0.888888888888889 1.0
0 0.01 2.349000567658869 0.02579188346862793 76.10927414894104 0.888888888888889 1.0
0 0.01 2.046011692676912 0.050958871841430664 76.16023302078247 0.7272727272727272 1.0
0 0.01 1.7821042294352372 0.038736820220947266 76.19896984100342 0.7272727272727272 1.0
0 0.01 1.5522372115164986 0.07700991630554199 76.27597975730896 0.6666666666666666 1.0
0 0.01 1.3520198880735976 0.0711367130279541 76.34711647033691 0.5714285714285714 1.0
0 0.01 1.1776278549337647 0.10420918464660645 76.45132565498352 0.5000000000000001 1.0
0 0.01 1.0257300036406054 0.10957837104797363 76.5609040260315 0.47058823529411764 1.0
0 0.01 0.8934248930683893 0.10965108871459961 76.6705551147461 0.4444444444444444 1.0
0 0.01 0.7781853282259436 0.0778038501739502 76.74835896492004 0.4444444444444444 1.0
0 0.01 0.6778100876351608 0.14205598831176758 76.89041495323181 0.3478260869565218 1.0
0 0.01 0.590381877216004 0.09596991539001465 76.98638486862183 0.3478260869565218 1.0
0 0.01 0.5142307075440048 0.09056711196899414 77.07695198059082 0.3478260869565218 1.0
0 0.01 0.44790199493955546 0.19397306442260742 77.27092504501343 0.32000000000000006 1.0
0 0.01 0.39012877707943217 0.12107086181640625 77.39199590682983 0.32000000000000006 1.0
0 0.01 0.33980751241358653 0.11568593978881836 77.50768184661865 0.32000000000000006 1.0
0 0.01 0.2959770011254507 0.1153721809387207 77.62305402755737 0.32000000000000006 1.0
0 0.01 0.2578000249994245 0.15344524383544922 77.77649927139282 0.2962962962962963 1.0
0 0.01 0.22454735549379537 0.14077281951904297 77.91727209091187 0.2857142857142857 1.0
0 0.01 0.19558382455304058 0.10893988609313965 78.026211977005 0.2857142857142857 1.0
0 0.01 0.1703561920944177 0.44608187675476074 78.47229385375977 0.24242424242424243 1.0
0 0.01 0.14838257842248037 0.23607802391052246 78.70837187767029 0.24242424242424243 1.0
0 0.01 0.12924325971726744 0.21678996086120605 78.9251618385315 0.24242424242424243 1.0
0 0.01 0.1125726507783501 0.19842004776000977 79.1235818862915 0.24242424242424243 1.0
0 0.01 0.09805232188500161 0.28125691413879395 79.4048388004303 0.2352941176470588 1.0
0 0.01 0.08540491638568569 0.16692399978637695 79.57176280021667 0.2352941176470588 1.0
0 0.01 0.07438885283512764 0.3937187194824219 79.9654815196991 0.2222222222222222 1.0
0 0.01 0.06479371048308594 0.38929224014282227 80.35477375984192 0.2105263157894737 1.0
0 0.01 0.056436209971818335 0.4111659526824951 80.76593971252441 0.20512820512820512 1.0
0 0.01 0.049156712468482675 0.23658204078674316 81.00252175331116 0.20512820512820512 1.0
0 0.01 0.0428161703614703 0.7322158813476562 81.73473763465881 0.19047619047619047 1.0
0 0.01 0.03729347127511503 0.3724091053009033 82.10714673995972 0.19047619047619047 1.0
0 0.01 0.032483124670098805 0.6554040908813477 82.76255083084106 0.18181818181818182 1.0
