[216.40736058 188.4937774  164.18066384 143.00360867 124.55810333
 108.49181534  94.49785828  82.30892987  71.69220614  62.44489425
  54.39035884  47.37474809  41.26405496  35.94155748  31.30558923
  27.26759733  23.75045104  20.68696841  18.01863304  15.69447636
  13.67010404  11.906848    10.37102782   9.03330739   7.86813455
   6.85325305   5.96927734   5.19932239   4.52868107   3.94454329
   3.43575127   2.99258645   2.60658382   2.27037024   1.9775236
   1.72245016   1.5002777    1.30676244   1.138208     0.99139477
   0.86351843   0.75213639   0.65512111   0.57061946   0.49701737
   0.43290895   0.37706963   0.32843281   0.28606948   0.24917044]0 1 312.2098259152708 0.0065648555755615234 0.0065648555755615234 0.0 1.0
0 1 271.93903789811014 0.006322145462036133 0.012887001037597656 0.0 1.0
0 1 236.8626295349813 0.0067288875579833984 0.019615888595581055 0.33333333333333337 1.0
0 1 206.31059705097118 0.0573422908782959 0.07695817947387695 0.5714285714285715 1.0
0 1 179.69935797424765 0.052644968032836914 0.12960314750671387 0.5714285714285715 1.0
0 1 156.52060397255676 0.044259071350097656 0.17386221885681152 0.5714285714285715 1.0
0 1 136.33159152101595 0.044296979904174805 0.21815919876098633 0.5714285714285715 1.0
0 1 118.74668494067365 0.05688810348510742 0.27504730224609375 0.7499999999999999 1.0
0 1 103.42999026917344 0.050721168518066406 0.32576847076416016 0.7499999999999999 1.0
0 1 90.08893926113359 0.05045795440673828 0.37622642517089844 0.7499999999999999 1.0
0 1 78.46870096453189 0.04436302185058594 0.4205894470214844 0.7499999999999999 1.0
0 1 68.34731412713553 0.0443882942199707 0.4649777412414551 0.7499999999999999 1.0
0 1 59.53144745577994 0.05058884620666504 0.5155665874481201 0.6666666666666665 1.0
0 1 51.85270674408604 0.0568699836730957 0.5724365711212158 0.7272727272727272 1.0
0 1 45.16441833008278 0.05135798454284668 0.6237945556640625 0.7272727272727272 1.0
0 1 39.33882744370648 0.07163786888122559 0.6954324245452881 0.6153846153846154 1.0
0 1 34.26465792907022 0.12552332878112793 0.820955753326416 0.47058823529411764 1.0
0 1 29.84498672911064 0.1381220817565918 0.9590778350830078 0.3636363636363636 1.0
0 1 25.99539253258091 0.18884587287902832 1.1479237079620361 0.3076923076923077 1.0
0 1 22.642343220204207 0.574042797088623 1.7219665050506592 0.26666666666666666 1.0
0 1 19.721791308170232 0.7037210464477539 2.425687551498413 0.27586206896551724 1.0
0 1 17.177950560167822 0.987584114074707 3.41327166557312 0.26666666666666666 1.0
0 1 14.962230399696251 0.8417439460754395 4.25501561164856 0.24242424242424243 1.0
0 1 13.03230776858211 0.6478149890899658 4.902830600738525 0.2222222222222222 1.0
0 1 11.351318703025308 0.7829220294952393 5.685752630233765 0.2222222222222222 1.0
0 1 9.887154185253786 0.6705379486083984 6.356290578842163 0.21621621621621623 1.0
0 1 8.611846820663045 0.6622178554534912 7.018508434295654 0.20512820512820512 1.0
0 1 7.501036625197576 0.837224006652832 7.855732440948486 0.19999999999999998 1.0
0 1 6.53350571883761 0.6949319839477539 8.55066442489624 0.20512820512820512 1.0
0 1 5.69077303724795 0.8476049900054932 9.398269414901733 0.18604651162790697 1.0
0 1 4.956741320068812 0.7371242046356201 10.135393619537354 0.1777777777777778 1.0
0 1 4.317389632878279 1.0187289714813232 11.154122591018677 0.16666666666666666 1.0
0 1 3.7605055496069455 6.6825079917907715 17.83663058280945 0.1702127659574468 1.0
0 1 3.2754518797500736 1.5199470520019531 19.3565776348114 0.1702127659574468 1.0
0 1 2.8529634845718124 0.9533088207244873 20.30988645553589 0.16666666666666666 1.0
0 1 2.4849703012340436 1.0512778759002686 21.361164331436157 0.163265306122449 1.0
0 1 2.1644431943866964 1.2961900234222412 22.6573543548584 0.163265306122449 1.0
0 1 1.8852596907900219 0.6368560791015625 23.29421043395996 0.163265306122449 1.0
0 1 1.6420870323301746 0.5838661193847656 23.878076553344727 0.163265306122449 1.0
0 1 1.4302803135927475 0.5663061141967773 24.444382667541504 0.163265306122449 1.0
0 1 1.2457937582930971 0.5575480461120605 25.001930713653564 0.163265306122449 1.0
0 1 1.0851034398309916 3.094003200531006 28.09593391418457 0.1568627450980392 1.0
0 1 0.945139969834425 2.7048778533935547 30.800811767578125 0.1568627450980392 1.0
0 1 0.823229868958621 3.785723924636841 34.586535692214966 0.1568627450980392 1.0
0 1 0.7170445000483404 7.668310880661011 42.25484657287598 0.15384615384615383 1.0
0 1 0.624555588222246 6.947202920913696 49.20204949378967 0.1509433962264151 1.0
0 1 0.5439964782567033 5.035834074020386 54.23788356781006 0.1509433962264151 1.0
0 1 0.4738283892360109 4.540533781051636 58.778417348861694 0.1509433962264151 1.0
0 1 0.4127110218901976 4.679075241088867 63.45749258995056 0.1481481481481481 1.0
0 1 0.3594769571833539 4.491594076156616 67.94908666610718 0.1481481481481481 1.0
0 0.1 130.20161032759302 0.006291866302490234 67.95537853240967 0.0 1.0
0 0.1 113.40738729625762 0.006283998489379883 67.96166253089905 0.0 1.0
0 0.1 98.77938883400856 0.006250858306884766 67.96791338920593 0.0 1.0
0 0.1 86.03820166433057 0.006247758865356445 67.97416114807129 0.0 1.0
0 0.1 74.9404529934022 0.006405830383300781 67.98056697845459 0.0 1.0
0 0.1 65.27416178184274 0.006293058395385742 67.98686003684998 0.0 1.0
0 0.1 56.854689638682785 0.006323099136352539 67.99318313598633 0.0 1.0
0 0.1 49.52121399451067 0.049902915954589844 68.04308605194092 0.5714285714285715 1.0
0 0.1 43.13365618693992 0.03737378120422363 68.08045983314514 0.5714285714285715 1.0
0 0.1 37.570005780944214 0.03734397888183594 68.11780381202698 0.5714285714285715 1.0
0 0.1 32.7239900151928 0.03743696212768555 68.15524077415466 0.5714285714285715 1.0
0 0.1 28.503043857863506 0.03804183006286621 68.19328260421753 0.5714285714285715 1.0
0 0.1 24.826541897430772 0.03805994987487793 68.23134255409241 0.5714285714285715 1.0
0 0.1 21.624258295306348 0.05059814453125 68.28194069862366 0.7499999999999999 1.0
0 0.1 18.835025383479486 0.04587697982788086 68.32781767845154 0.7499999999999999 1.0
0 0.1 16.405565284674683 0.044233083724975586 68.37205076217651 0.7499999999999999 1.0
0 0.1 14.289472237493916 0.03797507286071777 68.41002583503723 0.7499999999999999 1.0
0 0.1 12.446326187665905 0.037986040115356445 68.44801187515259 0.7499999999999999 1.0
0 0.1 10.840920713874212 0.037911176681518555 68.4859230518341 0.7499999999999999 1.0
0 0.1 9.44259054057033 0.03777623176574707 68.52369928359985 0.7499999999999999 1.0
0 0.1 8.224625792416147 0.03770303726196289 68.56140232086182 0.7499999999999999 1.0
0 0.1 7.163761801874259 0.05033993721008301 68.6117422580719 0.888888888888889 1.0
0 0.1 6.239734724625884 0.06341409683227539 68.67515635490417 0.7272727272727272 1.0
0 0.1 5.43489447450858 0.050253868103027344 68.7254102230072 0.7272727272727272 1.0
0 0.1 4.733867584541418 0.050512075424194336 68.7759222984314 0.7272727272727272 1.0
0 0.1 4.123263554256632 0.10151982307434082 68.87744212150574 0.6153846153846154 1.0
0 0.1 3.591419074200402 0.08147597312927246 68.95891809463501 0.5333333333333333 1.0
0 0.1 3.128175241967003 0.2326509952545166 69.19156908988953 0.4210526315789473 1.0
0 0.1 2.7246835143108377 0.19502782821655273 69.38659691810608 0.38095238095238093 1.0
0 0.1 2.373236688776134 0.1255512237548828 69.51214814186096 0.38095238095238093 1.0
0 0.1 2.0671216863796724 0.4420020580291748 69.95415019989014 0.3333333333333333 1.0
0 0.1 1.8004913233094775 0.4045240879058838 70.35867428779602 0.3076923076923077 1.0
0 0.1 1.5682526223167341 0.43090105056762695 70.78957533836365 0.2857142857142857 1.0
0 0.1 1.3659695304072161 0.541680097579956 71.3312554359436 0.2962962962962963 1.0
0 0.1 1.1897781846170337 0.41703081130981445 71.74828624725342 0.26666666666666666 1.0
0 0.1 1.036313107341863 0.2827141284942627 72.03100037574768 0.26666666666666666 1.0
0 0.1 0.9026429214570189 0.842210054397583 72.87321043014526 0.24242424242424243 1.0
0 0.1 0.786214357305898 0.7031819820404053 73.57639241218567 0.2352941176470588 1.0
0 0.1 0.6848034820193963 0.5024960041046143 74.07888841629028 0.2222222222222222 1.0
0 0.1 0.5964732195846044 1.2853050231933594 75.36419343948364 0.21621621621621623 1.0
0 0.1 0.5195363502423698 3.269812822341919 78.63400626182556 0.19999999999999998 1.0
0 0.1 0.4525232824553942 5.38882303237915 84.02282929420471 0.19512195121951217 1.0
0 0.1 0.3941539818506903 1.579023838043213 85.60185313224792 0.19512195121951217 1.0
0 0.1 0.34331352094368267 1.4121520519256592 87.01400518417358 0.19047619047619047 1.0
0 0.1 0.2990307826127625 7.981553077697754 94.99555826187134 0.25 1.0
0 0.1 0.2604599105337001 0.8919680118560791 95.88752627372742 0.25 1.0
0 0.1 0.22686415225376097 0.7061922550201416 96.59371852874756 0.24390243902439027 1.0
0 0.1 0.19760178628779224 0.846332311630249 97.44005084037781 0.24390243902439027 1.0
0 0.1 0.17211386442601356 0.67002272605896 98.11007356643677 0.24390243902439027 1.0
0 0.1 0.14991353511608546 0.5569698810577393 98.6670434474945 0.24390243902439027 1.0
0 0.01 28.211963230963963 0.006270170211791992 98.6733136177063 0.33333333333333337 1.0
0 0.01 24.573006681497752 0.04372882843017578 98.71704244613647 0.5714285714285715 1.0
0 0.01 21.403425646968028 0.03750920295715332 98.75455164909363 0.5714285714285715 1.0
0 0.01 18.642677119777133 0.0377810001373291 98.79233264923096 0.5714285714285715 1.0
0 0.01 16.238027310431736 0.037919044494628906 98.83025169372559 0.5714285714285715 1.0
0 0.01 14.143544365449966 0.0381159782409668 98.86836767196655 0.5714285714285715 1.0
0 0.01 12.319221010851523 0.03757286071777344 98.90594053268433 0.5714285714285715 1.0
0 0.01 10.730210362611421 0.03122401237487793 98.9371645450592 0.5714285714285715 1.0
0 0.01 9.346160307090315 0.04991579055786133 98.98708033561707 0.7499999999999999 1.0
0 0.01 8.140633737265514 0.03766489028930664 99.02474522590637 0.7499999999999999 1.0
0 0.01 7.090603570541246 0.03788924217224121 99.06263446807861 0.7499999999999999 1.0
0 0.01 6.176012902339531 0.03802800178527832 99.10066246986389 0.7499999999999999 1.0
0 0.01 5.379391893848717 0.038330078125 99.13899254798889 0.7499999999999999 1.0
0 0.01 4.685524076001097 0.03807497024536133 99.17706751823425 0.7499999999999999 1.0
0 0.01 4.081155695663349 0.038249969482421875 99.21531748771667 0.7499999999999999 1.0
0 0.01 3.554742552184356 0.03813505172729492 99.25345253944397 0.7499999999999999 1.0
0 0.01 3.09622948855821 0.03825068473815918 99.29170322418213 0.7499999999999999 1.0
0 0.01 2.6968583252045994 0.05106306076049805 99.34276628494263 0.888888888888889 1.0
0 0.01 2.349000567658869 0.032003164291381836 99.37476944923401 0.888888888888889 1.0
0 0.01 2.046011692676912 0.0574800968170166 99.43224954605103 0.7272727272727272 1.0
0 0.01 1.7821042294352372 0.045111894607543945 99.47736144065857 0.7272727272727272 1.0
0 0.01 1.5522372115164986 0.09995102882385254 99.57731246948242 0.6666666666666666 1.0
0 0.01 1.3520198880735976 0.08327221870422363 99.66058468818665 0.5714285714285714 1.0
0 0.01 1.1776278549337647 0.11635899543762207 99.77694368362427 0.5000000000000001 1.0
0 0.01 1.0257300036406054 0.12826013565063477 99.9052038192749 0.47058823529411764 1.0
0 0.01 0.8934248930683893 0.13017797470092773 100.03538179397583 0.4444444444444444 1.0
0 0.01 0.7781853282259436 0.10413169860839844 100.13951349258423 0.4444444444444444 1.0
0 0.01 0.6778100876351608 0.1664891242980957 100.30600261688232 0.3478260869565218 1.0
0 0.01 0.590381877216004 0.12185406684875488 100.42785668373108 0.3478260869565218 1.0
0 0.01 0.5142307075440048 0.11476707458496094 100.54262375831604 0.3478260869565218 1.0
0 0.01 0.44790199493955546 0.22281503677368164 100.76543879508972 0.32000000000000006 1.0
0 0.01 0.39012877707943217 0.15262699127197266 100.9180657863617 0.32000000000000006 1.0
0 0.01 0.33980751241358653 0.14545893669128418 101.06352472305298 0.32000000000000006 1.0
0 0.01 0.2959770011254507 0.1455249786376953 101.20904970169067 0.32000000000000006 1.0
0 0.01 0.2578000249994245 0.18670010566711426 101.39574980735779 0.2962962962962963 1.0
0 0.01 0.22454735549379537 0.17303013801574707 101.56877994537354 0.2857142857142857 1.0
0 0.01 0.19558382455304058 0.13971400260925293 101.70849394798279 0.2857142857142857 1.0
0 0.01 0.1703561920944177 0.5544569492340088 102.2629508972168 0.24242424242424243 1.0
0 0.01 0.14838257842248037 0.3290121555328369 102.59196305274963 0.24242424242424243 1.0
0 0.01 0.12924325971726744 0.3027231693267822 102.89468622207642 0.24242424242424243 1.0
0 0.01 0.1125726507783501 0.28243398666381836 103.17712020874023 0.24242424242424243 1.0
0 0.01 0.09805232188500161 0.3664536476135254 103.54357385635376 0.2352941176470588 1.0
0 0.01 0.08540491638568569 0.24625802040100098 103.78983187675476 0.2352941176470588 1.0
0 0.01 0.07438885283512764 0.4754300117492676 104.26526188850403 0.2222222222222222 1.0
0 0.01 0.06479371048308594 0.4903879165649414 104.75564980506897 0.2105263157894737 1.0
0 0.01 0.056436209971818335 0.5152449607849121 105.27089476585388 0.20512820512820512 1.0
0 0.01 0.049156712468482675 0.34542417526245117 105.61631894111633 0.20512820512820512 1.0
0 0.01 0.0428161703614703 0.9133157730102539 106.52963471412659 0.19047619047619047 1.0
0 0.01 0.03729347127511503 0.5293478965759277 107.05898261070251 0.19047619047619047 1.0
0 0.01 0.032483124670098805 0.8330459594726562 107.89202857017517 0.18181818181818182 1.0
