[216.40736058 188.4937774  164.18066384 143.00360867 124.55810333
 108.49181534  94.49785828  82.30892987  71.69220614  62.44489425
  54.39035884  47.37474809  41.26405496  35.94155748  31.30558923
  27.26759733  23.75045104  20.68696841  18.01863304  15.69447636
  13.67010404  11.906848    10.37102782   9.03330739   7.86813455
   6.85325305   5.96927734   5.19932239   4.52868107   3.94454329
   3.43575127   2.99258645   2.60658382   2.27037024   1.9775236
   1.72245016   1.5002777    1.30676244   1.138208     0.99139477
   0.86351843   0.75213639   0.65512111   0.57061946   0.49701737
   0.43290895   0.37706963   0.32843281   0.28606948   0.24917044]0 1 312.2098259152708 0.011971235275268555 0.011971235275268555 0.0 1.0
0 1 271.93903789811014 0.008091926574707031 0.020063161849975586 0.0 1.0
0 1 236.8626295349813 0.01452183723449707 0.034584999084472656 0.33333333333333337 1.0
0 1 206.31059705097118 0.05496931076049805 0.0895543098449707 0.5714285714285715 1.0
0 1 179.69935797424765 0.04363274574279785 0.13318705558776855 0.5714285714285715 1.0
0 1 156.52060397255676 0.03472900390625 0.16791605949401855 0.5714285714285715 1.0
0 1 136.33159152101595 0.033239126205444336 0.2011551856994629 0.5714285714285715 1.0
0 1 118.74668494067365 0.0393369197845459 0.2404921054840088 0.7499999999999999 1.0
0 1 103.42999026917344 0.03389906883239746 0.27439117431640625 0.7499999999999999 1.0
0 1 90.08893926113359 0.03234100341796875 0.306732177734375 0.7499999999999999 1.0
0 1 78.46870096453189 0.03209686279296875 0.33882904052734375 0.7499999999999999 1.0
0 1 68.34731412713553 0.03228402137756348 0.3711130619049072 0.7499999999999999 1.0
0 1 59.53144745577994 0.03863334655761719 0.4097464084625244 0.6666666666666665 1.0
0 1 51.85270674408604 0.03836703300476074 0.44811344146728516 0.7272727272727272 1.0
0 1 45.16441833008278 0.037795066833496094 0.48590850830078125 0.7272727272727272 1.0
0 1 39.33882744370648 0.04391074180603027 0.5298192501068115 0.6153846153846154 1.0
0 1 34.26465792907022 0.08161807060241699 0.6114373207092285 0.47058823529411764 1.0
0 1 29.84498672911064 0.08070898056030273 0.6921463012695312 0.3636363636363636 1.0
0 1 25.99539253258091 0.10710787773132324 0.7992541790008545 0.3076923076923077 1.0
0 1 22.642343220204207 0.3093738555908203 1.1086280345916748 0.26666666666666666 1.0
0 1 19.721791308170232 0.34717607498168945 1.4558041095733643 0.27586206896551724 1.0
0 1 17.177950560167822 0.6164062023162842 2.0722103118896484 0.26666666666666666 1.0
0 1 14.962230399696251 0.512258768081665 2.5844690799713135 0.24242424242424243 1.0
0 1 13.03230776858211 0.4337599277496338 3.0182290077209473 0.2222222222222222 1.0
0 1 11.351318703025308 0.4165458679199219 3.434774875640869 0.2222222222222222 1.0
0 1 9.887154185253786 0.38771986961364746 3.8224947452545166 0.21621621621621623 1.0
0 1 8.611846820663045 0.39360499382019043 4.216099739074707 0.20512820512820512 1.0
0 1 7.501036625197576 0.44321513175964355 4.659314870834351 0.19999999999999998 1.0
0 1 6.53350571883761 0.3659508228302002 5.025265693664551 0.20512820512820512 1.0
0 1 5.69077303724795 0.4301328659057617 5.4553985595703125 0.18604651162790697 1.0
0 1 4.956741320068812 0.35701894760131836 5.812417507171631 0.1777777777777778 1.0
0 1 4.317389632878279 0.4069640636444092 6.21938157081604 0.1702127659574468 1.0
0 1 3.7605055496069455 4.714310884475708 10.933692455291748 0.1702127659574468 1.0
0 1 3.2754518797500736 0.9290060997009277 11.862698554992676 0.1702127659574468 1.0
0 1 2.8529634845718124 0.2130601406097412 12.075758695602417 0.16666666666666666 1.0
0 1 2.4849703012340436 0.3836989402770996 12.459457635879517 0.163265306122449 1.0
0 1 2.1644431943866964 0.6516871452331543 13.111144781112671 0.163265306122449 1.0
0 1 1.8852596907900219 0.2758309841156006 13.386975765228271 0.163265306122449 1.0
0 1 1.6420870323301746 0.2627370357513428 13.649712800979614 0.163265306122449 1.0
0 1 1.4302803135927475 0.24848318099975586 13.89819598197937 0.163265306122449 1.0
0 1 1.2457937582930971 0.23180580139160156 14.130001783370972 0.163265306122449 1.0
0 1 1.0851034398309916 1.2323901653289795 15.362391948699951 0.1568627450980392 1.0
0 1 0.945139969834425 1.0842680931091309 16.446660041809082 0.1568627450980392 1.0
0 1 0.823229868958621 2.568480968475342 19.015141010284424 0.1568627450980392 1.0
0 1 0.7170445000483404 0.7413601875305176 19.75650119781494 0.1481481481481481 1.0
0 1 0.624555588222246 7.591632127761841 27.348133325576782 0.15384615384615383 1.0
0 1 0.5439964782567033 0.8233780860900879 28.17151141166687 0.1481481481481481 1.0
0 1 0.4738283892360109 5.864292144775391 34.03580355644226 0.1509433962264151 1.0
0 1 0.4127110218901976 1.5004208087921143 35.536224365234375 0.14545454545454545 1.0
0 1 0.3594769571833539 1.884263038635254 37.42048740386963 0.1481481481481481 1.0
0 0.1 130.20161032759302 0.00627899169921875 37.42676639556885 0.0 1.0
0 0.1 113.40738729625762 0.0066318511962890625 37.43339824676514 0.0 1.0
0 0.1 98.77938883400856 0.0063359737396240234 37.43973422050476 0.0 1.0
0 0.1 86.03820166433057 0.006369113922119141 37.44610333442688 0.0 1.0
0 0.1 74.9404529934022 0.006463050842285156 37.452566385269165 0.0 1.0
0 0.1 65.27416178184274 0.006649971008300781 37.459216356277466 0.0 1.0
0 0.1 56.854689638682785 0.006681203842163086 37.46589756011963 0.0 1.0
0 0.1 49.52121399451067 0.0383906364440918 37.50428819656372 0.5714285714285715 1.0
0 0.1 43.13365618693992 0.031746864318847656 37.53603506088257 0.5714285714285715 1.0
0 0.1 37.570005780944214 0.025495052337646484 37.561530113220215 0.5714285714285715 1.0
0 0.1 32.7239900151928 0.025465965270996094 37.58699607849121 0.5714285714285715 1.0
0 0.1 28.503043857863506 0.025443077087402344 37.61243915557861 0.5714285714285715 1.0
0 0.1 24.826541897430772 0.02548813819885254 37.637927293777466 0.5714285714285715 1.0
0 0.1 21.624258295306348 0.03805899620056152 37.67598628997803 0.7499999999999999 1.0
0 0.1 18.835025383479486 0.025484085083007812 37.701470375061035 0.7499999999999999 1.0
0 0.1 16.405565284674683 0.025398969650268555 37.726869344711304 0.7499999999999999 1.0
0 0.1 14.289472237493916 0.025342941284179688 37.75221228599548 0.7499999999999999 1.0
0 0.1 12.446326187665905 0.025526046752929688 37.77773833274841 0.7499999999999999 1.0
0 0.1 10.840920713874212 0.025300979614257812 37.80303931236267 0.7499999999999999 1.0
0 0.1 9.44259054057033 0.025460004806518555 37.82849931716919 0.7499999999999999 1.0
0 0.1 8.224625792416147 0.025484085083007812 37.8539834022522 0.7499999999999999 1.0
0 0.1 7.163761801874259 0.03814220428466797 37.892125606536865 0.888888888888889 1.0
0 0.1 6.239734724625884 0.04446291923522949 37.936588525772095 0.7272727272727272 1.0
0 0.1 5.43489447450858 0.031944990158081055 37.968533515930176 0.7272727272727272 1.0
0 0.1 4.733867584541418 0.031785011291503906 38.00031852722168 0.7272727272727272 1.0
0 0.1 4.123263554256632 0.0692751407623291 38.06959366798401 0.6153846153846154 1.0
0 0.1 3.591419074200402 0.0633091926574707 38.13290286064148 0.5333333333333333 1.0
0 0.1 3.128175241967003 0.17054319381713867 38.30344605445862 0.4210526315789473 1.0
0 0.1 2.7246835143108377 0.15120196342468262 38.4546480178833 0.38095238095238093 1.0
0 0.1 2.373236688776134 0.08241701126098633 38.53706502914429 0.38095238095238093 1.0
0 0.1 2.0671216863796724 0.30859994888305664 38.845664978027344 0.3333333333333333 1.0
0 0.1 1.8004913233094775 0.2776360511779785 39.12330102920532 0.3076923076923077 1.0
0 0.1 1.5682526223167341 0.23796701431274414 39.361268043518066 0.2857142857142857 1.0
0 0.1 1.3659695304072161 0.4042949676513672 39.765563011169434 0.2962962962962963 1.0
0 0.1 1.1897781846170337 0.2589230537414551 40.02448606491089 0.26666666666666666 1.0
0 0.1 1.036313107341863 0.16071510314941406 40.1852011680603 0.26666666666666666 1.0
0 0.1 0.9026429214570189 0.6327800750732422 40.817981243133545 0.24242424242424243 1.0
0 0.1 0.786214357305898 0.4313499927520752 41.24933123588562 0.2352941176470588 1.0
0 0.1 0.6848034820193963 0.2660369873046875 41.51536822319031 0.2222222222222222 1.0
0 0.1 0.5964732195846044 0.9755251407623291 42.49089336395264 0.21621621621621623 1.0
0 0.1 0.5195363502423698 2.2087550163269043 44.69964838027954 0.19999999999999998 1.0
0 0.1 0.4525232824553942 3.047551155090332 47.74719953536987 0.19512195121951217 1.0
0 0.1 0.3941539818506903 0.5584390163421631 48.305638551712036 0.19512195121951217 1.0
0 0.1 0.34331352094368267 0.6013538837432861 48.90699243545532 0.19047619047619047 1.0
0 0.1 0.2990307826127625 7.083747625350952 55.990740060806274 0.25 1.0
0 0.1 0.2604599105337001 0.4158790111541748 56.40661907196045 0.25 1.0
0 0.1 0.22686415225376097 0.1878669261932373 56.59448599815369 0.24390243902439027 1.0
0 0.1 0.19760178628779224 0.3492600917816162 56.9437460899353 0.24390243902439027 1.0
0 0.1 0.17211386442601356 0.24424481391906738 57.18799090385437 0.24390243902439027 1.0
0 0.1 0.14991353511608546 0.16846585273742676 57.3564567565918 0.24390243902439027 1.0
0 0.01 28.211963230963963 0.006295204162597656 57.362751960754395 0.33333333333333337 1.0
0 0.01 24.573006681497752 0.03205394744873047 57.394805908203125 0.5714285714285715 1.0
0 0.01 21.403425646968028 0.025714874267578125 57.4205207824707 0.5714285714285715 1.0
0 0.01 18.642677119777133 0.025667905807495117 57.4461886882782 0.5714285714285715 1.0
0 0.01 16.238027310431736 0.025548219680786133 57.471736907958984 0.5714285714285715 1.0
0 0.01 14.143544365449966 0.03162074089050293 57.50335764884949 0.5714285714285715 1.0
0 0.01 12.319221010851523 0.0583958625793457 57.56175351142883 0.5714285714285715 1.0
0 0.01 10.730210362611421 0.025695323944091797 57.587448835372925 0.5714285714285715 1.0
0 0.01 9.346160307090315 0.03801584243774414 57.62546467781067 0.7499999999999999 1.0
0 0.01 8.140633737265514 0.027018070220947266 57.652482748031616 0.7499999999999999 1.0
0 0.01 7.090603570541246 0.027445077896118164 57.679927825927734 0.7499999999999999 1.0
0 0.01 6.176012902339531 0.025746822357177734 57.70567464828491 0.7499999999999999 1.0
0 0.01 5.379391893848717 0.02565288543701172 57.731327533721924 0.7499999999999999 1.0
0 0.01 4.685524076001097 0.025634765625 57.756962299346924 0.7499999999999999 1.0
0 0.01 4.081155695663349 0.025719165802001953 57.782681465148926 0.7499999999999999 1.0
0 0.01 3.554742552184356 0.02555227279663086 57.80823373794556 0.7499999999999999 1.0
0 0.01 3.09622948855821 0.019500017166137695 57.827733755111694 0.7499999999999999 1.0
0 0.01 2.6968583252045994 0.03861498832702637 57.86634874343872 0.888888888888889 1.0
0 0.01 2.349000567658869 0.01954507827758789 57.88589382171631 0.888888888888889 1.0
0 0.01 2.046011692676912 0.044699907302856445 57.930593729019165 0.7272727272727272 1.0
0 0.01 1.7821042294352372 0.02603006362915039 57.956623792648315 0.7272727272727272 1.0
0 0.01 1.5522372115164986 0.057736873626708984 58.014360666275024 0.6666666666666666 1.0
0 0.01 1.3520198880735976 0.06424188613891602 58.07860255241394 0.5714285714285714 1.0
0 0.01 1.1776278549337647 0.1365492343902588 58.2151517868042 0.5000000000000001 1.0
0 0.01 1.0257300036406054 0.09101390838623047 58.30616569519043 0.47058823529411764 1.0
0 0.01 0.8934248930683893 0.0910940170288086 58.39725971221924 0.4444444444444444 1.0
0 0.01 0.7781853282259436 0.05863595008850098 58.45589566230774 0.4444444444444444 1.0
0 0.01 0.6778100876351608 0.11522102355957031 58.57111668586731 0.3478260869565218 1.0
0 0.01 0.590381877216004 0.07046294212341309 58.64157962799072 0.3478260869565218 1.0
0 0.01 0.5142307075440048 0.0713040828704834 58.712883710861206 0.3478260869565218 1.0
0 0.01 0.44790199493955546 0.15947699546813965 58.872360706329346 0.32000000000000006 1.0
0 0.01 0.39012877707943217 0.0890800952911377 58.96144080162048 0.32000000000000006 1.0
0 0.01 0.33980751241358653 0.0893239974975586 59.05076479911804 0.32000000000000006 1.0
0 0.01 0.2959770011254507 0.08312201499938965 59.13388681411743 0.32000000000000006 1.0
0 0.01 0.2578000249994245 0.12146401405334473 59.255350828170776 0.2962962962962963 1.0
0 0.01 0.22454735549379537 0.10831284523010254 59.36366367340088 0.2857142857142857 1.0
0 0.01 0.19558382455304058 0.07696390151977539 59.440627574920654 0.2857142857142857 1.0
0 0.01 0.1703561920944177 0.357388973236084 59.79801654815674 0.24242424242424243 1.0
0 0.01 0.14838257842248037 0.15457582473754883 59.95259237289429 0.24242424242424243 1.0
0 0.01 0.12924325971726744 0.13383889198303223 60.08643126487732 0.24242424242424243 1.0
0 0.01 0.1125726507783501 0.13359475135803223 60.22002601623535 0.24242424242424243 1.0
0 0.01 0.09805232188500161 0.2046661376953125 60.424692153930664 0.2352941176470588 1.0
0 0.01 0.08540491638568569 0.09637188911437988 60.521064043045044 0.2352941176470588 1.0
0 0.01 0.07438885283512764 0.30106210708618164 60.822126150131226 0.2222222222222222 1.0
0 0.01 0.06479371048308594 0.2940330505371094 61.116159200668335 0.2105263157894737 1.0
0 0.01 0.056436209971818335 0.30617213249206543 61.4223313331604 0.20512820512820512 1.0
0 0.01 0.049156712468482675 0.14049291610717773 61.56282424926758 0.20512820512820512 1.0
0 0.01 0.0428161703614703 0.5639948844909668 62.126819133758545 0.19047619047619047 1.0
0 0.01 0.03729347127511503 0.21730875968933105 62.344127893447876 0.19047619047619047 1.0
0 0.01 0.032483124670098805 0.4853858947753906 62.82951378822327 0.18181818181818182 1.0
