[216.40736058 188.4937774  164.18066384 143.00360867 124.55810333
 108.49181534  94.49785828  82.30892987  71.69220614  62.44489425
  54.39035884  47.37474809  41.26405496  35.94155748  31.30558923
  27.26759733  23.75045104  20.68696841  18.01863304  15.69447636
  13.67010404  11.906848    10.37102782   9.03330739   7.86813455
   6.85325305   5.96927734   5.19932239   4.52868107   3.94454329
   3.43575127   2.99258645   2.60658382   2.27037024   1.9775236
   1.72245016   1.5002777    1.30676244   1.138208     0.99139477
   0.86351843   0.75213639   0.65512111   0.57061946   0.49701737
   0.43290895   0.37706963   0.32843281   0.28606948   0.24917044]0 1 312.2098259152708 0.0005078315734863281 0.0005078315734863281 0.0 1.0
0 1 271.93903789811014 0.0005271434783935547 0.0010349750518798828 0.0 1.0
0 1 236.8626295349813 0.005281925201416016 0.0063169002532958984 0.33333333333333337 1.0
0 1 206.31059705097118 0.02560281753540039 0.03191971778869629 0.5714285714285715 1.0
0 1 179.69935797424765 0.016778945922851562 0.04869866371154785 0.5714285714285715 1.0
0 1 156.52060397255676 0.013297080993652344 0.061995744705200195 0.5714285714285715 1.0
0 1 136.33159152101595 0.011629104614257812 0.07362484931945801 0.5714285714285715 1.0
0 1 118.74668494067365 0.011686086654663086 0.0853109359741211 0.7499999999999999 1.0
0 1 103.42999026917344 0.011128664016723633 0.09643959999084473 0.7499999999999999 1.0
0 1 90.08893926113359 0.010490894317626953 0.10693049430847168 0.7499999999999999 1.0
0 1 78.46870096453189 0.009915828704833984 0.11684632301330566 0.7499999999999999 1.0
0 1 68.34731412713553 0.00970602035522461 0.12655234336853027 0.7499999999999999 1.0
0 1 59.53144745577994 0.015243053436279297 0.14179539680480957 0.6666666666666665 1.0
0 1 51.85270674408604 0.010676860809326172 0.15247225761413574 0.7272727272727272 1.0
0 1 45.16441833008278 0.01115107536315918 0.16362333297729492 0.7272727272727272 1.0
0 1 39.33882744370648 0.013761043548583984 0.1773843765258789 0.6153846153846154 1.0
0 1 34.26465792907022 0.0211641788482666 0.1985485553741455 0.47058823529411764 1.0
0 1 29.84498672911064 0.03381681442260742 0.23236536979675293 0.3636363636363636 1.0
0 1 25.99539253258091 0.04073190689086914 0.27309727668762207 0.3076923076923077 1.0
0 1 22.642343220204207 0.11516284942626953 0.3882601261138916 0.26666666666666666 1.0
0 1 19.721791308170232 0.1392817497253418 0.5275418758392334 0.27586206896551724 1.0
0 1 17.177950560167822 0.20917296409606934 0.7367148399353027 0.26666666666666666 1.0
0 1 14.962230399696251 0.17879390716552734 0.9155087471008301 0.24242424242424243 1.0
0 1 13.03230776858211 0.15663671493530273 1.0721454620361328 0.2222222222222222 1.0
0 1 11.351318703025308 0.18777203559875488 1.2599174976348877 0.2222222222222222 1.0
0 1 9.887154185253786 0.15567827224731445 1.4155957698822021 0.21621621621621623 1.0
0 1 8.611846820663045 0.1526317596435547 1.5682275295257568 0.20512820512820512 1.0
0 1 7.501036625197576 0.17377114295959473 1.7419986724853516 0.19999999999999998 1.0
0 1 6.53350571883761 0.1442098617553711 1.8862085342407227 0.20512820512820512 1.0
0 1 5.69077303724795 0.19640588760375977 2.0826144218444824 0.18604651162790697 1.0
0 1 4.956741320068812 0.16693711280822754 2.24955153465271 0.1777777777777778 1.0
0 1 4.317389632878279 0.206956148147583 2.456507682800293 0.16666666666666666 1.0
0 1 3.7605055496069455 1.877328872680664 4.333836555480957 0.1702127659574468 1.0
0 1 3.2754518797500736 0.43263721466064453 4.766473770141602 0.1702127659574468 1.0
0 1 2.8529634845718124 0.24060392379760742 5.007077693939209 0.16666666666666666 1.0
0 1 2.4849703012340436 0.1844627857208252 5.191540479660034 0.163265306122449 1.0
0 1 2.1644431943866964 0.3425710201263428 5.534111499786377 0.163265306122449 1.0
0 1 1.8852596907900219 0.19492197036743164 5.729033470153809 0.163265306122449 1.0
0 1 1.6420870323301746 0.17917203903198242 5.908205509185791 0.163265306122449 1.0
0 1 1.4302803135927475 0.16622209548950195 6.074427604675293 0.163265306122449 1.0
0 1 1.2457937582930971 0.15457773208618164 6.229005336761475 0.163265306122449 1.0
0 1 1.0851034398309916 0.7039222717285156 6.93292760848999 0.1568627450980392 1.0
0 1 0.945139969834425 0.6852684020996094 7.6181960105896 0.1568627450980392 1.0
0 1 0.823229868958621 0.9090449810028076 8.527240991592407 0.1568627450980392 1.0
0 1 0.7170445000483404 1.5058629512786865 10.033103942871094 0.15384615384615383 1.0
0 1 0.624555588222246 1.7032499313354492 11.736353874206543 0.1509433962264151 1.0
0 1 0.5439964782567033 1.1631312370300293 12.899485111236572 0.1509433962264151 1.0
0 1 0.4738283892360109 1.0102262496948242 13.909711360931396 0.1509433962264151 1.0
0 1 0.4127110218901976 1.025043249130249 14.934754610061646 0.1481481481481481 1.0
0 1 0.3594769571833539 0.9980568885803223 15.932811498641968 0.1481481481481481 1.0
0 0.1 130.20161032759302 0.0005090236663818359 15.93332052230835 0.0 1.0
0 0.1 113.40738729625762 0.0004818439483642578 15.933802366256714 0.0 1.0
0 0.1 98.77938883400856 0.0005128383636474609 15.934315204620361 0.0 1.0
0 0.1 86.03820166433057 0.0005118846893310547 15.934827089309692 0.0 1.0
0 0.1 74.9404529934022 0.0005769729614257812 15.935404062271118 0.0 1.0
0 0.1 65.27416178184274 0.0005869865417480469 15.935991048812866 0.0 1.0
0 0.1 56.854689638682785 0.0006468296051025391 15.936637878417969 0.0 1.0
0 0.1 49.52121399451067 0.013628244400024414 15.950266122817993 0.5714285714285715 1.0
0 0.1 43.13365618693992 0.009861230850219727 15.960127353668213 0.5714285714285715 1.0
0 0.1 37.570005780944214 0.009455204010009766 15.969582557678223 0.5714285714285715 1.0
0 0.1 32.7239900151928 0.00886392593383789 15.97844648361206 0.5714285714285715 1.0
0 0.1 28.503043857863506 0.008793115615844727 15.987239599227905 0.5714285714285715 1.0
0 0.1 24.826541897430772 0.00794076919555664 15.995180368423462 0.5714285714285715 1.0
0 0.1 21.624258295306348 0.0075609683990478516 16.00274133682251 0.5714285714285715 1.0
0 0.1 18.835025383479486 0.010607004165649414 16.01334834098816 0.7499999999999999 1.0
0 0.1 16.405565284674683 0.008478164672851562 16.02182650566101 0.7499999999999999 1.0
0 0.1 14.289472237493916 0.008199930191040039 16.03002643585205 0.7499999999999999 1.0
0 0.1 12.446326187665905 0.007781982421875 16.037808418273926 0.7499999999999999 1.0
0 0.1 10.840920713874212 0.007932901382446289 16.045741319656372 0.7499999999999999 1.0
0 0.1 9.44259054057033 0.007848978042602539 16.053590297698975 0.7499999999999999 1.0
0 0.1 8.224625792416147 0.0064160823822021484 16.060006380081177 0.7499999999999999 1.0
0 0.1 7.163761801874259 0.008951902389526367 16.068958282470703 0.7499999999999999 1.0
0 0.1 6.239734724625884 0.011897087097167969 16.08085536956787 0.7272727272727272 1.0
0 0.1 5.43489447450858 0.00919198989868164 16.090047359466553 0.7272727272727272 1.0
0 0.1 4.733867584541418 0.008196115493774414 16.098243474960327 0.7272727272727272 1.0
0 0.1 4.123263554256632 0.02487778663635254 16.12312126159668 0.6153846153846154 1.0
0 0.1 3.591419074200402 0.02146625518798828 16.144587516784668 0.5714285714285714 1.0
0 0.1 3.128175241967003 0.04514598846435547 16.189733505249023 0.4210526315789473 1.0
0 0.1 2.7246835143108377 0.022634029388427734 16.21236753463745 0.4210526315789473 1.0
0 0.1 2.373236688776134 0.03721189498901367 16.249579429626465 0.38095238095238093 1.0
0 0.1 2.0671216863796724 0.06326413154602051 16.312843561172485 0.3478260869565218 1.0
0 0.1 1.8004913233094775 0.14777708053588867 16.460620641708374 0.32000000000000006 1.0
0 0.1 1.5682526223167341 0.17365193367004395 16.634272575378418 0.2857142857142857 1.0
0 0.1 1.3659695304072161 0.12592697143554688 16.760199546813965 0.27586206896551724 1.0
0 0.1 1.1897781846170337 0.155501127243042 16.915700674057007 0.25806451612903225 1.0
0 0.1 1.036313107341863 0.08083081245422363 16.99653148651123 0.25806451612903225 1.0
0 0.1 0.9026429214570189 0.10997724533081055 17.10650873184204 0.24242424242424243 1.0
0 0.1 0.786214357305898 0.13120484352111816 17.23771357536316 0.2352941176470588 1.0
0 0.1 0.6848034820193963 0.0797429084777832 17.317456483840942 0.2352941176470588 1.0
0 0.1 0.5964732195846044 0.36309027671813965 17.680546760559082 0.2285714285714286 1.0
0 0.1 0.5195363502423698 0.4679276943206787 18.14847445487976 0.2222222222222222 1.0
0 0.1 0.4525232824553942 0.6084589958190918 18.756933450698853 0.20512820512820512 1.0
0 0.1 0.3941539818506903 0.8715672492980957 19.62850069999695 0.19999999999999998 1.0
0 0.1 0.34331352094368267 0.4229319095611572 20.051432609558105 0.19512195121951217 1.0
0 0.1 0.2990307826127625 0.36409497261047363 20.41552758216858 0.19047619047619047 1.0
0 0.1 0.2604599105337001 0.6422481536865234 21.057775735855103 0.18181818181818182 1.0
0 0.1 0.22686415225376097 0.374204158782959 21.43197989463806 0.18181818181818182 1.0
0 0.1 0.19760178628779224 0.1673729419708252 21.599352836608887 0.18181818181818182 1.0
0 0.1 0.17211386442601356 0.11373090744018555 21.713083744049072 0.18181818181818182 1.0
0 0.1 0.14991353511608546 2.0120270252227783 23.72511076927185 0.1739130434782609 1.0
0 0.01 28.211963230963963 0.0006010532379150391 23.725711822509766 0.0 1.0
0 0.01 24.573006681497752 0.012032032012939453 23.737743854522705 0.5714285714285715 1.0
0 0.01 21.403425646968028 0.008260011672973633 23.74600386619568 0.5714285714285715 1.0
0 0.01 18.642677119777133 0.008324861526489258 23.754328727722168 0.5714285714285715 1.0
0 0.01 16.238027310431736 0.00790715217590332 23.76223587989807 0.5714285714285715 1.0
0 0.01 14.143544365449966 0.00787210464477539 23.770107984542847 0.5714285714285715 1.0
0 0.01 12.319221010851523 0.0075838565826416016 23.77769184112549 0.5714285714285715 1.0
0 0.01 10.730210362611421 0.0069582462310791016 23.784650087356567 0.5714285714285715 1.0
0 0.01 9.346160307090315 0.009948968887329102 23.794599056243896 0.7499999999999999 1.0
0 0.01 8.140633737265514 0.00794219970703125 23.802541255950928 0.7499999999999999 1.0
0 0.01 7.090603570541246 0.007288932800292969 23.80983018875122 0.7499999999999999 1.0
0 0.01 6.176012902339531 0.007380962371826172 23.817211151123047 0.7499999999999999 1.0
0 0.01 5.379391893848717 0.007367372512817383 23.824578523635864 0.7499999999999999 1.0
0 0.01 4.685524076001097 0.00728297233581543 23.83186149597168 0.7499999999999999 1.0
0 0.01 4.081155695663349 0.006757020950317383 23.838618516921997 0.7499999999999999 1.0
0 0.01 3.554742552184356 0.00688481330871582 23.845503330230713 0.7499999999999999 1.0
0 0.01 3.09622948855821 0.005412101745605469 23.85091543197632 0.7499999999999999 1.0
0 0.01 2.6968583252045994 0.005295753479003906 23.856211185455322 0.7499999999999999 1.0
0 0.01 2.349000567658869 0.007318973541259766 23.863530158996582 0.7499999999999999 1.0
0 0.01 2.046011692676912 0.011934041976928711 23.87546420097351 0.7272727272727272 1.0
0 0.01 1.7821042294352372 0.007577180862426758 23.883041381835938 0.7272727272727272 1.0
0 0.01 1.5522372115164986 0.007625102996826172 23.890666484832764 0.7272727272727272 1.0
0 0.01 1.3520198880735976 0.02046513557434082 23.911131620407104 0.6153846153846154 1.0
0 0.01 1.1776278549337647 0.014539957046508789 23.925671577453613 0.6153846153846154 1.0
0 0.01 1.0257300036406054 0.028212308883666992 23.95388388633728 0.4210526315789473 1.0
0 0.01 0.8934248930683893 0.016133785247802734 23.970017671585083 0.4210526315789473 1.0
0 0.01 0.7781853282259436 0.015304803848266602 23.98532247543335 0.4210526315789473 1.0
0 0.01 0.6778100876351608 0.015945911407470703 24.00126838684082 0.4210526315789473 1.0
0 0.01 0.590381877216004 0.03556394577026367 24.036832332611084 0.3636363636363636 1.0
0 0.01 0.5142307075440048 0.028820037841796875 24.06565237045288 0.3636363636363636 1.0
0 0.01 0.44790199493955546 0.056237220764160156 24.12188959121704 0.3076923076923077 1.0
0 0.01 0.39012877707943217 0.05135798454284668 24.173247575759888 0.2962962962962963 1.0
0 0.01 0.33980751241358653 0.051131248474121094 24.22437882423401 0.2857142857142857 1.0
0 0.01 0.2959770011254507 0.03308296203613281 24.25746178627014 0.2857142857142857 1.0
0 0.01 0.2578000249994245 0.03257489204406738 24.29003667831421 0.2857142857142857 1.0
0 0.01 0.22454735549379537 0.06143522262573242 24.35147190093994 0.25806451612903225 1.0
0 0.01 0.19558382455304058 0.04445910453796387 24.395931005477905 0.25806451612903225 1.0
0 0.01 0.1703561920944177 0.043504953384399414 24.439435958862305 0.25806451612903225 1.0
0 0.01 0.14838257842248037 0.04235982894897461 24.48179578781128 0.25806451612903225 1.0
0 0.01 0.12924325971726744 0.0412600040435791 24.52305579185486 0.25806451612903225 1.0
0 0.01 0.1125726507783501 0.04008603096008301 24.56314182281494 0.25806451612903225 1.0
0 0.01 0.09805232188500161 0.033792972564697266 24.59693479537964 0.25806451612903225 1.0
0 0.01 0.08540491638568569 0.2101292610168457 24.807064056396484 0.2105263157894737 1.0
0 0.01 0.07438885283512764 0.24792909622192383 25.054993152618408 0.21621621621621623 1.0
0 0.01 0.06479371048308594 0.0952157974243164 25.150208950042725 0.21621621621621623 1.0
0 0.01 0.056436209971818335 0.0852499008178711 25.235458850860596 0.21621621621621623 1.0
0 0.01 0.049156712468482675 0.13955378532409668 25.375012636184692 0.2105263157894737 1.0
0 0.01 0.0428161703614703 0.07696700096130371 25.451979637145996 0.2105263157894737 1.0
0 0.01 0.03729347127511503 0.16622090339660645 25.618200540542603 0.20512820512820512 1.0
0 0.01 0.032483124670098805 0.1767287254333496 25.794929265975952 0.19999999999999998 1.0
