[216.40736058 188.4937774  164.18066384 143.00360867 124.55810333
 108.49181534  94.49785828  82.30892987  71.69220614  62.44489425
  54.39035884  47.37474809  41.26405496  35.94155748  31.30558923
  27.26759733  23.75045104  20.68696841  18.01863304  15.69447636
  13.67010404  11.906848    10.37102782   9.03330739   7.86813455
   6.85325305   5.96927734   5.19932239   4.52868107   3.94454329
   3.43575127   2.99258645   2.60658382   2.27037024   1.9775236
   1.72245016   1.5002777    1.30676244   1.138208     0.99139477
   0.86351843   0.75213639   0.65512111   0.57061946   0.49701737
   0.43290895   0.37706963   0.32843281   0.28606948   0.24917044]0 1 312.2098259152708 0.0005221366882324219 0.0005221366882324219 0.0 1.0
0 1 271.93903789811014 0.0005488395690917969 0.0010709762573242188 0.0 1.0
0 1 236.8626295349813 0.006308078765869141 0.007379055023193359 0.33333333333333337 1.0
0 1 206.31059705097118 0.028605937957763672 0.03598499298095703 0.5714285714285715 1.0
0 1 179.69935797424765 0.01863718032836914 0.05462217330932617 0.5714285714285715 1.0
0 1 156.52060397255676 0.015510797500610352 0.07013297080993652 0.5714285714285715 1.0
0 1 136.33159152101595 0.014003992080688477 0.084136962890625 0.5714285714285715 1.0
0 1 118.74668494067365 0.013400077819824219 0.09753704071044922 0.7499999999999999 1.0
0 1 103.42999026917344 0.012472867965698242 0.11000990867614746 0.7499999999999999 1.0
0 1 90.08893926113359 0.01211404800415039 0.12212395668029785 0.7499999999999999 1.0
0 1 78.46870096453189 0.012050867080688477 0.13417482376098633 0.7499999999999999 1.0
0 1 68.34731412713553 0.011621952056884766 0.1457967758178711 0.7499999999999999 1.0
0 1 59.53144745577994 0.017910003662109375 0.16370677947998047 0.6666666666666665 1.0
0 1 51.85270674408604 0.012509346008300781 0.17621612548828125 0.7272727272727272 1.0
0 1 45.16441833008278 0.013082265853881836 0.18929839134216309 0.7272727272727272 1.0
0 1 39.33882744370648 0.01748824119567871 0.2067866325378418 0.6153846153846154 1.0
0 1 34.26465792907022 0.026559114456176758 0.23334574699401855 0.47058823529411764 1.0
0 1 29.84498672911064 0.040399789810180664 0.2737455368041992 0.3636363636363636 1.0
0 1 25.99539253258091 0.052790164947509766 0.326535701751709 0.3076923076923077 1.0
0 1 22.642343220204207 0.14888525009155273 0.4754209518432617 0.26666666666666666 1.0
0 1 19.721791308170232 0.19299602508544922 0.6684169769287109 0.27586206896551724 1.0
0 1 17.177950560167822 0.2519259452819824 0.9203429222106934 0.26666666666666666 1.0
0 1 14.962230399696251 0.22779297828674316 1.1481359004974365 0.24242424242424243 1.0
0 1 13.03230776858211 0.19373583793640137 1.341871738433838 0.2222222222222222 1.0
0 1 11.351318703025308 0.23942804336547852 1.5812997817993164 0.2222222222222222 1.0
0 1 9.887154185253786 0.1966080665588379 1.7779078483581543 0.21621621621621623 1.0
0 1 8.611846820663045 0.19502997398376465 1.972937822341919 0.20512820512820512 1.0
0 1 7.501036625197576 0.23015403747558594 2.203091859817505 0.19999999999999998 1.0
0 1 6.53350571883761 0.19282197952270508 2.39591383934021 0.20512820512820512 1.0
0 1 5.69077303724795 0.2623710632324219 2.658284902572632 0.18604651162790697 1.0
0 1 4.956741320068812 0.23304510116577148 2.8913300037384033 0.1777777777777778 1.0
0 1 4.317389632878279 0.2940220832824707 3.185352087020874 0.16666666666666666 1.0
0 1 3.7605055496069455 2.214567184448242 5.399919271469116 0.1702127659574468 1.0
0 1 3.2754518797500736 0.5299420356750488 5.929861307144165 0.1702127659574468 1.0
0 1 2.8529634845718124 0.3623838424682617 6.292245149612427 0.16666666666666666 1.0
0 1 2.4849703012340436 0.30051207542419434 6.592757225036621 0.163265306122449 1.0
0 1 2.1644431943866964 0.4394698143005371 7.032227039337158 0.163265306122449 1.0
0 1 1.8852596907900219 0.29479479789733887 7.327021837234497 0.163265306122449 1.0
0 1 1.6420870323301746 0.2751801013946533 7.60220193862915 0.163265306122449 1.0
0 1 1.4302803135927475 0.2505042552947998 7.85270619392395 0.163265306122449 1.0
0 1 1.2457937582930971 0.23927807807922363 8.091984272003174 0.163265306122449 1.0
0 1 1.0851034398309916 1.0160038471221924 9.107988119125366 0.1568627450980392 1.0
0 1 0.945139969834425 0.9995450973510742 10.10753321647644 0.1568627450980392 1.0
0 1 0.823229868958621 1.1506249904632568 11.258158206939697 0.1568627450980392 1.0
0 1 0.7170445000483404 2.0126168727874756 13.270775079727173 0.15384615384615383 1.0
0 1 0.624555588222246 2.378831148147583 15.649606227874756 0.1509433962264151 1.0
0 1 0.5439964782567033 1.7941040992736816 17.443710327148438 0.1509433962264151 1.0
0 1 0.4738283892360109 1.6204440593719482 19.064154386520386 0.1509433962264151 1.0
0 1 0.4127110218901976 1.6757137775421143 20.7398681640625 0.1481481481481481 1.0
0 1 0.3594769571833539 1.5962059497833252 22.336074113845825 0.1481481481481481 1.0
0 0.1 130.20161032759302 0.00047206878662109375 22.336546182632446 0.0 1.0
0 0.1 113.40738729625762 0.00047016143798828125 22.337016344070435 0.0 1.0
0 0.1 98.77938883400856 0.0005021095275878906 22.337518453598022 0.0 1.0
0 0.1 86.03820166433057 0.0005009174346923828 22.338019371032715 0.0 1.0
0 0.1 74.9404529934022 0.0005319118499755859 22.33855128288269 0.0 1.0
0 0.1 65.27416178184274 0.0005390644073486328 22.33909034729004 0.0 1.0
0 0.1 56.854689638682785 0.0005786418914794922 22.33966898918152 0.0 1.0
0 0.1 49.52121399451067 0.01581597328186035 22.35548496246338 0.5714285714285715 1.0
0 0.1 43.13365618693992 0.011692047119140625 22.36717700958252 0.5714285714285715 1.0
0 0.1 37.570005780944214 0.011404991149902344 22.378582000732422 0.5714285714285715 1.0
0 0.1 32.7239900151928 0.010839223861694336 22.389421224594116 0.5714285714285715 1.0
0 0.1 28.503043857863506 0.010394096374511719 22.399815320968628 0.5714285714285715 1.0
0 0.1 24.826541897430772 0.009233951568603516 22.40904927253723 0.5714285714285715 1.0
0 0.1 21.624258295306348 0.009229898452758789 22.41827917098999 0.5714285714285715 1.0
0 0.1 18.835025383479486 0.012295007705688477 22.43057417869568 0.7499999999999999 1.0
0 0.1 16.405565284674683 0.009824037551879883 22.44039821624756 0.7499999999999999 1.0
0 0.1 14.289472237493916 0.00980520248413086 22.45020341873169 0.7499999999999999 1.0
0 0.1 12.446326187665905 0.009801149368286133 22.460004568099976 0.7499999999999999 1.0
0 0.1 10.840920713874212 0.00929117202758789 22.469295740127563 0.7499999999999999 1.0
0 0.1 9.44259054057033 0.009325027465820312 22.478620767593384 0.7499999999999999 1.0
0 0.1 8.224625792416147 0.007665157318115234 22.4862859249115 0.7499999999999999 1.0
0 0.1 7.163761801874259 0.010914087295532227 22.49720001220703 0.7499999999999999 1.0
0 0.1 6.239734724625884 0.01417684555053711 22.51137685775757 0.7272727272727272 1.0
0 0.1 5.43489447450858 0.011018037796020508 22.52239489555359 0.7272727272727272 1.0
0 0.1 4.733867584541418 0.009430885314941406 22.53182578086853 0.7272727272727272 1.0
0 0.1 4.123263554256632 0.028198957443237305 22.560024738311768 0.6153846153846154 1.0
0 0.1 3.591419074200402 0.02539801597595215 22.58542275428772 0.5714285714285714 1.0
0 0.1 3.128175241967003 0.05174612998962402 22.637168884277344 0.4210526315789473 1.0
0 0.1 2.7246835143108377 0.029093027114868164 22.666261911392212 0.4210526315789473 1.0
0 0.1 2.373236688776134 0.04376411437988281 22.710026025772095 0.38095238095238093 1.0
0 0.1 2.0671216863796724 0.10700702667236328 22.817033052444458 0.3478260869565218 1.0
0 0.1 1.8004913233094775 0.18764185905456543 23.004674911499023 0.32000000000000006 1.0
0 0.1 1.5682526223167341 0.18690109252929688 23.19157600402832 0.2857142857142857 1.0
0 0.1 1.3659695304072161 0.1565399169921875 23.348115921020508 0.27586206896551724 1.0
0 0.1 1.1897781846170337 0.2066361904144287 23.554752111434937 0.25806451612903225 1.0
0 0.1 1.036313107341863 0.1028289794921875 23.657581090927124 0.25806451612903225 1.0
0 0.1 0.9026429214570189 0.14909791946411133 23.806679010391235 0.24242424242424243 1.0
0 0.1 0.786214357305898 0.1637427806854248 23.97042179107666 0.2352941176470588 1.0
0 0.1 0.6848034820193963 0.10558199882507324 24.076003789901733 0.2352941176470588 1.0
0 0.1 0.5964732195846044 0.44721508026123047 24.523218870162964 0.2285714285714286 1.0
0 0.1 0.5195363502423698 0.5893688201904297 25.112587690353394 0.2222222222222222 1.0
0 0.1 0.4525232824553942 0.6733551025390625 25.785942792892456 0.20512820512820512 1.0
0 0.1 0.3941539818506903 0.9771130084991455 26.7630558013916 0.19999999999999998 1.0
0 0.1 0.34331352094368267 0.545428991317749 27.30848479270935 0.19512195121951217 1.0
0 0.1 0.2990307826127625 0.4212021827697754 27.729686975479126 0.19047619047619047 1.0
0 0.1 0.2604599105337001 1.3241581916809082 29.053845167160034 0.18181818181818182 1.0
0 0.1 0.22686415225376097 0.6139488220214844 29.66779398918152 0.18181818181818182 1.0
0 0.1 0.19760178628779224 0.3245508670806885 29.992344856262207 0.18181818181818182 1.0
0 0.1 0.17211386442601356 0.205826997756958 30.198171854019165 0.18181818181818182 1.0
0 0.1 0.14991353511608546 2.813361167907715 33.01153302192688 0.1739130434782609 1.0
0 0.01 28.211963230963963 0.0005869865417480469 33.01212000846863 0.0 1.0
0 0.01 24.573006681497752 0.013392925262451172 33.02551293373108 0.5714285714285715 1.0
0 0.01 21.403425646968028 0.009743213653564453 33.035256147384644 0.5714285714285715 1.0
0 0.01 18.642677119777133 0.009713888168334961 33.04497003555298 0.5714285714285715 1.0
0 0.01 16.238027310431736 0.009411811828613281 33.05438184738159 0.5714285714285715 1.0
0 0.01 14.143544365449966 0.009431123733520508 33.06381297111511 0.5714285714285715 1.0
0 0.01 12.319221010851523 0.009435892105102539 33.073248863220215 0.5714285714285715 1.0
0 0.01 10.730210362611421 0.008296012878417969 33.08154487609863 0.5714285714285715 1.0
0 0.01 9.346160307090315 0.011744976043701172 33.093289852142334 0.7499999999999999 1.0
0 0.01 8.140633737265514 0.009514093399047852 33.10280394554138 0.7499999999999999 1.0
0 0.01 7.090603570541246 0.00968170166015625 33.11248564720154 0.7499999999999999 1.0
0 0.01 6.176012902339531 0.008711099624633789 33.12119674682617 0.7499999999999999 1.0
0 0.01 5.379391893848717 0.008627176284790039 33.12982392311096 0.7499999999999999 1.0
0 0.01 4.685524076001097 0.008598089218139648 33.1384220123291 0.7499999999999999 1.0
0 0.01 4.081155695663349 0.008574962615966797 33.14699697494507 0.7499999999999999 1.0
0 0.01 3.554742552184356 0.008102893829345703 33.155099868774414 0.7499999999999999 1.0
0 0.01 3.09622948855821 0.007144927978515625 33.16224479675293 0.7499999999999999 1.0
0 0.01 2.6968583252045994 0.006782054901123047 33.16902685165405 0.7499999999999999 1.0
0 0.01 2.349000567658869 0.009489774703979492 33.17851662635803 0.7499999999999999 1.0
0 0.01 2.046011692676912 0.012725114822387695 33.19124174118042 0.7272727272727272 1.0
0 0.01 1.7821042294352372 0.009508132934570312 33.20074987411499 0.7272727272727272 1.0
0 0.01 1.5522372115164986 0.009436845779418945 33.21018671989441 0.7272727272727272 1.0
0 0.01 1.3520198880735976 0.023891925811767578 33.23407864570618 0.6153846153846154 1.0
0 0.01 1.1776278549337647 0.017455101013183594 33.25153374671936 0.6153846153846154 1.0
0 0.01 1.0257300036406054 0.033432722091674805 33.284966468811035 0.4210526315789473 1.0
0 0.01 0.8934248930683893 0.02104806900024414 33.30601453781128 0.4210526315789473 1.0
0 0.01 0.7781853282259436 0.019640207290649414 33.32565474510193 0.4210526315789473 1.0
0 0.01 0.6778100876351608 0.021272659301757812 33.34692740440369 0.4210526315789473 1.0
0 0.01 0.590381877216004 0.04278302192687988 33.389710426330566 0.3636363636363636 1.0
0 0.01 0.5142307075440048 0.03779196739196777 33.427502393722534 0.3636363636363636 1.0
0 0.01 0.44790199493955546 0.06997108459472656 33.49747347831726 0.3076923076923077 1.0
0 0.01 0.39012877707943217 0.0624082088470459 33.55988168716431 0.2962962962962963 1.0
0 0.01 0.33980751241358653 0.061364173889160156 33.62124586105347 0.2857142857142857 1.0
0 0.01 0.2959770011254507 0.04363536834716797 33.664881229400635 0.2857142857142857 1.0
0 0.01 0.2578000249994245 0.0421900749206543 33.70707130432129 0.2857142857142857 1.0
0 0.01 0.22454735549379537 0.07527685165405273 33.78234815597534 0.25806451612903225 1.0
0 0.01 0.19558382455304058 0.0589137077331543 33.841261863708496 0.25806451612903225 1.0
0 0.01 0.1703561920944177 0.058393001556396484 33.89965486526489 0.25806451612903225 1.0
0 0.01 0.14838257842248037 0.05591011047363281 33.955564975738525 0.25806451612903225 1.0
0 0.01 0.12924325971726744 0.05482220649719238 34.01038718223572 0.25806451612903225 1.0
0 0.01 0.1125726507783501 0.053048133850097656 34.063435316085815 0.25806451612903225 1.0
0 0.01 0.09805232188500161 0.045784711837768555 34.109220027923584 0.25806451612903225 1.0
0 0.01 0.08540491638568569 0.2536280155181885 34.36284804344177 0.2105263157894737 1.0
0 0.01 0.07438885283512764 0.2944040298461914 34.657252073287964 0.21621621621621623 1.0
0 0.01 0.06479371048308594 0.13949298858642578 34.79674506187439 0.21621621621621623 1.0
0 0.01 0.056436209971818335 0.12805819511413574 34.924803256988525 0.21621621621621623 1.0
0 0.01 0.049156712468482675 0.18271112442016602 35.10751438140869 0.2105263157894737 1.0
0 0.01 0.0428161703614703 0.11098098754882812 35.21849536895752 0.2105263157894737 1.0
0 0.01 0.03729347127511503 0.1969132423400879 35.41540861129761 0.20512820512820512 1.0
0 0.01 0.032483124670098805 0.20440292358398438 35.61981153488159 0.19999999999999998 1.0
