[216.40736058 188.4937774  164.18066384 143.00360867 124.55810333
 108.49181534  94.49785828  82.30892987  71.69220614  62.44489425
  54.39035884  47.37474809  41.26405496  35.94155748  31.30558923
  27.26759733  23.75045104  20.68696841  18.01863304  15.69447636
  13.67010404  11.906848    10.37102782   9.03330739   7.86813455
   6.85325305   5.96927734   5.19932239   4.52868107   3.94454329
   3.43575127   2.99258645   2.60658382   2.27037024   1.9775236
   1.72245016   1.5002777    1.30676244   1.138208     0.99139477
   0.86351843   0.75213639   0.65512111   0.57061946   0.49701737
   0.43290895   0.37706963   0.32843281   0.28606948   0.24917044]0 1 312.2098259152708 0.0005161762237548828 0.0005161762237548828 0.0 1.0
0 1 271.93903789811014 0.0005550384521484375 0.0010712146759033203 0.0 1.0
0 1 236.8626295349813 0.004742860794067383 0.005814075469970703 0.33333333333333337 1.0
0 1 206.31059705097118 0.021513938903808594 0.027328014373779297 0.5714285714285715 1.0
0 1 179.69935797424765 0.013490915298461914 0.04081892967224121 0.5714285714285715 1.0
0 1 156.52060397255676 0.011395692825317383 0.052214622497558594 0.5714285714285715 1.0
0 1 136.33159152101595 0.009702205657958984 0.06191682815551758 0.5714285714285715 1.0
0 1 118.74668494067365 0.010015010833740234 0.07193183898925781 0.7499999999999999 1.0
0 1 103.42999026917344 0.009021997451782227 0.08095383644104004 0.7499999999999999 1.0
0 1 90.08893926113359 0.008555889129638672 0.08950972557067871 0.7499999999999999 1.0
0 1 78.46870096453189 0.007935285568237305 0.09744501113891602 0.7499999999999999 1.0
0 1 68.34731412713553 0.008141040802001953 0.10558605194091797 0.7499999999999999 1.0
0 1 59.53144745577994 0.01134800910949707 0.11693406105041504 0.6666666666666665 1.0
0 1 51.85270674408604 0.008348941802978516 0.12528300285339355 0.7272727272727272 1.0
0 1 45.16441833008278 0.008925914764404297 0.13420891761779785 0.7272727272727272 1.0
0 1 39.33882744370648 0.011627197265625 0.14583611488342285 0.6153846153846154 1.0
0 1 34.26465792907022 0.01577305793762207 0.16160917282104492 0.47058823529411764 1.0
0 1 29.84498672911064 0.02624988555908203 0.18785905838012695 0.3636363636363636 1.0
0 1 25.99539253258091 0.028781890869140625 0.21664094924926758 0.3076923076923077 1.0
0 1 22.642343220204207 0.07758593559265137 0.29422688484191895 0.26666666666666666 1.0
0 1 19.721791308170232 0.09694981575012207 0.391176700592041 0.27586206896551724 1.0
0 1 17.177950560167822 0.15797686576843262 0.5491535663604736 0.26666666666666666 1.0
0 1 14.962230399696251 0.14014601707458496 0.6892995834350586 0.24242424242424243 1.0
0 1 13.03230776858211 0.12396478652954102 0.8132643699645996 0.2222222222222222 1.0
0 1 11.351318703025308 0.1346580982208252 0.9479224681854248 0.2222222222222222 1.0
0 1 9.887154185253786 0.11370682716369629 1.061629295349121 0.21621621621621623 1.0
0 1 8.611846820663045 0.12118005752563477 1.1828093528747559 0.20512820512820512 1.0
0 1 7.501036625197576 0.12301492691040039 1.3058242797851562 0.19999999999999998 1.0
0 1 6.53350571883761 0.10159897804260254 1.4074232578277588 0.20512820512820512 1.0
0 1 5.69077303724795 0.13237810134887695 1.5398013591766357 0.18604651162790697 1.0
0 1 4.956741320068812 0.11285209655761719 1.652653455734253 0.1777777777777778 1.0
0 1 4.317389632878279 0.13509416580200195 1.7877476215362549 0.1702127659574468 1.0
0 1 3.7605055496069455 1.5595200061798096 3.3472676277160645 0.1702127659574468 1.0
0 1 3.2754518797500736 0.33820605278015137 3.685473680496216 0.1702127659574468 1.0
0 1 2.8529634845718124 0.12488412857055664 3.8103578090667725 0.16666666666666666 1.0
0 1 2.4849703012340436 0.08574509620666504 3.8961029052734375 0.163265306122449 1.0
0 1 2.1644431943866964 0.24825382232666016 4.144356727600098 0.163265306122449 1.0
0 1 1.8852596907900219 0.10709214210510254 4.2514488697052 0.163265306122449 1.0
0 1 1.6420870323301746 0.09407591819763184 4.345524787902832 0.163265306122449 1.0
0 1 1.4302803135927475 0.08101606369018555 4.426540851593018 0.163265306122449 1.0
0 1 1.2457937582930971 0.07897424697875977 4.505515098571777 0.163265306122449 1.0
0 1 1.0851034398309916 0.39051175117492676 4.896026849746704 0.1568627450980392 1.0
0 1 0.945139969834425 0.3952293395996094 5.2912561893463135 0.1568627450980392 1.0
0 1 0.823229868958621 0.693901777267456 5.9851579666137695 0.1568627450980392 1.0
0 1 0.7170445000483404 1.0216131210327148 7.006771087646484 0.1509433962264151 1.0
0 1 0.624555588222246 1.096785068511963 8.103556156158447 0.1509433962264151 1.0
0 1 0.5439964782567033 0.5911550521850586 8.694711208343506 0.1509433962264151 1.0
0 1 0.4738283892360109 0.4749181270599365 9.169629335403442 0.1509433962264151 1.0
0 1 0.4127110218901976 0.4477517604827881 9.61738109588623 0.1481481481481481 1.0
0 1 0.3594769571833539 0.4497802257537842 10.067161321640015 0.1481481481481481 1.0
0 0.1 130.20161032759302 0.0005083084106445312 10.06766963005066 0.0 1.0
0 0.1 113.40738729625762 0.0004899501800537109 10.068159580230713 0.0 1.0
0 0.1 98.77938883400856 0.00051116943359375 10.068670749664307 0.0 1.0
0 0.1 86.03820166433057 0.0005090236663818359 10.069179773330688 0.0 1.0
0 0.1 74.9404529934022 0.0006067752838134766 10.069786548614502 0.0 1.0
0 0.1 65.27416178184274 0.0005710124969482422 10.07035756111145 0.0 1.0
0 0.1 56.854689638682785 0.0006070137023925781 10.070964574813843 0.0 1.0
0 0.1 49.52121399451067 0.011399984359741211 10.082364559173584 0.5714285714285715 1.0
0 0.1 43.13365618693992 0.008375167846679688 10.090739727020264 0.5714285714285715 1.0
0 0.1 37.570005780944214 0.008002042770385742 10.09874176979065 0.5714285714285715 1.0
0 0.1 32.7239900151928 0.007454872131347656 10.106196641921997 0.5714285714285715 1.0
0 0.1 28.503043857863506 0.006900310516357422 10.113096952438354 0.5714285714285715 1.0
0 0.1 24.826541897430772 0.005847930908203125 10.118944883346558 0.5714285714285715 1.0
0 0.1 21.624258295306348 0.0059757232666015625 10.12492060661316 0.5714285714285715 1.0
0 0.1 18.835025383479486 0.008944034576416016 10.133864641189575 0.7499999999999999 1.0
0 0.1 16.405565284674683 0.006936073303222656 10.140800714492798 0.7499999999999999 1.0
0 0.1 14.289472237493916 0.0064318180084228516 10.14723253250122 0.7499999999999999 1.0
0 0.1 12.446326187665905 0.00636601448059082 10.153598546981812 0.7499999999999999 1.0
0 0.1 10.840920713874212 0.006227016448974609 10.159825563430786 0.7499999999999999 1.0
0 0.1 9.44259054057033 0.0061571598052978516 10.165982723236084 0.7499999999999999 1.0
0 0.1 8.224625792416147 0.004698753356933594 10.170681476593018 0.7499999999999999 1.0
0 0.1 7.163761801874259 0.006306171417236328 10.176987648010254 0.7499999999999999 1.0
0 0.1 6.239734724625884 0.009181022644042969 10.186168670654297 0.7272727272727272 1.0
0 0.1 5.43489447450858 0.0071260929107666016 10.193294763565063 0.7272727272727272 1.0
0 0.1 4.733867584541418 0.006175041198730469 10.199469804763794 0.7272727272727272 1.0
0 0.1 4.123263554256632 0.01882004737854004 10.218289852142334 0.6153846153846154 1.0
0 0.1 3.591419074200402 0.016724824905395508 10.23501467704773 0.5714285714285714 1.0
0 0.1 3.128175241967003 0.03721308708190918 10.272227764129639 0.4210526315789473 1.0
0 0.1 2.7246835143108377 0.015266895294189453 10.287494659423828 0.4210526315789473 1.0
0 0.1 2.373236688776134 0.030909061431884766 10.318403720855713 0.38095238095238093 1.0
0 0.1 2.0671216863796724 0.05001401901245117 10.368417739868164 0.3478260869565218 1.0
0 0.1 1.8004913233094775 0.12126493453979492 10.489682674407959 0.32000000000000006 1.0
0 0.1 1.5682526223167341 0.177595853805542 10.667278528213501 0.2857142857142857 1.0
0 0.1 1.3659695304072161 0.0986168384552002 10.765895366668701 0.27586206896551724 1.0
0 0.1 1.1897781846170337 0.10338187217712402 10.869277238845825 0.25806451612903225 1.0
0 0.1 1.036313107341863 0.05768394470214844 10.926961183547974 0.25806451612903225 1.0
0 0.1 0.9026429214570189 0.07652783393859863 11.003489017486572 0.24242424242424243 1.0
0 0.1 0.786214357305898 0.10018110275268555 11.103670120239258 0.2352941176470588 1.0
0 0.1 0.6848034820193963 0.054451942443847656 11.158122062683105 0.2352941176470588 1.0
0 0.1 0.5964732195846044 0.28709983825683594 11.445221900939941 0.2285714285714286 1.0
0 0.1 0.5195363502423698 0.34614014625549316 11.791362047195435 0.2222222222222222 1.0
0 0.1 0.4525232824553942 0.5395259857177734 12.330888032913208 0.20512820512820512 1.0
0 0.1 0.3941539818506903 0.7927582263946533 13.123646259307861 0.19999999999999998 1.0
0 0.1 0.34331352094368267 0.2675602436065674 13.391206502914429 0.19512195121951217 1.0
0 0.1 0.2990307826127625 0.31139492988586426 13.702601432800293 0.19047619047619047 1.0
0 0.1 0.2604599105337001 0.36104321479797363 14.063644647598267 0.18604651162790697 1.0
0 0.1 0.22686415225376097 0.15622186660766602 14.219866514205933 0.18181818181818182 1.0
0 0.1 0.19760178628779224 0.07812690734863281 14.297993421554565 0.18181818181818182 1.0
0 0.1 0.17211386442601356 0.05392003059387207 14.351913452148438 0.18181818181818182 1.0
0 0.1 0.14991353511608546 1.0485832691192627 15.4004967212677 0.1739130434782609 1.0
0 0.01 28.211963230963963 0.0005877017974853516 15.401084423065186 0.0 1.0
0 0.01 24.573006681497752 0.009968996047973633 15.41105341911316 0.5714285714285715 1.0
0 0.01 21.403425646968028 0.00673985481262207 15.417793273925781 0.5714285714285715 1.0
0 0.01 18.642677119777133 0.006204128265380859 15.423997402191162 0.5714285714285715 1.0
0 0.01 16.238027310431736 0.006206035614013672 15.430203437805176 0.5714285714285715 1.0
0 0.01 14.143544365449966 0.006417274475097656 15.436620712280273 0.5714285714285715 1.0
0 0.01 12.319221010851523 0.005785942077636719 15.44240665435791 0.5714285714285715 1.0
0 0.01 10.730210362611421 0.005381107330322266 15.447787761688232 0.5714285714285715 1.0
0 0.01 9.346160307090315 0.007894754409790039 15.455682516098022 0.7499999999999999 1.0
0 0.01 8.140633737265514 0.005877017974853516 15.461559534072876 0.7499999999999999 1.0
0 0.01 7.090603570541246 0.005797147750854492 15.46735668182373 0.7499999999999999 1.0
0 0.01 6.176012902339531 0.005639791488647461 15.472996473312378 0.7499999999999999 1.0
0 0.01 5.379391893848717 0.005883216857910156 15.478879690170288 0.7499999999999999 1.0
0 0.01 4.685524076001097 0.005392789840698242 15.484272480010986 0.7499999999999999 1.0
0 0.01 4.081155695663349 0.005283832550048828 15.489556312561035 0.7499999999999999 1.0
0 0.01 3.554742552184356 0.00510096549987793 15.494657278060913 0.7499999999999999 1.0
0 0.01 3.09622948855821 0.0038416385650634766 15.498498916625977 0.7499999999999999 1.0
0 0.01 2.6968583252045994 0.003663778305053711 15.50216269493103 0.7499999999999999 1.0
0 0.01 2.349000567658869 0.005151987075805664 15.507314682006836 0.7499999999999999 1.0
0 0.01 2.046011692676912 0.009202003479003906 15.51651668548584 0.7272727272727272 1.0
0 0.01 1.7821042294352372 0.005544900894165039 15.522061586380005 0.7272727272727272 1.0
0 0.01 1.5522372115164986 0.0055141448974609375 15.527575731277466 0.7272727272727272 1.0
0 0.01 1.3520198880735976 0.016735076904296875 15.544310808181763 0.6153846153846154 1.0
0 0.01 1.1776278549337647 0.010722637176513672 15.555033445358276 0.6153846153846154 1.0
0 0.01 1.0257300036406054 0.023997783660888672 15.579031229019165 0.4210526315789473 1.0
0 0.01 0.8934248930683893 0.011631965637207031 15.590663194656372 0.4210526315789473 1.0
0 0.01 0.7781853282259436 0.010412216186523438 15.601075410842896 0.4210526315789473 1.0
0 0.01 0.6778100876351608 0.011092901229858398 15.612168312072754 0.4210526315789473 1.0
0 0.01 0.590381877216004 0.02845478057861328 15.640623092651367 0.3636363636363636 1.0
0 0.01 0.5142307075440048 0.019189119338989258 15.659812211990356 0.3636363636363636 1.0
0 0.01 0.44790199493955546 0.04480910301208496 15.704621315002441 0.3076923076923077 1.0
0 0.01 0.39012877707943217 0.03842282295227051 15.743044137954712 0.2962962962962963 1.0
0 0.01 0.33980751241358653 0.04248499870300293 15.785529136657715 0.2857142857142857 1.0
0 0.01 0.2959770011254507 0.023340702056884766 15.8088698387146 0.2857142857142857 1.0
0 0.01 0.2578000249994245 0.0226747989654541 15.831544637680054 0.2857142857142857 1.0
0 0.01 0.22454735549379537 0.04731011390686035 15.878854751586914 0.25806451612903225 1.0
0 0.01 0.19558382455304058 0.031213045120239258 15.910067796707153 0.25806451612903225 1.0
0 0.01 0.1703561920944177 0.03040289878845215 15.940470695495605 0.25806451612903225 1.0
0 0.01 0.14838257842248037 0.029160261154174805 15.96963095664978 0.25806451612903225 1.0
0 0.01 0.12924325971726744 0.028101205825805664 15.997732162475586 0.25806451612903225 1.0
0 0.01 0.1125726507783501 0.026935815811157227 16.024667978286743 0.25806451612903225 1.0
0 0.01 0.09805232188500161 0.02163100242614746 16.04629898071289 0.25806451612903225 1.0
0 0.01 0.08540491638568569 0.1763918399810791 16.22269082069397 0.2105263157894737 1.0
0 0.01 0.07438885283512764 0.2012770175933838 16.423967838287354 0.21621621621621623 1.0
0 0.01 0.06479371048308594 0.0528719425201416 16.476839780807495 0.21621621621621623 1.0
0 0.01 0.056436209971818335 0.05080986022949219 16.527649641036987 0.21621621621621623 1.0
0 0.01 0.049156712468482675 0.10231304168701172 16.629962682724 0.2105263157894737 1.0
0 0.01 0.0428161703614703 0.0327150821685791 16.662677764892578 0.2105263157894737 1.0
0 0.01 0.03729347127511503 0.10211610794067383 16.764793872833252 0.20512820512820512 1.0
0 0.01 0.032483124670098805 0.10829997062683105 16.873093843460083 0.19999999999999998 1.0
