[216.40736058 188.4937774  164.18066384 143.00360867 124.55810333
 108.49181534  94.49785828  82.30892987  71.69220614  62.44489425
  54.39035884  47.37474809  41.26405496  35.94155748  31.30558923
  27.26759733  23.75045104  20.68696841  18.01863304  15.69447636
  13.67010404  11.906848    10.37102782   9.03330739   7.86813455
   6.85325305   5.96927734   5.19932239   4.52868107   3.94454329
   3.43575127   2.99258645   2.60658382   2.27037024   1.9775236
   1.72245016   1.5002777    1.30676244   1.138208     0.99139477
   0.86351843   0.75213639   0.65512111   0.57061946   0.49701737
   0.43290895   0.37706963   0.32843281   0.28606948   0.24917044]0 1 312.2098259152708 0.0006418228149414062 0.0006418228149414062 0.0 1.0
0 1 271.93903789811014 0.0006601810455322266 0.0013020038604736328 0.0 1.0
0 1 236.8626295349813 0.007568836212158203 0.008870840072631836 0.33333333333333337 1.0
0 1 206.31059705097118 0.008372068405151367 0.017242908477783203 0.5714285714285715 1.0
0 1 179.69935797424765 0.005056858062744141 0.022299766540527344 0.5714285714285715 1.0
0 1 156.52060397255676 0.0036818981170654297 0.025981664657592773 0.5714285714285715 1.0
0 1 136.33159152101595 0.0035161972045898438 0.029497861862182617 0.5714285714285715 1.0
0 1 118.74668494067365 0.010120868682861328 0.039618730545043945 0.7499999999999999 1.0
0 1 103.42999026917344 0.006368875503540039 0.045987606048583984 0.7499999999999999 1.0
0 1 90.08893926113359 0.005053997039794922 0.051041603088378906 0.7499999999999999 1.0
0 1 78.46870096453189 0.0048370361328125 0.055878639221191406 0.7499999999999999 1.0
0 1 68.34731412713553 0.004877805709838867 0.06075644493103027 0.7499999999999999 1.0
0 1 59.53144745577994 0.005511045455932617 0.06626749038696289 0.6666666666666665 1.0
0 1 51.85270674408604 0.010174989700317383 0.07644248008728027 0.7272727272727272 1.0
0 1 45.16441833008278 0.010614156723022461 0.08705663681030273 0.7272727272727272 1.0
0 1 39.33882744370648 0.01291799545288086 0.0999746322631836 0.6153846153846154 1.0
0 1 34.26465792907022 0.019890785217285156 0.11986541748046875 0.47058823529411764 1.0
0 1 29.84498672911064 0.02708601951599121 0.14695143699645996 0.3636363636363636 1.0
0 1 25.99539253258091 0.03894686698913574 0.1858983039855957 0.3076923076923077 1.0
0 1 22.642343220204207 0.10434293746948242 0.2902412414550781 0.26666666666666666 1.0
0 1 19.721791308170232 0.12070608139038086 0.410947322845459 0.27586206896551724 1.0
0 1 17.177950560167822 0.258059024810791 0.66900634765625 0.26666666666666666 1.0
0 1 14.962230399696251 0.18798422813415527 0.8569905757904053 0.24242424242424243 1.0
0 1 13.03230776858211 0.18382692337036133 1.0408174991607666 0.2222222222222222 1.0
0 1 11.351318703025308 0.18010210990905762 1.2209196090698242 0.2222222222222222 1.0
0 1 9.887154185253786 0.13866209983825684 1.359581708908081 0.21621621621621623 1.0
0 1 8.611846820663045 0.13931894302368164 1.4989006519317627 0.20512820512820512 1.0
0 1 7.501036625197576 0.16481900215148926 1.663719654083252 0.19999999999999998 1.0
0 1 6.53350571883761 0.13915181159973145 1.8028714656829834 0.20512820512820512 1.0
0 1 5.69077303724795 0.18253421783447266 1.985405683517456 0.18604651162790697 1.0
0 1 4.956741320068812 0.14976215362548828 2.1351678371429443 0.1777777777777778 1.0
0 1 4.317389632878279 0.19130706787109375 2.326474905014038 0.1702127659574468 1.0
0 1 3.7605055496069455 1.8460378646850586 4.172512769699097 0.1702127659574468 1.0
0 1 3.2754518797500736 0.367962121963501 4.540474891662598 0.1702127659574468 1.0
0 1 2.8529634845718124 0.17952990531921387 4.7200047969818115 0.16666666666666666 1.0
0 1 2.4849703012340436 0.14613699913024902 4.8661417961120605 0.163265306122449 1.0
0 1 2.1644431943866964 0.24981212615966797 5.1159539222717285 0.163265306122449 1.0
0 1 1.8852596907900219 0.1392960548400879 5.255249977111816 0.163265306122449 1.0
0 1 1.6420870323301746 0.11854004859924316 5.37379002571106 0.163265306122449 1.0
0 1 1.4302803135927475 0.11541986465454102 5.489209890365601 0.163265306122449 1.0
0 1 1.2457937582930971 0.11224508285522461 5.601454973220825 0.163265306122449 1.0
0 1 1.0851034398309916 0.39009928703308105 5.991554260253906 0.1568627450980392 1.0
0 1 0.945139969834425 0.33809614181518555 6.329650402069092 0.1568627450980392 1.0
0 1 0.823229868958621 0.48131322860717773 6.8109636306762695 0.1568627450980392 1.0
0 1 0.7170445000483404 0.7994470596313477 7.610410690307617 0.15384615384615383 1.0
0 1 0.624555588222246 0.7342760562896729 8.34468674659729 0.1509433962264151 1.0
0 1 0.5439964782567033 0.5100421905517578 8.854728937149048 0.1509433962264151 1.0
0 1 0.4738283892360109 0.44347310066223145 9.29820203781128 0.1509433962264151 1.0
0 1 0.4127110218901976 0.44476795196533203 9.742969989776611 0.1481481481481481 1.0
0 1 0.3594769571833539 0.4436302185058594 10.18660020828247 0.1481481481481481 1.0
0 0.1 130.20161032759302 0.0006761550903320312 10.187276363372803 0.0 1.0
0 0.1 113.40738729625762 0.0006542205810546875 10.187930583953857 0.0 1.0
0 0.1 98.77938883400856 0.0006248950958251953 10.188555479049683 0.0 1.0
0 0.1 86.03820166433057 0.0006270408630371094 10.18918251991272 0.0 1.0
0 0.1 74.9404529934022 0.0006430149078369141 10.189825534820557 0.0 1.0
0 0.1 65.27416178184274 0.0006442070007324219 10.190469741821289 0.0 1.0
0 0.1 56.854689638682785 0.0006341934204101562 10.1911039352417 0.0 1.0
0 0.1 49.52121399451067 0.0006320476531982422 10.191735982894897 0.0 1.0
0 0.1 43.13365618693992 0.0006291866302490234 10.192365169525146 0.0 1.0
0 0.1 37.570005780944214 0.0006811618804931641 10.19304633140564 0.0 1.0
0 0.1 32.7239900151928 0.0006351470947265625 10.193681478500366 0.0 1.0
0 0.1 28.503043857863506 0.0006639957427978516 10.194345474243164 0.0 1.0
0 0.1 24.826541897430772 0.009791374206542969 10.204136848449707 0.5714285714285715 1.0
0 0.1 21.624258295306348 0.001795053482055664 10.205931901931763 0.5714285714285715 1.0
0 0.1 18.835025383479486 0.00177001953125 10.207701921463013 0.5714285714285715 1.0
0 0.1 16.405565284674683 0.0017931461334228516 10.209495067596436 0.5714285714285715 1.0
0 0.1 14.289472237493916 0.0017681121826171875 10.211263179779053 0.5714285714285715 1.0
0 0.1 12.446326187665905 0.0018591880798339844 10.213122367858887 0.5714285714285715 1.0
0 0.1 10.840920713874212 0.0077440738677978516 10.220866441726685 0.7499999999999999 1.0
0 0.1 9.44259054057033 0.002547025680541992 10.223413467407227 0.7499999999999999 1.0
0 0.1 8.224625792416147 0.0025069713592529297 10.22592043876648 0.7499999999999999 1.0
0 0.1 7.163761801874259 0.0027108192443847656 10.228631258010864 0.7499999999999999 1.0
0 0.1 6.239734724625884 0.0029578208923339844 10.231589078903198 0.7499999999999999 1.0
0 0.1 5.43489447450858 0.0263211727142334 10.257910251617432 0.7272727272727272 1.0
0 0.1 4.733867584541418 0.006989002227783203 10.264899253845215 0.7272727272727272 1.0
0 0.1 4.123263554256632 0.00785517692565918 10.272754430770874 0.7272727272727272 1.0
0 0.1 3.591419074200402 0.05483412742614746 10.327588558197021 0.5714285714285714 1.0
0 0.1 3.128175241967003 0.14375591278076172 10.471344470977783 0.4444444444444444 1.0
0 0.1 2.7246835143108377 0.04991912841796875 10.521263599395752 0.4210526315789473 1.0
0 0.1 2.373236688776134 0.08497285842895508 10.606236457824707 0.38095238095238093 1.0
0 0.1 2.0671216863796724 0.31822800636291504 10.924464464187622 0.3333333333333333 1.0
0 0.1 1.8004913233094775 0.48990893363952637 11.414373397827148 0.32000000000000006 1.0
0 0.1 1.5682526223167341 0.5556857585906982 11.970059156417847 0.2857142857142857 1.0
0 0.1 1.3659695304072161 0.4331989288330078 12.403258085250854 0.27586206896551724 1.0
0 0.1 1.1897781846170337 0.28009510040283203 12.683353185653687 0.25806451612903225 1.0
0 0.1 1.036313107341863 0.08574914932250977 12.769102334976196 0.25806451612903225 1.0
0 0.1 0.9026429214570189 0.19315886497497559 12.962261199951172 0.24242424242424243 1.0
0 0.1 0.786214357305898 0.20679521560668945 13.169056415557861 0.2352941176470588 1.0
0 0.1 0.6848034820193963 0.06530404090881348 13.234360456466675 0.2352941176470588 1.0
0 0.1 0.5964732195846044 0.6687190532684326 13.903079509735107 0.2285714285714286 1.0
0 0.1 0.5195363502423698 0.6898698806762695 14.592949390411377 0.2222222222222222 1.0
0 0.1 0.4525232824553942 2.5207669734954834 17.11371636390686 0.19999999999999998 1.0
0 0.1 0.3941539818506903 0.3469967842102051 17.460713148117065 0.19999999999999998 1.0
0 0.1 0.34331352094368267 0.5660719871520996 18.026785135269165 0.19512195121951217 1.0
0 0.1 0.2990307826127625 0.7721569538116455 18.79894208908081 0.19047619047619047 1.0
0 0.1 0.2604599105337001 0.9507119655609131 19.749654054641724 0.18181818181818182 1.0
0 0.1 0.22686415225376097 0.3710057735443115 20.120659828186035 0.18181818181818182 1.0
0 0.1 0.19760178628779224 0.15557503700256348 20.2762348651886 0.18181818181818182 1.0
0 0.1 0.17211386442601356 0.11838006973266602 20.394614934921265 0.18181818181818182 1.0
0 0.1 0.14991353511608546 2.113694906234741 22.508309841156006 0.1739130434782609 1.0
0 0.01 28.211963230963963 0.0006468296051025391 22.50895667076111 0.0 1.0
0 0.01 24.573006681497752 0.0006380081176757812 22.509594678878784 0.0 1.0
0 0.01 21.403425646968028 0.0006241798400878906 22.510218858718872 0.0 1.0
0 0.01 18.642677119777133 0.0006227493286132812 22.510841608047485 0.0 1.0
0 0.01 16.238027310431736 0.0006418228149414062 22.511483430862427 0.0 1.0
0 0.01 14.143544365449966 0.0006520748138427734 22.51213550567627 0.0 1.0
0 0.01 12.319221010851523 0.0006537437438964844 22.512789249420166 0.0 1.0
0 0.01 10.730210362611421 0.0006260871887207031 22.513415336608887 0.0 1.0
0 0.01 9.346160307090315 0.000659942626953125 22.51407527923584 0.0 1.0
0 0.01 8.140633737265514 0.0006558895111083984 22.51473116874695 0.0 1.0
0 0.01 7.090603570541246 0.0006330013275146484 22.515364170074463 0.0 1.0
0 0.01 6.176012902339531 0.0006299018859863281 22.51599407196045 0.0 1.0
0 0.01 5.379391893848717 0.0006241798400878906 22.516618251800537 0.0 1.0
0 0.01 4.685524076001097 0.0006561279296875 22.517274379730225 0.0 1.0
0 0.01 4.081155695663349 0.0006158351898193359 22.517890214920044 0.0 1.0
0 0.01 3.554742552184356 0.0006470680236816406 22.518537282943726 0.0 1.0
0 0.01 3.09622948855821 0.0006437301635742188 22.5191810131073 0.0 1.0
0 0.01 2.6968583252045994 0.0006749629974365234 22.519855976104736 0.0 1.0
0 0.01 2.349000567658869 0.016063928604125977 22.535919904708862 0.5714285714285715 1.0
0 0.01 2.046011692676912 0.0011780261993408203 22.537097930908203 0.5714285714285715 1.0
0 0.01 1.7821042294352372 0.0011429786682128906 22.538240909576416 0.5714285714285715 1.0
0 0.01 1.5522372115164986 0.001058816909790039 22.539299726486206 0.5714285714285715 1.0
0 0.01 1.3520198880735976 0.0010502338409423828 22.54034996032715 0.5714285714285715 1.0
0 0.01 1.1776278549337647 0.0010991096496582031 22.541449069976807 0.5714285714285715 1.0
0 0.01 1.0257300036406054 0.00510406494140625 22.546553134918213 0.7499999999999999 1.0
0 0.01 0.8934248930683893 0.0010428428649902344 22.547595977783203 0.7499999999999999 1.0
0 0.01 0.7781853282259436 0.0010988712310791016 22.548694849014282 0.7499999999999999 1.0
0 0.01 0.6778100876351608 0.0012371540069580078 22.54993200302124 0.7499999999999999 1.0
0 0.01 0.590381877216004 0.001220703125 22.55115270614624 0.7499999999999999 1.0
0 0.01 0.5142307075440048 0.012923240661621094 22.56407594680786 0.7272727272727272 1.0
0 0.01 0.44790199493955546 0.003152132034301758 22.567228078842163 0.7272727272727272 1.0
0 0.01 0.39012877707943217 0.04012608528137207 22.607354164123535 0.5000000000000001 1.0
0 0.01 0.33980751241358653 0.04622912406921387 22.65358328819275 0.4 1.0
0 0.01 0.2959770011254507 0.008734941482543945 22.662318229675293 0.4 1.0
0 0.01 0.2578000249994245 0.00925898551940918 22.671577215194702 0.4 1.0
0 0.01 0.22454735549379537 0.06716418266296387 22.738741397857666 0.3076923076923077 1.0
0 0.01 0.19558382455304058 0.012601137161254883 22.75134253501892 0.3076923076923077 1.0
0 0.01 0.1703561920944177 0.18343186378479004 22.93477439880371 0.26666666666666666 1.0
0 0.01 0.14838257842248037 0.06156587600708008 22.99634027481079 0.25806451612903225 1.0
0 0.01 0.12924325971726744 0.01871800422668457 23.015058279037476 0.25806451612903225 1.0
0 0.01 0.1125726507783501 0.062384843826293945 23.07744312286377 0.25 1.0
0 0.01 0.09805232188500161 0.06449007987976074 23.14193320274353 0.24242424242424243 1.0
0 0.01 0.08540491638568569 0.0861358642578125 23.228069067001343 0.2352941176470588 1.0
0 0.01 0.07438885283512764 0.018687009811401367 23.246756076812744 0.2352941176470588 1.0
0 0.01 0.06479371048308594 0.08203005790710449 23.32878613471985 0.2285714285714286 1.0
0 0.01 0.056436209971818335 0.22621679306030273 23.55500292778015 0.21621621621621623 1.0
0 0.01 0.049156712468482675 0.034857988357543945 23.589860916137695 0.21621621621621623 1.0
0 0.01 0.0428161703614703 0.19712209701538086 23.786983013153076 0.20512820512820512 1.0
0 0.01 0.03729347127511503 0.03174304962158203 23.818726062774658 0.20512820512820512 1.0
0 0.01 0.032483124670098805 0.029378890991210938 23.84810495376587 0.20512820512820512 1.0
