[216.40736058 188.4937774  164.18066384 143.00360867 124.55810333
 108.49181534  94.49785828  82.30892987  71.69220614  62.44489425
  54.39035884  47.37474809  41.26405496  35.94155748  31.30558923
  27.26759733  23.75045104  20.68696841  18.01863304  15.69447636
  13.67010404  11.906848    10.37102782   9.03330739   7.86813455
   6.85325305   5.96927734   5.19932239   4.52868107   3.94454329
   3.43575127   2.99258645   2.60658382   2.27037024   1.9775236
   1.72245016   1.5002777    1.30676244   1.138208     0.99139477
   0.86351843   0.75213639   0.65512111   0.57061946   0.49701737
   0.43290895   0.37706963   0.32843281   0.28606948   0.24917044]0 1 312.2098259152708 0.0006337165832519531 0.0006337165832519531 0.0 1.0
0 1 271.93903789811014 0.0006399154663085938 0.0012736320495605469 0.0 1.0
0 1 236.8626295349813 0.006183147430419922 0.007456779479980469 0.33333333333333337 1.0
0 1 206.31059705097118 0.007636070251464844 0.015092849731445312 0.5714285714285715 1.0
0 1 179.69935797424765 0.003715991973876953 0.018808841705322266 0.5714285714285715 1.0
0 1 156.52060397255676 0.002939939498901367 0.021748781204223633 0.5714285714285715 1.0
0 1 136.33159152101595 0.0030939579010009766 0.02484273910522461 0.5714285714285715 1.0
0 1 118.74668494067365 0.008548974990844727 0.033391714096069336 0.7499999999999999 1.0
0 1 103.42999026917344 0.005263805389404297 0.03865551948547363 0.7499999999999999 1.0
0 1 90.08893926113359 0.004563093185424805 0.04321861267089844 0.7499999999999999 1.0
0 1 78.46870096453189 0.004558086395263672 0.04777669906616211 0.7499999999999999 1.0
0 1 68.34731412713553 0.004575014114379883 0.05235171318054199 0.7499999999999999 1.0
0 1 59.53144745577994 0.0049591064453125 0.05731081962585449 0.6666666666666665 1.0
0 1 51.85270674408604 0.00900411605834961 0.0663149356842041 0.7272727272727272 1.0
0 1 45.16441833008278 0.009785890579223633 0.07610082626342773 0.7272727272727272 1.0
0 1 39.33882744370648 0.010963916778564453 0.08706474304199219 0.6153846153846154 1.0
0 1 34.26465792907022 0.01618814468383789 0.10325288772583008 0.47058823529411764 1.0
0 1 29.84498672911064 0.02372598648071289 0.12697887420654297 0.3636363636363636 1.0
0 1 25.99539253258091 0.029840946197509766 0.15681982040405273 0.3076923076923077 1.0
0 1 22.642343220204207 0.08785223960876465 0.24467206001281738 0.26666666666666666 1.0
0 1 19.721791308170232 0.10273599624633789 0.3474080562591553 0.27586206896551724 1.0
0 1 17.177950560167822 0.23440194129943848 0.5818099975585938 0.26666666666666666 1.0
0 1 14.962230399696251 0.168287992477417 0.7500979900360107 0.24242424242424243 1.0
0 1 13.03230776858211 0.17099285125732422 0.921090841293335 0.2222222222222222 1.0
0 1 11.351318703025308 0.15056824684143066 1.0716590881347656 0.2222222222222222 1.0
0 1 9.887154185253786 0.1237339973449707 1.1953930854797363 0.21621621621621623 1.0
0 1 8.611846820663045 0.12283492088317871 1.318228006362915 0.20512820512820512 1.0
0 1 7.501036625197576 0.14084506034851074 1.4590730667114258 0.19999999999999998 1.0
0 1 6.53350571883761 0.12303400039672852 1.5821070671081543 0.20512820512820512 1.0
0 1 5.69077303724795 0.1630699634552002 1.7451770305633545 0.18604651162790697 1.0
0 1 4.956741320068812 0.11948013305664062 1.8646571636199951 0.1777777777777778 1.0
0 1 4.317389632878279 0.16422104835510254 2.0288782119750977 0.1702127659574468 1.0
0 1 3.7605055496069455 1.632288932800293 3.6611671447753906 0.1702127659574468 1.0
0 1 3.2754518797500736 0.33559584617614746 3.996762990951538 0.1702127659574468 1.0
0 1 2.8529634845718124 0.12840700149536133 4.125169992446899 0.16666666666666666 1.0
0 1 2.4849703012340436 0.12992286682128906 4.2550928592681885 0.163265306122449 1.0
0 1 2.1644431943866964 0.2248668670654297 4.479959726333618 0.163265306122449 1.0
0 1 1.8852596907900219 0.09420275688171387 4.574162483215332 0.163265306122449 1.0
0 1 1.6420870323301746 0.09213685989379883 4.666299343109131 0.163265306122449 1.0
0 1 1.4302803135927475 0.09221601486206055 4.758515357971191 0.163265306122449 1.0
0 1 1.2457937582930971 0.09204721450805664 4.850562572479248 0.163265306122449 1.0
0 1 1.0851034398309916 0.2196969985961914 5.0702595710754395 0.1568627450980392 1.0
0 1 0.945139969834425 0.22133183479309082 5.29159140586853 0.1568627450980392 1.0
0 1 0.823229868958621 0.36847567558288574 5.660067081451416 0.1568627450980392 1.0
0 1 0.7170445000483404 0.6672780513763428 6.327345132827759 0.15384615384615383 1.0
0 1 0.624555588222246 0.44474291801452637 6.772088050842285 0.1509433962264151 1.0
0 1 0.5439964782567033 0.2953810691833496 7.067469120025635 0.1509433962264151 1.0
0 1 0.4738283892360109 0.22143292427062988 7.288902044296265 0.1509433962264151 1.0
0 1 0.4127110218901976 0.22211503982543945 7.511017084121704 0.1481481481481481 1.0
0 1 0.3594769571833539 0.2216808795928955 7.7326979637146 0.1481481481481481 1.0
0 0.1 130.20161032759302 0.0006589889526367188 7.733356952667236 0.0 1.0
0 0.1 113.40738729625762 0.0006308555603027344 7.733987808227539 0.0 1.0
0 0.1 98.77938883400856 0.0006248950958251953 7.734612703323364 0.0 1.0
0 0.1 86.03820166433057 0.0006270408630371094 7.735239744186401 0.0 1.0
0 0.1 74.9404529934022 0.0006489753723144531 7.735888719558716 0.0 1.0
0 0.1 65.27416178184274 0.0006561279296875 7.736544847488403 0.0 1.0
0 0.1 56.854689638682785 0.0006620883941650391 7.737206935882568 0.0 1.0
0 0.1 49.52121399451067 0.0006310939788818359 7.73783802986145 0.0 1.0
0 0.1 43.13365618693992 0.0006721019744873047 7.7385101318359375 0.0 1.0
0 0.1 37.570005780944214 0.0006389617919921875 7.73914909362793 0.0 1.0
0 0.1 32.7239900151928 0.0006330013275146484 7.739782094955444 0.0 1.0
0 0.1 28.503043857863506 0.0006291866302490234 7.740411281585693 0.0 1.0
0 0.1 24.826541897430772 0.009155750274658203 7.749567031860352 0.5714285714285715 1.0
0 0.1 21.624258295306348 0.0015180110931396484 7.751085042953491 0.5714285714285715 1.0
0 0.1 18.835025383479486 0.0015230178833007812 7.752608060836792 0.5714285714285715 1.0
0 0.1 16.405565284674683 0.0014848709106445312 7.7540929317474365 0.5714285714285715 1.0
0 0.1 14.289472237493916 0.0015859603881835938 7.75567889213562 0.5714285714285715 1.0
0 0.1 12.446326187665905 0.0016717910766601562 7.75735068321228 0.5714285714285715 1.0
0 0.1 10.840920713874212 0.007476806640625 7.764827489852905 0.7499999999999999 1.0
0 0.1 9.44259054057033 0.002312898635864258 7.7671403884887695 0.7499999999999999 1.0
0 0.1 8.224625792416147 0.0022530555725097656 7.769393444061279 0.7499999999999999 1.0
0 0.1 7.163761801874259 0.002516031265258789 7.771909475326538 0.7499999999999999 1.0
0 0.1 6.239734724625884 0.0025060176849365234 7.774415493011475 0.7499999999999999 1.0
0 0.1 5.43489447450858 0.027441024780273438 7.801856517791748 0.7272727272727272 1.0
0 0.1 4.733867584541418 0.006560087203979492 7.8084166049957275 0.7272727272727272 1.0
0 0.1 4.123263554256632 0.006556272506713867 7.814972877502441 0.7272727272727272 1.0
0 0.1 3.591419074200402 0.054171085357666016 7.869143962860107 0.5714285714285714 1.0
0 0.1 3.128175241967003 0.13953018188476562 8.008674144744873 0.4444444444444444 1.0
0 0.1 2.7246835143108377 0.047406911849975586 8.056081056594849 0.4210526315789473 1.0
0 0.1 2.373236688776134 0.08275198936462402 8.138833045959473 0.38095238095238093 1.0
0 0.1 2.0671216863796724 0.2266092300415039 8.365442276000977 0.3333333333333333 1.0
0 0.1 1.8004913233094775 0.5587818622589111 8.924224138259888 0.32000000000000006 1.0
0 0.1 1.5682526223167341 0.5322990417480469 9.456523180007935 0.2857142857142857 1.0
0 0.1 1.3659695304072161 0.414914608001709 9.871437788009644 0.27586206896551724 1.0
0 0.1 1.1897781846170337 0.264725923538208 10.136163711547852 0.25806451612903225 1.0
0 0.1 1.036313107341863 0.07570695877075195 10.211870670318604 0.25806451612903225 1.0
0 0.1 0.9026429214570189 0.16292500495910645 10.37479567527771 0.24242424242424243 1.0
0 0.1 0.786214357305898 0.19947171211242676 10.574267387390137 0.2352941176470588 1.0
0 0.1 0.6848034820193963 0.0668191909790039 10.64108657836914 0.2352941176470588 1.0
0 0.1 0.5964732195846044 0.6228537559509277 11.263940334320068 0.2285714285714286 1.0
0 0.1 0.5195363502423698 0.626837968826294 11.890778303146362 0.2222222222222222 1.0
0 0.1 0.4525232824553942 2.323572874069214 14.214351177215576 0.19999999999999998 1.0
0 0.1 0.3941539818506903 0.28853893280029297 14.50289011001587 0.19999999999999998 1.0
0 0.1 0.34331352094368267 0.46474218368530273 14.967632293701172 0.19512195121951217 1.0
0 0.1 0.2990307826127625 0.7564330101013184 15.72406530380249 0.19047619047619047 1.0
0 0.1 0.2604599105337001 0.7980308532714844 16.522096157073975 0.18604651162790697 1.0
0 0.1 0.22686415225376097 0.23820114135742188 16.760297298431396 0.18181818181818182 1.0
0 0.1 0.19760178628779224 0.1277010440826416 16.887998342514038 0.18181818181818182 1.0
0 0.1 0.17211386442601356 0.11051607131958008 16.998514413833618 0.18181818181818182 1.0
0 0.1 0.14991353511608546 1.6254549026489258 18.623969316482544 0.1739130434782609 1.0
0 0.01 28.211963230963963 0.0006389617919921875 18.624608278274536 0.0 1.0
0 0.01 24.573006681497752 0.0006351470947265625 18.625243425369263 0.0 1.0
0 0.01 21.403425646968028 0.0006208419799804688 18.625864267349243 0.0 1.0
0 0.01 18.642677119777133 0.0006310939788818359 18.626495361328125 0.0 1.0
0 0.01 16.238027310431736 0.0006489753723144531 18.62714433670044 0.0 1.0
0 0.01 14.143544365449966 0.0006499290466308594 18.62779426574707 0.0 1.0
0 0.01 12.319221010851523 0.0006551742553710938 18.62844944000244 0.0 1.0
0 0.01 10.730210362611421 0.0006320476531982422 18.62908148765564 0.0 1.0
0 0.01 9.346160307090315 0.0006341934204101562 18.62971568107605 0.0 1.0
0 0.01 8.140633737265514 0.0006337165832519531 18.6303493976593 0.0 1.0
0 0.01 7.090603570541246 0.0006339550018310547 18.630983352661133 0.0 1.0
0 0.01 6.176012902339531 0.0006699562072753906 18.631653308868408 0.0 1.0
0 0.01 5.379391893848717 0.0006389617919921875 18.6322922706604 0.0 1.0
0 0.01 4.685524076001097 0.0006248950958251953 18.632917165756226 0.0 1.0
0 0.01 4.081155695663349 0.000621795654296875 18.633538961410522 0.0 1.0
0 0.01 3.554742552184356 0.0006587505340576172 18.63419771194458 0.0 1.0
0 0.01 3.09622948855821 0.0006480216979980469 18.634845733642578 0.0 1.0
0 0.01 2.6968583252045994 0.0006620883941650391 18.635507822036743 0.0 1.0
0 0.01 2.349000567658869 0.015878915786743164 18.651386737823486 0.5714285714285715 1.0
0 0.01 2.046011692676912 0.0011467933654785156 18.652533531188965 0.5714285714285715 1.0
0 0.01 1.7821042294352372 0.0011782646179199219 18.653711795806885 0.5714285714285715 1.0
0 0.01 1.5522372115164986 0.0008139610290527344 18.654525756835938 0.5714285714285715 1.0
0 0.01 1.3520198880735976 0.0008242130279541016 18.65534996986389 0.5714285714285715 1.0
0 0.01 1.1776278549337647 0.0008690357208251953 18.656219005584717 0.5714285714285715 1.0
0 0.01 1.0257300036406054 0.005133152008056641 18.661352157592773 0.7499999999999999 1.0
0 0.01 0.8934248930683893 0.0011746883392333984 18.662526845932007 0.7499999999999999 1.0
0 0.01 0.7781853282259436 0.001110076904296875 18.663636922836304 0.7499999999999999 1.0
0 0.01 0.6778100876351608 0.0008728504180908203 18.664509773254395 0.7499999999999999 1.0
0 0.01 0.590381877216004 0.0009558200836181641 18.665465593338013 0.7499999999999999 1.0
0 0.01 0.5142307075440048 0.01223897933959961 18.677704572677612 0.7272727272727272 1.0
0 0.01 0.44790199493955546 0.002003908157348633 18.67970848083496 0.7272727272727272 1.0
0 0.01 0.39012877707943217 0.03945326805114746 18.71916174888611 0.5000000000000001 1.0
0 0.01 0.33980751241358653 0.04543614387512207 18.76459789276123 0.4 1.0
0 0.01 0.2959770011254507 0.007890939712524414 18.772488832473755 0.4 1.0
0 0.01 0.2578000249994245 0.007781982421875 18.78027081489563 0.4 1.0
0 0.01 0.22454735549379537 0.0660409927368164 18.846311807632446 0.3076923076923077 1.0
0 0.01 0.19558382455304058 0.011514902114868164 18.857826709747314 0.3076923076923077 1.0
0 0.01 0.1703561920944177 0.18141484260559082 19.039241552352905 0.26666666666666666 1.0
0 0.01 0.14838257842248037 0.059860944747924805 19.09910249710083 0.25806451612903225 1.0
0 0.01 0.12924325971726744 0.016950130462646484 19.116052627563477 0.25806451612903225 1.0
0 0.01 0.1125726507783501 0.0605778694152832 19.17663049697876 0.25 1.0
0 0.01 0.09805232188500161 0.06292891502380371 19.239559412002563 0.24242424242424243 1.0
0 0.01 0.08540491638568569 0.08397793769836426 19.323537349700928 0.2352941176470588 1.0
0 0.01 0.07438885283512764 0.017230987548828125 19.340768337249756 0.2352941176470588 1.0
0 0.01 0.06479371048308594 0.0831441879272461 19.423912525177002 0.2285714285714286 1.0
0 0.01 0.056436209971818335 0.22944402694702148 19.653356552124023 0.21621621621621623 1.0
0 0.01 0.049156712468482675 0.034501075744628906 19.687857627868652 0.21621621621621623 1.0
0 0.01 0.0428161703614703 0.18963885307312012 19.877496480941772 0.20512820512820512 1.0
0 0.01 0.03729347127511503 0.028165102005004883 19.905661582946777 0.20512820512820512 1.0
0 0.01 0.032483124670098805 0.02770090103149414 19.93336248397827 0.20512820512820512 1.0
