[216.40736058 188.4937774  164.18066384 143.00360867 124.55810333
 108.49181534  94.49785828  82.30892987  71.69220614  62.44489425
  54.39035884  47.37474809  41.26405496  35.94155748  31.30558923
  27.26759733  23.75045104  20.68696841  18.01863304  15.69447636
  13.67010404  11.906848    10.37102782   9.03330739   7.86813455
   6.85325305   5.96927734   5.19932239   4.52868107   3.94454329
   3.43575127   2.99258645   2.60658382   2.27037024   1.9775236
   1.72245016   1.5002777    1.30676244   1.138208     0.99139477
   0.86351843   0.75213639   0.65512111   0.57061946   0.49701737
   0.43290895   0.37706963   0.32843281   0.28606948   0.24917044]0 1 312.2098259152708 0.0011887550354003906 0.0011887550354003906 0.0 1.0
0 1 271.93903789811014 0.0011699199676513672 0.002358675003051758 0.0 1.0
0 1 236.8626295349813 0.027771949768066406 0.030130624771118164 0.33333333333333337 1.0
0 1 206.31059705097118 0.021659135818481445 0.05178976058959961 0.5714285714285715 1.0
0 1 179.69935797424765 0.012730121612548828 0.06451988220214844 0.5714285714285715 1.0
0 1 156.52060397255676 0.009716033935546875 0.07423591613769531 0.5714285714285715 1.0
0 1 136.33159152101595 0.008075952529907227 0.08231186866760254 0.5714285714285715 1.0
0 1 118.74668494067365 0.024118900299072266 0.1064307689666748 0.7499999999999999 1.0
0 1 103.42999026917344 0.01468801498413086 0.12111878395080566 0.7499999999999999 1.0
0 1 90.08893926113359 0.011110067367553711 0.13222885131835938 0.7499999999999999 1.0
0 1 78.46870096453189 0.009861946105957031 0.1420907974243164 0.7499999999999999 1.0
0 1 68.34731412713553 0.008643150329589844 0.15073394775390625 0.7499999999999999 1.0
0 1 59.53144745577994 0.009012937545776367 0.15974688529968262 0.6666666666666665 1.0
0 1 51.85270674408604 0.012962102890014648 0.17270898818969727 0.7272727272727272 1.0
0 1 45.16441833008278 0.012809991836547852 0.18551898002624512 0.7272727272727272 1.0
0 1 39.33882744370648 0.012491941452026367 0.19801092147827148 0.6153846153846154 1.0
0 1 34.26465792907022 0.019128084182739258 0.21713900566101074 0.47058823529411764 1.0
0 1 29.84498672911064 0.02625727653503418 0.24339628219604492 0.3636363636363636 1.0
0 1 25.99539253258091 0.03211617469787598 0.2755124568939209 0.3076923076923077 1.0
0 1 22.642343220204207 0.09293794631958008 0.368450403213501 0.26666666666666666 1.0
0 1 19.721791308170232 0.10359406471252441 0.4720444679260254 0.27586206896551724 1.0
0 1 17.177950560167822 0.24333906173706055 0.7153835296630859 0.26666666666666666 1.0
0 1 14.962230399696251 0.16965198516845703 0.885035514831543 0.24242424242424243 1.0
0 1 13.03230776858211 0.17299771308898926 1.0580332279205322 0.2222222222222222 1.0
0 1 11.351318703025308 0.15541386604309082 1.213447093963623 0.2222222222222222 1.0
0 1 9.887154185253786 0.12432217597961426 1.3377692699432373 0.21621621621621623 1.0
0 1 8.611846820663045 0.1235508918762207 1.461320161819458 0.20512820512820512 1.0
0 1 7.501036625197576 0.13904213905334473 1.6003623008728027 0.19999999999999998 1.0
0 1 6.53350571883761 0.12047004699707031 1.720832347869873 0.20512820512820512 1.0
0 1 5.69077303724795 0.16204476356506348 1.8828771114349365 0.18604651162790697 1.0
0 1 4.956741320068812 0.12003111839294434 2.002908229827881 0.1777777777777778 1.0
0 1 4.317389632878279 0.16597318649291992 2.168881416320801 0.1702127659574468 1.0
0 1 3.7605055496069455 1.6700022220611572 3.838883638381958 0.1702127659574468 1.0
0 1 3.2754518797500736 0.3336219787597656 4.172505617141724 0.1702127659574468 1.0
0 1 2.8529634845718124 0.12962102890014648 4.30212664604187 0.16666666666666666 1.0
0 1 2.4849703012340436 0.12814784049987793 4.430274486541748 0.163265306122449 1.0
0 1 2.1644431943866964 0.22636890411376953 4.656643390655518 0.163265306122449 1.0
0 1 1.8852596907900219 0.09339475631713867 4.750038146972656 0.163265306122449 1.0
0 1 1.6420870323301746 0.09241127967834473 4.842449426651001 0.163265306122449 1.0
0 1 1.4302803135927475 0.09241962432861328 4.934869050979614 0.163265306122449 1.0
0 1 1.2457937582930971 0.09209489822387695 5.026963949203491 0.163265306122449 1.0
0 1 1.0851034398309916 0.21936678886413574 5.246330738067627 0.1568627450980392 1.0
0 1 0.945139969834425 0.22023916244506836 5.466569900512695 0.1568627450980392 1.0
0 1 0.823229868958621 0.3681762218475342 5.8347461223602295 0.1568627450980392 1.0
0 1 0.7170445000483404 0.668889045715332 6.5036351680755615 0.15384615384615383 1.0
0 1 0.624555588222246 0.4418919086456299 6.945527076721191 0.1509433962264151 1.0
0 1 0.5439964782567033 0.29697608947753906 7.2425031661987305 0.1509433962264151 1.0
0 1 0.4738283892360109 0.2231450080871582 7.465648174285889 0.1509433962264151 1.0
0 1 0.4127110218901976 0.2208859920501709 7.68653416633606 0.1481481481481481 1.0
0 1 0.3594769571833539 0.22307682037353516 7.909610986709595 0.1481481481481481 1.0
0 0.1 130.20161032759302 0.0011720657348632812 7.910783052444458 0.0 1.0
0 0.1 113.40738729625762 0.0011608600616455078 7.9119439125061035 0.0 1.0
0 0.1 98.77938883400856 0.0011551380157470703 7.913099050521851 0.0 1.0
0 0.1 86.03820166433057 0.001238107681274414 7.914337158203125 0.0 1.0
0 0.1 74.9404529934022 0.0011899471282958984 7.915527105331421 0.0 1.0
0 0.1 65.27416178184274 0.0011680126190185547 7.9166951179504395 0.0 1.0
0 0.1 56.854689638682785 0.0012180805206298828 7.917913198471069 0.0 1.0
0 0.1 49.52121399451067 0.0011680126190185547 7.919081211090088 0.0 1.0
0 0.1 43.13365618693992 0.0011601448059082031 7.920241355895996 0.0 1.0
0 0.1 37.570005780944214 0.0012264251708984375 7.9214677810668945 0.0 1.0
0 0.1 32.7239900151928 0.0011677742004394531 7.922635555267334 0.0 1.0
0 0.1 28.503043857863506 0.0011680126190185547 7.9238035678863525 0.0 1.0
0 0.1 24.826541897430772 0.014026880264282227 7.937830448150635 0.5714285714285715 1.0
0 0.1 21.624258295306348 0.004040956497192383 7.941871404647827 0.5714285714285715 1.0
0 0.1 18.835025383479486 0.004045963287353516 7.945917367935181 0.5714285714285715 1.0
0 0.1 16.405565284674683 0.0039937496185302734 7.949911117553711 0.5714285714285715 1.0
0 0.1 14.289472237493916 0.003886699676513672 7.953797817230225 0.5714285714285715 1.0
0 0.1 12.446326187665905 0.004431009292602539 7.958228826522827 0.5714285714285715 1.0
0 0.1 10.840920713874212 0.012025833129882812 7.97025465965271 0.7499999999999999 1.0
0 0.1 9.44259054057033 0.00572514533996582 7.975979804992676 0.7499999999999999 1.0
0 0.1 8.224625792416147 0.0041658878326416016 7.980145692825317 0.7499999999999999 1.0
0 0.1 7.163761801874259 0.004148960113525391 7.984294652938843 0.7499999999999999 1.0
0 0.1 6.239734724625884 0.0038809776306152344 7.988175630569458 0.7499999999999999 1.0
0 0.1 5.43489447450858 0.03131270408630371 8.019488334655762 0.7272727272727272 1.0
0 0.1 4.733867584541418 0.009565353393554688 8.029053688049316 0.7272727272727272 1.0
0 0.1 4.123263554256632 0.009116888046264648 8.038170576095581 0.7272727272727272 1.0
0 0.1 3.591419074200402 0.06102919578552246 8.099199771881104 0.5714285714285714 1.0
0 0.1 3.128175241967003 0.1468667984008789 8.246066570281982 0.4444444444444444 1.0
0 0.1 2.7246835143108377 0.05476999282836914 8.300836563110352 0.4210526315789473 1.0
0 0.1 2.373236688776134 0.08765697479248047 8.388493537902832 0.38095238095238093 1.0
0 0.1 2.0671216863796724 0.28322887420654297 8.671722412109375 0.3333333333333333 1.0
0 0.1 1.8004913233094775 0.5088419914245605 9.180564403533936 0.32000000000000006 1.0
0 0.1 1.5682526223167341 0.5545260906219482 9.735090494155884 0.2857142857142857 1.0
0 0.1 1.3659695304072161 0.4254627227783203 10.160553216934204 0.27586206896551724 1.0
0 0.1 1.1897781846170337 0.27846813201904297 10.439021348953247 0.25806451612903225 1.0
0 0.1 1.036313107341863 0.08215022087097168 10.521171569824219 0.25806451612903225 1.0
0 0.1 0.9026429214570189 0.17435097694396973 10.695522546768188 0.24242424242424243 1.0
0 0.1 0.786214357305898 0.19876885414123535 10.894291400909424 0.2352941176470588 1.0
0 0.1 0.6848034820193963 0.0635828971862793 10.957874298095703 0.2352941176470588 1.0
0 0.1 0.5964732195846044 0.6348919868469238 11.592766284942627 0.2285714285714286 1.0
0 0.1 0.5195363502423698 0.6441211700439453 12.236887454986572 0.2222222222222222 1.0
0 0.1 0.4525232824553942 2.3479809761047363 14.584868431091309 0.19999999999999998 1.0
0 0.1 0.3941539818506903 0.2994391918182373 14.884307622909546 0.19999999999999998 1.0
0 0.1 0.34331352094368267 0.47745609283447266 15.361763715744019 0.19512195121951217 1.0
0 0.1 0.2990307826127625 0.7768006324768066 16.138564348220825 0.19047619047619047 1.0
0 0.1 0.2604599105337001 0.8188729286193848 16.95743727684021 0.18604651162790697 1.0
0 0.1 0.22686415225376097 0.24853301048278809 17.205970287322998 0.18181818181818182 1.0
0 0.1 0.19760178628779224 0.1337752342224121 17.33974552154541 0.18181818181818182 1.0
0 0.1 0.17211386442601356 0.11345171928405762 17.453197240829468 0.18181818181818182 1.0
0 0.1 0.14991353511608546 1.6493608951568604 19.102558135986328 0.1739130434782609 1.0
0 0.01 28.211963230963963 0.0011587142944335938 19.10371685028076 0.0 1.0
0 0.01 24.573006681497752 0.0011851787567138672 19.104902029037476 0.0 1.0
0 0.01 21.403425646968028 0.0011649131774902344 19.106066942214966 0.0 1.0
0 0.01 18.642677119777133 0.001230001449584961 19.10729694366455 0.0 1.0
0 0.01 16.238027310431736 0.0012581348419189453 19.10855507850647 0.0 1.0
0 0.01 14.143544365449966 0.001157999038696289 19.109713077545166 0.0 1.0
0 0.01 12.319221010851523 0.0011730194091796875 19.110886096954346 0.0 1.0
0 0.01 10.730210362611421 0.0011909008026123047 19.112076997756958 0.0 1.0
0 0.01 9.346160307090315 0.0012469291687011719 19.11332392692566 0.0 1.0
0 0.01 8.140633737265514 0.001255035400390625 19.11457896232605 0.0 1.0
0 0.01 7.090603570541246 0.0012018680572509766 19.1157808303833 0.0 1.0
0 0.01 6.176012902339531 0.001157999038696289 19.116938829421997 0.0 1.0
0 0.01 5.379391893848717 0.001180887222290039 19.118119716644287 0.0 1.0
0 0.01 4.685524076001097 0.001241922378540039 19.119361639022827 0.0 1.0
0 0.01 4.081155695663349 0.0011539459228515625 19.12051558494568 0.0 1.0
0 0.01 3.554742552184356 0.0011470317840576172 19.121662616729736 0.0 1.0
0 0.01 3.09622948855821 0.0011510848999023438 19.12281370162964 0.0 1.0
0 0.01 2.6968583252045994 0.001216888427734375 19.124030590057373 0.0 1.0
0 0.01 2.349000567658869 0.009600162506103516 19.133630752563477 0.5714285714285715 1.0
0 0.01 2.046011692676912 0.0024900436401367188 19.136120796203613 0.5714285714285715 1.0
0 0.01 1.7821042294352372 0.0026311874389648438 19.138751983642578 0.5714285714285715 1.0
0 0.01 1.5522372115164986 0.0014190673828125 19.14017105102539 0.5714285714285715 1.0
0 0.01 1.3520198880735976 0.001318216323852539 19.141489267349243 0.5714285714285715 1.0
0 0.01 1.1776278549337647 0.0013270378112792969 19.142816305160522 0.5714285714285715 1.0
0 0.01 1.0257300036406054 0.010768890380859375 19.153585195541382 0.7499999999999999 1.0
0 0.01 0.8934248930683893 0.0024929046630859375 19.156078100204468 0.7499999999999999 1.0
0 0.01 0.7781853282259436 0.0025429725646972656 19.158621072769165 0.7499999999999999 1.0
0 0.01 0.6778100876351608 0.0013947486877441406 19.16001582145691 0.7499999999999999 1.0
0 0.01 0.590381877216004 0.0013759136199951172 19.161391735076904 0.7499999999999999 1.0
0 0.01 0.5142307075440048 0.018732070922851562 19.180123805999756 0.7272727272727272 1.0
0 0.01 0.44790199493955546 0.0029540061950683594 19.183077812194824 0.7272727272727272 1.0
0 0.01 0.39012877707943217 0.04441094398498535 19.22748875617981 0.5000000000000001 1.0
0 0.01 0.33980751241358653 0.05122804641723633 19.278716802597046 0.4 1.0
0 0.01 0.2959770011254507 0.011211872100830078 19.289928674697876 0.4 1.0
0 0.01 0.2578000249994245 0.010595083236694336 19.30052375793457 0.4 1.0
0 0.01 0.22454735549379537 0.07305502891540527 19.373578786849976 0.3076923076923077 1.0
0 0.01 0.19558382455304058 0.0148162841796875 19.388395071029663 0.3076923076923077 1.0
0 0.01 0.1703561920944177 0.18484807014465332 19.573243141174316 0.26666666666666666 1.0
0 0.01 0.14838257842248037 0.0698540210723877 19.643097162246704 0.25806451612903225 1.0
0 0.01 0.12924325971726744 0.02120685577392578 19.66430401802063 0.25806451612903225 1.0
0 0.01 0.1125726507783501 0.0693821907043457 19.733686208724976 0.25 1.0
0 0.01 0.09805232188500161 0.07123494148254395 19.80492115020752 0.24242424242424243 1.0
0 0.01 0.08540491638568569 0.09171390533447266 19.896635055541992 0.2352941176470588 1.0
0 0.01 0.07438885283512764 0.022005081176757812 19.91864013671875 0.2352941176470588 1.0
0 0.01 0.06479371048308594 0.08722496032714844 20.0058650970459 0.2285714285714286 1.0
0 0.01 0.056436209971818335 0.23650717735290527 20.242372274398804 0.21621621621621623 1.0
0 0.01 0.049156712468482675 0.03892111778259277 20.281293392181396 0.21621621621621623 1.0
0 0.01 0.0428161703614703 0.20304369926452637 20.484337091445923 0.20512820512820512 1.0
0 0.01 0.03729347127511503 0.039585113525390625 20.523922204971313 0.20512820512820512 1.0
0 0.01 0.032483124670098805 0.037943124771118164 20.56186532974243 0.20512820512820512 1.0
