[216.40736058 188.4937774  164.18066384 143.00360867 124.55810333
 108.49181534  94.49785828  82.30892987  71.69220614  62.44489425
  54.39035884  47.37474809  41.26405496  35.94155748  31.30558923
  27.26759733  23.75045104  20.68696841  18.01863304  15.69447636
  13.67010404  11.906848    10.37102782   9.03330739   7.86813455
   6.85325305   5.96927734   5.19932239   4.52868107   3.94454329
   3.43575127   2.99258645   2.60658382   2.27037024   1.9775236
   1.72245016   1.5002777    1.30676244   1.138208     0.99139477
   0.86351843   0.75213639   0.65512111   0.57061946   0.49701737
   0.43290895   0.37706963   0.32843281   0.28606948   0.24917044]0 1 312.2098259152708 0.0011820793151855469 0.0011820793151855469 0.0 1.0
0 1 271.93903789811014 0.001194000244140625 0.002376079559326172 0.0 1.0
0 1 236.8626295349813 0.03475809097290039 0.03713417053222656 0.33333333333333337 1.0
0 1 206.31059705097118 0.024645090103149414 0.06177926063537598 0.5714285714285715 1.0
0 1 179.69935797424765 0.015411138534545898 0.07719039916992188 0.5714285714285715 1.0
0 1 156.52060397255676 0.01279902458190918 0.08998942375183105 0.5714285714285715 1.0
0 1 136.33159152101595 0.010304927825927734 0.10029435157775879 0.5714285714285715 1.0
0 1 118.74668494067365 0.029490947723388672 0.12978529930114746 0.7499999999999999 1.0
0 1 103.42999026917344 0.018017053604125977 0.14780235290527344 0.7499999999999999 1.0
0 1 90.08893926113359 0.01315617561340332 0.16095852851867676 0.7499999999999999 1.0
0 1 78.46870096453189 0.0121002197265625 0.17305874824523926 0.7499999999999999 1.0
0 1 68.34731412713553 0.009689092636108398 0.18274784088134766 0.7499999999999999 1.0
0 1 59.53144745577994 0.010076761245727539 0.1928246021270752 0.6666666666666665 1.0
0 1 51.85270674408604 0.015071868896484375 0.20789647102355957 0.7272727272727272 1.0
0 1 45.16441833008278 0.013802051544189453 0.22169852256774902 0.7272727272727272 1.0
0 1 39.33882744370648 0.01489114761352539 0.23658967018127441 0.6153846153846154 1.0
0 1 34.26465792907022 0.023740053176879883 0.2603297233581543 0.47058823529411764 1.0
0 1 29.84498672911064 0.028950929641723633 0.28928065299987793 0.3636363636363636 1.0
0 1 25.99539253258091 0.040014028549194336 0.32929468154907227 0.3076923076923077 1.0
0 1 22.642343220204207 0.11194705963134766 0.4412417411804199 0.26666666666666666 1.0
0 1 19.721791308170232 0.13054490089416504 0.571786642074585 0.27586206896551724 1.0
0 1 17.177950560167822 0.26894187927246094 0.8407285213470459 0.26666666666666666 1.0
0 1 14.962230399696251 0.19536375999450684 1.0360922813415527 0.24242424242424243 1.0
0 1 13.03230776858211 0.18742704391479492 1.2235193252563477 0.2222222222222222 1.0
0 1 11.351318703025308 0.1807851791381836 1.4043045043945312 0.2222222222222222 1.0
0 1 9.887154185253786 0.13933181762695312 1.5436363220214844 0.21621621621621623 1.0
0 1 8.611846820663045 0.13829708099365234 1.6819334030151367 0.20512820512820512 1.0
0 1 7.501036625197576 0.1639711856842041 1.8459045886993408 0.19999999999999998 1.0
0 1 6.53350571883761 0.13891983032226562 1.9848244190216064 0.20512820512820512 1.0
0 1 5.69077303724795 0.18390202522277832 2.1687264442443848 0.18604651162790697 1.0
0 1 4.956741320068812 0.15302181243896484 2.3217482566833496 0.1777777777777778 1.0
0 1 4.317389632878279 0.19077515602111816 2.5125234127044678 0.1702127659574468 1.0
0 1 3.7605055496069455 1.8771288394927979 4.389652252197266 0.1702127659574468 1.0
0 1 3.2754518797500736 0.37155723571777344 4.761209487915039 0.1702127659574468 1.0
0 1 2.8529634845718124 0.17989301681518555 4.941102504730225 0.16666666666666666 1.0
0 1 2.4849703012340436 0.1459817886352539 5.0870842933654785 0.163265306122449 1.0
0 1 2.1644431943866964 0.24772286415100098 5.3348071575164795 0.163265306122449 1.0
0 1 1.8852596907900219 0.13945984840393066 5.47426700592041 0.163265306122449 1.0
0 1 1.6420870323301746 0.11937785148620605 5.593644857406616 0.163265306122449 1.0
0 1 1.4302803135927475 0.11497926712036133 5.7086241245269775 0.163265306122449 1.0
0 1 1.2457937582930971 0.11095619201660156 5.819580316543579 0.163265306122449 1.0
0 1 1.0851034398309916 0.3909609317779541 6.210541248321533 0.1568627450980392 1.0
0 1 0.945139969834425 0.3469350337982178 6.557476282119751 0.1568627450980392 1.0
0 1 0.823229868958621 0.47962379455566406 7.037100076675415 0.1568627450980392 1.0
0 1 0.7170445000483404 0.8012468814849854 7.8383469581604 0.15384615384615383 1.0
0 1 0.624555588222246 0.739677906036377 8.578024864196777 0.1509433962264151 1.0
0 1 0.5439964782567033 0.5117251873016357 9.089750051498413 0.1509433962264151 1.0
0 1 0.4738283892360109 0.44362592697143555 9.533375978469849 0.1509433962264151 1.0
0 1 0.4127110218901976 0.44601893424987793 9.979394912719727 0.1481481481481481 1.0
0 1 0.3594769571833539 0.44431090354919434 10.423705816268921 0.1481481481481481 1.0
0 0.1 130.20161032759302 0.0011949539184570312 10.424900770187378 0.0 1.0
0 0.1 113.40738729625762 0.0011589527130126953 10.42605972290039 0.0 1.0
0 0.1 98.77938883400856 0.0011599063873291016 10.42721962928772 0.0 1.0
0 0.1 86.03820166433057 0.0012180805206298828 10.42843770980835 0.0 1.0
0 0.1 74.9404529934022 0.0012669563293457031 10.429704666137695 0.0 1.0
0 0.1 65.27416178184274 0.0011641979217529297 10.430868864059448 0.0 1.0
0 0.1 56.854689638682785 0.001195669174194336 10.432064533233643 0.0 1.0
0 0.1 49.52121399451067 0.0012068748474121094 10.433271408081055 0.0 1.0
0 0.1 43.13365618693992 0.0011591911315917969 10.434430599212646 0.0 1.0
0 0.1 37.570005780944214 0.0011639595031738281 10.43559455871582 0.0 1.0
0 0.1 32.7239900151928 0.0011801719665527344 10.436774730682373 0.0 1.0
0 0.1 28.503043857863506 0.001149892807006836 10.43792462348938 0.0 1.0
0 0.1 24.826541897430772 0.015215873718261719 10.453140497207642 0.5714285714285715 1.0
0 0.1 21.624258295306348 0.00510716438293457 10.458247661590576 0.5714285714285715 1.0
0 0.1 18.835025383479486 0.005207061767578125 10.463454723358154 0.5714285714285715 1.0
0 0.1 16.405565284674683 0.0049779415130615234 10.468432664871216 0.5714285714285715 1.0
0 0.1 14.289472237493916 0.005187034606933594 10.47361969947815 0.5714285714285715 1.0
0 0.1 12.446326187665905 0.003931999206542969 10.477551698684692 0.5714285714285715 1.0
0 0.1 10.840920713874212 0.012621879577636719 10.490173578262329 0.7499999999999999 1.0
0 0.1 9.44259054057033 0.006260871887207031 10.496434450149536 0.7499999999999999 1.0
0 0.1 8.224625792416147 0.005213737487792969 10.501648187637329 0.7499999999999999 1.0
0 0.1 7.163761801874259 0.005074977874755859 10.506723165512085 0.7499999999999999 1.0
0 0.1 6.239734724625884 0.004982948303222656 10.511706113815308 0.7499999999999999 1.0
0 0.1 5.43489447450858 0.03330683708190918 10.545012950897217 0.7272727272727272 1.0
0 0.1 4.733867584541418 0.011900901794433594 10.55691385269165 0.7272727272727272 1.0
0 0.1 4.123263554256632 0.011340141296386719 10.568253993988037 0.7272727272727272 1.0
0 0.1 3.591419074200402 0.06341791152954102 10.631671905517578 0.5714285714285714 1.0
0 0.1 3.128175241967003 0.14882802963256836 10.780499935150146 0.4444444444444444 1.0
0 0.1 2.7246835143108377 0.05850505828857422 10.83900499343872 0.4210526315789473 1.0
0 0.1 2.373236688776134 0.08999395370483398 10.928998947143555 0.38095238095238093 1.0
0 0.1 2.0671216863796724 0.4423701763153076 11.371369123458862 0.3333333333333333 1.0
0 0.1 1.8004913233094775 0.5576200485229492 11.928989171981812 0.32000000000000006 1.0
0 0.1 1.5682526223167341 0.5971367359161377 12.52612590789795 0.2857142857142857 1.0
0 0.1 1.3659695304072161 0.45027685165405273 12.976402759552002 0.27586206896551724 1.0
0 0.1 1.1897781846170337 0.3110320568084717 13.287434816360474 0.25806451612903225 1.0
0 0.1 1.036313107341863 0.09530496597290039 13.382739782333374 0.25806451612903225 1.0
0 0.1 0.9026429214570189 0.2140359878540039 13.596775770187378 0.24242424242424243 1.0
0 0.1 0.786214357305898 0.21567296981811523 13.812448740005493 0.2352941176470588 1.0
0 0.1 0.6848034820193963 0.07029008865356445 13.882738828659058 0.2352941176470588 1.0
0 0.1 0.5964732195846044 0.6691148281097412 14.551853656768799 0.2285714285714286 1.0
0 0.1 0.5195363502423698 0.7114129066467285 15.263266563415527 0.2222222222222222 1.0
0 0.1 0.4525232824553942 2.5883870124816895 17.851653575897217 0.19999999999999998 1.0
0 0.1 0.3941539818506903 0.3701019287109375 18.221755504608154 0.19999999999999998 1.0
0 0.1 0.34331352094368267 0.5729968547821045 18.79475235939026 0.19512195121951217 1.0
0 0.1 0.2990307826127625 0.7851231098175049 19.579875469207764 0.19047619047619047 1.0
0 0.1 0.2604599105337001 0.9798450469970703 20.559720516204834 0.18181818181818182 1.0
0 0.1 0.22686415225376097 0.3904860019683838 20.950206518173218 0.18181818181818182 1.0
0 0.1 0.19760178628779224 0.16757822036743164 21.11778473854065 0.18181818181818182 1.0
0 0.1 0.17211386442601356 0.1270301342010498 21.2448148727417 0.18181818181818182 1.0
0 0.1 0.14991353511608546 2.1670501232147217 23.41186499595642 0.1739130434782609 1.0
0 0.01 28.211963230963963 0.001191854476928711 23.41305685043335 0.0 1.0
0 0.01 24.573006681497752 0.0011661052703857422 23.414222955703735 0.0 1.0
0 0.01 21.403425646968028 0.0011599063873291016 23.415382862091064 0.0 1.0
0 0.01 18.642677119777133 0.0012180805206298828 23.416600942611694 0.0 1.0
0 0.01 16.238027310431736 0.0012280941009521484 23.417829036712646 0.0 1.0
0 0.01 14.143544365449966 0.0011589527130126953 23.41898798942566 0.0 1.0
0 0.01 12.319221010851523 0.0011949539184570312 23.420182943344116 0.0 1.0
0 0.01 10.730210362611421 0.0012099742889404297 23.421392917633057 0.0 1.0
0 0.01 9.346160307090315 0.001178741455078125 23.422571659088135 0.0 1.0
0 0.01 8.140633737265514 0.0012347698211669922 23.4238064289093 0.0 1.0
0 0.01 7.090603570541246 0.0011849403381347656 23.424991369247437 0.0 1.0
0 0.01 6.176012902339531 0.0012481212615966797 23.426239490509033 0.0 1.0
0 0.01 5.379391893848717 0.0012161731719970703 23.42745566368103 0.0 1.0
0 0.01 4.685524076001097 0.001199960708618164 23.42865562438965 0.0 1.0
0 0.01 4.081155695663349 0.0011570453643798828 23.42981266975403 0.0 1.0
0 0.01 3.554742552184356 0.0011577606201171875 23.430970430374146 0.0 1.0
0 0.01 3.09622948855821 0.0011620521545410156 23.432132482528687 0.0 1.0
0 0.01 2.6968583252045994 0.0012180805206298828 23.433350563049316 0.0 1.0
0 0.01 2.349000567658869 0.011060953140258789 23.444411516189575 0.5714285714285715 1.0
0 0.01 2.046011692676912 0.002531766891479492 23.446943283081055 0.5714285714285715 1.0
0 0.01 1.7821042294352372 0.0025730133056640625 23.44951629638672 0.5714285714285715 1.0
0 0.01 1.5522372115164986 0.002500772476196289 23.452017068862915 0.5714285714285715 1.0
0 0.01 1.3520198880735976 0.0026471614837646484 23.45466423034668 0.5714285714285715 1.0
0 0.01 1.1776278549337647 0.002513885498046875 23.457178115844727 0.5714285714285715 1.0
0 0.01 1.0257300036406054 0.010712862014770508 23.467890977859497 0.7499999999999999 1.0
0 0.01 0.8934248930683893 0.0028238296508789062 23.470714807510376 0.7499999999999999 1.0
0 0.01 0.7781853282259436 0.0024912357330322266 23.473206043243408 0.7499999999999999 1.0
0 0.01 0.6778100876351608 0.0025560855865478516 23.475762128829956 0.7499999999999999 1.0
0 0.01 0.590381877216004 0.002836942672729492 23.478599071502686 0.7499999999999999 1.0
0 0.01 0.5142307075440048 0.021871089935302734 23.50047016143799 0.7272727272727272 1.0
0 0.01 0.44790199493955546 0.004496097564697266 23.504966259002686 0.7272727272727272 1.0
0 0.01 0.39012877707943217 0.045948028564453125 23.55091428756714 0.5000000000000001 1.0
0 0.01 0.33980751241358653 0.05259084701538086 23.60350513458252 0.4 1.0
0 0.01 0.2959770011254507 0.012455940246582031 23.6159610748291 0.4 1.0
0 0.01 0.2578000249994245 0.012495756149291992 23.628456830978394 0.4 1.0
0 0.01 0.22454735549379537 0.0751948356628418 23.703651666641235 0.3076923076923077 1.0
0 0.01 0.19558382455304058 0.016702890396118164 23.720354557037354 0.3076923076923077 1.0
0 0.01 0.1703561920944177 0.18758583068847656 23.90794038772583 0.26666666666666666 1.0
0 0.01 0.14838257842248037 0.07255077362060547 23.980491161346436 0.25806451612903225 1.0
0 0.01 0.12924325971726744 0.024065017700195312 24.00455617904663 0.25806451612903225 1.0
0 0.01 0.1125726507783501 0.07126021385192871 24.07581639289856 0.25 1.0
0 0.01 0.09805232188500161 0.07453107833862305 24.150347471237183 0.24242424242424243 1.0
0 0.01 0.08540491638568569 0.09688901901245117 24.247236490249634 0.2352941176470588 1.0
0 0.01 0.07438885283512764 0.023667335510253906 24.270903825759888 0.2352941176470588 1.0
0 0.01 0.06479371048308594 0.08988308906555176 24.36078691482544 0.2285714285714286 1.0
0 0.01 0.056436209971818335 0.24179887771606445 24.602585792541504 0.21621621621621623 1.0
0 0.01 0.049156712468482675 0.04408407211303711 24.64666986465454 0.21621621621621623 1.0
0 0.01 0.0428161703614703 0.2168898582458496 24.86355972290039 0.20512820512820512 1.0
0 0.01 0.03729347127511503 0.043650150299072266 24.907209873199463 0.20512820512820512 1.0
0 0.01 0.032483124670098805 0.0420680046081543 24.949277877807617 0.20512820512820512 1.0
