[216.40736058 188.4937774  164.18066384 143.00360867 124.55810333
 108.49181534  94.49785828  82.30892987  71.69220614  62.44489425
  54.39035884  47.37474809  41.26405496  35.94155748  31.30558923
  27.26759733  23.75045104  20.68696841  18.01863304  15.69447636
  13.67010404  11.906848    10.37102782   9.03330739   7.86813455
   6.85325305   5.96927734   5.19932239   4.52868107   3.94454329
   3.43575127   2.99258645   2.60658382   2.27037024   1.9775236
   1.72245016   1.5002777    1.30676244   1.138208     0.99139477
   0.86351843   0.75213639   0.65512111   0.57061946   0.49701737
   0.43290895   0.37706963   0.32843281   0.28606948   0.24917044]0 1 312.2098259152708 0.0006420612335205078 0.0006420612335205078 0.0 1.0
0 1 271.93903789811014 0.0006389617919921875 0.0012810230255126953 0.0 1.0
0 1 236.8626295349813 0.008945941925048828 0.010226964950561523 0.33333333333333337 1.0
0 1 206.31059705097118 0.009737968444824219 0.019964933395385742 0.5714285714285715 1.0
0 1 179.69935797424765 0.005614042282104492 0.025578975677490234 0.5714285714285715 1.0
0 1 156.52060397255676 0.004664182662963867 0.0302431583404541 0.5714285714285715 1.0
0 1 136.33159152101595 0.004019975662231445 0.03426313400268555 0.5714285714285715 1.0
0 1 118.74668494067365 0.01103520393371582 0.04529833793640137 0.7499999999999999 1.0
0 1 103.42999026917344 0.00687408447265625 0.05217242240905762 0.7499999999999999 1.0
0 1 90.08893926113359 0.005979299545288086 0.0581517219543457 0.7499999999999999 1.0
0 1 78.46870096453189 0.005727052688598633 0.06387877464294434 0.7499999999999999 1.0
0 1 68.34731412713553 0.005549192428588867 0.0694279670715332 0.7499999999999999 1.0
0 1 59.53144745577994 0.006001710891723633 0.07542967796325684 0.6666666666666665 1.0
0 1 51.85270674408604 0.01104593276977539 0.08647561073303223 0.7272727272727272 1.0
0 1 45.16441833008278 0.011723041534423828 0.09819865226745605 0.7272727272727272 1.0
0 1 39.33882744370648 0.014344215393066406 0.11254286766052246 0.6153846153846154 1.0
0 1 34.26465792907022 0.021403074264526367 0.13394594192504883 0.47058823529411764 1.0
0 1 29.84498672911064 0.030219078063964844 0.16416501998901367 0.3636363636363636 1.0
0 1 25.99539253258091 0.04067492485046387 0.20483994483947754 0.3076923076923077 1.0
0 1 22.642343220204207 0.11646795272827148 0.321307897567749 0.26666666666666666 1.0
0 1 19.721791308170232 0.13655781745910645 0.45786571502685547 0.27586206896551724 1.0
0 1 17.177950560167822 0.28078722953796387 0.7386529445648193 0.26666666666666666 1.0
0 1 14.962230399696251 0.20369505882263184 0.9423480033874512 0.24242424242424243 1.0
0 1 13.03230776858211 0.19534683227539062 1.1376948356628418 0.2222222222222222 1.0
0 1 11.351318703025308 0.1974027156829834 1.3350975513458252 0.2222222222222222 1.0
0 1 9.887154185253786 0.15796923637390137 1.4930667877197266 0.21621621621621623 1.0
0 1 8.611846820663045 0.15597009658813477 1.6490368843078613 0.20512820512820512 1.0
0 1 7.501036625197576 0.18207597732543945 1.8311128616333008 0.19999999999999998 1.0
0 1 6.53350571883761 0.1540088653564453 1.985121726989746 0.20512820512820512 1.0
0 1 5.69077303724795 0.20293116569519043 2.1880528926849365 0.18604651162790697 1.0
0 1 4.956741320068812 0.16623520851135254 2.354288101196289 0.1777777777777778 1.0
0 1 4.317389632878279 0.21709203720092773 2.571380138397217 0.16666666666666666 1.0
0 1 3.7605055496069455 1.9829518795013428 4.55433201789856 0.1702127659574468 1.0
0 1 3.2754518797500736 0.40114307403564453 4.955475091934204 0.1702127659574468 1.0
0 1 2.8529634845718124 0.21816682815551758 5.173641920089722 0.16666666666666666 1.0
0 1 2.4849703012340436 0.1763477325439453 5.349989652633667 0.163265306122449 1.0
0 1 2.1644431943866964 0.2865316867828369 5.636521339416504 0.163265306122449 1.0
0 1 1.8852596907900219 0.16394591331481934 5.800467252731323 0.163265306122449 1.0
0 1 1.6420870323301746 0.1517500877380371 5.95221734046936 0.163265306122449 1.0
0 1 1.4302803135927475 0.14097309112548828 6.093190431594849 0.163265306122449 1.0
0 1 1.2457937582930971 0.14055204391479492 6.2337424755096436 0.163265306122449 1.0
0 1 1.0851034398309916 0.4829750061035156 6.716717481613159 0.1568627450980392 1.0
0 1 0.945139969834425 0.43290114402770996 7.149618625640869 0.1568627450980392 1.0
0 1 0.823229868958621 0.5455288887023926 7.695147514343262 0.1568627450980392 1.0
0 1 0.7170445000483404 0.9652140140533447 8.660361528396606 0.15384615384615383 1.0
0 1 0.624555588222246 0.978276252746582 9.638637781143188 0.1509433962264151 1.0
0 1 0.5439964782567033 0.6979000568389893 10.336537837982178 0.1509433962264151 1.0
0 1 0.4738283892360109 0.623676061630249 10.960213899612427 0.1509433962264151 1.0
0 1 0.4127110218901976 0.6360278129577637 11.59624171257019 0.1481481481481481 1.0
0 1 0.3594769571833539 0.606360912322998 12.202602624893188 0.1481481481481481 1.0
0 0.1 130.20161032759302 0.000637054443359375 12.203239679336548 0.0 1.0
0 0.1 113.40738729625762 0.0006291866302490234 12.203868865966797 0.0 1.0
0 0.1 98.77938883400856 0.0006248950958251953 12.204493761062622 0.0 1.0
0 0.1 86.03820166433057 0.0006279945373535156 12.205121755599976 0.0 1.0
0 0.1 74.9404529934022 0.0006577968597412109 12.205779552459717 0.0 1.0
0 0.1 65.27416178184274 0.0006768703460693359 12.206456422805786 0.0 1.0
0 0.1 56.854689638682785 0.0006430149078369141 12.207099437713623 0.0 1.0
0 0.1 49.52121399451067 0.0006279945373535156 12.207727432250977 0.0 1.0
0 0.1 43.13365618693992 0.0006427764892578125 12.208370208740234 0.0 1.0
0 0.1 37.570005780944214 0.0006320476531982422 12.209002256393433 0.0 1.0
0 0.1 32.7239900151928 0.0006196498870849609 12.209621906280518 0.0 1.0
0 0.1 28.503043857863506 0.0006248950958251953 12.210246801376343 0.0 1.0
0 0.1 24.826541897430772 0.010290145874023438 12.220536947250366 0.5714285714285715 1.0
0 0.1 21.624258295306348 0.0022208690643310547 12.222757816314697 0.5714285714285715 1.0
0 0.1 18.835025383479486 0.0020432472229003906 12.224801063537598 0.5714285714285715 1.0
0 0.1 16.405565284674683 0.002048015594482422 12.22684907913208 0.5714285714285715 1.0
0 0.1 14.289472237493916 0.0020270347595214844 12.228876113891602 0.5714285714285715 1.0
0 0.1 12.446326187665905 0.002348184585571289 12.231224298477173 0.5714285714285715 1.0
0 0.1 10.840920713874212 0.007927894592285156 12.239152193069458 0.7499999999999999 1.0
0 0.1 9.44259054057033 0.002904176712036133 12.242056369781494 0.7499999999999999 1.0
0 0.1 8.224625792416147 0.0026848316192626953 12.244741201400757 0.7499999999999999 1.0
0 0.1 7.163761801874259 0.0029828548431396484 12.247724056243896 0.7499999999999999 1.0
0 0.1 6.239734724625884 0.003220796585083008 12.25094485282898 0.7499999999999999 1.0
0 0.1 5.43489447450858 0.027058124542236328 12.278002977371216 0.7272727272727272 1.0
0 0.1 4.733867584541418 0.007707118988037109 12.285710096359253 0.7272727272727272 1.0
0 0.1 4.123263554256632 0.008701086044311523 12.294411182403564 0.7272727272727272 1.0
0 0.1 3.591419074200402 0.05645108222961426 12.350862264633179 0.5714285714285714 1.0
0 0.1 3.128175241967003 0.1450960636138916 12.49595832824707 0.4444444444444444 1.0
0 0.1 2.7246835143108377 0.05384492874145508 12.549803256988525 0.4210526315789473 1.0
0 0.1 2.373236688776134 0.08784723281860352 12.637650489807129 0.38095238095238093 1.0
0 0.1 2.0671216863796724 0.3750948905944824 13.012745380401611 0.3333333333333333 1.0
0 0.1 1.8004913233094775 0.5064940452575684 13.51923942565918 0.32000000000000006 1.0
0 0.1 1.5682526223167341 0.5862600803375244 14.105499505996704 0.2857142857142857 1.0
0 0.1 1.3659695304072161 0.44788098335266113 14.553380489349365 0.27586206896551724 1.0
0 0.1 1.1897781846170337 0.29730725288391113 14.850687742233276 0.25806451612903225 1.0
0 0.1 1.036313107341863 0.0908207893371582 14.941508531570435 0.25806451612903225 1.0
0 0.1 0.9026429214570189 0.20773983001708984 15.149248361587524 0.24242424242424243 1.0
0 0.1 0.786214357305898 0.21152472496032715 15.360773086547852 0.2352941176470588 1.0
0 0.1 0.6848034820193963 0.0721588134765625 15.432931900024414 0.2352941176470588 1.0
0 0.1 0.5964732195846044 0.6911168098449707 16.124048709869385 0.2285714285714286 1.0
0 0.1 0.5195363502423698 0.7243728637695312 16.848421573638916 0.2222222222222222 1.0
0 0.1 0.4525232824553942 2.694814920425415 19.54323649406433 0.19999999999999998 1.0
0 0.1 0.3941539818506903 0.3666970729827881 19.90993356704712 0.19999999999999998 1.0
0 0.1 0.34331352094368267 0.5957460403442383 20.505679607391357 0.19512195121951217 1.0
0 0.1 0.2990307826127625 0.7874550819396973 21.293134689331055 0.19047619047619047 1.0
0 0.1 0.2604599105337001 1.2118849754333496 22.505019664764404 0.18181818181818182 1.0
0 0.1 0.22686415225376097 0.4289102554321289 22.933929920196533 0.18181818181818182 1.0
0 0.1 0.19760178628779224 0.19964599609375 23.133575916290283 0.18181818181818182 1.0
0 0.1 0.17211386442601356 0.1409778594970703 23.274553775787354 0.18181818181818182 1.0
0 0.1 0.14991353511608546 2.417158365249634 25.691712141036987 0.1739130434782609 1.0
0 0.01 28.211963230963963 0.0006802082061767578 25.692392349243164 0.0 1.0
0 0.01 24.573006681497752 0.0006501674652099609 25.693042516708374 0.0 1.0
0 0.01 21.403425646968028 0.0006377696990966797 25.69368028640747 0.0 1.0
0 0.01 18.642677119777133 0.0006301403045654297 25.694310426712036 0.0 1.0
0 0.01 16.238027310431736 0.0006461143493652344 25.6949565410614 0.0 1.0
0 0.01 14.143544365449966 0.0006620883941650391 25.695618629455566 0.0 1.0
0 0.01 12.319221010851523 0.0006299018859863281 25.696248531341553 0.0 1.0
0 0.01 10.730210362611421 0.0006260871887207031 25.696874618530273 0.0 1.0
0 0.01 9.346160307090315 0.0006258487701416016 25.697500467300415 0.0 1.0
0 0.01 8.140633737265514 0.0006377696990966797 25.69813823699951 0.0 1.0
0 0.01 7.090603570541246 0.0007219314575195312 25.69886016845703 0.0 1.0
0 0.01 6.176012902339531 0.0006427764892578125 25.69950294494629 0.0 1.0
0 0.01 5.379391893848717 0.0006389617919921875 25.70014190673828 0.0 1.0
0 0.01 4.685524076001097 0.0006289482116699219 25.70077085494995 0.0 1.0
0 0.01 4.081155695663349 0.0006248950958251953 25.701395750045776 0.0 1.0
0 0.01 3.554742552184356 0.0006289482116699219 25.702024698257446 0.0 1.0
0 0.01 3.09622948855821 0.0006461143493652344 25.70267081260681 0.0 1.0
0 0.01 2.6968583252045994 0.0006449222564697266 25.70331573486328 0.0 1.0
0 0.01 2.349000567658869 0.01597738265991211 25.719293117523193 0.5714285714285715 1.0
0 0.01 2.046011692676912 0.0014107227325439453 25.720703840255737 0.5714285714285715 1.0
0 0.01 1.7821042294352372 0.0013320446014404297 25.722035884857178 0.5714285714285715 1.0
0 0.01 1.5522372115164986 0.0013239383697509766 25.72335982322693 0.5714285714285715 1.0
0 0.01 1.3520198880735976 0.00133514404296875 25.724694967269897 0.5714285714285715 1.0
0 0.01 1.1776278549337647 0.001611948013305664 25.726306915283203 0.5714285714285715 1.0
0 0.01 1.0257300036406054 0.005503416061401367 25.731810331344604 0.7499999999999999 1.0
0 0.01 0.8934248930683893 0.0018527507781982422 25.733663082122803 0.7499999999999999 1.0
0 0.01 0.7781853282259436 0.0010459423065185547 25.73470902442932 0.7499999999999999 1.0
0 0.01 0.6778100876351608 0.0011358261108398438 25.73584485054016 0.7499999999999999 1.0
0 0.01 0.590381877216004 0.0012941360473632812 25.737138986587524 0.7499999999999999 1.0
0 0.01 0.5142307075440048 0.012875080108642578 25.750014066696167 0.7272727272727272 1.0
0 0.01 0.44790199493955546 0.003103971481323242 25.75311803817749 0.7272727272727272 1.0
0 0.01 0.39012877707943217 0.04154396057128906 25.79466199874878 0.5000000000000001 1.0
0 0.01 0.33980751241358653 0.04706096649169922 25.84172296524048 0.4 1.0
0 0.01 0.2959770011254507 0.009332895278930664 25.85105586051941 0.4 1.0
0 0.01 0.2578000249994245 0.01017308235168457 25.861228942871094 0.4 1.0
0 0.01 0.22454735549379537 0.06722879409790039 25.928457736968994 0.3076923076923077 1.0
0 0.01 0.19558382455304058 0.013090133666992188 25.941547870635986 0.3076923076923077 1.0
0 0.01 0.1703561920944177 0.18664193153381348 26.1281898021698 0.26666666666666666 1.0
0 0.01 0.14838257842248037 0.06279301643371582 26.190982818603516 0.25806451612903225 1.0
0 0.01 0.12924325971726744 0.019494295120239258 26.210477113723755 0.25806451612903225 1.0
0 0.01 0.1125726507783501 0.06460976600646973 26.275086879730225 0.25 1.0
0 0.01 0.09805232188500161 0.06533098220825195 26.340417861938477 0.24242424242424243 1.0
0 0.01 0.08540491638568569 0.08916306495666504 26.42958092689514 0.2352941176470588 1.0
0 0.01 0.07438885283512764 0.019871950149536133 26.449452877044678 0.2352941176470588 1.0
0 0.01 0.06479371048308594 0.08615398406982422 26.535606861114502 0.2285714285714286 1.0
0 0.01 0.056436209971818335 0.2333381175994873 26.76894497871399 0.21621621621621623 1.0
0 0.01 0.049156712468482675 0.038671016693115234 26.807615995407104 0.21621621621621623 1.0
0 0.01 0.0428161703614703 0.20255422592163086 27.010170221328735 0.20512820512820512 1.0
0 0.01 0.03729347127511503 0.03500819206237793 27.045178413391113 0.20512820512820512 1.0
0 0.01 0.032483124670098805 0.03159213066101074 27.076770544052124 0.20512820512820512 1.0
