[216.40736058 188.4937774  164.18066384 143.00360867 124.55810333
 108.49181534  94.49785828  82.30892987  71.69220614  62.44489425
  54.39035884  47.37474809  41.26405496  35.94155748  31.30558923
  27.26759733  23.75045104  20.68696841  18.01863304  15.69447636
  13.67010404  11.906848    10.37102782   9.03330739   7.86813455
   6.85325305   5.96927734   5.19932239   4.52868107   3.94454329
   3.43575127   2.99258645   2.60658382   2.27037024   1.9775236
   1.72245016   1.5002777    1.30676244   1.138208     0.99139477
   0.86351843   0.75213639   0.65512111   0.57061946   0.49701737
   0.43290895   0.37706963   0.32843281   0.28606948   0.24917044]0 1 312.2098259152708 0.0011928081512451172 0.0011928081512451172 0.0 1.0
0 1 271.93903789811014 0.0011789798736572266 0.0023717880249023438 0.0 1.0
0 1 236.8626295349813 0.03979206085205078 0.042163848876953125 0.33333333333333337 1.0
0 1 206.31059705097118 0.028918027877807617 0.07108187675476074 0.5714285714285715 1.0
0 1 179.69935797424765 0.018490076065063477 0.08957195281982422 0.5714285714285715 1.0
0 1 156.52060397255676 0.014571189880371094 0.10414314270019531 0.5714285714285715 1.0
0 1 136.33159152101595 0.012686014175415039 0.11682915687561035 0.5714285714285715 1.0
0 1 118.74668494067365 0.0343019962310791 0.15113115310668945 0.7499999999999999 1.0
0 1 103.42999026917344 0.021377086639404297 0.17250823974609375 0.7499999999999999 1.0
0 1 90.08893926113359 0.016515731811523438 0.1890239715576172 0.7499999999999999 1.0
0 1 78.46870096453189 0.014266252517700195 0.20329022407531738 0.7499999999999999 1.0
0 1 68.34731412713553 0.011859893798828125 0.2151501178741455 0.7499999999999999 1.0
0 1 59.53144745577994 0.01260519027709961 0.22775530815124512 0.6666666666666665 1.0
0 1 51.85270674408604 0.018639087677001953 0.24639439582824707 0.7272727272727272 1.0
0 1 45.16441833008278 0.016101837158203125 0.2624962329864502 0.7272727272727272 1.0
0 1 39.33882744370648 0.0184171199798584 0.2809133529663086 0.6153846153846154 1.0
0 1 34.26465792907022 0.02946019172668457 0.31037354469299316 0.47058823529411764 1.0
0 1 29.84498672911064 0.035611867904663086 0.34598541259765625 0.3636363636363636 1.0
0 1 25.99539253258091 0.05126190185546875 0.397247314453125 0.3076923076923077 1.0
0 1 22.642343220204207 0.1369001865386963 0.5341475009918213 0.26666666666666666 1.0
0 1 19.721791308170232 0.1580359935760498 0.6921834945678711 0.27586206896551724 1.0
0 1 17.177950560167822 0.2955601215362549 0.987743616104126 0.26666666666666666 1.0
0 1 14.962230399696251 0.22267889976501465 1.2104225158691406 0.24242424242424243 1.0
0 1 13.03230776858211 0.20621490478515625 1.4166374206542969 0.2222222222222222 1.0
0 1 11.351318703025308 0.20812273025512695 1.6247601509094238 0.2222222222222222 1.0
0 1 9.887154185253786 0.16442584991455078 1.7891860008239746 0.21621621621621623 1.0
0 1 8.611846820663045 0.16286897659301758 1.9520549774169922 0.20512820512820512 1.0
0 1 7.501036625197576 0.19051313400268555 2.1425681114196777 0.19999999999999998 1.0
0 1 6.53350571883761 0.15754413604736328 2.300112247467041 0.20512820512820512 1.0
0 1 5.69077303724795 0.21653509140014648 2.5166473388671875 0.18604651162790697 1.0
0 1 4.956741320068812 0.1696619987487793 2.686309337615967 0.1777777777777778 1.0
0 1 4.317389632878279 0.2235558032989502 2.909865140914917 0.16666666666666666 1.0
0 1 3.7605055496069455 1.9817709922790527 4.89163613319397 0.1702127659574468 1.0
0 1 3.2754518797500736 0.4118638038635254 5.303499937057495 0.1702127659574468 1.0
0 1 2.8529634845718124 0.22172212600708008 5.525222063064575 0.16666666666666666 1.0
0 1 2.4849703012340436 0.17812776565551758 5.703349828720093 0.163265306122449 1.0
0 1 2.1644431943866964 0.28765010833740234 5.990999937057495 0.163265306122449 1.0
0 1 1.8852596907900219 0.16650009155273438 6.1575000286102295 0.163265306122449 1.0
0 1 1.6420870323301746 0.15527987480163574 6.312779903411865 0.163265306122449 1.0
0 1 1.4302803135927475 0.14525103569030762 6.458030939102173 0.163265306122449 1.0
0 1 1.2457937582930971 0.1337268352508545 6.591757774353027 0.163265306122449 1.0
0 1 1.0851034398309916 0.5009458065032959 7.092703580856323 0.1568627450980392 1.0
0 1 0.945139969834425 0.42739295959472656 7.52009654045105 0.1568627450980392 1.0
0 1 0.823229868958621 0.557420015335083 8.077516555786133 0.1568627450980392 1.0
0 1 0.7170445000483404 0.9715797901153564 9.04909634590149 0.15384615384615383 1.0
0 1 0.624555588222246 0.9767360687255859 10.025832414627075 0.1509433962264151 1.0
0 1 0.5439964782567033 0.7266280651092529 10.752460479736328 0.1509433962264151 1.0
0 1 0.4738283892360109 0.6481378078460693 11.400598287582397 0.1509433962264151 1.0
0 1 0.4127110218901976 0.6588470935821533 12.05944538116455 0.1481481481481481 1.0
0 1 0.3594769571833539 0.6101870536804199 12.66963243484497 0.1481481481481481 1.0
0 0.1 130.20161032759302 0.0011603832244873047 12.670792818069458 0.0 1.0
0 0.1 113.40738729625762 0.001155853271484375 12.671948671340942 0.0 1.0
0 0.1 98.77938883400856 0.0011591911315917969 12.673107862472534 0.0 1.0
0 0.1 86.03820166433057 0.0012500286102294922 12.674357891082764 0.0 1.0
0 0.1 74.9404529934022 0.0011909008026123047 12.675548791885376 0.0 1.0
0 0.1 65.27416178184274 0.0011630058288574219 12.676711797714233 0.0 1.0
0 0.1 56.854689638682785 0.0011668205261230469 12.677878618240356 0.0 1.0
0 0.1 49.52121399451067 0.0012111663818359375 12.679089784622192 0.0 1.0
0 0.1 43.13365618693992 0.0011568069458007812 12.680246591567993 0.0 1.0
0 0.1 37.570005780944214 0.0011937618255615234 12.681440353393555 0.0 1.0
0 0.1 32.7239900151928 0.0012061595916748047 12.68264651298523 0.0 1.0
0 0.1 28.503043857863506 0.001168966293334961 12.683815479278564 0.0 1.0
0 0.1 24.826541897430772 0.017687082290649414 12.701502561569214 0.5714285714285715 1.0
0 0.1 21.624258295306348 0.007627010345458984 12.709129571914673 0.5714285714285715 1.0
0 0.1 18.835025383479486 0.00627899169921875 12.715408563613892 0.5714285714285715 1.0
0 0.1 16.405565284674683 0.006258964538574219 12.721667528152466 0.5714285714285715 1.0
0 0.1 14.289472237493916 0.006326198577880859 12.727993726730347 0.5714285714285715 1.0
0 0.1 12.446326187665905 0.006253957748413086 12.73424768447876 0.5714285714285715 1.0
0 0.1 10.840920713874212 0.014190673828125 12.748438358306885 0.7499999999999999 1.0
0 0.1 9.44259054057033 0.007992029190063477 12.756430387496948 0.7499999999999999 1.0
0 0.1 8.224625792416147 0.006449222564697266 12.762879610061646 0.7499999999999999 1.0
0 0.1 7.163761801874259 0.006324052810668945 12.769203662872314 0.7499999999999999 1.0
0 0.1 6.239734724625884 0.006267070770263672 12.775470733642578 0.7499999999999999 1.0
0 0.1 5.43489447450858 0.03687787055969238 12.81234860420227 0.7272727272727272 1.0
0 0.1 4.733867584541418 0.01444101333618164 12.826789617538452 0.7272727272727272 1.0
0 0.1 4.123263554256632 0.013779878616333008 12.840569496154785 0.7272727272727272 1.0
0 0.1 3.591419074200402 0.06849789619445801 12.909067392349243 0.5714285714285714 1.0
0 0.1 3.128175241967003 0.15315794944763184 13.062225341796875 0.4444444444444444 1.0
0 0.1 2.7246835143108377 0.06472992897033691 13.126955270767212 0.4210526315789473 1.0
0 0.1 2.373236688776134 0.09538912773132324 13.222344398498535 0.38095238095238093 1.0
0 0.1 2.0671216863796724 0.567152738571167 13.789497137069702 0.3333333333333333 1.0
0 0.1 1.8004913233094775 0.6067938804626465 14.396291017532349 0.32000000000000006 1.0
0 0.1 1.5682526223167341 0.6436710357666016 15.03996205329895 0.2857142857142857 1.0
0 0.1 1.3659695304072161 0.47092700004577637 15.510889053344727 0.27586206896551724 1.0
0 0.1 1.1897781846170337 0.34427475929260254 15.855163812637329 0.25806451612903225 1.0
0 0.1 1.036313107341863 0.1081228256225586 15.963286638259888 0.25806451612903225 1.0
0 0.1 0.9026429214570189 0.23743820190429688 16.200724840164185 0.24242424242424243 1.0
0 0.1 0.786214357305898 0.22699809074401855 16.427722930908203 0.2352941176470588 1.0
0 0.1 0.6848034820193963 0.08018612861633301 16.507909059524536 0.2352941176470588 1.0
0 0.1 0.5964732195846044 0.7129969596862793 17.220906019210815 0.2285714285714286 1.0
0 0.1 0.5195363502423698 0.7593080997467041 17.98021411895752 0.2222222222222222 1.0
0 0.1 0.4525232824553942 2.6913819313049316 20.67159605026245 0.19999999999999998 1.0
0 0.1 0.3941539818506903 0.3913440704345703 21.06294012069702 0.19999999999999998 1.0
0 0.1 0.34331352094368267 0.6453332901000977 21.70827341079712 0.19512195121951217 1.0
0 0.1 0.2990307826127625 0.8096621036529541 22.517935514450073 0.19047619047619047 1.0
0 0.1 0.2604599105337001 1.2785499095916748 23.796485424041748 0.18181818181818182 1.0
0 0.1 0.22686415225376097 0.4598350524902344 24.256320476531982 0.18181818181818182 1.0
0 0.1 0.19760178628779224 0.21474123001098633 24.47106170654297 0.18181818181818182 1.0
0 0.1 0.17211386442601356 0.14124107360839844 24.612302780151367 0.18181818181818182 1.0
0 0.1 0.14991353511608546 2.556556224822998 27.168859004974365 0.1739130434782609 1.0
0 0.01 28.211963230963963 0.0011799335479736328 27.17003893852234 0.0 1.0
0 0.01 24.573006681497752 0.0011639595031738281 27.171202898025513 0.0 1.0
0 0.01 21.403425646968028 0.0011949539184570312 27.17239785194397 0.0 1.0
0 0.01 18.642677119777133 0.001222848892211914 27.17362070083618 0.0 1.0
0 0.01 16.238027310431736 0.001196146011352539 27.174816846847534 0.0 1.0
0 0.01 14.143544365449966 0.0012159347534179688 27.176032781600952 0.0 1.0
0 0.01 12.319221010851523 0.0011758804321289062 27.17720866203308 0.0 1.0
0 0.01 10.730210362611421 0.0011620521545410156 27.178370714187622 0.0 1.0
0 0.01 9.346160307090315 0.0011539459228515625 27.179524660110474 0.0 1.0
0 0.01 8.140633737265514 0.0011777877807617188 27.180702447891235 0.0 1.0
0 0.01 7.090603570541246 0.0011601448059082031 27.181862592697144 0.0 1.0
0 0.01 6.176012902339531 0.0012350082397460938 27.18309760093689 0.0 1.0
0 0.01 5.379391893848717 0.0011777877807617188 27.18427538871765 0.0 1.0
0 0.01 4.685524076001097 0.001157999038696289 27.185433387756348 0.0 1.0
0 0.01 4.081155695663349 0.0011970996856689453 27.186630487442017 0.0 1.0
0 0.01 3.554742552184356 0.0012347698211669922 27.187865257263184 0.0 1.0
0 0.01 3.09622948855821 0.0011680126190185547 27.189033269882202 0.0 1.0
0 0.01 2.6968583252045994 0.0011858940124511719 27.190219163894653 0.0 1.0
0 0.01 2.349000567658869 0.012105226516723633 27.202324390411377 0.5714285714285715 1.0
0 0.01 2.046011692676912 0.003657102584838867 27.205981492996216 0.5714285714285715 1.0
0 0.01 1.7821042294352372 0.0039038658142089844 27.209885358810425 0.5714285714285715 1.0
0 0.01 1.5522372115164986 0.003607034683227539 27.213492393493652 0.5714285714285715 1.0
0 0.01 1.3520198880735976 0.003785848617553711 27.217278242111206 0.5714285714285715 1.0
0 0.01 1.1776278549337647 0.0037949085235595703 27.221073150634766 0.5714285714285715 1.0
0 0.01 1.0257300036406054 0.011850118637084961 27.23292326927185 0.7499999999999999 1.0
0 0.01 0.8934248930683893 0.0035851001739501953 27.2365083694458 0.7499999999999999 1.0
0 0.01 0.7781853282259436 0.002485036849975586 27.238993406295776 0.7499999999999999 1.0
0 0.01 0.6778100876351608 0.002588987350463867 27.24158239364624 0.7499999999999999 1.0
0 0.01 0.590381877216004 0.002527952194213867 27.244110345840454 0.7499999999999999 1.0
0 0.01 0.5142307075440048 0.02024531364440918 27.264355659484863 0.7272727272727272 1.0
0 0.01 0.44790199493955546 0.00416111946105957 27.268516778945923 0.7272727272727272 1.0
0 0.01 0.39012877707943217 0.04836893081665039 27.316885709762573 0.5000000000000001 1.0
0 0.01 0.33980751241358653 0.055297136306762695 27.372182846069336 0.4 1.0
0 0.01 0.2959770011254507 0.015189886093139648 27.387372732162476 0.4 1.0
0 0.01 0.2578000249994245 0.014921188354492188 27.402293920516968 0.4 1.0
0 0.01 0.22454735549379537 0.07705974578857422 27.479353666305542 0.3076923076923077 1.0
0 0.01 0.19558382455304058 0.01743483543395996 27.496788501739502 0.3076923076923077 1.0
0 0.01 0.1703561920944177 0.1906881332397461 27.687476634979248 0.26666666666666666 1.0
0 0.01 0.14838257842248037 0.07530498504638672 27.762781620025635 0.25806451612903225 1.0
0 0.01 0.12924325971726744 0.02512812614440918 27.787909746170044 0.25806451612903225 1.0
0 0.01 0.1125726507783501 0.07482576370239258 27.862735509872437 0.25 1.0
0 0.01 0.09805232188500161 0.07547807693481445 27.93821358680725 0.24242424242424243 1.0
0 0.01 0.08540491638568569 0.09886956214904785 28.0370831489563 0.2352941176470588 1.0
0 0.01 0.07438885283512764 0.02635478973388672 28.063437938690186 0.2352941176470588 1.0
0 0.01 0.06479371048308594 0.09272980690002441 28.15616774559021 0.2285714285714286 1.0
0 0.01 0.056436209971818335 0.25027990341186523 28.406447649002075 0.21621621621621623 1.0
0 0.01 0.049156712468482675 0.05048084259033203 28.456928491592407 0.21621621621621623 1.0
0 0.01 0.0428161703614703 0.22336483001708984 28.680293321609497 0.20512820512820512 1.0
0 0.01 0.03729347127511503 0.048707008361816406 28.729000329971313 0.20512820512820512 1.0
0 0.01 0.032483124670098805 0.049520254135131836 28.778520584106445 0.20512820512820512 1.0
