[216.40736058 188.4937774  164.18066384 143.00360867 124.55810333
 108.49181534  94.49785828  82.30892987  71.69220614  62.44489425
  54.39035884  47.37474809  41.26405496  35.94155748  31.30558923
  27.26759733  23.75045104  20.68696841  18.01863304  15.69447636
  13.67010404  11.906848    10.37102782   9.03330739   7.86813455
   6.85325305   5.96927734   5.19932239   4.52868107   3.94454329
   3.43575127   2.99258645   2.60658382   2.27037024   1.9775236
   1.72245016   1.5002777    1.30676244   1.138208     0.99139477
   0.86351843   0.75213639   0.65512111   0.57061946   0.49701737
   0.43290895   0.37706963   0.32843281   0.28606948   0.24917044]0 1 312.2098259152708 0.0069348812103271484 0.0069348812103271484 0.0 1.0
0 1 271.93903789811014 0.006615161895751953 0.013550043106079102 0.0 1.0
0 1 236.8626295349813 0.006749153137207031 0.020299196243286133 0.33333333333333337 1.0
0 1 206.31059705097118 0.05351400375366211 0.07381319999694824 0.5714285714285715 1.0
0 1 179.69935797424765 0.04748797416687012 0.12130117416381836 0.5714285714285715 1.0
0 1 156.52060397255676 0.039666175842285156 0.16096735000610352 0.5714285714285715 1.0
0 1 136.33159152101595 0.039832115173339844 0.20079946517944336 0.5714285714285715 1.0
0 1 118.74668494067365 0.045870065689086914 0.24666953086853027 0.7499999999999999 1.0
0 1 103.42999026917344 0.04674983024597168 0.29341936111450195 0.7499999999999999 1.0
0 1 90.08893926113359 0.04822397232055664 0.3416433334350586 0.7499999999999999 1.0
0 1 78.46870096453189 0.051387786865234375 0.39303112030029297 0.7499999999999999 1.0
0 1 68.34731412713553 0.040266990661621094 0.43329811096191406 0.7499999999999999 1.0
0 1 59.53144745577994 0.04711413383483887 0.48041224479675293 0.6666666666666665 1.0
0 1 51.85270674408604 0.0657961368560791 0.546208381652832 0.7272727272727272 1.0
0 1 45.16441833008278 0.061933040618896484 0.6081414222717285 0.7272727272727272 1.0
0 1 39.33882744370648 0.06227684020996094 0.6704182624816895 0.6153846153846154 1.0
0 1 34.26465792907022 0.1220858097076416 0.792504072189331 0.47058823529411764 1.0
0 1 29.84498672911064 0.11792993545532227 0.9104340076446533 0.3636363636363636 1.0
0 1 25.99539253258091 0.1517167091369629 1.0621507167816162 0.3076923076923077 1.0
0 1 22.642343220204207 0.49784088134765625 1.5599915981292725 0.26666666666666666 1.0
0 1 19.721791308170232 0.6255390644073486 2.185530662536621 0.27586206896551724 1.0
0 1 17.177950560167822 0.860368013381958 3.045898675918579 0.26666666666666666 1.0
0 1 14.962230399696251 0.762465238571167 3.808363914489746 0.24242424242424243 1.0
0 1 13.03230776858211 0.5796022415161133 4.387966156005859 0.2222222222222222 1.0
0 1 11.351318703025308 0.6588919162750244 5.046858072280884 0.2222222222222222 1.0
0 1 9.887154185253786 0.5612139701843262 5.60807204246521 0.21621621621621623 1.0
0 1 8.611846820663045 0.5429189205169678 6.150990962982178 0.20512820512820512 1.0
0 1 7.501036625197576 0.6668908596038818 6.81788182258606 0.19999999999999998 1.0
0 1 6.53350571883761 0.5366308689117432 7.354512691497803 0.20512820512820512 1.0
0 1 5.69077303724795 0.6624412536621094 8.016953945159912 0.18604651162790697 1.0
0 1 4.956741320068812 0.5724000930786133 8.589354038238525 0.1777777777777778 1.0
0 1 4.317389632878279 0.6894102096557617 9.278764247894287 0.16666666666666666 1.0
0 1 3.7605055496069455 5.9050469398498535 15.18381118774414 0.1702127659574468 1.0
0 1 3.2754518797500736 1.2535200119018555 16.437331199645996 0.1702127659574468 1.0
0 1 2.8529634845718124 0.5879738330841064 17.025305032730103 0.16666666666666666 1.0
0 1 2.4849703012340436 0.7309386730194092 17.75624370574951 0.163265306122449 1.0
0 1 2.1644431943866964 0.9960470199584961 18.752290725708008 0.163265306122449 1.0
0 1 1.8852596907900219 0.45810413360595703 19.210394859313965 0.163265306122449 1.0
0 1 1.6420870323301746 0.4531841278076172 19.663578987121582 0.163265306122449 1.0
0 1 1.4302803135927475 0.4020118713378906 20.065590858459473 0.163265306122449 1.0
0 1 1.2457937582930971 0.3843648433685303 20.449955701828003 0.163265306122449 1.0
0 1 1.0851034398309916 2.1543140411376953 22.6042697429657 0.1568627450980392 1.0
0 1 0.945139969834425 1.8250045776367188 24.429274320602417 0.1568627450980392 1.0
0 1 0.823229868958621 3.391248941421509 27.820523262023926 0.1568627450980392 1.0
0 1 0.7170445000483404 6.3485448360443115 34.16906809806824 0.15384615384615383 1.0
0 1 0.624555588222246 5.256239175796509 39.425307273864746 0.1509433962264151 1.0
0 1 0.5439964782567033 3.428736925125122 42.85404419898987 0.1509433962264151 1.0
0 1 0.4738283892360109 2.9974749088287354 45.8515191078186 0.1509433962264151 1.0
0 1 0.4127110218901976 3.028714179992676 48.88023328781128 0.1481481481481481 1.0
0 1 0.3594769571833539 2.891714096069336 51.771947383880615 0.1481481481481481 1.0
0 0.1 130.20161032759302 0.006317138671875 51.77826452255249 0.0 1.0
0 0.1 113.40738729625762 0.006780147552490234 51.78504467010498 0.0 1.0
0 0.1 98.77938883400856 0.006373882293701172 51.79141855239868 0.0 1.0
0 0.1 86.03820166433057 0.006669759750366211 51.79808831214905 0.0 1.0
0 0.1 74.9404529934022 0.006331920623779297 51.80442023277283 0.0 1.0
0 0.1 65.27416178184274 0.006520986557006836 51.810941219329834 0.0 1.0
0 0.1 56.854689638682785 0.006716251373291016 51.817657470703125 0.0 1.0
0 0.1 49.52121399451067 0.04563474655151367 51.86329221725464 0.5714285714285715 1.0
0 0.1 43.13365618693992 0.032095909118652344 51.89538812637329 0.5714285714285715 1.0
0 0.1 37.570005780944214 0.03230023384094238 51.92768836021423 0.5714285714285715 1.0
0 0.1 32.7239900151928 0.03198122978210449 51.95966958999634 0.5714285714285715 1.0
0 0.1 28.503043857863506 0.0319521427154541 51.99162173271179 0.5714285714285715 1.0
0 0.1 24.826541897430772 0.03209209442138672 52.02371382713318 0.5714285714285715 1.0
0 0.1 21.624258295306348 0.04543781280517578 52.069151639938354 0.7499999999999999 1.0
0 0.1 18.835025383479486 0.03910493850708008 52.108256578445435 0.7499999999999999 1.0
0 0.1 16.405565284674683 0.03350520133972168 52.141761779785156 0.7499999999999999 1.0
0 0.1 14.289472237493916 0.03321075439453125 52.17497253417969 0.7499999999999999 1.0
0 0.1 12.446326187665905 0.03299999237060547 52.20797252655029 0.7499999999999999 1.0
0 0.1 10.840920713874212 0.03257918357849121 52.240551710128784 0.7499999999999999 1.0
0 0.1 9.44259054057033 0.03260397911071777 52.2731556892395 0.7499999999999999 1.0
0 0.1 8.224625792416147 0.03255176544189453 52.3057074546814 0.7499999999999999 1.0
0 0.1 7.163761801874259 0.045217037200927734 52.350924491882324 0.888888888888889 1.0
0 0.1 6.239734724625884 0.05801820755004883 52.40894269943237 0.7272727272727272 1.0
0 0.1 5.43489447450858 0.03962302207946777 52.44856572151184 0.7272727272727272 1.0
0 0.1 4.733867584541418 0.04473590850830078 52.49330163002014 0.7272727272727272 1.0
0 0.1 4.123263554256632 0.08770203590393066 52.58100366592407 0.6153846153846154 1.0
0 0.1 3.591419074200402 0.07945489883422852 52.6604585647583 0.5333333333333333 1.0
0 0.1 3.128175241967003 0.21450400352478027 52.87496256828308 0.4210526315789473 1.0
0 0.1 2.7246835143108377 0.17979192733764648 53.05475449562073 0.38095238095238093 1.0
0 0.1 2.373236688776134 0.10838580131530762 53.163140296936035 0.38095238095238093 1.0
0 0.1 2.0671216863796724 0.3888697624206543 53.55201005935669 0.3333333333333333 1.0
0 0.1 1.8004913233094775 0.3442049026489258 53.896214962005615 0.3076923076923077 1.0
0 0.1 1.5682526223167341 0.32103681564331055 54.217251777648926 0.2857142857142857 1.0
0 0.1 1.3659695304072161 0.4965851306915283 54.713836908340454 0.2962962962962963 1.0
0 0.1 1.1897781846170337 0.33323192596435547 55.04706883430481 0.26666666666666666 1.0
0 0.1 1.036313107341863 0.21827411651611328 55.26534295082092 0.26666666666666666 1.0
0 0.1 0.9026429214570189 0.764538049697876 56.0298810005188 0.24242424242424243 1.0
0 0.1 0.786214357305898 0.5986292362213135 56.62851023674011 0.2352941176470588 1.0
0 0.1 0.6848034820193963 0.4074409008026123 57.035951137542725 0.2222222222222222 1.0
0 0.1 0.5964732195846044 1.3646068572998047 58.40055799484253 0.21621621621621623 1.0
0 0.1 0.5195363502423698 3.0245890617370605 61.42514705657959 0.19999999999999998 1.0
0 0.1 0.4525232824553942 4.258172273635864 65.68331933021545 0.19512195121951217 1.0
0 0.1 0.3941539818506903 1.0868799686431885 66.77019929885864 0.19512195121951217 1.0
0 0.1 0.34331352094368267 1.0067999362945557 67.7769992351532 0.19047619047619047 1.0
0 0.1 0.2990307826127625 7.47460675239563 75.25160598754883 0.25 1.0
0 0.1 0.2604599105337001 0.6725466251373291 75.92415261268616 0.25 1.0
0 0.1 0.22686415225376097 0.2951798439025879 76.21933245658875 0.24390243902439027 1.0
0 0.1 0.19760178628779224 0.601254940032959 76.8205873966217 0.24390243902439027 1.0
0 0.1 0.17211386442601356 0.46569180488586426 77.28627920150757 0.24390243902439027 1.0
0 0.1 0.14991353511608546 0.3630561828613281 77.6493353843689 0.24390243902439027 1.0
0 0.01 28.211963230963963 0.006304025650024414 77.65563941001892 0.33333333333333337 1.0
0 0.01 24.573006681497752 0.03769707679748535 77.6933364868164 0.5714285714285715 1.0
0 0.01 21.403425646968028 0.03130078315734863 77.72463726997375 0.5714285714285715 1.0
0 0.01 18.642677119777133 0.03214216232299805 77.75677943229675 0.5714285714285715 1.0
0 0.01 16.238027310431736 0.03193497657775879 77.78871440887451 0.5714285714285715 1.0
0 0.01 14.143544365449966 0.031524658203125 77.82023906707764 0.5714285714285715 1.0
0 0.01 12.319221010851523 0.03198099136352539 77.85222005844116 0.5714285714285715 1.0
0 0.01 10.730210362611421 0.03179788589477539 77.88401794433594 0.5714285714285715 1.0
0 0.01 9.346160307090315 0.045285940170288086 77.92930388450623 0.7499999999999999 1.0
0 0.01 8.140633737265514 0.03166794776916504 77.96097183227539 0.7499999999999999 1.0
0 0.01 7.090603570541246 0.03154301643371582 77.9925148487091 0.7499999999999999 1.0
0 0.01 6.176012902339531 0.0317537784576416 78.02426862716675 0.7499999999999999 1.0
0 0.01 5.379391893848717 0.033206939697265625 78.05747556686401 0.7499999999999999 1.0
0 0.01 4.685524076001097 0.03226423263549805 78.08973979949951 0.7499999999999999 1.0
0 0.01 4.081155695663349 0.031804800033569336 78.12154459953308 0.7499999999999999 1.0
0 0.01 3.554742552184356 0.03186988830566406 78.15341448783875 0.7499999999999999 1.0
0 0.01 3.09622948855821 0.03185892105102539 78.18527340888977 0.7499999999999999 1.0
0 0.01 2.6968583252045994 0.044824838638305664 78.23009824752808 0.888888888888889 1.0
0 0.01 2.349000567658869 0.02547621726989746 78.25557446479797 0.888888888888889 1.0
0 0.01 2.046011692676912 0.0511929988861084 78.30676746368408 0.7272727272727272 1.0
0 0.01 1.7821042294352372 0.03864288330078125 78.34541034698486 0.7272727272727272 1.0
0 0.01 1.5522372115164986 0.07715225219726562 78.42256259918213 0.6666666666666666 1.0
0 0.01 1.3520198880735976 0.07071805000305176 78.49328064918518 0.5714285714285714 1.0
0 0.01 1.1776278549337647 0.10389399528503418 78.59717464447021 0.5000000000000001 1.0
0 0.01 1.0257300036406054 0.10890316963195801 78.70607781410217 0.47058823529411764 1.0
0 0.01 0.8934248930683893 0.11095786094665527 78.81703567504883 0.4444444444444444 1.0
0 0.01 0.7781853282259436 0.07898807525634766 78.89602375030518 0.4444444444444444 1.0
0 0.01 0.6778100876351608 0.1410048007965088 79.03702855110168 0.3478260869565218 1.0
0 0.01 0.590381877216004 0.09617829322814941 79.13320684432983 0.3478260869565218 1.0
0 0.01 0.5142307075440048 0.09038090705871582 79.22358775138855 0.3478260869565218 1.0
0 0.01 0.44790199493955546 0.19280791282653809 79.41639566421509 0.32000000000000006 1.0
0 0.01 0.39012877707943217 0.12209582328796387 79.53849148750305 0.32000000000000006 1.0
0 0.01 0.33980751241358653 0.11567306518554688 79.6541645526886 0.32000000000000006 1.0
0 0.01 0.2959770011254507 0.11676597595214844 79.77093052864075 0.32000000000000006 1.0
0 0.01 0.2578000249994245 0.15499520301818848 79.92592573165894 0.2962962962962963 1.0
0 0.01 0.22454735549379537 0.14156508445739746 80.06749081611633 0.2857142857142857 1.0
0 0.01 0.19558382455304058 0.1095130443572998 80.17700386047363 0.2857142857142857 1.0
0 0.01 0.1703561920944177 0.5233058929443359 80.70030975341797 0.24242424242424243 1.0
0 0.01 0.14838257842248037 0.24000000953674316 80.94030976295471 0.24242424242424243 1.0
0 0.01 0.12924325971726744 0.22124528884887695 81.16155505180359 0.24242424242424243 1.0
0 0.01 0.1125726507783501 0.1997361183166504 81.36129117012024 0.24242424242424243 1.0
0 0.01 0.09805232188500161 0.28949522972106934 81.65078639984131 0.2352941176470588 1.0
0 0.01 0.08540491638568569 0.16706204414367676 81.81784844398499 0.2352941176470588 1.0
0 0.01 0.07438885283512764 0.3933708667755127 82.2112193107605 0.2222222222222222 1.0
0 0.01 0.06479371048308594 0.4190099239349365 82.63022923469543 0.2105263157894737 1.0
0 0.01 0.056436209971818335 0.43195009231567383 83.06217932701111 0.20512820512820512 1.0
0 0.01 0.049156712468482675 0.2392287254333496 83.30140805244446 0.20512820512820512 1.0
0 0.01 0.0428161703614703 0.7611269950866699 84.06253504753113 0.19047619047619047 1.0
0 0.01 0.03729347127511503 0.41071200370788574 84.47324705123901 0.19047619047619047 1.0
0 0.01 0.032483124670098805 0.6632380485534668 85.13648509979248 0.18181818181818182 1.0
