[216.40736058 188.4937774  164.18066384 143.00360867 124.55810333
 108.49181534  94.49785828  82.30892987  71.69220614  62.44489425
  54.39035884  47.37474809  41.26405496  35.94155748  31.30558923
  27.26759733  23.75045104  20.68696841  18.01863304  15.69447636
  13.67010404  11.906848    10.37102782   9.03330739   7.86813455
   6.85325305   5.96927734   5.19932239   4.52868107   3.94454329
   3.43575127   2.99258645   2.60658382   2.27037024   1.9775236
   1.72245016   1.5002777    1.30676244   1.138208     0.99139477
   0.86351843   0.75213639   0.65512111   0.57061946   0.49701737
   0.43290895   0.37706963   0.32843281   0.28606948   0.24917044]0 1 312.2098259152708 0.007560014724731445 0.007560014724731445 0.0 1.0
0 1 271.93903789811014 0.007039070129394531 0.014599084854125977 0.0 1.0
0 1 236.8626295349813 0.007009983062744141 0.021609067916870117 0.33333333333333337 1.0
0 1 206.31059705097118 0.04851698875427246 0.07012605667114258 0.5714285714285715 1.0
0 1 179.69935797424765 0.04043698310852051 0.11056303977966309 0.5714285714285715 1.0
0 1 156.52060397255676 0.03293418884277344 0.14349722862243652 0.5714285714285715 1.0
0 1 136.33159152101595 0.03417015075683594 0.17766737937927246 0.5714285714285715 1.0
0 1 118.74668494067365 0.0408937931060791 0.21856117248535156 0.7499999999999999 1.0
0 1 103.42999026917344 0.03348278999328613 0.2520439624786377 0.7499999999999999 1.0
0 1 90.08893926113359 0.03392314910888672 0.2859671115875244 0.7499999999999999 1.0
0 1 78.46870096453189 0.03528594970703125 0.32125306129455566 0.7499999999999999 1.0
0 1 68.34731412713553 0.03401994705200195 0.3552730083465576 0.7499999999999999 1.0
0 1 59.53144745577994 0.04144477844238281 0.39671778678894043 0.6666666666666665 1.0
0 1 51.85270674408604 0.04070305824279785 0.4374208450317383 0.7272727272727272 1.0
0 1 45.16441833008278 0.039862871170043945 0.4772837162017822 0.7272727272727272 1.0
0 1 39.33882744370648 0.04753708839416504 0.5248208045959473 0.6153846153846154 1.0
0 1 34.26465792907022 0.08621501922607422 0.6110358238220215 0.47058823529411764 1.0
0 1 29.84498672911064 0.08625483512878418 0.6972906589508057 0.3636363636363636 1.0
0 1 25.99539253258091 0.11330485343933105 0.8105955123901367 0.3076923076923077 1.0
0 1 22.642343220204207 0.3289158344268799 1.1395113468170166 0.26666666666666666 1.0
0 1 19.721791308170232 0.35205912590026855 1.4915704727172852 0.27586206896551724 1.0
0 1 17.177950560167822 0.6495859622955322 2.1411564350128174 0.26666666666666666 1.0
0 1 14.962230399696251 0.5350668430328369 2.6762232780456543 0.24242424242424243 1.0
0 1 13.03230776858211 0.4541301727294922 3.1303534507751465 0.2222222222222222 1.0
0 1 11.351318703025308 0.4158451557159424 3.546198606491089 0.2222222222222222 1.0
0 1 9.887154185253786 0.39196300506591797 3.938161611557007 0.21621621621621623 1.0
0 1 8.611846820663045 0.40154004096984863 4.3397016525268555 0.20512820512820512 1.0
0 1 7.501036625197576 0.44986891746520996 4.789570569992065 0.19999999999999998 1.0
0 1 6.53350571883761 0.3651621341705322 5.154732704162598 0.20512820512820512 1.0
0 1 5.69077303724795 0.43553900718688965 5.590271711349487 0.18604651162790697 1.0
0 1 4.956741320068812 0.37697911262512207 5.967250823974609 0.1777777777777778 1.0
0 1 4.317389632878279 0.41797709465026855 6.385227918624878 0.1702127659574468 1.0
0 1 3.7605055496069455 4.856356143951416 11.241584062576294 0.1702127659574468 1.0
0 1 3.2754518797500736 0.962073802947998 12.203657865524292 0.1702127659574468 1.0
0 1 2.8529634845718124 0.21925806999206543 12.422915935516357 0.16666666666666666 1.0
0 1 2.4849703012340436 0.30065202713012695 12.723567962646484 0.163265306122449 1.0
0 1 2.1644431943866964 0.6826908588409424 13.406258821487427 0.163265306122449 1.0
0 1 1.8852596907900219 0.28568601608276367 13.69194483757019 0.163265306122449 1.0
0 1 1.6420870323301746 0.27872490882873535 13.970669746398926 0.163265306122449 1.0
0 1 1.4302803135927475 0.25153088569641113 14.222200632095337 0.163265306122449 1.0
0 1 1.2457937582930971 0.2418351173400879 14.464035749435425 0.163265306122449 1.0
0 1 1.0851034398309916 1.2384562492370605 15.702491998672485 0.1568627450980392 1.0
0 1 0.945139969834425 1.0859026908874512 16.788394689559937 0.1568627450980392 1.0
0 1 0.823229868958621 2.5980746746063232 19.38646936416626 0.1568627450980392 1.0
0 1 0.7170445000483404 0.7632219791412354 20.149691343307495 0.1481481481481481 1.0
0 1 0.624555588222246 7.737608909606934 27.88730025291443 0.15384615384615383 1.0
0 1 0.5439964782567033 0.8478519916534424 28.73515224456787 0.1481481481481481 1.0
0 1 0.4738283892360109 6.006725072860718 34.74187731742859 0.1509433962264151 1.0
0 1 0.4127110218901976 1.5823822021484375 36.324259519577026 0.14545454545454545 1.0
0 1 0.3594769571833539 1.9290149211883545 38.25327444076538 0.1481481481481481 1.0
0 0.1 130.20161032759302 0.006308078765869141 38.25958251953125 0.0 1.0
0 0.1 113.40738729625762 0.0067768096923828125 38.26635932922363 0.0 1.0
0 0.1 98.77938883400856 0.006343841552734375 38.27270317077637 0.0 1.0
0 0.1 86.03820166433057 0.006412029266357422 38.279115200042725 0.0 1.0
0 0.1 74.9404529934022 0.006651163101196289 38.28576636314392 0.0 1.0
0 0.1 65.27416178184274 0.006733894348144531 38.292500257492065 0.0 1.0
0 0.1 56.854689638682785 0.006582021713256836 38.29908227920532 0.0 1.0
0 0.1 49.52121399451067 0.0384061336517334 38.337488412857056 0.5714285714285715 1.0
0 0.1 43.13365618693992 0.03185415267944336 38.3693425655365 0.5714285714285715 1.0
0 0.1 37.570005780944214 0.025566816329956055 38.394909381866455 0.5714285714285715 1.0
0 0.1 32.7239900151928 0.0258486270904541 38.42075800895691 0.5714285714285715 1.0
0 0.1 28.503043857863506 0.025824785232543945 38.44658279418945 0.5714285714285715 1.0
0 0.1 24.826541897430772 0.026057004928588867 38.47263979911804 0.5714285714285715 1.0
0 0.1 21.624258295306348 0.03860807418823242 38.511247873306274 0.7499999999999999 1.0
0 0.1 18.835025383479486 0.025724172592163086 38.53697204589844 0.7499999999999999 1.0
0 0.1 16.405565284674683 0.025658845901489258 38.56263089179993 0.7499999999999999 1.0
0 0.1 14.289472237493916 0.0258481502532959 38.58847904205322 0.7499999999999999 1.0
0 0.1 12.446326187665905 0.025959253311157227 38.61443829536438 0.7499999999999999 1.0
0 0.1 10.840920713874212 0.026076078414916992 38.6405143737793 0.7499999999999999 1.0
0 0.1 9.44259054057033 0.02595686912536621 38.66647124290466 0.7499999999999999 1.0
0 0.1 8.224625792416147 0.02597498893737793 38.69244623184204 0.7499999999999999 1.0
0 0.1 7.163761801874259 0.038452863693237305 38.73089909553528 0.888888888888889 1.0
0 0.1 6.239734724625884 0.044801950454711914 38.77570104598999 0.7272727272727272 1.0
0 0.1 5.43489447450858 0.03202390670776367 38.807724952697754 0.7272727272727272 1.0
0 0.1 4.733867584541418 0.03182792663574219 38.839552879333496 0.7272727272727272 1.0
0 0.1 4.123263554256632 0.07103109359741211 38.91058397293091 0.6153846153846154 1.0
0 0.1 3.591419074200402 0.0641627311706543 38.97474670410156 0.5333333333333333 1.0
0 0.1 3.128175241967003 0.1712789535522461 39.14602565765381 0.4210526315789473 1.0
0 0.1 2.7246835143108377 0.15213799476623535 39.298163652420044 0.38095238095238093 1.0
0 0.1 2.373236688776134 0.08276104927062988 39.380924701690674 0.38095238095238093 1.0
0 0.1 2.0671216863796724 0.3122560977935791 39.69318079948425 0.3333333333333333 1.0
0 0.1 1.8004913233094775 0.2875020503997803 39.98068284988403 0.3076923076923077 1.0
0 0.1 1.5682526223167341 0.23253417015075684 40.21321702003479 0.2857142857142857 1.0
0 0.1 1.3659695304072161 0.41297006607055664 40.62618708610535 0.2962962962962963 1.0
0 0.1 1.1897781846170337 0.2631261348724365 40.88931322097778 0.26666666666666666 1.0
0 0.1 1.036313107341863 0.15900707244873047 41.048320293426514 0.26666666666666666 1.0
0 0.1 0.9026429214570189 0.6398577690124512 41.688178062438965 0.24242424242424243 1.0
0 0.1 0.786214357305898 0.43579983711242676 42.12397789955139 0.2352941176470588 1.0
0 0.1 0.6848034820193963 0.2717711925506592 42.39574909210205 0.2222222222222222 1.0
0 0.1 0.5964732195846044 0.9946920871734619 43.39044117927551 0.21621621621621623 1.0
0 0.1 0.5195363502423698 2.2882590293884277 45.67870020866394 0.19999999999999998 1.0
0 0.1 0.4525232824553942 3.193650007247925 48.872350215911865 0.19512195121951217 1.0
0 0.1 0.3941539818506903 0.5620002746582031 49.43435049057007 0.19512195121951217 1.0
0 0.1 0.34331352094368267 0.6087532043457031 50.04310369491577 0.19047619047619047 1.0
0 0.1 0.2990307826127625 7.142463207244873 57.185566902160645 0.25 1.0
0 0.1 0.2604599105337001 0.42284297943115234 57.6084098815918 0.25 1.0
0 0.1 0.22686415225376097 0.18953776359558105 57.79794764518738 0.24390243902439027 1.0
0 0.1 0.19760178628779224 0.3574638366699219 58.1554114818573 0.24390243902439027 1.0
0 0.1 0.17211386442601356 0.24920010566711426 58.404611587524414 0.24390243902439027 1.0
0 0.1 0.14991353511608546 0.1720261573791504 58.576637744903564 0.24390243902439027 1.0
0 0.01 28.211963230963963 0.006406068801879883 58.583043813705444 0.33333333333333337 1.0
0 0.01 24.573006681497752 0.032666921615600586 58.615710735321045 0.5714285714285715 1.0
0 0.01 21.403425646968028 0.026479005813598633 58.642189741134644 0.5714285714285715 1.0
0 0.01 18.642677119777133 0.026140928268432617 58.668330669403076 0.5714285714285715 1.0
0 0.01 16.238027310431736 0.025731801986694336 58.69406247138977 0.5714285714285715 1.0
0 0.01 14.143544365449966 0.0256807804107666 58.71974325180054 0.5714285714285715 1.0
0 0.01 12.319221010851523 0.02570796012878418 58.74545121192932 0.5714285714285715 1.0
0 0.01 10.730210362611421 0.025739669799804688 58.771190881729126 0.5714285714285715 1.0
0 0.01 9.346160307090315 0.03868699073791504 58.80987787246704 0.7499999999999999 1.0
0 0.01 8.140633737265514 0.02562713623046875 58.83550500869751 0.7499999999999999 1.0
0 0.01 7.090603570541246 0.025864839553833008 58.86136984825134 0.7499999999999999 1.0
0 0.01 6.176012902339531 0.026057004928588867 58.88742685317993 0.7499999999999999 1.0
0 0.01 5.379391893848717 0.025969982147216797 58.91339683532715 0.7499999999999999 1.0
0 0.01 4.685524076001097 0.02587294578552246 58.93926978111267 0.7499999999999999 1.0
0 0.01 4.081155695663349 0.025727272033691406 58.96499705314636 0.7499999999999999 1.0
0 0.01 3.554742552184356 0.025838136672973633 58.990835189819336 0.7499999999999999 1.0
0 0.01 3.09622948855821 0.019357919692993164 59.01019310951233 0.7499999999999999 1.0
0 0.01 2.6968583252045994 0.0385129451751709 59.0487060546875 0.888888888888889 1.0
0 0.01 2.349000567658869 0.01945781707763672 59.06816387176514 0.888888888888889 1.0
0 0.01 2.046011692676912 0.04495716094970703 59.113121032714844 0.7272727272727272 1.0
0 0.01 1.7821042294352372 0.026015043258666992 59.13913607597351 0.7272727272727272 1.0
0 0.01 1.5522372115164986 0.05785703659057617 59.19699311256409 0.6666666666666666 1.0
0 0.01 1.3520198880735976 0.0648198127746582 59.261812925338745 0.5714285714285714 1.0
0 0.01 1.1776278549337647 0.0845022201538086 59.346315145492554 0.5000000000000001 1.0
0 0.01 1.0257300036406054 0.09035325050354004 59.436668395996094 0.47058823529411764 1.0
0 0.01 0.8934248930683893 0.09095191955566406 59.52762031555176 0.4444444444444444 1.0
0 0.01 0.7781853282259436 0.058770179748535156 59.58639049530029 0.4444444444444444 1.0
0 0.01 0.6778100876351608 0.11585593223571777 59.70224642753601 0.3478260869565218 1.0
0 0.01 0.590381877216004 0.07164812088012695 59.77389454841614 0.3478260869565218 1.0
0 0.01 0.5142307075440048 0.07237100601196289 59.8462655544281 0.3478260869565218 1.0
0 0.01 0.44790199493955546 0.16241216659545898 60.00867772102356 0.32000000000000006 1.0
0 0.01 0.39012877707943217 0.09043598175048828 60.09911370277405 0.32000000000000006 1.0
0 0.01 0.33980751241358653 0.09079504013061523 60.18990874290466 0.32000000000000006 1.0
0 0.01 0.2959770011254507 0.0845940113067627 60.274502754211426 0.32000000000000006 1.0
0 0.01 0.2578000249994245 0.12306714057922363 60.39756989479065 0.2962962962962963 1.0
0 0.01 0.22454735549379537 0.1106710433959961 60.508240938186646 0.2857142857142857 1.0
0 0.01 0.19558382455304058 0.07786798477172852 60.586108922958374 0.2857142857142857 1.0
0 0.01 0.1703561920944177 0.35509610176086426 60.94120502471924 0.24242424242424243 1.0
0 0.01 0.14838257842248037 0.15594816207885742 61.097153186798096 0.24242424242424243 1.0
0 0.01 0.12924325971726744 0.13728880882263184 61.23444199562073 0.24242424242424243 1.0
0 0.01 0.1125726507783501 0.12317490577697754 61.357616901397705 0.24242424242424243 1.0
0 0.01 0.09805232188500161 0.20702600479125977 61.564642906188965 0.2352941176470588 1.0
0 0.01 0.08540491638568569 0.09793901443481445 61.66258192062378 0.2352941176470588 1.0
0 0.01 0.07438885283512764 0.3030109405517578 61.96559286117554 0.2222222222222222 1.0
0 0.01 0.06479371048308594 0.2967350482940674 62.262327909469604 0.2105263157894737 1.0
0 0.01 0.056436209971818335 0.3167450428009033 62.57907295227051 0.20512820512820512 1.0
0 0.01 0.049156712468482675 0.14390134811401367 62.72297430038452 0.20512820512820512 1.0
0 0.01 0.0428161703614703 0.5788059234619141 63.301780223846436 0.19047619047619047 1.0
0 0.01 0.03729347127511503 0.22130513191223145 63.52308535575867 0.19047619047619047 1.0
0 0.01 0.032483124670098805 0.48664402961730957 64.00972938537598 0.18181818181818182 1.0
