[216.40736058 188.4937774  164.18066384 143.00360867 124.55810333
 108.49181534  94.49785828  82.30892987  71.69220614  62.44489425
  54.39035884  47.37474809  41.26405496  35.94155748  31.30558923
  27.26759733  23.75045104  20.68696841  18.01863304  15.69447636
  13.67010404  11.906848    10.37102782   9.03330739   7.86813455
   6.85325305   5.96927734   5.19932239   4.52868107   3.94454329
   3.43575127   2.99258645   2.60658382   2.27037024   1.9775236
   1.72245016   1.5002777    1.30676244   1.138208     0.99139477
   0.86351843   0.75213639   0.65512111   0.57061946   0.49701737
   0.43290895   0.37706963   0.32843281   0.28606948   0.24917044]0 1 312.2098259152708 0.006670951843261719 0.006670951843261719 0.0 1.0
0 1 271.93903789811014 0.00677800178527832 0.013448953628540039 0.0 1.0
0 1 236.8626295349813 0.007255077362060547 0.020704030990600586 0.33333333333333337 1.0
0 1 206.31059705097118 0.0523989200592041 0.07310295104980469 0.5714285714285715 1.0
0 1 179.69935797424765 0.04640078544616699 0.11950373649597168 0.5714285714285715 1.0
0 1 156.52060397255676 0.03847789764404297 0.15798163414001465 0.5714285714285715 1.0
0 1 136.33159152101595 0.03868889808654785 0.1966705322265625 0.5714285714285715 1.0
0 1 118.74668494067365 0.044898033142089844 0.24156856536865234 0.7499999999999999 1.0
0 1 103.42999026917344 0.04478311538696289 0.28635168075561523 0.7499999999999999 1.0
0 1 90.08893926113359 0.04525613784790039 0.3316078186035156 0.7499999999999999 1.0
0 1 78.46870096453189 0.039005279541015625 0.37061309814453125 0.7499999999999999 1.0
0 1 68.34731412713553 0.038926124572753906 0.40953922271728516 0.7499999999999999 1.0
0 1 59.53144745577994 0.0451200008392334 0.45465922355651855 0.6666666666666665 1.0
0 1 51.85270674408604 0.051236867904663086 0.5058960914611816 0.7272727272727272 1.0
0 1 45.16441833008278 0.04534602165222168 0.5512421131134033 0.7272727272727272 1.0
0 1 39.33882744370648 0.056971073150634766 0.6082131862640381 0.6153846153846154 1.0
0 1 34.26465792907022 0.10950613021850586 0.717719316482544 0.47058823529411764 1.0
0 1 29.84498672911064 0.11416506767272949 0.8318843841552734 0.3636363636363636 1.0
0 1 25.99539253258091 0.14474010467529297 0.9766244888305664 0.3076923076923077 1.0
0 1 22.642343220204207 0.44420409202575684 1.4208285808563232 0.26666666666666666 1.0
0 1 19.721791308170232 0.5261349678039551 1.9469635486602783 0.27586206896551724 1.0
0 1 17.177950560167822 0.8052182197570801 2.7521817684173584 0.26666666666666666 1.0
0 1 14.962230399696251 0.6852879524230957 3.437469720840454 0.24242424242424243 1.0
0 1 13.03230776858211 0.5438082218170166 3.9812779426574707 0.2222222222222222 1.0
0 1 11.351318703025308 0.5888900756835938 4.5701680183410645 0.2222222222222222 1.0
0 1 9.887154185253786 0.5235209465026855 5.09368896484375 0.21621621621621623 1.0
0 1 8.611846820663045 0.5234701633453369 5.617159128189087 0.20512820512820512 1.0
0 1 7.501036625197576 0.6311860084533691 6.248345136642456 0.19999999999999998 1.0
0 1 6.53350571883761 0.5183513164520264 6.766696453094482 0.20512820512820512 1.0
0 1 5.69077303724795 0.6495208740234375 7.41621732711792 0.18604651162790697 1.0
0 1 4.956741320068812 0.5646867752075195 7.9809041023254395 0.1777777777777778 1.0
0 1 4.317389632878279 0.6656398773193359 8.646543979644775 0.16666666666666666 1.0
0 1 3.7605055496069455 5.779644966125488 14.426188945770264 0.1702127659574468 1.0
0 1 3.2754518797500736 1.228856086730957 15.65504503250122 0.1702127659574468 1.0
0 1 2.8529634845718124 0.584758996963501 16.23980402946472 0.16666666666666666 1.0
0 1 2.4849703012340436 0.706683874130249 16.94648790359497 0.163265306122449 1.0
0 1 2.1644431943866964 0.9685678482055664 17.915055751800537 0.163265306122449 1.0
0 1 1.8852596907900219 0.42868614196777344 18.34374189376831 0.163265306122449 1.0
0 1 1.6420870323301746 0.40368199348449707 18.747423887252808 0.163265306122449 1.0
0 1 1.4302803135927475 0.389721155166626 19.137145042419434 0.163265306122449 1.0
0 1 1.2457937582930971 0.3718149662017822 19.508960008621216 0.163265306122449 1.0
0 1 1.0851034398309916 2.136103868484497 21.645063877105713 0.1568627450980392 1.0
0 1 0.945139969834425 1.8215279579162598 23.466591835021973 0.1568627450980392 1.0
0 1 0.823229868958621 3.188185691833496 26.65477752685547 0.1568627450980392 1.0
0 1 0.7170445000483404 6.147144794464111 32.80192232131958 0.15384615384615383 1.0
0 1 0.624555588222246 5.047383069992065 37.849305391311646 0.1509433962264151 1.0
0 1 0.5439964782567033 3.3620710372924805 41.211376428604126 0.1509433962264151 1.0
0 1 0.4738283892360109 2.9258780479431152 44.13725447654724 0.1509433962264151 1.0
0 1 0.4127110218901976 2.928317070007324 47.065571546554565 0.1481481481481481 1.0
0 1 0.3594769571833539 2.849900007247925 49.91547155380249 0.1481481481481481 1.0
0 0.1 130.20161032759302 0.006305217742919922 49.92177677154541 0.0 1.0
0 0.1 113.40738729625762 0.00660395622253418 49.928380727767944 0.0 1.0
0 0.1 98.77938883400856 0.0065877437591552734 49.9349684715271 0.0 1.0
0 0.1 86.03820166433057 0.006590366363525391 49.941558837890625 0.0 1.0
0 0.1 74.9404529934022 0.006367921829223633 49.94792675971985 0.0 1.0
0 0.1 65.27416178184274 0.006840705871582031 49.95476746559143 0.0 1.0
0 0.1 56.854689638682785 0.0066051483154296875 49.96137261390686 0.0 1.0
0 0.1 49.52121399451067 0.04464912414550781 50.00602173805237 0.5714285714285715 1.0
0 0.1 43.13365618693992 0.03166007995605469 50.03768181800842 0.5714285714285715 1.0
0 0.1 37.570005780944214 0.031815290451049805 50.06949710845947 0.5714285714285715 1.0
0 0.1 32.7239900151928 0.03156304359436035 50.10106015205383 0.5714285714285715 1.0
0 0.1 28.503043857863506 0.03177285194396973 50.1328330039978 0.5714285714285715 1.0
0 0.1 24.826541897430772 0.031733036041259766 50.16456604003906 0.5714285714285715 1.0
0 0.1 21.624258295306348 0.044557809829711914 50.209123849868774 0.7499999999999999 1.0
0 0.1 18.835025383479486 0.037912845611572266 50.24703669548035 0.7499999999999999 1.0
0 0.1 16.405565284674683 0.031625986099243164 50.27866268157959 0.7499999999999999 1.0
0 0.1 14.289472237493916 0.03169512748718262 50.31035780906677 0.7499999999999999 1.0
0 0.1 12.446326187665905 0.031781911849975586 50.34213972091675 0.7499999999999999 1.0
0 0.1 10.840920713874212 0.031647682189941406 50.37378740310669 0.7499999999999999 1.0
0 0.1 9.44259054057033 0.031603097915649414 50.40539050102234 0.7499999999999999 1.0
0 0.1 8.224625792416147 0.031907081604003906 50.43729758262634 0.7499999999999999 1.0
0 0.1 7.163761801874259 0.04439878463745117 50.481696367263794 0.888888888888889 1.0
0 0.1 6.239734724625884 0.05680584907531738 50.53850221633911 0.7272727272727272 1.0
0 0.1 5.43489447450858 0.03834176063537598 50.57684397697449 0.7272727272727272 1.0
0 0.1 4.733867584541418 0.03819990158081055 50.6150438785553 0.7272727272727272 1.0
0 0.1 4.123263554256632 0.08226799964904785 50.697311878204346 0.6153846153846154 1.0
0 0.1 3.591419074200402 0.07587194442749023 50.773183822631836 0.5333333333333333 1.0
0 0.1 3.128175241967003 0.2049849033355713 50.97816872596741 0.4210526315789473 1.0
0 0.1 2.7246835143108377 0.17102670669555664 51.149195432662964 0.38095238095238093 1.0
0 0.1 2.373236688776134 0.10199379920959473 51.25118923187256 0.38095238095238093 1.0
0 0.1 2.0671216863796724 0.3756248950958252 51.626814126968384 0.3333333333333333 1.0
0 0.1 1.8004913233094775 0.33588385581970215 51.962697982788086 0.3076923076923077 1.0
0 0.1 1.5682526223167341 0.3049430847167969 52.26764106750488 0.2857142857142857 1.0
0 0.1 1.3659695304072161 0.4484279155731201 52.716068983078 0.2962962962962963 1.0
0 0.1 1.1897781846170337 0.31792521476745605 53.03399419784546 0.26666666666666666 1.0
0 0.1 1.036313107341863 0.2174382209777832 53.25143241882324 0.26666666666666666 1.0
0 0.1 0.9026429214570189 0.7393710613250732 53.990803480148315 0.24242424242424243 1.0
0 0.1 0.786214357305898 0.5699450969696045 54.56074857711792 0.2352941176470588 1.0
0 0.1 0.6848034820193963 0.3884742259979248 54.949222803115845 0.2222222222222222 1.0
0 0.1 0.5964732195846044 1.1305561065673828 56.07977890968323 0.21621621621621623 1.0
0 0.1 0.5195363502423698 2.719557046890259 58.799335956573486 0.19999999999999998 1.0
0 0.1 0.4525232824553942 4.188308954238892 62.98764491081238 0.19512195121951217 1.0
0 0.1 0.3941539818506903 1.0779879093170166 64.0656328201294 0.19512195121951217 1.0
0 0.1 0.34331352094368267 0.9894063472747803 65.05503916740417 0.19047619047619047 1.0
0 0.1 0.2990307826127625 7.430548906326294 72.48558807373047 0.25 1.0
0 0.1 0.2604599105337001 0.6591410636901855 73.14472913742065 0.25 1.0
0 0.1 0.22686415225376097 0.29297876358032227 73.43770790100098 0.24390243902439027 1.0
0 0.1 0.19760178628779224 0.598275899887085 74.03598380088806 0.24390243902439027 1.0
0 0.1 0.17211386442601356 0.46349024772644043 74.4994740486145 0.24390243902439027 1.0
0 0.1 0.14991353511608546 0.36197495460510254 74.8614490032196 0.24390243902439027 1.0
0 0.01 28.211963230963963 0.006337881088256836 74.86778688430786 0.33333333333333337 1.0
0 0.01 24.573006681497752 0.0384061336517334 74.9061930179596 0.5714285714285715 1.0
0 0.01 21.403425646968028 0.03194022178649902 74.9381332397461 0.5714285714285715 1.0
0 0.01 18.642677119777133 0.03180503845214844 74.96993827819824 0.5714285714285715 1.0
0 0.01 16.238027310431736 0.03197002410888672 75.00190830230713 0.5714285714285715 1.0
0 0.01 14.143544365449966 0.03236103057861328 75.03426933288574 0.5714285714285715 1.0
0 0.01 12.319221010851523 0.0326991081237793 75.06696844100952 0.5714285714285715 1.0
0 0.01 10.730210362611421 0.03247380256652832 75.09944224357605 0.5714285714285715 1.0
0 0.01 9.346160307090315 0.04479479789733887 75.14423704147339 0.7499999999999999 1.0
0 0.01 8.140633737265514 0.031968116760253906 75.17620515823364 0.7499999999999999 1.0
0 0.01 7.090603570541246 0.03198695182800293 75.20819211006165 0.7499999999999999 1.0
0 0.01 6.176012902339531 0.03194284439086914 75.24013495445251 0.7499999999999999 1.0
0 0.01 5.379391893848717 0.031877994537353516 75.27201294898987 0.7499999999999999 1.0
0 0.01 4.685524076001097 0.03191494941711426 75.30392789840698 0.7499999999999999 1.0
0 0.01 4.081155695663349 0.031908273696899414 75.33583617210388 0.7499999999999999 1.0
0 0.01 3.554742552184356 0.03182530403137207 75.36766147613525 0.7499999999999999 1.0
0 0.01 3.09622948855821 0.0320889949798584 75.39975047111511 0.7499999999999999 1.0
0 0.01 2.6968583252045994 0.04494190216064453 75.44469237327576 0.888888888888889 1.0
0 0.01 2.349000567658869 0.025678157806396484 75.47037053108215 0.888888888888889 1.0
0 0.01 2.046011692676912 0.05130600929260254 75.52167654037476 0.7272727272727272 1.0
0 0.01 1.7821042294352372 0.03858613967895508 75.56026268005371 0.7272727272727272 1.0
0 0.01 1.5522372115164986 0.07684111595153809 75.63710379600525 0.6666666666666666 1.0
0 0.01 1.3520198880735976 0.07081294059753418 75.70791673660278 0.5714285714285714 1.0
0 0.01 1.1776278549337647 0.10373497009277344 75.81165170669556 0.5000000000000001 1.0
0 0.01 1.0257300036406054 0.10922408103942871 75.92087578773499 0.47058823529411764 1.0
0 0.01 0.8934248930683893 0.10941100120544434 76.03028678894043 0.4444444444444444 1.0
0 0.01 0.7781853282259436 0.07799124717712402 76.10827803611755 0.4444444444444444 1.0
0 0.01 0.6778100876351608 0.14045190811157227 76.24872994422913 0.3478260869565218 1.0
0 0.01 0.590381877216004 0.0961160659790039 76.34484601020813 0.3478260869565218 1.0
0 0.01 0.5142307075440048 0.09002304077148438 76.43486905097961 0.3478260869565218 1.0
0 0.01 0.44790199493955546 0.19050216674804688 76.62537121772766 0.32000000000000006 1.0
0 0.01 0.39012877707943217 0.12109899520874023 76.7464702129364 0.32000000000000006 1.0
0 0.01 0.33980751241358653 0.11437606811523438 76.86084628105164 0.32000000000000006 1.0
0 0.01 0.2959770011254507 0.11489295959472656 76.97573924064636 0.32000000000000006 1.0
0 0.01 0.2578000249994245 0.15378260612487793 77.12952184677124 0.2962962962962963 1.0
0 0.01 0.22454735549379537 0.14181089401245117 77.27133274078369 0.2857142857142857 1.0
0 0.01 0.19558382455304058 0.10914111137390137 77.38047385215759 0.2857142857142857 1.0
0 0.01 0.1703561920944177 0.45044970512390137 77.8309235572815 0.24242424242424243 1.0
0 0.01 0.14838257842248037 0.23596811294555664 78.06689167022705 0.24242424242424243 1.0
0 0.01 0.12924325971726744 0.21590185165405273 78.2827935218811 0.24242424242424243 1.0
0 0.01 0.1125726507783501 0.21913814544677734 78.50193166732788 0.24242424242424243 1.0
0 0.01 0.09805232188500161 0.28899717330932617 78.7909288406372 0.2352941176470588 1.0
0 0.01 0.08540491638568569 0.16845321655273438 78.95938205718994 0.2352941176470588 1.0
0 0.01 0.07438885283512764 0.39006900787353516 79.34945106506348 0.2222222222222222 1.0
0 0.01 0.06479371048308594 0.3907477855682373 79.74019885063171 0.2105263157894737 1.0
0 0.01 0.056436209971818335 0.41362619400024414 80.15382504463196 0.20512820512820512 1.0
0 0.01 0.049156712468482675 0.23819804191589355 80.39202308654785 0.20512820512820512 1.0
0 0.01 0.0428161703614703 0.7400472164154053 81.13207030296326 0.19047619047619047 1.0
0 0.01 0.03729347127511503 0.38341188430786133 81.51548218727112 0.19047619047619047 1.0
0 0.01 0.032483124670098805 0.6766290664672852 82.1921112537384 0.18181818181818182 1.0
