[216.40736058 188.4937774  164.18066384 143.00360867 124.55810333
 108.49181534  94.49785828  82.30892987  71.69220614  62.44489425
  54.39035884  47.37474809  41.26405496  35.94155748  31.30558923
  27.26759733  23.75045104  20.68696841  18.01863304  15.69447636
  13.67010404  11.906848    10.37102782   9.03330739   7.86813455
   6.85325305   5.96927734   5.19932239   4.52868107   3.94454329
   3.43575127   2.99258645   2.60658382   2.27037024   1.9775236
   1.72245016   1.5002777    1.30676244   1.138208     0.99139477
   0.86351843   0.75213639   0.65512111   0.57061946   0.49701737
   0.43290895   0.37706963   0.32843281   0.28606948   0.24917044]0 1 312.2098259152708 0.006647586822509766 0.006647586822509766 0.0 1.0
0 1 271.93903789811014 0.0064771175384521484 0.013124704360961914 0.0 1.0
0 1 236.8626295349813 0.006626129150390625 0.01975083351135254 0.33333333333333337 1.0
0 1 206.31059705097118 0.056890249252319336 0.07664108276367188 0.5714285714285715 1.0
0 1 179.69935797424765 0.05076193809509277 0.12740302085876465 0.5714285714285715 1.0
0 1 156.52060397255676 0.04411602020263672 0.17151904106140137 0.5714285714285715 1.0
0 1 136.33159152101595 0.044161081314086914 0.21568012237548828 0.5714285714285715 1.0
0 1 118.74668494067365 0.05802011489868164 0.2737002372741699 0.7499999999999999 1.0
0 1 103.42999026917344 0.05197620391845703 0.32567644119262695 0.7499999999999999 1.0
0 1 90.08893926113359 0.052330970764160156 0.3780074119567871 0.7499999999999999 1.0
0 1 78.46870096453189 0.044419050216674805 0.4224264621734619 0.7499999999999999 1.0
0 1 68.34731412713553 0.04467201232910156 0.4670984745025635 0.7499999999999999 1.0
0 1 59.53144745577994 0.05092191696166992 0.5180203914642334 0.6666666666666665 1.0
0 1 51.85270674408604 0.05677199363708496 0.5747923851013184 0.7272727272727272 1.0
0 1 45.16441833008278 0.050437211990356445 0.6252295970916748 0.7272727272727272 1.0
0 1 39.33882744370648 0.06956100463867188 0.6947906017303467 0.6153846153846154 1.0
0 1 34.26465792907022 0.12469911575317383 0.8194897174835205 0.47058823529411764 1.0
0 1 29.84498672911064 0.13788318634033203 0.9573729038238525 0.3636363636363636 1.0
0 1 25.99539253258091 0.18722200393676758 1.1445949077606201 0.3076923076923077 1.0
0 1 22.642343220204207 0.5713059902191162 1.7159008979797363 0.26666666666666666 1.0
0 1 19.721791308170232 0.6949141025543213 2.4108150005340576 0.27586206896551724 1.0
0 1 17.177950560167822 0.9845981597900391 3.3954131603240967 0.26666666666666666 1.0
0 1 14.962230399696251 0.8275182247161865 4.222931385040283 0.24242424242424243 1.0
0 1 13.03230776858211 0.6447181701660156 4.867649555206299 0.2222222222222222 1.0
0 1 11.351318703025308 0.7704131603240967 5.6380627155303955 0.2222222222222222 1.0
0 1 9.887154185253786 0.6581108570098877 6.296173572540283 0.21621621621621623 1.0
0 1 8.611846820663045 0.6599469184875488 6.956120491027832 0.20512820512820512 1.0
0 1 7.501036625197576 0.8285551071166992 7.784675598144531 0.19999999999999998 1.0
0 1 6.53350571883761 0.6843409538269043 8.469016551971436 0.20512820512820512 1.0
0 1 5.69077303724795 0.846574068069458 9.315590620040894 0.18604651162790697 1.0
0 1 4.956741320068812 0.7329638004302979 10.048554420471191 0.1777777777777778 1.0
0 1 4.317389632878279 0.9400482177734375 10.988602638244629 0.16666666666666666 1.0
0 1 3.7605055496069455 6.642904996871948 17.631507635116577 0.1702127659574468 1.0
0 1 3.2754518797500736 1.4937398433685303 19.125247478485107 0.1702127659574468 1.0
0 1 2.8529634845718124 0.9435489177703857 20.068796396255493 0.16666666666666666 1.0
0 1 2.4849703012340436 1.0415518283843994 21.110348224639893 0.163265306122449 1.0
0 1 2.1644431943866964 1.2392981052398682 22.34964632987976 0.163265306122449 1.0
0 1 1.8852596907900219 0.6216549873352051 22.971301317214966 0.163265306122449 1.0
0 1 1.6420870323301746 0.5742130279541016 23.545514345169067 0.163265306122449 1.0
0 1 1.4302803135927475 0.5573060512542725 24.10282039642334 0.163265306122449 1.0
0 1 1.2457937582930971 0.5531821250915527 24.656002521514893 0.163265306122449 1.0
0 1 1.0851034398309916 2.970160961151123 27.626163482666016 0.1568627450980392 1.0
0 1 0.945139969834425 2.649768114089966 30.27593159675598 0.1568627450980392 1.0
0 1 0.823229868958621 3.763566017150879 34.03949761390686 0.1568627450980392 1.0
0 1 0.7170445000483404 7.596217155456543 41.6357147693634 0.15384615384615383 1.0
0 1 0.624555588222246 7.080667018890381 48.716381788253784 0.1509433962264151 1.0
0 1 0.5439964782567033 5.092414855957031 53.808796644210815 0.1509433962264151 1.0
0 1 0.4738283892360109 4.586421012878418 58.39521765708923 0.1509433962264151 1.0
0 1 0.4127110218901976 4.756105899810791 63.151323556900024 0.1481481481481481 1.0
0 1 0.3594769571833539 4.54492974281311 67.69625329971313 0.1481481481481481 1.0
0 0.1 130.20161032759302 0.006491184234619141 67.70274448394775 0.0 1.0
0 0.1 113.40738729625762 0.006359100341796875 67.70910358428955 0.0 1.0
0 0.1 98.77938883400856 0.00631403923034668 67.7154176235199 0.0 1.0
0 0.1 86.03820166433057 0.006309986114501953 67.7217276096344 0.0 1.0
0 0.1 74.9404529934022 0.006340980529785156 67.72806859016418 0.0 1.0
0 0.1 65.27416178184274 0.006431102752685547 67.73449969291687 0.0 1.0
0 0.1 56.854689638682785 0.006345987319946289 67.74084568023682 0.0 1.0
0 0.1 49.52121399451067 0.05057692527770996 67.79142260551453 0.5714285714285715 1.0
0 0.1 43.13365618693992 0.03787422180175781 67.82929682731628 0.5714285714285715 1.0
0 0.1 37.570005780944214 0.03777003288269043 67.86706686019897 0.5714285714285715 1.0
0 0.1 32.7239900151928 0.03756594657897949 67.90463280677795 0.5714285714285715 1.0
0 0.1 28.503043857863506 0.03762102127075195 67.9422538280487 0.5714285714285715 1.0
0 0.1 24.826541897430772 0.03769397735595703 67.97994780540466 0.5714285714285715 1.0
0 0.1 21.624258295306348 0.0502169132232666 68.03016471862793 0.7499999999999999 1.0
0 0.1 18.835025383479486 0.043894052505493164 68.07405877113342 0.7499999999999999 1.0
0 0.1 16.405565284674683 0.043646812438964844 68.11770558357239 0.7499999999999999 1.0
0 0.1 14.289472237493916 0.03808784484863281 68.15579342842102 0.7499999999999999 1.0
0 0.1 12.446326187665905 0.03933286666870117 68.19512629508972 0.7499999999999999 1.0
0 0.1 10.840920713874212 0.03819894790649414 68.23332524299622 0.7499999999999999 1.0
0 0.1 9.44259054057033 0.0385899543762207 68.27191519737244 0.7499999999999999 1.0
0 0.1 8.224625792416147 0.03814291954040527 68.31005811691284 0.7499999999999999 1.0
0 0.1 7.163761801874259 0.05129194259643555 68.36135005950928 0.888888888888889 1.0
0 0.1 6.239734724625884 0.06347012519836426 68.42482018470764 0.7272727272727272 1.0
0 0.1 5.43489447450858 0.05007505416870117 68.47489523887634 0.7272727272727272 1.0
0 0.1 4.733867584541418 0.05012392997741699 68.52501916885376 0.7272727272727272 1.0
0 0.1 4.123263554256632 0.09994387626647949 68.62496304512024 0.6153846153846154 1.0
0 0.1 3.591419074200402 0.08128786087036133 68.7062509059906 0.5333333333333333 1.0
0 0.1 3.128175241967003 0.234450101852417 68.94070100784302 0.4210526315789473 1.0
0 0.1 2.7246835143108377 0.19695782661437988 69.1376588344574 0.38095238095238093 1.0
0 0.1 2.373236688776134 0.12618112564086914 69.26383996009827 0.38095238095238093 1.0
0 0.1 2.0671216863796724 0.4489572048187256 69.71279716491699 0.3333333333333333 1.0
0 0.1 1.8004913233094775 0.4053030014038086 70.1181001663208 0.3076923076923077 1.0
0 0.1 1.5682526223167341 0.39013195037841797 70.50823211669922 0.2857142857142857 1.0
0 0.1 1.3659695304072161 0.48932814598083496 70.99756026268005 0.2962962962962963 1.0
0 0.1 1.1897781846170337 0.41622114181518555 71.41378140449524 0.26666666666666666 1.0
0 0.1 1.036313107341863 0.27970409393310547 71.69348549842834 0.26666666666666666 1.0
0 0.1 0.9026429214570189 0.8433539867401123 72.53683948516846 0.24242424242424243 1.0
0 0.1 0.786214357305898 0.7118527889251709 73.24869227409363 0.2352941176470588 1.0
0 0.1 0.6848034820193963 0.4989180564880371 73.74761033058167 0.2222222222222222 1.0
0 0.1 0.5964732195846044 1.2888448238372803 75.03645515441895 0.21621621621621623 1.0
0 0.1 0.5195363502423698 3.2606546878814697 78.29710984230042 0.19999999999999998 1.0
0 0.1 0.4525232824553942 5.3709611892700195 83.66807103157043 0.19512195121951217 1.0
0 0.1 0.3941539818506903 1.5681142807006836 85.23618531227112 0.19512195121951217 1.0
0 0.1 0.34331352094368267 1.3962790966033936 86.63246440887451 0.19047619047619047 1.0
0 0.1 0.2990307826127625 7.913311004638672 94.54577541351318 0.25 1.0
0 0.1 0.2604599105337001 0.8807518482208252 95.42652726173401 0.25 1.0
0 0.1 0.22686415225376097 0.6928491592407227 96.11937642097473 0.24390243902439027 1.0
0 0.1 0.19760178628779224 0.8346929550170898 96.95406937599182 0.24390243902439027 1.0
0 0.1 0.17211386442601356 0.6606440544128418 97.61471343040466 0.24390243902439027 1.0
0 0.1 0.14991353511608546 0.5497708320617676 98.16448426246643 0.24390243902439027 1.0
0 0.01 28.211963230963963 0.0062711238861083984 98.17075538635254 0.33333333333333337 1.0
0 0.01 24.573006681497752 0.04352092742919922 98.21427631378174 0.5714285714285715 1.0
0 0.01 21.403425646968028 0.03740692138671875 98.25168323516846 0.5714285714285715 1.0
0 0.01 18.642677119777133 0.037461042404174805 98.28914427757263 0.5714285714285715 1.0
0 0.01 16.238027310431736 0.03738594055175781 98.32653021812439 0.5714285714285715 1.0
0 0.01 14.143544365449966 0.03737187385559082 98.36390209197998 0.5714285714285715 1.0
0 0.01 12.319221010851523 0.03734302520751953 98.4012451171875 0.5714285714285715 1.0
0 0.01 10.730210362611421 0.031202077865600586 98.4324471950531 0.5714285714285715 1.0
0 0.01 9.346160307090315 0.04983019828796387 98.48227739334106 0.7499999999999999 1.0
0 0.01 8.140633737265514 0.037413835525512695 98.51969122886658 0.7499999999999999 1.0
0 0.01 7.090603570541246 0.037336111068725586 98.5570273399353 0.7499999999999999 1.0
0 0.01 6.176012902339531 0.037390947341918945 98.59441828727722 0.7499999999999999 1.0
0 0.01 5.379391893848717 0.037550926208496094 98.63196921348572 0.7499999999999999 1.0
0 0.01 4.685524076001097 0.03743100166320801 98.66940021514893 0.7499999999999999 1.0
0 0.01 4.081155695663349 0.037698984146118164 98.70709919929504 0.7499999999999999 1.0
0 0.01 3.554742552184356 0.03795289993286133 98.7450520992279 0.7499999999999999 1.0
0 0.01 3.09622948855821 0.03785514831542969 98.78290724754333 0.7499999999999999 1.0
0 0.01 2.6968583252045994 0.05075716972351074 98.83366441726685 0.888888888888889 1.0
0 0.01 2.349000567658869 0.03175210952758789 98.86541652679443 0.888888888888889 1.0
0 0.01 2.046011692676912 0.05713701248168945 98.92255353927612 0.7272727272727272 1.0
0 0.01 1.7821042294352372 0.04446005821228027 98.9670135974884 0.7272727272727272 1.0
0 0.01 1.5522372115164986 0.09016609191894531 99.05717968940735 0.6666666666666666 1.0
0 0.01 1.3520198880735976 0.08325791358947754 99.14043760299683 0.5714285714285714 1.0
0 0.01 1.1776278549337647 0.11463379859924316 99.25507140159607 0.5000000000000001 1.0
0 0.01 1.0257300036406054 0.12821197509765625 99.38328337669373 0.47058823529411764 1.0
0 0.01 0.8934248930683893 0.12874293327331543 99.51202630996704 0.4444444444444444 1.0
0 0.01 0.7781853282259436 0.1037449836730957 99.61577129364014 0.4444444444444444 1.0
0 0.01 0.6778100876351608 0.16466784477233887 99.78043913841248 0.3478260869565218 1.0
0 0.01 0.590381877216004 0.1215810775756836 99.90202021598816 0.3478260869565218 1.0
0 0.01 0.5142307075440048 0.11475896835327148 100.01677918434143 0.3478260869565218 1.0
0 0.01 0.44790199493955546 0.2203068733215332 100.23708605766296 0.32000000000000006 1.0
0 0.01 0.39012877707943217 0.15493416786193848 100.3920202255249 0.32000000000000006 1.0
0 0.01 0.33980751241358653 0.14791488647460938 100.53993511199951 0.32000000000000006 1.0
0 0.01 0.2959770011254507 0.14697909355163574 100.68691420555115 0.32000000000000006 1.0
0 0.01 0.2578000249994245 0.1858530044555664 100.87276721000671 0.2962962962962963 1.0
0 0.01 0.22454735549379537 0.17384886741638184 101.0466160774231 0.2857142857142857 1.0
0 0.01 0.19558382455304058 0.14421772956848145 101.19083380699158 0.2857142857142857 1.0
0 0.01 0.1703561920944177 0.551922082901001 101.74275588989258 0.24242424242424243 1.0
0 0.01 0.14838257842248037 0.32477807998657227 102.06753396987915 0.24242424242424243 1.0
0 0.01 0.12924325971726744 0.2978658676147461 102.3653998374939 0.24242424242424243 1.0
0 0.01 0.1125726507783501 0.27947378158569336 102.64487361907959 0.24242424242424243 1.0
0 0.01 0.09805232188500161 0.3626091480255127 103.0074827671051 0.2352941176470588 1.0
0 0.01 0.08540491638568569 0.24329900741577148 103.25078177452087 0.2352941176470588 1.0
0 0.01 0.07438885283512764 0.47086596488952637 103.7216477394104 0.2222222222222222 1.0
0 0.01 0.06479371048308594 0.49039411544799805 104.2120418548584 0.2105263157894737 1.0
0 0.01 0.056436209971818335 0.5246832370758057 104.7367250919342 0.20512820512820512 1.0
0 0.01 0.049156712468482675 0.3419950008392334 105.07872009277344 0.20512820512820512 1.0
0 0.01 0.0428161703614703 0.9044399261474609 105.9831600189209 0.19047619047619047 1.0
0 0.01 0.03729347127511503 0.538480281829834 106.52164030075073 0.19047619047619047 1.0
0 0.01 0.032483124670098805 0.8777999877929688 107.3994402885437 0.18181818181818182 1.0
