[216.40736058 188.4937774  164.18066384 143.00360867 124.55810333
 108.49181534  94.49785828  82.30892987  71.69220614  62.44489425
  54.39035884  47.37474809  41.26405496  35.94155748  31.30558923
  27.26759733  23.75045104  20.68696841  18.01863304  15.69447636
  13.67010404  11.906848    10.37102782   9.03330739   7.86813455
   6.85325305   5.96927734   5.19932239   4.52868107   3.94454329
   3.43575127   2.99258645   2.60658382   2.27037024   1.9775236
   1.72245016   1.5002777    1.30676244   1.138208     0.99139477
   0.86351843   0.75213639   0.65512111   0.57061946   0.49701737
   0.43290895   0.37706963   0.32843281   0.28606948   0.24917044]0 1 312.2098259152708 0.006704807281494141 0.006704807281494141 0.0 1.0
0 1 271.93903789811014 0.0066411495208740234 0.013345956802368164 0.0 1.0
0 1 236.8626295349813 0.006489992141723633 0.019835948944091797 0.33333333333333337 1.0
0 1 206.31059705097118 0.05789685249328613 0.07773280143737793 0.5714285714285715 1.0
0 1 179.69935797424765 0.05076909065246582 0.12850189208984375 0.5714285714285715 1.0
0 1 156.52060397255676 0.04598712921142578 0.17448902130126953 0.5714285714285715 1.0
0 1 136.33159152101595 0.0447390079498291 0.21922802925109863 0.5714285714285715 1.0
0 1 118.74668494067365 0.05862998962402344 0.27785801887512207 0.7499999999999999 1.0
0 1 103.42999026917344 0.052876949310302734 0.3307349681854248 0.7499999999999999 1.0
0 1 90.08893926113359 0.051930904388427734 0.38266587257385254 0.7499999999999999 1.0
0 1 78.46870096453189 0.04509782791137695 0.4277637004852295 0.7499999999999999 1.0
0 1 68.34731412713553 0.04515814781188965 0.47292184829711914 0.7499999999999999 1.0
0 1 59.53144745577994 0.05203127861022949 0.5249531269073486 0.6666666666666665 1.0
0 1 51.85270674408604 0.05803108215332031 0.582984209060669 0.7272727272727272 1.0
0 1 45.16441833008278 0.05187201499938965 0.6348562240600586 0.7272727272727272 1.0
0 1 39.33882744370648 0.07048392295837402 0.7053401470184326 0.6153846153846154 1.0
0 1 34.26465792907022 0.12543416023254395 0.8307743072509766 0.47058823529411764 1.0
0 1 29.84498672911064 0.13700199127197266 0.9677762985229492 0.3636363636363636 1.0
0 1 25.99539253258091 0.18837714195251465 1.1561534404754639 0.3076923076923077 1.0
0 1 22.642343220204207 0.5805046558380127 1.7366580963134766 0.26666666666666666 1.0
0 1 19.721791308170232 0.7014250755310059 2.4380831718444824 0.27586206896551724 1.0
0 1 17.177950560167822 1.0119140148162842 3.4499971866607666 0.26666666666666666 1.0
0 1 14.962230399696251 0.8706421852111816 4.320639371871948 0.24242424242424243 1.0
0 1 13.03230776858211 0.6731820106506348 4.993821382522583 0.2222222222222222 1.0
0 1 11.351318703025308 0.7837750911712646 5.777596473693848 0.2222222222222222 1.0
0 1 9.887154185253786 0.6663780212402344 6.443974494934082 0.21621621621621623 1.0
0 1 8.611846820663045 0.6784491539001465 7.1224236488342285 0.20512820512820512 1.0
0 1 7.501036625197576 0.8553159236907959 7.977739572525024 0.19999999999999998 1.0
0 1 6.53350571883761 0.6925091743469238 8.670248746871948 0.20512820512820512 1.0
0 1 5.69077303724795 0.8659718036651611 9.53622055053711 0.18604651162790697 1.0
0 1 4.956741320068812 0.7404520511627197 10.276672601699829 0.1777777777777778 1.0
0 1 4.317389632878279 0.9472088813781738 11.223881483078003 0.16666666666666666 1.0
0 1 3.7605055496069455 6.795738220214844 18.019619703292847 0.1702127659574468 1.0
0 1 3.2754518797500736 1.5517089366912842 19.57132863998413 0.1702127659574468 1.0
0 1 2.8529634845718124 0.9787912368774414 20.550119876861572 0.16666666666666666 1.0
0 1 2.4849703012340436 1.078355073928833 21.628474950790405 0.163265306122449 1.0
0 1 2.1644431943866964 1.3118526935577393 22.940327644348145 0.163265306122449 1.0
0 1 1.8852596907900219 0.677213191986084 23.61754083633423 0.163265306122449 1.0
0 1 1.6420870323301746 0.6044878959655762 24.222028732299805 0.163265306122449 1.0
0 1 1.4302803135927475 0.5834109783172607 24.805439710617065 0.163265306122449 1.0
0 1 1.2457937582930971 0.5660250186920166 25.371464729309082 0.163265306122449 1.0
0 1 1.0851034398309916 3.0332281589508057 28.404692888259888 0.1568627450980392 1.0
0 1 0.945139969834425 2.699799060821533 31.10449194908142 0.1568627450980392 1.0
0 1 0.823229868958621 3.8031721115112305 34.90766406059265 0.1568627450980392 1.0
0 1 0.7170445000483404 7.838458061218262 42.74612212181091 0.15384615384615383 1.0
0 1 0.624555588222246 7.001863956451416 49.74798607826233 0.1509433962264151 1.0
0 1 0.5439964782567033 5.19960880279541 54.94759488105774 0.1509433962264151 1.0
0 1 0.4738283892360109 4.720365762710571 59.66796064376831 0.1509433962264151 1.0
0 1 0.4127110218901976 4.915057897567749 64.58301854133606 0.1481481481481481 1.0
0 1 0.3594769571833539 4.565342903137207 69.14836144447327 0.1481481481481481 1.0
0 0.1 130.20161032759302 0.0063402652740478516 69.15470170974731 0.0 1.0
0 0.1 113.40738729625762 0.006504058837890625 69.1612057685852 0.0 1.0
0 0.1 98.77938883400856 0.006459951400756836 69.16766571998596 0.0 1.0
0 0.1 86.03820166433057 0.006517887115478516 69.17418360710144 0.0 1.0
0 0.1 74.9404529934022 0.006634950637817383 69.18081855773926 0.0 1.0
0 0.1 65.27416178184274 0.009814977645874023 69.19063353538513 0.0 1.0
0 0.1 56.854689638682785 0.011987924575805664 69.20262145996094 0.0 1.0
0 0.1 49.52121399451067 0.05400872230529785 69.25663018226624 0.5714285714285715 1.0
0 0.1 43.13365618693992 0.040599822998046875 69.29723000526428 0.5714285714285715 1.0
0 0.1 37.570005780944214 0.040524959564208984 69.33775496482849 0.5714285714285715 1.0
0 0.1 32.7239900151928 0.03971695899963379 69.37747192382812 0.5714285714285715 1.0
0 0.1 28.503043857863506 0.03914642333984375 69.41661834716797 0.5714285714285715 1.0
0 0.1 24.826541897430772 0.03857111930847168 69.45518946647644 0.5714285714285715 1.0
0 0.1 21.624258295306348 0.051264047622680664 69.50645351409912 0.7499999999999999 1.0
0 0.1 18.835025383479486 0.044989824295043945 69.55144333839417 0.7499999999999999 1.0
0 0.1 16.405565284674683 0.044938087463378906 69.59638142585754 0.7499999999999999 1.0
0 0.1 14.289472237493916 0.0384519100189209 69.63483333587646 0.7499999999999999 1.0
0 0.1 12.446326187665905 0.03861689567565918 69.67345023155212 0.7499999999999999 1.0
0 0.1 10.840920713874212 0.03870582580566406 69.71215605735779 0.7499999999999999 1.0
0 0.1 9.44259054057033 0.039537906646728516 69.75169396400452 0.7499999999999999 1.0
0 0.1 8.224625792416147 0.03889894485473633 69.79059290885925 0.7499999999999999 1.0
0 0.1 7.163761801874259 0.051301002502441406 69.8418939113617 0.888888888888889 1.0
0 0.1 6.239734724625884 0.06398177146911621 69.90587568283081 0.7272727272727272 1.0
0 0.1 5.43489447450858 0.05173897743225098 69.95761466026306 0.7272727272727272 1.0
0 0.1 4.733867584541418 0.05136513710021973 70.00897979736328 0.7272727272727272 1.0
0 0.1 4.123263554256632 0.10267496109008789 70.11165475845337 0.6153846153846154 1.0
0 0.1 3.591419074200402 0.0854799747467041 70.19713473320007 0.5333333333333333 1.0
0 0.1 3.128175241967003 0.235137939453125 70.4322726726532 0.4210526315789473 1.0
0 0.1 2.7246835143108377 0.19866490364074707 70.63093757629395 0.38095238095238093 1.0
0 0.1 2.373236688776134 0.12787318229675293 70.7588107585907 0.38095238095238093 1.0
0 0.1 2.0671216863796724 0.44037818908691406 71.19918894767761 0.3333333333333333 1.0
0 0.1 1.8004913233094775 0.40193700790405273 71.60112595558167 0.3076923076923077 1.0
0 0.1 1.5682526223167341 0.3919379711151123 71.99306392669678 0.2857142857142857 1.0
0 0.1 1.3659695304072161 0.48546314239501953 72.4785270690918 0.2962962962962963 1.0
0 0.1 1.1897781846170337 0.41416192054748535 72.89268898963928 0.26666666666666666 1.0
0 0.1 1.036313107341863 0.2834160327911377 73.17610502243042 0.26666666666666666 1.0
0 0.1 0.9026429214570189 0.8454358577728271 74.02154088020325 0.24242424242424243 1.0
0 0.1 0.786214357305898 0.7107629776000977 74.73230385780334 0.2352941176470588 1.0
0 0.1 0.6848034820193963 0.5016739368438721 75.23397779464722 0.2222222222222222 1.0
0 0.1 0.5964732195846044 1.2956790924072266 76.52965688705444 0.21621621621621623 1.0
0 0.1 0.5195363502423698 3.279209852218628 79.80886673927307 0.19999999999999998 1.0
0 0.1 0.4525232824553942 5.4309241771698 85.23979091644287 0.19512195121951217 1.0
0 0.1 0.3941539818506903 1.5929441452026367 86.83273506164551 0.19512195121951217 1.0
0 0.1 0.34331352094368267 1.4001150131225586 88.23285007476807 0.19047619047619047 1.0
0 0.1 0.2990307826127625 8.364241123199463 96.59709119796753 0.25 1.0
0 0.1 0.2604599105337001 0.914851188659668 97.5119423866272 0.25 1.0
0 0.1 0.22686415225376097 0.7277851104736328 98.23972749710083 0.24390243902439027 1.0
0 0.1 0.19760178628779224 0.8594169616699219 99.09914445877075 0.24390243902439027 1.0
0 0.1 0.17211386442601356 0.7122228145599365 99.81136727333069 0.24390243902439027 1.0
0 0.1 0.14991353511608546 0.7419030666351318 100.55327033996582 0.24390243902439027 1.0
0 0.01 28.211963230963963 0.00968790054321289 100.56295824050903 0.33333333333333337 1.0
0 0.01 24.573006681497752 0.053503990173339844 100.61646223068237 0.5714285714285715 1.0
0 0.01 21.403425646968028 0.04830002784729004 100.66476225852966 0.5714285714285715 1.0
0 0.01 18.642677119777133 0.039852142333984375 100.70461440086365 0.5714285714285715 1.0
0 0.01 16.238027310431736 0.039852142333984375 100.74446654319763 0.5714285714285715 1.0
0 0.01 14.143544365449966 0.04008889198303223 100.78455543518066 0.5714285714285715 1.0
0 0.01 12.319221010851523 0.039511919021606445 100.82406735420227 0.5714285714285715 1.0
0 0.01 10.730210362611421 0.03291797637939453 100.85698533058167 0.5714285714285715 1.0
0 0.01 9.346160307090315 0.05271506309509277 100.90970039367676 0.7499999999999999 1.0
0 0.01 8.140633737265514 0.03863811492919922 100.94833850860596 0.7499999999999999 1.0
0 0.01 7.090603570541246 0.03859972953796387 100.98693823814392 0.7499999999999999 1.0
0 0.01 6.176012902339531 0.038555145263671875 101.02549338340759 0.7499999999999999 1.0
0 0.01 5.379391893848717 0.03905081748962402 101.06454420089722 0.7499999999999999 1.0
0 0.01 4.685524076001097 0.04012489318847656 101.1046690940857 0.7499999999999999 1.0
0 0.01 4.081155695663349 0.03979086875915527 101.14445996284485 0.7499999999999999 1.0
0 0.01 3.554742552184356 0.03976583480834961 101.1842257976532 0.7499999999999999 1.0
0 0.01 3.09622948855821 0.04042792320251465 101.22465372085571 0.7499999999999999 1.0
0 0.01 2.6968583252045994 0.05235624313354492 101.27700996398926 0.888888888888889 1.0
0 0.01 2.349000567658869 0.032507896423339844 101.3095178604126 0.888888888888889 1.0
0 0.01 2.046011692676912 0.05787396430969238 101.36739182472229 0.7272727272727272 1.0
0 0.01 1.7821042294352372 0.04509592056274414 101.41248774528503 0.7272727272727272 1.0
0 0.01 1.5522372115164986 0.08963513374328613 101.50212287902832 0.6666666666666666 1.0
0 0.01 1.3520198880735976 0.08350610733032227 101.58562898635864 0.5714285714285714 1.0
0 0.01 1.1776278549337647 0.11602306365966797 101.70165205001831 0.5000000000000001 1.0
0 0.01 1.0257300036406054 0.13190913200378418 101.8335611820221 0.47058823529411764 1.0
0 0.01 0.8934248930683893 0.13255786895751953 101.96611905097961 0.4444444444444444 1.0
0 0.01 0.7781853282259436 0.10631799697875977 102.07243704795837 0.4444444444444444 1.0
0 0.01 0.6778100876351608 0.17011213302612305 102.2425491809845 0.3478260869565218 1.0
0 0.01 0.590381877216004 0.12310385704040527 102.3656530380249 0.3478260869565218 1.0
0 0.01 0.5142307075440048 0.11725997924804688 102.48291301727295 0.3478260869565218 1.0
0 0.01 0.44790199493955546 0.22719216346740723 102.71010518074036 0.32000000000000006 1.0
0 0.01 0.39012877707943217 0.154771089553833 102.86487627029419 0.32000000000000006 1.0
0 0.01 0.33980751241358653 0.1484079360961914 103.01328420639038 0.32000000000000006 1.0
0 0.01 0.2959770011254507 0.15005922317504883 103.16334342956543 0.32000000000000006 1.0
0 0.01 0.2578000249994245 0.19274497032165527 103.35608839988708 0.2962962962962963 1.0
0 0.01 0.22454735549379537 0.18704915046691895 103.543137550354 0.2857142857142857 1.0
0 0.01 0.19558382455304058 0.14874601364135742 103.69188356399536 0.2857142857142857 1.0
0 0.01 0.1703561920944177 0.5870141983032227 104.27889776229858 0.24242424242424243 1.0
0 0.01 0.14838257842248037 0.34650492668151855 104.6254026889801 0.24242424242424243 1.0
0 0.01 0.12924325971726744 0.3123469352722168 104.93774962425232 0.24242424242424243 1.0
0 0.01 0.1125726507783501 0.29285097122192383 105.23060059547424 0.24242424242424243 1.0
0 0.01 0.09805232188500161 0.37348031997680664 105.60408091545105 0.2352941176470588 1.0
0 0.01 0.08540491638568569 0.25057005882263184 105.85465097427368 0.2352941176470588 1.0
0 0.01 0.07438885283512764 0.4891998767852783 106.34385085105896 0.2222222222222222 1.0
0 0.01 0.06479371048308594 0.49851274490356445 106.84236359596252 0.2105263157894737 1.0
0 0.01 0.056436209971818335 0.5354108810424805 107.377774477005 0.20512820512820512 1.0
0 0.01 0.049156712468482675 0.34661412239074707 107.72438859939575 0.20512820512820512 1.0
0 0.01 0.0428161703614703 0.9452662467956543 108.6696548461914 0.19047619047619047 1.0
0 0.01 0.03729347127511503 0.544877290725708 109.21453213691711 0.19047619047619047 1.0
0 0.01 0.032483124670098805 0.8745052814483643 110.08903741836548 0.18181818181818182 1.0
