[216.40736058 188.4937774  164.18066384 143.00360867 124.55810333
 108.49181534  94.49785828  82.30892987  71.69220614  62.44489425
  54.39035884  47.37474809  41.26405496  35.94155748  31.30558923
  27.26759733  23.75045104  20.68696841  18.01863304  15.69447636
  13.67010404  11.906848    10.37102782   9.03330739   7.86813455
   6.85325305   5.96927734   5.19932239   4.52868107   3.94454329
   3.43575127   2.99258645   2.60658382   2.27037024   1.9775236
   1.72245016   1.5002777    1.30676244   1.138208     0.99139477
   0.86351843   0.75213639   0.65512111   0.57061946   0.49701737
   0.43290895   0.37706963   0.32843281   0.28606948   0.24917044]0 1 312.2098259152708 0.0005261898040771484 0.0005261898040771484 0.0 1.0
0 1 271.93903789811014 0.0005559921264648438 0.0010821819305419922 0.0 1.0
0 1 236.8626295349813 0.005457162857055664 0.006539344787597656 0.33333333333333337 1.0
0 1 206.31059705097118 0.026594877243041992 0.03313422203063965 0.5714285714285715 1.0
0 1 179.69935797424765 0.017341136932373047 0.050475358963012695 0.5714285714285715 1.0
0 1 156.52060397255676 0.013840913772583008 0.0643162727355957 0.5714285714285715 1.0
0 1 136.33159152101595 0.012682914733886719 0.07699918746948242 0.5714285714285715 1.0
0 1 118.74668494067365 0.011627197265625 0.08862638473510742 0.7499999999999999 1.0
0 1 103.42999026917344 0.011244773864746094 0.09987115859985352 0.7499999999999999 1.0
0 1 90.08893926113359 0.011716127395629883 0.1115872859954834 0.7499999999999999 1.0
0 1 78.46870096453189 0.010357856750488281 0.12194514274597168 0.7499999999999999 1.0
0 1 68.34731412713553 0.009619951248168945 0.13156509399414062 0.7499999999999999 1.0
0 1 59.53144745577994 0.014625072479248047 0.14619016647338867 0.6666666666666665 1.0
0 1 51.85270674408604 0.010419130325317383 0.15660929679870605 0.7272727272727272 1.0
0 1 45.16441833008278 0.011106014251708984 0.16771531105041504 0.7272727272727272 1.0
0 1 39.33882744370648 0.013839960098266602 0.18155527114868164 0.6153846153846154 1.0
0 1 34.26465792907022 0.021127939224243164 0.2026832103729248 0.47058823529411764 1.0
0 1 29.84498672911064 0.03402304649353027 0.23670625686645508 0.3636363636363636 1.0
0 1 25.99539253258091 0.04132199287414551 0.2780282497406006 0.3076923076923077 1.0
0 1 22.642343220204207 0.1139380931854248 0.3919663429260254 0.26666666666666666 1.0
0 1 19.721791308170232 0.14144492149353027 0.5334112644195557 0.27586206896551724 1.0
0 1 17.177950560167822 0.20662689208984375 0.7400381565093994 0.26666666666666666 1.0
0 1 14.962230399696251 0.17934489250183105 0.9193830490112305 0.24242424242424243 1.0
0 1 13.03230776858211 0.1575920581817627 1.0769751071929932 0.2222222222222222 1.0
0 1 11.351318703025308 0.1891341209411621 1.2661092281341553 0.2222222222222222 1.0
0 1 9.887154185253786 0.15384387969970703 1.4199531078338623 0.21621621621621623 1.0
0 1 8.611846820663045 0.15221095085144043 1.5721640586853027 0.20512820512820512 1.0
0 1 7.501036625197576 0.17401719093322754 1.7461812496185303 0.19999999999999998 1.0
0 1 6.53350571883761 0.14352202415466309 1.8897032737731934 0.20512820512820512 1.0
0 1 5.69077303724795 0.19679474830627441 2.0864980220794678 0.18604651162790697 1.0
0 1 4.956741320068812 0.16736292839050293 2.2538609504699707 0.1777777777777778 1.0
0 1 4.317389632878279 0.21054887771606445 2.464409828186035 0.16666666666666666 1.0
0 1 3.7605055496069455 1.9068870544433594 4.3712968826293945 0.1702127659574468 1.0
0 1 3.2754518797500736 0.4530069828033447 4.824303865432739 0.1702127659574468 1.0
0 1 2.8529634845718124 0.2458207607269287 5.070124626159668 0.16666666666666666 1.0
0 1 2.4849703012340436 0.18608689308166504 5.256211519241333 0.163265306122449 1.0
0 1 2.1644431943866964 0.35016798973083496 5.606379508972168 0.163265306122449 1.0
0 1 1.8852596907900219 0.19801998138427734 5.804399490356445 0.163265306122449 1.0
0 1 1.6420870323301746 0.1825551986694336 5.986954689025879 0.163265306122449 1.0
0 1 1.4302803135927475 0.16772890090942383 6.154683589935303 0.163265306122449 1.0
0 1 1.2457937582930971 0.1539149284362793 6.308598518371582 0.163265306122449 1.0
0 1 1.0851034398309916 0.7046480178833008 7.013246536254883 0.1568627450980392 1.0
0 1 0.945139969834425 0.6877701282501221 7.701016664505005 0.1568627450980392 1.0
0 1 0.823229868958621 0.9037723541259766 8.604789018630981 0.1568627450980392 1.0
0 1 0.7170445000483404 1.520639181137085 10.125428199768066 0.15384615384615383 1.0
0 1 0.624555588222246 1.710212230682373 11.83564043045044 0.1509433962264151 1.0
0 1 0.5439964782567033 1.1655449867248535 13.001185417175293 0.1509433962264151 1.0
0 1 0.4738283892360109 1.0275189876556396 14.028704404830933 0.1509433962264151 1.0
0 1 0.4127110218901976 1.041363000869751 15.070067405700684 0.1481481481481481 1.0
0 1 0.3594769571833539 1.0006039142608643 16.070671319961548 0.1481481481481481 1.0
0 0.1 130.20161032759302 0.0004928112030029297 16.07116413116455 0.0 1.0
0 0.1 113.40738729625762 0.0004868507385253906 16.071650981903076 0.0 1.0
0 0.1 98.77938883400856 0.0005080699920654297 16.07215905189514 0.0 1.0
0 0.1 86.03820166433057 0.0005090236663818359 16.072668075561523 0.0 1.0
0 0.1 74.9404529934022 0.0005910396575927734 16.073259115219116 0.0 1.0
0 0.1 65.27416178184274 0.0005786418914794922 16.073837757110596 0.0 1.0
0 0.1 56.854689638682785 0.0006158351898193359 16.074453592300415 0.0 1.0
0 0.1 49.52121399451067 0.01366114616394043 16.088114738464355 0.5714285714285715 1.0
0 0.1 43.13365618693992 0.009917974472045898 16.0980327129364 0.5714285714285715 1.0
0 0.1 37.570005780944214 0.009469985961914062 16.107502698898315 0.5714285714285715 1.0
0 0.1 32.7239900151928 0.008944988250732422 16.116447687149048 0.5714285714285715 1.0
0 0.1 28.503043857863506 0.00892496109008789 16.125372648239136 0.5714285714285715 1.0
0 0.1 24.826541897430772 0.00790715217590332 16.13327980041504 0.5714285714285715 1.0
0 0.1 21.624258295306348 0.0074040889739990234 16.140683889389038 0.5714285714285715 1.0
0 0.1 18.835025383479486 0.010554075241088867 16.151237964630127 0.7499999999999999 1.0
0 0.1 16.405565284674683 0.008420944213867188 16.159658908843994 0.7499999999999999 1.0
0 0.1 14.289472237493916 0.008353710174560547 16.168012619018555 0.7499999999999999 1.0
0 0.1 12.446326187665905 0.007859945297241211 16.175872564315796 0.7499999999999999 1.0
0 0.1 10.840920713874212 0.007835865020751953 16.183708429336548 0.7499999999999999 1.0
0 0.1 9.44259054057033 0.007945060729980469 16.19165349006653 0.7499999999999999 1.0
0 0.1 8.224625792416147 0.006278038024902344 16.19793152809143 0.7499999999999999 1.0
0 0.1 7.163761801874259 0.009064197540283203 16.206995725631714 0.7499999999999999 1.0
0 0.1 6.239734724625884 0.011849403381347656 16.21884512901306 0.7272727272727272 1.0
0 0.1 5.43489447450858 0.009196043014526367 16.228041172027588 0.7272727272727272 1.0
0 0.1 4.733867584541418 0.008178949356079102 16.236220121383667 0.7272727272727272 1.0
0 0.1 4.123263554256632 0.024805068969726562 16.261025190353394 0.6153846153846154 1.0
0 0.1 3.591419074200402 0.021515846252441406 16.282541036605835 0.5714285714285714 1.0
0 0.1 3.128175241967003 0.04507875442504883 16.327619791030884 0.4210526315789473 1.0
0 0.1 2.7246835143108377 0.022693872451782227 16.350313663482666 0.4210526315789473 1.0
0 0.1 2.373236688776134 0.037200212478637695 16.387513875961304 0.38095238095238093 1.0
0 0.1 2.0671216863796724 0.0632929801940918 16.450806856155396 0.3478260869565218 1.0
0 0.1 1.8004913233094775 0.1476280689239502 16.598434925079346 0.32000000000000006 1.0
0 0.1 1.5682526223167341 0.17464685440063477 16.77308177947998 0.2857142857142857 1.0
0 0.1 1.3659695304072161 0.12557482719421387 16.898656606674194 0.27586206896551724 1.0
0 0.1 1.1897781846170337 0.15387678146362305 17.052533388137817 0.25806451612903225 1.0
0 0.1 1.036313107341863 0.08045792579650879 17.132991313934326 0.25806451612903225 1.0
0 0.1 0.9026429214570189 0.10881209373474121 17.241803407669067 0.24242424242424243 1.0
0 0.1 0.786214357305898 0.13048005104064941 17.372283458709717 0.2352941176470588 1.0
0 0.1 0.6848034820193963 0.07957196235656738 17.451855421066284 0.2352941176470588 1.0
0 0.1 0.5964732195846044 0.3651859760284424 17.817041397094727 0.2285714285714286 1.0
0 0.1 0.5195363502423698 0.4681398868560791 18.285181283950806 0.2222222222222222 1.0
0 0.1 0.4525232824553942 0.6062901020050049 18.89147138595581 0.20512820512820512 1.0
0 0.1 0.3941539818506903 0.8790946006774902 19.7705659866333 0.19999999999999998 1.0
0 0.1 0.34331352094368267 0.42290425300598145 20.193470239639282 0.19512195121951217 1.0
0 0.1 0.2990307826127625 0.3646390438079834 20.558109283447266 0.19047619047619047 1.0
0 0.1 0.2604599105337001 0.6438603401184082 21.201969623565674 0.18181818181818182 1.0
0 0.1 0.22686415225376097 0.3748202323913574 21.57678985595703 0.18181818181818182 1.0
0 0.1 0.19760178628779224 0.16838622093200684 21.745176076889038 0.18181818181818182 1.0
0 0.1 0.17211386442601356 0.11430692672729492 21.859483003616333 0.18181818181818182 1.0
0 0.1 0.14991353511608546 1.9262030124664307 23.785686016082764 0.1739130434782609 1.0
0 0.01 28.211963230963963 0.0005910396575927734 23.786277055740356 0.0 1.0
0 0.01 24.573006681497752 0.012145280838012695 23.79842233657837 0.5714285714285715 1.0
0 0.01 21.403425646968028 0.00826716423034668 23.806689500808716 0.5714285714285715 1.0
0 0.01 18.642677119777133 0.008301019668579102 23.814990520477295 0.5714285714285715 1.0
0 0.01 16.238027310431736 0.007889032363891602 23.822879552841187 0.5714285714285715 1.0
0 0.01 14.143544365449966 0.007909059524536133 23.830788612365723 0.5714285714285715 1.0
0 0.01 12.319221010851523 0.0074481964111328125 23.838236808776855 0.5714285714285715 1.0
0 0.01 10.730210362611421 0.006857156753540039 23.845093965530396 0.5714285714285715 1.0
0 0.01 9.346160307090315 0.009990930557250977 23.855084896087646 0.7499999999999999 1.0
0 0.01 8.140633737265514 0.0078051090240478516 23.862890005111694 0.7499999999999999 1.0
0 0.01 7.090603570541246 0.0074100494384765625 23.87030005455017 0.7499999999999999 1.0
0 0.01 6.176012902339531 0.0073201656341552734 23.877620220184326 0.7499999999999999 1.0
0 0.01 5.379391893848717 0.007339000701904297 23.88495922088623 0.7499999999999999 1.0
0 0.01 4.685524076001097 0.007478952407836914 23.892438173294067 0.7499999999999999 1.0
0 0.01 4.081155695663349 0.006903648376464844 23.899341821670532 0.7499999999999999 1.0
0 0.01 3.554742552184356 0.00701594352722168 23.906357765197754 0.7499999999999999 1.0
0 0.01 3.09622948855821 0.005377769470214844 23.91173553466797 0.7499999999999999 1.0
0 0.01 2.6968583252045994 0.005300045013427734 23.917035579681396 0.7499999999999999 1.0
0 0.01 2.349000567658869 0.007507801055908203 23.924543380737305 0.7499999999999999 1.0
0 0.01 2.046011692676912 0.012154102325439453 23.936697483062744 0.7272727272727272 1.0
0 0.01 1.7821042294352372 0.007608175277709961 23.944305658340454 0.7272727272727272 1.0
0 0.01 1.5522372115164986 0.0076847076416015625 23.951990365982056 0.7272727272727272 1.0
0 0.01 1.3520198880735976 0.021193981170654297 23.97318434715271 0.6153846153846154 1.0
0 0.01 1.1776278549337647 0.014835834503173828 23.988020181655884 0.6153846153846154 1.0
0 0.01 1.0257300036406054 0.02979588508605957 24.017816066741943 0.4210526315789473 1.0
0 0.01 0.8934248930683893 0.016719818115234375 24.034535884857178 0.4210526315789473 1.0
0 0.01 0.7781853282259436 0.01566791534423828 24.050203800201416 0.4210526315789473 1.0
0 0.01 0.6778100876351608 0.01619100570678711 24.066394805908203 0.4210526315789473 1.0
0 0.01 0.590381877216004 0.03718686103820801 24.10358166694641 0.3636363636363636 1.0
0 0.01 0.5142307075440048 0.030437946319580078 24.13401961326599 0.3636363636363636 1.0
0 0.01 0.44790199493955546 0.05889296531677246 24.192912578582764 0.3076923076923077 1.0
0 0.01 0.39012877707943217 0.05379676818847656 24.24670934677124 0.2962962962962963 1.0
0 0.01 0.33980751241358653 0.052413225173950195 24.29912257194519 0.2857142857142857 1.0
0 0.01 0.2959770011254507 0.03346371650695801 24.33258628845215 0.2857142857142857 1.0
0 0.01 0.2578000249994245 0.032872915267944336 24.365459203720093 0.2857142857142857 1.0
0 0.01 0.22454735549379537 0.06334304809570312 24.428802251815796 0.25806451612903225 1.0
0 0.01 0.19558382455304058 0.04575395584106445 24.47455620765686 0.25806451612903225 1.0
0 0.01 0.1703561920944177 0.04571819305419922 24.52027440071106 0.25806451612903225 1.0
0 0.01 0.14838257842248037 0.045272111892700195 24.56554651260376 0.25806451612903225 1.0
0 0.01 0.12924325971726744 0.04372572898864746 24.609272241592407 0.25806451612903225 1.0
0 0.01 0.1125726507783501 0.04178500175476074 24.651057243347168 0.25806451612903225 1.0
0 0.01 0.09805232188500161 0.03518795967102051 24.68624520301819 0.25806451612903225 1.0
0 0.01 0.08540491638568569 0.21528196334838867 24.901527166366577 0.2105263157894737 1.0
0 0.01 0.07438885283512764 0.2585618495941162 25.160089015960693 0.21621621621621623 1.0
0 0.01 0.06479371048308594 0.09680700302124023 25.256896018981934 0.21621621621621623 1.0
0 0.01 0.056436209971818335 0.08639383316040039 25.343289852142334 0.21621621621621623 1.0
0 0.01 0.049156712468482675 0.1402280330657959 25.48351788520813 0.2105263157894737 1.0
0 0.01 0.0428161703614703 0.07561087608337402 25.559128761291504 0.2105263157894737 1.0
0 0.01 0.03729347127511503 0.14827322959899902 25.707401990890503 0.20512820512820512 1.0
0 0.01 0.032483124670098805 0.1623380184173584 25.86974000930786 0.19999999999999998 1.0
