[216.40736058 188.4937774  164.18066384 143.00360867 124.55810333
 108.49181534  94.49785828  82.30892987  71.69220614  62.44489425
  54.39035884  47.37474809  41.26405496  35.94155748  31.30558923
  27.26759733  23.75045104  20.68696841  18.01863304  15.69447636
  13.67010404  11.906848    10.37102782   9.03330739   7.86813455
   6.85325305   5.96927734   5.19932239   4.52868107   3.94454329
   3.43575127   2.99258645   2.60658382   2.27037024   1.9775236
   1.72245016   1.5002777    1.30676244   1.138208     0.99139477
   0.86351843   0.75213639   0.65512111   0.57061946   0.49701737
   0.43290895   0.37706963   0.32843281   0.28606948   0.24917044]0 1 312.2098259152708 0.0005421638488769531 0.0005421638488769531 0.0 1.0
0 1 271.93903789811014 0.0005826950073242188 0.0011248588562011719 0.0 1.0
0 1 236.8626295349813 0.0049588680267333984 0.00608372688293457 0.33333333333333337 1.0
0 1 206.31059705097118 0.0222780704498291 0.028361797332763672 0.5714285714285715 1.0
0 1 179.69935797424765 0.014230966567993164 0.042592763900756836 0.5714285714285715 1.0
0 1 156.52060397255676 0.011526346206665039 0.054119110107421875 0.5714285714285715 1.0
0 1 136.33159152101595 0.010107040405273438 0.06422615051269531 0.5714285714285715 1.0
0 1 118.74668494067365 0.00977015495300293 0.07399630546569824 0.7499999999999999 1.0
0 1 103.42999026917344 0.009141921997070312 0.08313822746276855 0.7499999999999999 1.0
0 1 90.08893926113359 0.008855104446411133 0.09199333190917969 0.7499999999999999 1.0
0 1 78.46870096453189 0.008388996124267578 0.10038232803344727 0.7499999999999999 1.0
0 1 68.34731412713553 0.008328914642333984 0.10871124267578125 0.7499999999999999 1.0
0 1 59.53144745577994 0.011580944061279297 0.12029218673706055 0.6666666666666665 1.0
0 1 51.85270674408604 0.008343935012817383 0.12863612174987793 0.7272727272727272 1.0
0 1 45.16441833008278 0.008698225021362305 0.13733434677124023 0.7272727272727272 1.0
0 1 39.33882744370648 0.011615991592407227 0.14895033836364746 0.6153846153846154 1.0
0 1 34.26465792907022 0.015960693359375 0.16491103172302246 0.47058823529411764 1.0
0 1 29.84498672911064 0.026549100875854492 0.19146013259887695 0.3636363636363636 1.0
0 1 25.99539253258091 0.028744935989379883 0.22020506858825684 0.3076923076923077 1.0
0 1 22.642343220204207 0.07845711708068848 0.2986621856689453 0.26666666666666666 1.0
0 1 19.721791308170232 0.09934496879577637 0.3980071544647217 0.27586206896551724 1.0
0 1 17.177950560167822 0.16219019889831543 0.5601973533630371 0.26666666666666666 1.0
0 1 14.962230399696251 0.14117813110351562 0.7013754844665527 0.24242424242424243 1.0
0 1 13.03230776858211 0.12451505661010742 0.8258905410766602 0.2222222222222222 1.0
0 1 11.351318703025308 0.13786578178405762 0.9637563228607178 0.2222222222222222 1.0
0 1 9.887154185253786 0.1159830093383789 1.0797393321990967 0.21621621621621623 1.0
0 1 8.611846820663045 0.12511324882507324 1.20485258102417 0.20512820512820512 1.0
0 1 7.501036625197576 0.126115083694458 1.330967664718628 0.19999999999999998 1.0
0 1 6.53350571883761 0.10525012016296387 1.4362177848815918 0.20512820512820512 1.0
0 1 5.69077303724795 0.13394808769226074 1.5701658725738525 0.18604651162790697 1.0
0 1 4.956741320068812 0.11451292037963867 1.6846787929534912 0.1777777777777778 1.0
0 1 4.317389632878279 0.13820505142211914 1.8228838443756104 0.1702127659574468 1.0
0 1 3.7605055496069455 1.5828120708465576 3.405695915222168 0.1702127659574468 1.0
0 1 3.2754518797500736 0.34290289878845215 3.74859881401062 0.1702127659574468 1.0
0 1 2.8529634845718124 0.12698817253112793 3.875586986541748 0.16666666666666666 1.0
0 1 2.4849703012340436 0.08778691291809082 3.963373899459839 0.163265306122449 1.0
0 1 2.1644431943866964 0.2489018440246582 4.212275743484497 0.163265306122449 1.0
0 1 1.8852596907900219 0.10773086547851562 4.320006608963013 0.163265306122449 1.0
0 1 1.6420870323301746 0.09361529350280762 4.41362190246582 0.163265306122449 1.0
0 1 1.4302803135927475 0.08124494552612305 4.494866847991943 0.163265306122449 1.0
0 1 1.2457937582930971 0.0798959732055664 4.57476282119751 0.163265306122449 1.0
0 1 1.0851034398309916 0.39745092391967773 4.9722137451171875 0.1568627450980392 1.0
0 1 0.945139969834425 0.3980538845062256 5.370267629623413 0.1568627450980392 1.0
0 1 0.823229868958621 0.6954240798950195 6.065691709518433 0.1568627450980392 1.0
0 1 0.7170445000483404 1.0367352962493896 7.102427005767822 0.1509433962264151 1.0
0 1 0.624555588222246 1.1144356727600098 8.216862678527832 0.1509433962264151 1.0
0 1 0.5439964782567033 0.6212842464447021 8.838146924972534 0.1509433962264151 1.0
0 1 0.4738283892360109 0.4838230609893799 9.321969985961914 0.1509433962264151 1.0
0 1 0.4127110218901976 0.45650172233581543 9.77847170829773 0.1481481481481481 1.0
0 1 0.3594769571833539 0.45691585540771484 10.235387563705444 0.1481481481481481 1.0
0 0.1 130.20161032759302 0.0004911422729492188 10.235878705978394 0.0 1.0
0 0.1 113.40738729625762 0.0004851818084716797 10.236363887786865 0.0 1.0
0 0.1 98.77938883400856 0.0005180835723876953 10.236881971359253 0.0 1.0
0 0.1 86.03820166433057 0.0005300045013427734 10.237411975860596 0.0 1.0
0 0.1 74.9404529934022 0.0005710124969482422 10.237982988357544 0.0 1.0
0 0.1 65.27416178184274 0.0005650520324707031 10.238548040390015 0.0 1.0
0 0.1 56.854689638682785 0.0006101131439208984 10.239158153533936 0.0 1.0
0 0.1 49.52121399451067 0.011533260345458984 10.250691413879395 0.5714285714285715 1.0
0 0.1 43.13365618693992 0.008541107177734375 10.259232521057129 0.5714285714285715 1.0
0 0.1 37.570005780944214 0.008193016052246094 10.267425537109375 0.5714285714285715 1.0
0 0.1 32.7239900151928 0.007522106170654297 10.27494764328003 0.5714285714285715 1.0
0 0.1 28.503043857863506 0.0068700313568115234 10.28181767463684 0.5714285714285715 1.0
0 0.1 24.826541897430772 0.005959749221801758 10.287777423858643 0.5714285714285715 1.0
0 0.1 21.624258295306348 0.005880117416381836 10.293657541275024 0.5714285714285715 1.0
0 0.1 18.835025383479486 0.009111166000366211 10.30276870727539 0.7499999999999999 1.0
0 0.1 16.405565284674683 0.007050037384033203 10.309818744659424 0.7499999999999999 1.0
0 0.1 14.289472237493916 0.006482839584350586 10.316301584243774 0.7499999999999999 1.0
0 0.1 12.446326187665905 0.006361246109008789 10.322662830352783 0.7499999999999999 1.0
0 0.1 10.840920713874212 0.006297111511230469 10.328959941864014 0.7499999999999999 1.0
0 0.1 9.44259054057033 0.006511211395263672 10.335471153259277 0.7499999999999999 1.0
0 0.1 8.224625792416147 0.00481104850769043 10.340282201766968 0.7499999999999999 1.0
0 0.1 7.163761801874259 0.006345033645629883 10.346627235412598 0.7499999999999999 1.0
0 0.1 6.239734724625884 0.009367942810058594 10.355995178222656 0.7272727272727272 1.0
0 0.1 5.43489447450858 0.007034778594970703 10.363029956817627 0.7272727272727272 1.0
0 0.1 4.733867584541418 0.006116151809692383 10.36914610862732 0.7272727272727272 1.0
0 0.1 4.123263554256632 0.01933598518371582 10.388482093811035 0.6153846153846154 1.0
0 0.1 3.591419074200402 0.01684284210205078 10.405324935913086 0.5714285714285714 1.0
0 0.1 3.128175241967003 0.03748607635498047 10.442811012268066 0.4210526315789473 1.0
0 0.1 2.7246835143108377 0.015479087829589844 10.458290100097656 0.4210526315789473 1.0
0 0.1 2.373236688776134 0.031636953353881836 10.489927053451538 0.38095238095238093 1.0
0 0.1 2.0671216863796724 0.05093502998352051 10.540862083435059 0.3478260869565218 1.0
0 0.1 1.8004913233094775 0.12208104133605957 10.662943124771118 0.32000000000000006 1.0
0 0.1 1.5682526223167341 0.1788947582244873 10.841837882995605 0.2857142857142857 1.0
0 0.1 1.3659695304072161 0.0988471508026123 10.940685033798218 0.27586206896551724 1.0
0 0.1 1.1897781846170337 0.10489606857299805 11.045581102371216 0.25806451612903225 1.0
0 0.1 1.036313107341863 0.058836936950683594 11.1044180393219 0.25806451612903225 1.0
0 0.1 0.9026429214570189 0.07623696327209473 11.180655002593994 0.24242424242424243 1.0
0 0.1 0.786214357305898 0.10076212882995605 11.28141713142395 0.2352941176470588 1.0
0 0.1 0.6848034820193963 0.0548090934753418 11.336226224899292 0.2352941176470588 1.0
0 0.1 0.5964732195846044 0.28996992111206055 11.626196146011353 0.2285714285714286 1.0
0 0.1 0.5195363502423698 0.35035276412963867 11.976548910140991 0.2222222222222222 1.0
0 0.1 0.4525232824553942 0.5455031394958496 12.52205204963684 0.20512820512820512 1.0
0 0.1 0.3941539818506903 0.8005380630493164 13.322590112686157 0.19999999999999998 1.0
0 0.1 0.34331352094368267 0.26806187629699707 13.590651988983154 0.19512195121951217 1.0
0 0.1 0.2990307826127625 0.31872987747192383 13.909381866455078 0.19047619047619047 1.0
0 0.1 0.2604599105337001 0.3665590286254883 14.275940895080566 0.18604651162790697 1.0
0 0.1 0.22686415225376097 0.15762710571289062 14.433568000793457 0.18181818181818182 1.0
0 0.1 0.19760178628779224 0.0790567398071289 14.512624740600586 0.18181818181818182 1.0
0 0.1 0.17211386442601356 0.05532526969909668 14.567950010299683 0.18181818181818182 1.0
0 0.1 0.14991353511608546 1.068833827972412 15.636783838272095 0.1739130434782609 1.0
0 0.01 28.211963230963963 0.0006160736083984375 15.637399911880493 0.0 1.0
0 0.01 24.573006681497752 0.010003328323364258 15.647403240203857 0.5714285714285715 1.0
0 0.01 21.403425646968028 0.007039070129394531 15.654442310333252 0.5714285714285715 1.0
0 0.01 18.642677119777133 0.0068149566650390625 15.661257266998291 0.5714285714285715 1.0
0 0.01 16.238027310431736 0.006803989410400391 15.668061256408691 0.5714285714285715 1.0
0 0.01 14.143544365449966 0.006666660308837891 15.67472791671753 0.5714285714285715 1.0
0 0.01 12.319221010851523 0.006257057189941406 15.68098497390747 0.5714285714285715 1.0
0 0.01 10.730210362611421 0.005302906036376953 15.686287879943848 0.5714285714285715 1.0
0 0.01 9.346160307090315 0.007918119430541992 15.69420599937439 0.7499999999999999 1.0
0 0.01 8.140633737265514 0.005784034729003906 15.699990034103394 0.7499999999999999 1.0
0 0.01 7.090603570541246 0.0058057308197021484 15.705795764923096 0.7499999999999999 1.0
0 0.01 6.176012902339531 0.006138801574707031 15.711934566497803 0.7499999999999999 1.0
0 0.01 5.379391893848717 0.005974769592285156 15.717909336090088 0.7499999999999999 1.0
0 0.01 4.685524076001097 0.005227088928222656 15.72313642501831 0.7499999999999999 1.0
0 0.01 4.081155695663349 0.005349159240722656 15.728485584259033 0.7499999999999999 1.0
0 0.01 3.554742552184356 0.005563020706176758 15.73404860496521 0.7499999999999999 1.0
0 0.01 3.09622948855821 0.0038318634033203125 15.73788046836853 0.7499999999999999 1.0
0 0.01 2.6968583252045994 0.0037567615509033203 15.741637229919434 0.7499999999999999 1.0
0 0.01 2.349000567658869 0.0053598880767822266 15.746997117996216 0.7499999999999999 1.0
0 0.01 2.046011692676912 0.00937199592590332 15.75636911392212 0.7272727272727272 1.0
0 0.01 1.7821042294352372 0.005507230758666992 15.761876344680786 0.7272727272727272 1.0
0 0.01 1.5522372115164986 0.005599021911621094 15.767475366592407 0.7272727272727272 1.0
0 0.01 1.3520198880735976 0.017177104949951172 15.784652471542358 0.6153846153846154 1.0
0 0.01 1.1776278549337647 0.010843992233276367 15.795496463775635 0.6153846153846154 1.0
0 0.01 1.0257300036406054 0.02420973777770996 15.819706201553345 0.4210526315789473 1.0
0 0.01 0.8934248930683893 0.011569023132324219 15.831275224685669 0.4210526315789473 1.0
0 0.01 0.7781853282259436 0.010345935821533203 15.841621160507202 0.4210526315789473 1.0
0 0.01 0.6778100876351608 0.01117706298828125 15.852798223495483 0.4210526315789473 1.0
0 0.01 0.590381877216004 0.02741098403930664 15.88020920753479 0.3636363636363636 1.0
0 0.01 0.5142307075440048 0.019461870193481445 15.899671077728271 0.3636363636363636 1.0
0 0.01 0.44790199493955546 0.04307675361633301 15.942747831344604 0.3076923076923077 1.0
0 0.01 0.39012877707943217 0.03905677795410156 15.981804609298706 0.2962962962962963 1.0
0 0.01 0.33980751241358653 0.043160200119018555 16.024964809417725 0.2857142857142857 1.0
0 0.01 0.2959770011254507 0.023775815963745117 16.04874062538147 0.2857142857142857 1.0
0 0.01 0.2578000249994245 0.0229952335357666 16.071735858917236 0.2857142857142857 1.0
0 0.01 0.22454735549379537 0.04856300354003906 16.120298862457275 0.25806451612903225 1.0
0 0.01 0.19558382455304058 0.03166699409484863 16.151965856552124 0.25806451612903225 1.0
0 0.01 0.1703561920944177 0.030805110931396484 16.18277096748352 0.25806451612903225 1.0
0 0.01 0.14838257842248037 0.029243946075439453 16.21201491355896 0.25806451612903225 1.0
0 0.01 0.12924325971726744 0.028332948684692383 16.240347862243652 0.25806451612903225 1.0
0 0.01 0.1125726507783501 0.027248144149780273 16.267596006393433 0.25806451612903225 1.0
0 0.01 0.09805232188500161 0.022214889526367188 16.2898108959198 0.25806451612903225 1.0
0 0.01 0.08540491638568569 0.18005609512329102 16.46986699104309 0.2105263157894737 1.0
0 0.01 0.07438885283512764 0.20967698097229004 16.67954397201538 0.21621621621621623 1.0
0 0.01 0.06479371048308594 0.0530550479888916 16.732599020004272 0.21621621621621623 1.0
0 0.01 0.056436209971818335 0.05115509033203125 16.783754110336304 0.21621621621621623 1.0
0 0.01 0.049156712468482675 0.10428595542907715 16.88804006576538 0.2105263157894737 1.0
0 0.01 0.0428161703614703 0.033396244049072266 16.921436309814453 0.2105263157894737 1.0
0 0.01 0.03729347127511503 0.1035161018371582 17.02495241165161 0.20512820512820512 1.0
0 0.01 0.032483124670098805 0.11087918281555176 17.135831594467163 0.19999999999999998 1.0
