[216.40736058 188.4937774  164.18066384 143.00360867 124.55810333
 108.49181534  94.49785828  82.30892987  71.69220614  62.44489425
  54.39035884  47.37474809  41.26405496  35.94155748  31.30558923
  27.26759733  23.75045104  20.68696841  18.01863304  15.69447636
  13.67010404  11.906848    10.37102782   9.03330739   7.86813455
   6.85325305   5.96927734   5.19932239   4.52868107   3.94454329
   3.43575127   2.99258645   2.60658382   2.27037024   1.9775236
   1.72245016   1.5002777    1.30676244   1.138208     0.99139477
   0.86351843   0.75213639   0.65512111   0.57061946   0.49701737
   0.43290895   0.37706963   0.32843281   0.28606948   0.24917044]0 1 312.2098259152708 0.0005040168762207031 0.0005040168762207031 0.0 1.0
0 1 271.93903789811014 0.0005240440368652344 0.0010280609130859375 0.0 1.0
0 1 236.8626295349813 0.006351947784423828 0.007380008697509766 0.33333333333333337 1.0
0 1 206.31059705097118 0.03946995735168457 0.046849966049194336 0.5714285714285715 1.0
0 1 179.69935797424765 0.021378040313720703 0.06822800636291504 0.5714285714285715 1.0
0 1 156.52060397255676 0.017334699630737305 0.08556270599365234 0.5714285714285715 1.0
0 1 136.33159152101595 0.015027046203613281 0.10058975219726562 0.5714285714285715 1.0
0 1 118.74668494067365 0.014416933059692383 0.11500668525695801 0.7499999999999999 1.0
0 1 103.42999026917344 0.013267755508422852 0.12827444076538086 0.7499999999999999 1.0
0 1 90.08893926113359 0.01273965835571289 0.14101409912109375 0.7499999999999999 1.0
0 1 78.46870096453189 0.012265920639038086 0.15328001976013184 0.7499999999999999 1.0
0 1 68.34731412713553 0.011689901351928711 0.16496992111206055 0.7499999999999999 1.0
0 1 59.53144745577994 0.018659114837646484 0.18362903594970703 0.6666666666666665 1.0
0 1 51.85270674408604 0.01276707649230957 0.1963961124420166 0.7272727272727272 1.0
0 1 45.16441833008278 0.013502836227416992 0.2098989486694336 0.7272727272727272 1.0
0 1 39.33882744370648 0.017894744873046875 0.22779369354248047 0.6153846153846154 1.0
0 1 34.26465792907022 0.029713153839111328 0.2575068473815918 0.47058823529411764 1.0
0 1 29.84498672911064 0.04423189163208008 0.3017387390136719 0.3636363636363636 1.0
0 1 25.99539253258091 0.05776691436767578 0.35950565338134766 0.3076923076923077 1.0
0 1 22.642343220204207 0.15555500984191895 0.5150606632232666 0.26666666666666666 1.0
0 1 19.721791308170232 0.199995756149292 0.7150564193725586 0.27586206896551724 1.0
0 1 17.177950560167822 0.255634069442749 0.9706904888153076 0.26666666666666666 1.0
0 1 14.962230399696251 0.23467087745666504 1.2053613662719727 0.24242424242424243 1.0
0 1 13.03230776858211 0.19942831993103027 1.404789686203003 0.2222222222222222 1.0
0 1 11.351318703025308 0.24887800216674805 1.653667688369751 0.2222222222222222 1.0
0 1 9.887154185253786 0.19636106491088867 1.8500287532806396 0.21621621621621623 1.0
0 1 8.611846820663045 0.19771790504455566 2.0477466583251953 0.20512820512820512 1.0
0 1 7.501036625197576 0.23062610626220703 2.2783727645874023 0.19999999999999998 1.0
0 1 6.53350571883761 0.19215106964111328 2.4705238342285156 0.20512820512820512 1.0
0 1 5.69077303724795 0.2621777057647705 2.732701539993286 0.18604651162790697 1.0
0 1 4.956741320068812 0.23309683799743652 2.9657983779907227 0.1777777777777778 1.0
0 1 4.317389632878279 0.29462289810180664 3.2604212760925293 0.16666666666666666 1.0
0 1 3.7605055496069455 2.2458250522613525 5.506246328353882 0.1702127659574468 1.0
0 1 3.2754518797500736 0.5319859981536865 6.038232326507568 0.1702127659574468 1.0
0 1 2.8529634845718124 0.3702418804168701 6.4084742069244385 0.16666666666666666 1.0
0 1 2.4849703012340436 0.3081936836242676 6.716667890548706 0.163265306122449 1.0
0 1 2.1644431943866964 0.4544708728790283 7.171138763427734 0.163265306122449 1.0
0 1 1.8852596907900219 0.30064892768859863 7.471787691116333 0.163265306122449 1.0
0 1 1.6420870323301746 0.2826969623565674 7.7544846534729 0.163265306122449 1.0
0 1 1.4302803135927475 0.25791001319885254 8.012394666671753 0.163265306122449 1.0
0 1 1.2457937582930971 0.244797945022583 8.257192611694336 0.163265306122449 1.0
0 1 1.0851034398309916 1.041593313217163 9.298785924911499 0.1568627450980392 1.0
0 1 0.945139969834425 1.0135900974273682 10.312376022338867 0.1568627450980392 1.0
0 1 0.823229868958621 1.1664137840270996 11.478789806365967 0.1568627450980392 1.0
0 1 0.7170445000483404 2.048205852508545 13.526995658874512 0.15384615384615383 1.0
0 1 0.624555588222246 2.442812919616699 15.969808578491211 0.1509433962264151 1.0
0 1 0.5439964782567033 1.84318208694458 17.81299066543579 0.1509433962264151 1.0
0 1 0.4738283892360109 1.6699960231781006 19.48298668861389 0.1509433962264151 1.0
0 1 0.4127110218901976 1.7359628677368164 21.218949556350708 0.1481481481481481 1.0
0 1 0.3594769571833539 1.6219420433044434 22.84089159965515 0.1481481481481481 1.0
0 0.1 130.20161032759302 0.0004911422729492188 22.8413827419281 0.0 1.0
0 0.1 113.40738729625762 0.0004832744598388672 22.84186601638794 0.0 1.0
0 0.1 98.77938883400856 0.0005171298980712891 22.84238314628601 0.0 1.0
0 0.1 86.03820166433057 0.00051116943359375 22.842894315719604 0.0 1.0
0 0.1 74.9404529934022 0.0006349086761474609 22.843529224395752 0.0 1.0
0 0.1 65.27416178184274 0.0005869865417480469 22.8441162109375 0.0 1.0
0 0.1 56.854689638682785 0.0006330013275146484 22.844749212265015 0.0 1.0
0 0.1 49.52121399451067 0.016592979431152344 22.861342191696167 0.5714285714285715 1.0
0 0.1 43.13365618693992 0.012209177017211914 22.87355136871338 0.5714285714285715 1.0
0 0.1 37.570005780944214 0.01194906234741211 22.88550043106079 0.5714285714285715 1.0
0 0.1 32.7239900151928 0.011623144149780273 22.89712357521057 0.5714285714285715 1.0
0 0.1 28.503043857863506 0.010790109634399414 22.90791368484497 0.5714285714285715 1.0
0 0.1 24.826541897430772 0.009640216827392578 22.917553901672363 0.5714285714285715 1.0
0 0.1 21.624258295306348 0.009657859802246094 22.92721176147461 0.5714285714285715 1.0
0 0.1 18.835025383479486 0.013206958770751953 22.94041872024536 0.7499999999999999 1.0
0 0.1 16.405565284674683 0.010320901870727539 22.95073962211609 0.7499999999999999 1.0
0 0.1 14.289472237493916 0.010278940200805664 22.961018562316895 0.7499999999999999 1.0
0 0.1 12.446326187665905 0.010380983352661133 22.971399545669556 0.7499999999999999 1.0
0 0.1 10.840920713874212 0.009671926498413086 22.98107147216797 0.7499999999999999 1.0
0 0.1 9.44259054057033 0.009894132614135742 22.990965604782104 0.7499999999999999 1.0
0 0.1 8.224625792416147 0.008308887481689453 22.999274492263794 0.7499999999999999 1.0
0 0.1 7.163761801874259 0.011642932891845703 23.01091742515564 0.7499999999999999 1.0
0 0.1 6.239734724625884 0.014649152755737305 23.025566577911377 0.7272727272727272 1.0
0 0.1 5.43489447450858 0.012014150619506836 23.037580728530884 0.7272727272727272 1.0
0 0.1 4.733867584541418 0.009979248046875 23.04755997657776 0.7272727272727272 1.0
0 0.1 4.123263554256632 0.02960491180419922 23.077164888381958 0.6153846153846154 1.0
0 0.1 3.591419074200402 0.026781320571899414 23.103946208953857 0.5714285714285714 1.0
0 0.1 3.128175241967003 0.054306983947753906 23.15825319290161 0.4210526315789473 1.0
0 0.1 2.7246835143108377 0.029713869094848633 23.18796706199646 0.4210526315789473 1.0
0 0.1 2.373236688776134 0.0444180965423584 23.23238515853882 0.38095238095238093 1.0
0 0.1 2.0671216863796724 0.08047318458557129 23.31285834312439 0.3478260869565218 1.0
0 0.1 1.8004913233094775 0.1731703281402588 23.48602867126465 0.32000000000000006 1.0
0 0.1 1.5682526223167341 0.1887528896331787 23.674781560897827 0.2857142857142857 1.0
0 0.1 1.3659695304072161 0.15818500518798828 23.832966566085815 0.27586206896551724 1.0
0 0.1 1.1897781846170337 0.20803189277648926 24.040998458862305 0.25806451612903225 1.0
0 0.1 1.036313107341863 0.10455513000488281 24.145553588867188 0.25806451612903225 1.0
0 0.1 0.9026429214570189 0.14968299865722656 24.295236587524414 0.24242424242424243 1.0
0 0.1 0.786214357305898 0.1644608974456787 24.459697484970093 0.2352941176470588 1.0
0 0.1 0.6848034820193963 0.10745620727539062 24.567153692245483 0.2352941176470588 1.0
0 0.1 0.5964732195846044 0.4490349292755127 25.016188621520996 0.2285714285714286 1.0
0 0.1 0.5195363502423698 0.6055340766906738 25.62172269821167 0.2222222222222222 1.0
0 0.1 0.4525232824553942 0.6910140514373779 26.312736749649048 0.20512820512820512 1.0
0 0.1 0.3941539818506903 1.0053420066833496 27.318078756332397 0.19999999999999998 1.0
0 0.1 0.34331352094368267 0.560211181640625 27.878289937973022 0.19512195121951217 1.0
0 0.1 0.2990307826127625 0.42957186698913574 28.307861804962158 0.19047619047619047 1.0
0 0.1 0.2604599105337001 1.345350980758667 29.653212785720825 0.18181818181818182 1.0
0 0.1 0.22686415225376097 0.6438930034637451 30.29710578918457 0.18181818181818182 1.0
0 0.1 0.19760178628779224 0.3341178894042969 30.631223678588867 0.18181818181818182 1.0
0 0.1 0.17211386442601356 0.210892915725708 30.842116594314575 0.18181818181818182 1.0
0 0.1 0.14991353511608546 2.881856918334961 33.723973512649536 0.1739130434782609 1.0
0 0.01 28.211963230963963 0.0006017684936523438 33.72457528114319 0.0 1.0
0 0.01 24.573006681497752 0.014201164245605469 33.738776445388794 0.5714285714285715 1.0
0 0.01 21.403425646968028 0.010278940200805664 33.7490553855896 0.5714285714285715 1.0
0 0.01 18.642677119777133 0.010576009750366211 33.759631395339966 0.5714285714285715 1.0
0 0.01 16.238027310431736 0.010115861892700195 33.769747257232666 0.5714285714285715 1.0
0 0.01 14.143544365449966 0.010235071182250977 33.77998232841492 0.5714285714285715 1.0
0 0.01 12.319221010851523 0.009951353073120117 33.78993368148804 0.5714285714285715 1.0
0 0.01 10.730210362611421 0.008822917938232422 33.79875659942627 0.5714285714285715 1.0
0 0.01 9.346160307090315 0.011950254440307617 33.81070685386658 0.7499999999999999 1.0
0 0.01 8.140633737265514 0.009994029998779297 33.820700883865356 0.7499999999999999 1.0
0 0.01 7.090603570541246 0.009903192520141602 33.8306040763855 0.7499999999999999 1.0
0 0.01 6.176012902339531 0.009163618087768555 33.83976769447327 0.7499999999999999 1.0
0 0.01 5.379391893848717 0.009331941604614258 33.84909963607788 0.7499999999999999 1.0
0 0.01 4.685524076001097 0.009313106536865234 33.858412742614746 0.7499999999999999 1.0
0 0.01 4.081155695663349 0.009124994277954102 33.8675377368927 0.7499999999999999 1.0
0 0.01 3.554742552184356 0.008751869201660156 33.87628960609436 0.7499999999999999 1.0
0 0.01 3.09622948855821 0.008010149002075195 33.884299755096436 0.7499999999999999 1.0
0 0.01 2.6968583252045994 0.007120847702026367 33.89142060279846 0.7499999999999999 1.0
0 0.01 2.349000567658869 0.010030984878540039 33.901451587677 0.7499999999999999 1.0
0 0.01 2.046011692676912 0.013412714004516602 33.91486430168152 0.7272727272727272 1.0
0 0.01 1.7821042294352372 0.010248899459838867 33.92511320114136 0.7272727272727272 1.0
0 0.01 1.5522372115164986 0.00995492935180664 33.935068130493164 0.7272727272727272 1.0
0 0.01 1.3520198880735976 0.024898052215576172 33.95996618270874 0.6153846153846154 1.0
0 0.01 1.1776278549337647 0.018796920776367188 33.97876310348511 0.6153846153846154 1.0
0 0.01 1.0257300036406054 0.03461408615112305 34.01337718963623 0.4210526315789473 1.0
0 0.01 0.8934248930683893 0.02169203758239746 34.03506922721863 0.4210526315789473 1.0
0 0.01 0.7781853282259436 0.021036148071289062 34.05610537528992 0.4210526315789473 1.0
0 0.01 0.6778100876351608 0.022204875946044922 34.07831025123596 0.4210526315789473 1.0
0 0.01 0.590381877216004 0.044881343841552734 34.123191595077515 0.3636363636363636 1.0
0 0.01 0.5142307075440048 0.04002523422241211 34.16321682929993 0.3636363636363636 1.0
0 0.01 0.44790199493955546 0.07335424423217773 34.236571073532104 0.3076923076923077 1.0
0 0.01 0.39012877707943217 0.06519699096679688 34.3017680644989 0.2962962962962963 1.0
0 0.01 0.33980751241358653 0.06400585174560547 34.36577391624451 0.2857142857142857 1.0
0 0.01 0.2959770011254507 0.04544377326965332 34.41121768951416 0.2857142857142857 1.0
0 0.01 0.2578000249994245 0.04428601264953613 34.455503702163696 0.2857142857142857 1.0
0 0.01 0.22454735549379537 0.07716989517211914 34.532673597335815 0.25806451612903225 1.0
0 0.01 0.19558382455304058 0.0610661506652832 34.5937397480011 0.25806451612903225 1.0
0 0.01 0.1703561920944177 0.05776572227478027 34.65150547027588 0.25806451612903225 1.0
0 0.01 0.14838257842248037 0.056504011154174805 34.708009481430054 0.25806451612903225 1.0
0 0.01 0.12924325971726744 0.05607867240905762 34.76408815383911 0.25806451612903225 1.0
0 0.01 0.1125726507783501 0.054280996322631836 34.81836915016174 0.25806451612903225 1.0
0 0.01 0.09805232188500161 0.04636693000793457 34.86473608016968 0.25806451612903225 1.0
0 0.01 0.08540491638568569 0.2616147994995117 35.12635087966919 0.2105263157894737 1.0
0 0.01 0.07438885283512764 0.2923111915588379 35.41866207122803 0.21621621621621623 1.0
0 0.01 0.06479371048308594 0.13132405281066895 35.549986124038696 0.21621621621621623 1.0
0 0.01 0.056436209971818335 0.13080096244812012 35.680787086486816 0.21621621621621623 1.0
0 0.01 0.049156712468482675 0.18875622749328613 35.8695433139801 0.2105263157894737 1.0
0 0.01 0.0428161703614703 0.11640405654907227 35.985947370529175 0.2105263157894737 1.0
0 0.01 0.03729347127511503 0.2017381191253662 36.18768548965454 0.20512820512820512 1.0
0 0.01 0.032483124670098805 0.20945501327514648 36.39714050292969 0.19999999999999998 1.0
