[216.40736058 188.4937774  164.18066384 143.00360867 124.55810333
 108.49181534  94.49785828  82.30892987  71.69220614  62.44489425
  54.39035884  47.37474809  41.26405496  35.94155748  31.30558923
  27.26759733  23.75045104  20.68696841  18.01863304  15.69447636
  13.67010404  11.906848    10.37102782   9.03330739   7.86813455
   6.85325305   5.96927734   5.19932239   4.52868107   3.94454329
   3.43575127   2.99258645   2.60658382   2.27037024   1.9775236
   1.72245016   1.5002777    1.30676244   1.138208     0.99139477
   0.86351843   0.75213639   0.65512111   0.57061946   0.49701737
   0.43290895   0.37706963   0.32843281   0.28606948   0.24917044]0 1 312.2098259152708 0.0005953311920166016 0.0005953311920166016 0.0 1.0
0 1 271.93903789811014 0.0005917549133300781 0.0011870861053466797 0.0 1.0
0 1 236.8626295349813 0.004902362823486328 0.006089448928833008 0.33333333333333337 1.0
0 1 206.31059705097118 0.02208709716796875 0.028176546096801758 0.5714285714285715 1.0
0 1 179.69935797424765 0.013792991638183594 0.04196953773498535 0.5714285714285715 1.0
0 1 156.52060397255676 0.011436939239501953 0.053406476974487305 0.5714285714285715 1.0
0 1 136.33159152101595 0.009917020797729492 0.0633234977722168 0.5714285714285715 1.0
0 1 118.74668494067365 0.010066986083984375 0.07339048385620117 0.7499999999999999 1.0
0 1 103.42999026917344 0.00947117805480957 0.08286166191101074 0.7499999999999999 1.0
0 1 90.08893926113359 0.008822202682495117 0.09168386459350586 0.7499999999999999 1.0
0 1 78.46870096453189 0.00830388069152832 0.09998774528503418 0.7499999999999999 1.0
0 1 68.34731412713553 0.008190155029296875 0.10817790031433105 0.7499999999999999 1.0
0 1 59.53144745577994 0.011362075805664062 0.11953997611999512 0.6666666666666665 1.0
0 1 51.85270674408604 0.00852203369140625 0.12806200981140137 0.7272727272727272 1.0
0 1 45.16441833008278 0.00906229019165039 0.13712430000305176 0.7272727272727272 1.0
0 1 39.33882744370648 0.012134790420532227 0.14925909042358398 0.6153846153846154 1.0
0 1 34.26465792907022 0.01611018180847168 0.16536927223205566 0.47058823529411764 1.0
0 1 29.84498672911064 0.026422977447509766 0.19179224967956543 0.3636363636363636 1.0
0 1 25.99539253258091 0.028867006301879883 0.2206592559814453 0.3076923076923077 1.0
0 1 22.642343220204207 0.0793159008026123 0.2999751567840576 0.26666666666666666 1.0
0 1 19.721791308170232 0.10088682174682617 0.4008619785308838 0.27586206896551724 1.0
0 1 17.177950560167822 0.16294598579406738 0.5638079643249512 0.26666666666666666 1.0
0 1 14.962230399696251 0.14893102645874023 0.7127389907836914 0.24242424242424243 1.0
0 1 13.03230776858211 0.12958717346191406 0.8423261642456055 0.2222222222222222 1.0
0 1 11.351318703025308 0.14107799530029297 0.9834041595458984 0.2222222222222222 1.0
0 1 9.887154185253786 0.12164092063903809 1.1050450801849365 0.21621621621621623 1.0
0 1 8.611846820663045 0.12496089935302734 1.2300059795379639 0.20512820512820512 1.0
0 1 7.501036625197576 0.12645983695983887 1.3564658164978027 0.19999999999999998 1.0
0 1 6.53350571883761 0.10391497611999512 1.4603807926177979 0.20512820512820512 1.0
0 1 5.69077303724795 0.13580012321472168 1.5961809158325195 0.18604651162790697 1.0
0 1 4.956741320068812 0.12050628662109375 1.7166872024536133 0.1777777777777778 1.0
0 1 4.317389632878279 0.14416289329528809 1.8608500957489014 0.1702127659574468 1.0
0 1 3.7605055496069455 1.6345248222351074 3.495374917984009 0.1702127659574468 1.0
0 1 3.2754518797500736 0.34935712814331055 3.8447320461273193 0.1702127659574468 1.0
0 1 2.8529634845718124 0.14294767379760742 3.9876797199249268 0.16666666666666666 1.0
0 1 2.4849703012340436 0.08907008171081543 4.076749801635742 0.163265306122449 1.0
0 1 2.1644431943866964 0.2545280456542969 4.331277847290039 0.163265306122449 1.0
0 1 1.8852596907900219 0.10996603965759277 4.441243886947632 0.163265306122449 1.0
0 1 1.6420870323301746 0.09491300582885742 4.536156892776489 0.163265306122449 1.0
0 1 1.4302803135927475 0.08276772499084473 4.618924617767334 0.163265306122449 1.0
0 1 1.2457937582930971 0.07984113693237305 4.698765754699707 0.163265306122449 1.0
0 1 1.0851034398309916 0.40392208099365234 5.102687835693359 0.1568627450980392 1.0
0 1 0.945139969834425 0.4278838634490967 5.530571699142456 0.1568627450980392 1.0
0 1 0.823229868958621 0.7880561351776123 6.318627834320068 0.1568627450980392 1.0
0 1 0.7170445000483404 1.1853759288787842 7.5040037631988525 0.1509433962264151 1.0
0 1 0.624555588222246 1.206467866897583 8.710471630096436 0.1509433962264151 1.0
0 1 0.5439964782567033 0.6422741413116455 9.352745771408081 0.1509433962264151 1.0
0 1 0.4738283892360109 0.4972691535949707 9.850014925003052 0.1509433962264151 1.0
0 1 0.4127110218901976 0.4555211067199707 10.305536031723022 0.1481481481481481 1.0
0 1 0.3594769571833539 0.5007836818695068 10.80631971359253 0.1481481481481481 1.0
0 0.1 130.20161032759302 0.0005178451538085938 10.806837558746338 0.0 1.0
0 0.1 113.40738729625762 0.0005011558532714844 10.80733871459961 0.0 1.0
0 0.1 98.77938883400856 0.0005388259887695312 10.807877540588379 0.0 1.0
0 0.1 86.03820166433057 0.0005240440368652344 10.808401584625244 0.0 1.0
0 0.1 74.9404529934022 0.0005710124969482422 10.808972597122192 0.0 1.0
0 0.1 65.27416178184274 0.0006120204925537109 10.809584617614746 0.0 1.0
0 0.1 56.854689638682785 0.0006473064422607422 10.810231924057007 0.0 1.0
0 0.1 49.52121399451067 0.011985063552856445 10.822216987609863 0.5714285714285715 1.0
0 0.1 43.13365618693992 0.008893251419067383 10.83111023902893 0.5714285714285715 1.0
0 0.1 37.570005780944214 0.008199930191040039 10.83931016921997 0.5714285714285715 1.0
0 0.1 32.7239900151928 0.007559299468994141 10.846869468688965 0.5714285714285715 1.0
0 0.1 28.503043857863506 0.0068361759185791016 10.853705644607544 0.5714285714285715 1.0
0 0.1 24.826541897430772 0.005863189697265625 10.85956883430481 0.5714285714285715 1.0
0 0.1 21.624258295306348 0.006119251251220703 10.86568808555603 0.5714285714285715 1.0
0 0.1 18.835025383479486 0.009438037872314453 10.875126123428345 0.7499999999999999 1.0
0 0.1 16.405565284674683 0.0070650577545166016 10.882191181182861 0.7499999999999999 1.0
0 0.1 14.289472237493916 0.006190061569213867 10.888381242752075 0.7499999999999999 1.0
0 0.1 12.446326187665905 0.006594657897949219 10.894975900650024 0.7499999999999999 1.0
0 0.1 10.840920713874212 0.006910800933837891 10.901886701583862 0.7499999999999999 1.0
0 0.1 9.44259054057033 0.006726980209350586 10.908613681793213 0.7499999999999999 1.0
0 0.1 8.224625792416147 0.005246877670288086 10.913860559463501 0.7499999999999999 1.0
0 0.1 7.163761801874259 0.00657200813293457 10.920432567596436 0.7499999999999999 1.0
0 0.1 6.239734724625884 0.009416818618774414 10.92984938621521 0.7272727272727272 1.0
0 0.1 5.43489447450858 0.0072519779205322266 10.937101364135742 0.7272727272727272 1.0
0 0.1 4.733867584541418 0.006196022033691406 10.943297386169434 0.7272727272727272 1.0
0 0.1 4.123263554256632 0.02086925506591797 10.964166641235352 0.6153846153846154 1.0
0 0.1 3.591419074200402 0.017404794692993164 10.981571435928345 0.5714285714285714 1.0
0 0.1 3.128175241967003 0.03885602951049805 11.020427465438843 0.4210526315789473 1.0
0 0.1 2.7246835143108377 0.0158078670501709 11.036235332489014 0.4210526315789473 1.0
0 0.1 2.373236688776134 0.033087968826293945 11.069323301315308 0.38095238095238093 1.0
0 0.1 2.0671216863796724 0.05234885215759277 11.1216721534729 0.3478260869565218 1.0
0 0.1 1.8004913233094775 0.1268599033355713 11.248532056808472 0.32000000000000006 1.0
0 0.1 1.5682526223167341 0.18099188804626465 11.429523944854736 0.2857142857142857 1.0
0 0.1 1.3659695304072161 0.10538172721862793 11.534905672073364 0.27586206896551724 1.0
0 0.1 1.1897781846170337 0.11095499992370605 11.64586067199707 0.25806451612903225 1.0
0 0.1 1.036313107341863 0.07814717292785645 11.724007844924927 0.25806451612903225 1.0
0 0.1 0.9026429214570189 0.07785892486572266 11.80186676979065 0.24242424242424243 1.0
0 0.1 0.786214357305898 0.10367584228515625 11.905542612075806 0.2352941176470588 1.0
0 0.1 0.6848034820193963 0.05608487129211426 11.96162748336792 0.2352941176470588 1.0
0 0.1 0.5964732195846044 0.3065149784088135 12.268142461776733 0.2285714285714286 1.0
0 0.1 0.5195363502423698 0.3607511520385742 12.628893613815308 0.2222222222222222 1.0
0 0.1 0.4525232824553942 0.5584690570831299 13.187362670898438 0.20512820512820512 1.0
0 0.1 0.3941539818506903 0.8378629684448242 14.025225639343262 0.19999999999999998 1.0
0 0.1 0.34331352094368267 0.2891199588775635 14.314345598220825 0.19512195121951217 1.0
0 0.1 0.2990307826127625 0.32312989234924316 14.637475490570068 0.19047619047619047 1.0
0 0.1 0.2604599105337001 0.3955693244934082 15.033044815063477 0.18604651162790697 1.0
0 0.1 0.22686415225376097 0.15921282768249512 15.192257642745972 0.18181818181818182 1.0
0 0.1 0.19760178628779224 0.08173990249633789 15.27399754524231 0.18181818181818182 1.0
0 0.1 0.17211386442601356 0.05517101287841797 15.329168558120728 0.18181818181818182 1.0
0 0.1 0.14991353511608546 1.0878629684448242 16.41703152656555 0.1739130434782609 1.0
0 0.01 28.211963230963963 0.0006039142608642578 16.417635440826416 0.0 1.0
0 0.01 24.573006681497752 0.010046005249023438 16.42768144607544 0.5714285714285715 1.0
0 0.01 21.403425646968028 0.006930112838745117 16.434611558914185 0.5714285714285715 1.0
0 0.01 18.642677119777133 0.006468057632446289 16.44107961654663 0.5714285714285715 1.0
0 0.01 16.238027310431736 0.006181955337524414 16.447261571884155 0.5714285714285715 1.0
0 0.01 14.143544365449966 0.006522178649902344 16.453783750534058 0.5714285714285715 1.0
0 0.01 12.319221010851523 0.00586700439453125 16.45965075492859 0.5714285714285715 1.0
0 0.01 10.730210362611421 0.005487918853759766 16.46513867378235 0.5714285714285715 1.0
0 0.01 9.346160307090315 0.007966995239257812 16.473105669021606 0.7499999999999999 1.0
0 0.01 8.140633737265514 0.005949974060058594 16.479055643081665 0.7499999999999999 1.0
0 0.01 7.090603570541246 0.005861997604370117 16.484917640686035 0.7499999999999999 1.0
0 0.01 6.176012902339531 0.005815744400024414 16.49073338508606 0.7499999999999999 1.0
0 0.01 5.379391893848717 0.005842924118041992 16.4965763092041 0.7499999999999999 1.0
0 0.01 4.685524076001097 0.005198955535888672 16.50177526473999 0.7499999999999999 1.0
0 0.01 4.081155695663349 0.0052950382232666016 16.507070302963257 0.7499999999999999 1.0
0 0.01 3.554742552184356 0.005321979522705078 16.512392282485962 0.7499999999999999 1.0
0 0.01 3.09622948855821 0.0037641525268554688 16.516156435012817 0.7499999999999999 1.0
0 0.01 2.6968583252045994 0.0037996768951416016 16.51995611190796 0.7499999999999999 1.0
0 0.01 2.349000567658869 0.0051538944244384766 16.525110006332397 0.7499999999999999 1.0
0 0.01 2.046011692676912 0.009457826614379883 16.534567832946777 0.7272727272727272 1.0
0 0.01 1.7821042294352372 0.005306243896484375 16.53987407684326 0.7272727272727272 1.0
0 0.01 1.5522372115164986 0.005355119705200195 16.545229196548462 0.7272727272727272 1.0
0 0.01 1.3520198880735976 0.016705036163330078 16.561934232711792 0.6153846153846154 1.0
0 0.01 1.1776278549337647 0.010632991790771484 16.572567224502563 0.6153846153846154 1.0
0 0.01 1.0257300036406054 0.02409505844116211 16.596662282943726 0.4210526315789473 1.0
0 0.01 0.8934248930683893 0.011656045913696289 16.608318328857422 0.4210526315789473 1.0
0 0.01 0.7781853282259436 0.013484001159667969 16.62180233001709 0.4210526315789473 1.0
0 0.01 0.6778100876351608 0.012137889862060547 16.63394021987915 0.4210526315789473 1.0
0 0.01 0.590381877216004 0.027647972106933594 16.661588191986084 0.3636363636363636 1.0
0 0.01 0.5142307075440048 0.019632816314697266 16.68122100830078 0.3636363636363636 1.0
0 0.01 0.44790199493955546 0.04471302032470703 16.72593402862549 0.3076923076923077 1.0
0 0.01 0.39012877707943217 0.03891706466674805 16.764851093292236 0.2962962962962963 1.0
0 0.01 0.33980751241358653 0.04290199279785156 16.807753086090088 0.2857142857142857 1.0
0 0.01 0.2959770011254507 0.023587703704833984 16.831340789794922 0.2857142857142857 1.0
0 0.01 0.2578000249994245 0.023262977600097656 16.85460376739502 0.2857142857142857 1.0
0 0.01 0.22454735549379537 0.047677040100097656 16.902280807495117 0.25806451612903225 1.0
0 0.01 0.19558382455304058 0.031733036041259766 16.934013843536377 0.25806451612903225 1.0
0 0.01 0.1703561920944177 0.03053593635559082 16.964549779891968 0.25806451612903225 1.0
0 0.01 0.14838257842248037 0.02929997444152832 16.993849754333496 0.25806451612903225 1.0
0 0.01 0.12924325971726744 0.028346776962280273 17.022196531295776 0.25806451612903225 1.0
0 0.01 0.1125726507783501 0.027365922927856445 17.049562454223633 0.25806451612903225 1.0
0 0.01 0.09805232188500161 0.02179884910583496 17.071361303329468 0.25806451612903225 1.0
0 0.01 0.08540491638568569 0.18067097663879395 17.25203227996826 0.2105263157894737 1.0
0 0.01 0.07438885283512764 0.20357608795166016 17.455608367919922 0.21621621621621623 1.0
0 0.01 0.06479371048308594 0.05362296104431152 17.509231328964233 0.21621621621621623 1.0
0 0.01 0.056436209971818335 0.05144691467285156 17.560678243637085 0.21621621621621623 1.0
0 0.01 0.049156712468482675 0.10470104217529297 17.665379285812378 0.2105263157894737 1.0
0 0.01 0.0428161703614703 0.033067941665649414 17.698447227478027 0.2105263157894737 1.0
0 0.01 0.03729347127511503 0.10407090187072754 17.802518129348755 0.20512820512820512 1.0
0 0.01 0.032483124670098805 0.11006593704223633 17.91258406639099 0.19999999999999998 1.0
