[216.40736058 188.4937774  164.18066384 143.00360867 124.55810333
 108.49181534  94.49785828  82.30892987  71.69220614  62.44489425
  54.39035884  47.37474809  41.26405496  35.94155748  31.30558923
  27.26759733  23.75045104  20.68696841  18.01863304  15.69447636
  13.67010404  11.906848    10.37102782   9.03330739   7.86813455
   6.85325305   5.96927734   5.19932239   4.52868107   3.94454329
   3.43575127   2.99258645   2.60658382   2.27037024   1.9775236
   1.72245016   1.5002777    1.30676244   1.138208     0.99139477
   0.86351843   0.75213639   0.65512111   0.57061946   0.49701737
   0.43290895   0.37706963   0.32843281   0.28606948   0.24917044]0 1 312.2098259152708 0.0004940032958984375 0.0004940032958984375 0.0 1.0
0 1 271.93903789811014 0.0005228519439697266 0.001016855239868164 0.0 1.0
0 1 236.8626295349813 0.006145954132080078 0.007162809371948242 0.33333333333333337 1.0
0 1 206.31059705097118 0.028470993041992188 0.03563380241394043 0.5714285714285715 1.0
0 1 179.69935797424765 0.019118070602416992 0.05475187301635742 0.5714285714285715 1.0
0 1 156.52060397255676 0.015753984451293945 0.07050585746765137 0.5714285714285715 1.0
0 1 136.33159152101595 0.014052152633666992 0.08455801010131836 0.5714285714285715 1.0
0 1 118.74668494067365 0.013401269912719727 0.09795928001403809 0.7499999999999999 1.0
0 1 103.42999026917344 0.012328863143920898 0.11028814315795898 0.7499999999999999 1.0
0 1 90.08893926113359 0.011866092681884766 0.12215423583984375 0.7499999999999999 1.0
0 1 78.46870096453189 0.012240886688232422 0.13439512252807617 0.7499999999999999 1.0
0 1 68.34731412713553 0.011795282363891602 0.14619040489196777 0.7499999999999999 1.0
0 1 59.53144745577994 0.01826000213623047 0.16445040702819824 0.6666666666666665 1.0
0 1 51.85270674408604 0.014926671981811523 0.17937707901000977 0.7272727272727272 1.0
0 1 45.16441833008278 0.016424179077148438 0.1958012580871582 0.7272727272727272 1.0
0 1 39.33882744370648 0.017503976821899414 0.21330523490905762 0.6153846153846154 1.0
0 1 34.26465792907022 0.02656078338623047 0.23986601829528809 0.47058823529411764 1.0
0 1 29.84498672911064 0.039930105209350586 0.27979612350463867 0.3636363636363636 1.0
0 1 25.99539253258091 0.05213594436645508 0.33193206787109375 0.3076923076923077 1.0
0 1 22.642343220204207 0.14790892601013184 0.4798409938812256 0.26666666666666666 1.0
0 1 19.721791308170232 0.19262123107910156 0.6724622249603271 0.27586206896551724 1.0
0 1 17.177950560167822 0.25080394744873047 0.9232661724090576 0.26666666666666666 1.0
0 1 14.962230399696251 0.22825074195861816 1.1515169143676758 0.24242424242424243 1.0
0 1 13.03230776858211 0.19322609901428223 1.344743013381958 0.2222222222222222 1.0
0 1 11.351318703025308 0.23677992820739746 1.5815229415893555 0.2222222222222222 1.0
0 1 9.887154185253786 0.20118188858032227 1.7827048301696777 0.21621621621621623 1.0
0 1 8.611846820663045 0.1968371868133545 1.9795420169830322 0.20512820512820512 1.0
0 1 7.501036625197576 0.23049306869506836 2.2100350856781006 0.19999999999999998 1.0
0 1 6.53350571883761 0.19132304191589355 2.401358127593994 0.20512820512820512 1.0
0 1 5.69077303724795 0.25919079780578613 2.6605489253997803 0.18604651162790697 1.0
0 1 4.956741320068812 0.23051691055297852 2.891065835952759 0.1777777777777778 1.0
0 1 4.317389632878279 0.2923929691314697 3.1834588050842285 0.16666666666666666 1.0
0 1 3.7605055496069455 2.2184340953826904 5.401892900466919 0.1702127659574468 1.0
0 1 3.2754518797500736 0.5251989364624023 5.927091836929321 0.1702127659574468 1.0
0 1 2.8529634845718124 0.36426401138305664 6.291355848312378 0.16666666666666666 1.0
0 1 2.4849703012340436 0.2977581024169922 6.58911395072937 0.163265306122449 1.0
0 1 2.1644431943866964 0.4510650634765625 7.040179014205933 0.163265306122449 1.0
0 1 1.8852596907900219 0.29141807556152344 7.331597089767456 0.163265306122449 1.0
0 1 1.6420870323301746 0.27313899993896484 7.604736089706421 0.163265306122449 1.0
0 1 1.4302803135927475 0.25168800354003906 7.85642409324646 0.163265306122449 1.0
0 1 1.2457937582930971 0.23728299140930176 8.093707084655762 0.163265306122449 1.0
0 1 1.0851034398309916 1.010058879852295 9.103765964508057 0.1568627450980392 1.0
0 1 0.945139969834425 0.9923882484436035 10.09615421295166 0.1568627450980392 1.0
0 1 0.823229868958621 1.1356120109558105 11.23176622390747 0.1568627450980392 1.0
0 1 0.7170445000483404 1.9968352317810059 13.228601455688477 0.15384615384615383 1.0
0 1 0.624555588222246 2.371647357940674 15.60024881362915 0.1509433962264151 1.0
0 1 0.5439964782567033 1.773402214050293 17.373651027679443 0.1509433962264151 1.0
0 1 0.4738283892360109 1.6099789142608643 18.983629941940308 0.1509433962264151 1.0
0 1 0.4127110218901976 1.6940498352050781 20.677679777145386 0.1481481481481481 1.0
0 1 0.3594769571833539 1.5942330360412598 22.271912813186646 0.1481481481481481 1.0
0 0.1 130.20161032759302 0.0005450248718261719 22.27245783805847 0.0 1.0
0 0.1 113.40738729625762 0.00047206878662109375 22.272929906845093 0.0 1.0
0 0.1 98.77938883400856 0.0005040168762207031 22.273433923721313 0.0 1.0
0 0.1 86.03820166433057 0.0005152225494384766 22.273949146270752 0.0 1.0
0 0.1 74.9404529934022 0.000537872314453125 22.274487018585205 0.0 1.0
0 0.1 65.27416178184274 0.0005397796630859375 22.27502679824829 0.0 1.0
0 0.1 56.854689638682785 0.0005900859832763672 22.275616884231567 0.0 1.0
0 0.1 49.52121399451067 0.01604318618774414 22.29166007041931 0.5714285714285715 1.0
0 0.1 43.13365618693992 0.011810064315795898 22.303470134735107 0.5714285714285715 1.0
0 0.1 37.570005780944214 0.011321067810058594 22.314791202545166 0.5714285714285715 1.0
0 0.1 32.7239900151928 0.01081395149230957 22.325605154037476 0.5714285714285715 1.0
0 0.1 28.503043857863506 0.010345935821533203 22.33595108985901 0.5714285714285715 1.0
0 0.1 24.826541897430772 0.009324073791503906 22.345275163650513 0.5714285714285715 1.0
0 0.1 21.624258295306348 0.00929403305053711 22.35456919670105 0.5714285714285715 1.0
0 0.1 18.835025383479486 0.012258052825927734 22.366827249526978 0.7499999999999999 1.0
0 0.1 16.405565284674683 0.009797096252441406 22.37662434577942 0.7499999999999999 1.0
0 0.1 14.289472237493916 0.009691953659057617 22.386316299438477 0.7499999999999999 1.0
0 0.1 12.446326187665905 0.009733200073242188 22.39604949951172 0.7499999999999999 1.0
0 0.1 10.840920713874212 0.009210824966430664 22.40526032447815 0.7499999999999999 1.0
0 0.1 9.44259054057033 0.009212017059326172 22.414472341537476 0.7499999999999999 1.0
0 0.1 8.224625792416147 0.007739067077636719 22.422211408615112 0.7499999999999999 1.0
0 0.1 7.163761801874259 0.010982990264892578 22.433194398880005 0.7499999999999999 1.0
0 0.1 6.239734724625884 0.014306068420410156 22.447500467300415 0.7272727272727272 1.0
0 0.1 5.43489447450858 0.011121034622192383 22.458621501922607 0.7272727272727272 1.0
0 0.1 4.733867584541418 0.009566307067871094 22.46818780899048 0.7272727272727272 1.0
0 0.1 4.123263554256632 0.02866673469543457 22.496854543685913 0.6153846153846154 1.0
0 0.1 3.591419074200402 0.02574777603149414 22.522602319717407 0.5714285714285714 1.0
0 0.1 3.128175241967003 0.05237984657287598 22.574982166290283 0.4210526315789473 1.0
0 0.1 2.7246835143108377 0.02901911735534668 22.60400128364563 0.4210526315789473 1.0
0 0.1 2.373236688776134 0.04360604286193848 22.64760732650757 0.38095238095238093 1.0
0 0.1 2.0671216863796724 0.07899212837219238 22.72659945487976 0.3478260869565218 1.0
0 0.1 1.8004913233094775 0.16988611221313477 22.896485567092896 0.32000000000000006 1.0
0 0.1 1.5682526223167341 0.18790292739868164 23.084388494491577 0.2857142857142857 1.0
0 0.1 1.3659695304072161 0.1586778163909912 23.24306631088257 0.27586206896551724 1.0
0 0.1 1.1897781846170337 0.20696592330932617 23.450032234191895 0.25806451612903225 1.0
0 0.1 1.036313107341863 0.10338306427001953 23.553415298461914 0.25806451612903225 1.0
0 0.1 0.9026429214570189 0.1499471664428711 23.703362464904785 0.24242424242424243 1.0
0 0.1 0.786214357305898 0.16492700576782227 23.868289470672607 0.2352941176470588 1.0
0 0.1 0.6848034820193963 0.10796689987182617 23.976256370544434 0.2352941176470588 1.0
0 0.1 0.5964732195846044 0.45055198669433594 24.42680835723877 0.2285714285714286 1.0
0 0.1 0.5195363502423698 0.5941140651702881 25.020922422409058 0.2222222222222222 1.0
0 0.1 0.4525232824553942 0.6806700229644775 25.701592445373535 0.20512820512820512 1.0
0 0.1 0.3941539818506903 0.9832289218902588 26.684821367263794 0.19999999999999998 1.0
0 0.1 0.34331352094368267 0.5457499027252197 27.230571269989014 0.19512195121951217 1.0
0 0.1 0.2990307826127625 0.41894006729125977 27.649511337280273 0.19047619047619047 1.0
0 0.1 0.2604599105337001 1.3216438293457031 28.971155166625977 0.18181818181818182 1.0
0 0.1 0.22686415225376097 0.6202690601348877 29.591424226760864 0.18181818181818182 1.0
0 0.1 0.19760178628779224 0.34421586990356445 29.93564009666443 0.18181818181818182 1.0
0 0.1 0.17211386442601356 0.21449613571166992 30.1501362323761 0.18181818181818182 1.0
0 0.1 0.14991353511608546 2.8164570331573486 32.96659326553345 0.1739130434782609 1.0
0 0.01 28.211963230963963 0.0005860328674316406 32.96717929840088 0.0 1.0
0 0.01 24.573006681497752 0.013419866561889648 32.98059916496277 0.5714285714285715 1.0
0 0.01 21.403425646968028 0.009820938110351562 32.99042010307312 0.5714285714285715 1.0
0 0.01 18.642677119777133 0.009821891784667969 33.00024199485779 0.5714285714285715 1.0
0 0.01 16.238027310431736 0.009309053421020508 33.00955104827881 0.5714285714285715 1.0
0 0.01 14.143544365449966 0.009331941604614258 33.01888298988342 0.5714285714285715 1.0
0 0.01 12.319221010851523 0.009344100952148438 33.02822709083557 0.5714285714285715 1.0
0 0.01 10.730210362611421 0.008317947387695312 33.03654503822327 0.5714285714285715 1.0
0 0.01 9.346160307090315 0.011237144470214844 33.04778218269348 0.7499999999999999 1.0
0 0.01 8.140633737265514 0.009261131286621094 33.0570433139801 0.7499999999999999 1.0
0 0.01 7.090603570541246 0.009185075759887695 33.06622838973999 0.7499999999999999 1.0
0 0.01 6.176012902339531 0.008681058883666992 33.07490944862366 0.7499999999999999 1.0
0 0.01 5.379391893848717 0.00888681411743164 33.08379626274109 0.7499999999999999 1.0
0 0.01 4.685524076001097 0.009105205535888672 33.09290146827698 0.7499999999999999 1.0
0 0.01 4.081155695663349 0.0091400146484375 33.102041482925415 0.7499999999999999 1.0
0 0.01 3.554742552184356 0.008600950241088867 33.110642433166504 0.7499999999999999 1.0
0 0.01 3.09622948855821 0.007524013519287109 33.11816644668579 0.7499999999999999 1.0
0 0.01 2.6968583252045994 0.006730079650878906 33.12489652633667 0.7499999999999999 1.0
0 0.01 2.349000567658869 0.009373188018798828 33.13426971435547 0.7499999999999999 1.0
0 0.01 2.046011692676912 0.013048887252807617 33.147318601608276 0.7272727272727272 1.0
0 0.01 1.7821042294352372 0.009660005569458008 33.156978607177734 0.7272727272727272 1.0
0 0.01 1.5522372115164986 0.010977029800415039 33.16795563697815 0.7272727272727272 1.0
0 0.01 1.3520198880735976 0.0244600772857666 33.192415714263916 0.6153846153846154 1.0
0 0.01 1.1776278549337647 0.01842212677001953 33.210837841033936 0.6153846153846154 1.0
0 0.01 1.0257300036406054 0.034422874450683594 33.24526071548462 0.4210526315789473 1.0
0 0.01 0.8934248930683893 0.021142959594726562 33.266403675079346 0.4210526315789473 1.0
0 0.01 0.7781853282259436 0.02014899253845215 33.2865526676178 0.4210526315789473 1.0
0 0.01 0.6778100876351608 0.02147698402404785 33.308029651641846 0.4210526315789473 1.0
0 0.01 0.590381877216004 0.04285407066345215 33.3508837223053 0.3636363636363636 1.0
0 0.01 0.5142307075440048 0.03818225860595703 33.389065980911255 0.3636363636363636 1.0
0 0.01 0.44790199493955546 0.06958699226379395 33.45865297317505 0.3076923076923077 1.0
0 0.01 0.39012877707943217 0.06215691566467285 33.52080988883972 0.2962962962962963 1.0
0 0.01 0.33980751241358653 0.06133890151977539 33.5821487903595 0.2857142857142857 1.0
0 0.01 0.2959770011254507 0.04368305206298828 33.625831842422485 0.2857142857142857 1.0
0 0.01 0.2578000249994245 0.04215812683105469 33.66798996925354 0.2857142857142857 1.0
0 0.01 0.22454735549379537 0.07492780685424805 33.74291777610779 0.25806451612903225 1.0
0 0.01 0.19558382455304058 0.05881977081298828 33.801737546920776 0.25806451612903225 1.0
0 0.01 0.1703561920944177 0.05762195587158203 33.85935950279236 0.25806451612903225 1.0
0 0.01 0.14838257842248037 0.05682110786437988 33.91618061065674 0.25806451612903225 1.0
0 0.01 0.12924325971726744 0.05502605438232422 33.97120666503906 0.25806451612903225 1.0
0 0.01 0.1125726507783501 0.05316591262817383 34.024372577667236 0.25806451612903225 1.0
0 0.01 0.09805232188500161 0.04555535316467285 34.06992793083191 0.25806451612903225 1.0
0 0.01 0.08540491638568569 0.25197792053222656 34.321905851364136 0.2105263157894737 1.0
0 0.01 0.07438885283512764 0.29072999954223633 34.61263585090637 0.21621621621621623 1.0
0 0.01 0.06479371048308594 0.12989187240600586 34.74252772331238 0.21621621621621623 1.0
0 0.01 0.056436209971818335 0.12859082221984863 34.87111854553223 0.21621621621621623 1.0
0 0.01 0.049156712468482675 0.18218994140625 35.05330848693848 0.2105263157894737 1.0
0 0.01 0.0428161703614703 0.11070585250854492 35.16401433944702 0.2105263157894737 1.0
0 0.01 0.03729347127511503 0.1962900161743164 35.36030435562134 0.20512820512820512 1.0
0 0.01 0.032483124670098805 0.20412707328796387 35.5644314289093 0.19999999999999998 1.0
