[216.40736058 188.4937774  164.18066384 143.00360867 124.55810333
 108.49181534  94.49785828  82.30892987  71.69220614  62.44489425
  54.39035884  47.37474809  41.26405496  35.94155748  31.30558923
  27.26759733  23.75045104  20.68696841  18.01863304  15.69447636
  13.67010404  11.906848    10.37102782   9.03330739   7.86813455
   6.85325305   5.96927734   5.19932239   4.52868107   3.94454329
   3.43575127   2.99258645   2.60658382   2.27037024   1.9775236
   1.72245016   1.5002777    1.30676244   1.138208     0.99139477
   0.86351843   0.75213639   0.65512111   0.57061946   0.49701737
   0.43290895   0.37706963   0.32843281   0.28606948   0.24917044]0 1 312.2098259152708 0.0006499290466308594 0.0006499290466308594 0.0 1.0
0 1 271.93903789811014 0.0006389617919921875 0.0012888908386230469 0.0 1.0
0 1 236.8626295349813 0.009137153625488281 0.010426044464111328 0.33333333333333337 1.0
0 1 206.31059705097118 0.0095977783203125 0.020023822784423828 0.5714285714285715 1.0
0 1 179.69935797424765 0.005441188812255859 0.025465011596679688 0.5714285714285715 1.0
0 1 156.52060397255676 0.004622936248779297 0.030087947845458984 0.5714285714285715 1.0
0 1 136.33159152101595 0.0038721561431884766 0.03396010398864746 0.5714285714285715 1.0
0 1 118.74668494067365 0.011065006256103516 0.04502511024475098 0.7499999999999999 1.0
0 1 103.42999026917344 0.0068280696868896484 0.051853179931640625 0.7499999999999999 1.0
0 1 90.08893926113359 0.005920886993408203 0.05777406692504883 0.7499999999999999 1.0
0 1 78.46870096453189 0.005593061447143555 0.06336712837219238 0.7499999999999999 1.0
0 1 68.34731412713553 0.005373239517211914 0.0687403678894043 0.7499999999999999 1.0
0 1 59.53144745577994 0.005942106246948242 0.07468247413635254 0.6666666666666665 1.0
0 1 51.85270674408604 0.010979890823364258 0.0856623649597168 0.7272727272727272 1.0
0 1 45.16441833008278 0.011878728866577148 0.09754109382629395 0.7272727272727272 1.0
0 1 39.33882744370648 0.015826940536499023 0.11336803436279297 0.6153846153846154 1.0
0 1 34.26465792907022 0.021919965744018555 0.13528800010681152 0.47058823529411764 1.0
0 1 29.84498672911064 0.02974081039428711 0.16502881050109863 0.3636363636363636 1.0
0 1 25.99539253258091 0.04122114181518555 0.20624995231628418 0.3076923076923077 1.0
0 1 22.642343220204207 0.11636495590209961 0.3226149082183838 0.26666666666666666 1.0
0 1 19.721791308170232 0.14027810096740723 0.462893009185791 0.27586206896551724 1.0
0 1 17.177950560167822 0.27678894996643066 0.7396819591522217 0.26666666666666666 1.0
0 1 14.962230399696251 0.20210695266723633 0.941788911819458 0.24242424242424243 1.0
0 1 13.03230776858211 0.19440603256225586 1.1361949443817139 0.2222222222222222 1.0
0 1 11.351318703025308 0.19562101364135742 1.3318159580230713 0.2222222222222222 1.0
0 1 9.887154185253786 0.15725183486938477 1.489067792892456 0.21621621621621623 1.0
0 1 8.611846820663045 0.1532280445098877 1.6422958374023438 0.20512820512820512 1.0
0 1 7.501036625197576 0.18015837669372559 1.8224542140960693 0.19999999999999998 1.0
0 1 6.53350571883761 0.15339994430541992 1.9758541584014893 0.20512820512820512 1.0
0 1 5.69077303724795 0.20981383323669434 2.1856679916381836 0.18604651162790697 1.0
0 1 4.956741320068812 0.1699519157409668 2.3556199073791504 0.1777777777777778 1.0
0 1 4.317389632878279 0.22170329093933105 2.5773231983184814 0.16666666666666666 1.0
0 1 3.7605055496069455 1.9675018787384033 4.544825077056885 0.1702127659574468 1.0
0 1 3.2754518797500736 0.40134501457214355 4.946170091629028 0.1702127659574468 1.0
0 1 2.8529634845718124 0.21570396423339844 5.161874055862427 0.16666666666666666 1.0
0 1 2.4849703012340436 0.17598485946655273 5.3378589153289795 0.163265306122449 1.0
0 1 2.1644431943866964 0.2823488712310791 5.620207786560059 0.163265306122449 1.0
0 1 1.8852596907900219 0.16385579109191895 5.7840635776519775 0.163265306122449 1.0
0 1 1.6420870323301746 0.14972424507141113 5.933787822723389 0.163265306122449 1.0
0 1 1.4302803135927475 0.13985419273376465 6.073642015457153 0.163265306122449 1.0
0 1 1.2457937582930971 0.13058686256408691 6.20422887802124 0.163265306122449 1.0
0 1 1.0851034398309916 0.49070191383361816 6.694930791854858 0.1568627450980392 1.0
0 1 0.945139969834425 0.42342591285705566 7.118356704711914 0.1568627450980392 1.0
0 1 0.823229868958621 0.5538649559020996 7.672221660614014 0.1568627450980392 1.0
0 1 0.7170445000483404 0.9791867733001709 8.651408433914185 0.15384615384615383 1.0
0 1 0.624555588222246 0.997581958770752 9.648990392684937 0.1509433962264151 1.0
0 1 0.5439964782567033 0.7060229778289795 10.355013370513916 0.1509433962264151 1.0
0 1 0.4738283892360109 0.6421451568603516 10.997158527374268 0.1509433962264151 1.0
0 1 0.4127110218901976 0.6545379161834717 11.65169644355774 0.1481481481481481 1.0
0 1 0.3594769571833539 0.6147351264953613 12.2664315700531 0.1481481481481481 1.0
0 0.1 130.20161032759302 0.0006601810455322266 12.267091751098633 0.0 1.0
0 0.1 113.40738729625762 0.0006368160247802734 12.267728567123413 0.0 1.0
0 0.1 98.77938883400856 0.0006170272827148438 12.268345594406128 0.0 1.0
0 0.1 86.03820166433057 0.0006251335144042969 12.268970727920532 0.0 1.0
0 0.1 74.9404529934022 0.0006461143493652344 12.269616842269897 0.0 1.0
0 0.1 65.27416178184274 0.0006279945373535156 12.270244836807251 0.0 1.0
0 0.1 56.854689638682785 0.0006110668182373047 12.270855903625488 0.0 1.0
0 0.1 49.52121399451067 0.0006382465362548828 12.271494150161743 0.0 1.0
0 0.1 43.13365618693992 0.0006318092346191406 12.272125959396362 0.0 1.0
0 0.1 37.570005780944214 0.0006272792816162109 12.272753238677979 0.0 1.0
0 0.1 32.7239900151928 0.00063323974609375 12.273386478424072 0.0 1.0
0 0.1 28.503043857863506 0.0006210803985595703 12.274007558822632 0.0 1.0
0 0.1 24.826541897430772 0.009952068328857422 12.28395962715149 0.5714285714285715 1.0
0 0.1 21.624258295306348 0.0022652149200439453 12.286224842071533 0.5714285714285715 1.0
0 0.1 18.835025383479486 0.002112150192260742 12.288336992263794 0.5714285714285715 1.0
0 0.1 16.405565284674683 0.0020720958709716797 12.290409088134766 0.5714285714285715 1.0
0 0.1 14.289472237493916 0.002046346664428711 12.292455434799194 0.5714285714285715 1.0
0 0.1 12.446326187665905 0.0021619796752929688 12.294617414474487 0.5714285714285715 1.0
0 0.1 10.840920713874212 0.007862091064453125 12.30247950553894 0.7499999999999999 1.0
0 0.1 9.44259054057033 0.002630949020385742 12.305110454559326 0.7499999999999999 1.0
0 0.1 8.224625792416147 0.0031480789184570312 12.308258533477783 0.7499999999999999 1.0
0 0.1 7.163761801874259 0.0033469200134277344 12.311605453491211 0.7499999999999999 1.0
0 0.1 6.239734724625884 0.0033059120178222656 12.314911365509033 0.7499999999999999 1.0
0 0.1 5.43489447450858 0.026920080184936523 12.34183144569397 0.7272727272727272 1.0
0 0.1 4.733867584541418 0.007636070251464844 12.349467515945435 0.7272727272727272 1.0
0 0.1 4.123263554256632 0.008577108383178711 12.358044624328613 0.7272727272727272 1.0
0 0.1 3.591419074200402 0.056375980377197266 12.41442060470581 0.5714285714285714 1.0
0 0.1 3.128175241967003 0.1432788372039795 12.55769944190979 0.4444444444444444 1.0
0 0.1 2.7246835143108377 0.05179023742675781 12.609489679336548 0.4210526315789473 1.0
0 0.1 2.373236688776134 0.08710503578186035 12.696594715118408 0.38095238095238093 1.0
0 0.1 2.0671216863796724 0.3763551712036133 13.072949886322021 0.3333333333333333 1.0
0 0.1 1.8004913233094775 0.5087182521820068 13.581668138504028 0.32000000000000006 1.0
0 0.1 1.5682526223167341 0.5859620571136475 14.167630195617676 0.2857142857142857 1.0
0 0.1 1.3659695304072161 0.4644739627838135 14.63210415840149 0.27586206896551724 1.0
0 0.1 1.1897781846170337 0.309434175491333 14.941538333892822 0.25806451612903225 1.0
0 0.1 1.036313107341863 0.09409809112548828 15.03563642501831 0.25806451612903225 1.0
0 0.1 0.9026429214570189 0.26630091667175293 15.301937341690063 0.24242424242424243 1.0
0 0.1 0.786214357305898 0.21573615074157715 15.51767349243164 0.2352941176470588 1.0
0 0.1 0.6848034820193963 0.07353901863098145 15.591212511062622 0.2352941176470588 1.0
0 0.1 0.5964732195846044 0.704498291015625 16.295710802078247 0.2285714285714286 1.0
0 0.1 0.5195363502423698 0.7340939044952393 17.029804706573486 0.2222222222222222 1.0
0 0.1 0.4525232824553942 2.6365408897399902 19.666345596313477 0.19999999999999998 1.0
0 0.1 0.3941539818506903 0.36902379989624023 20.035369396209717 0.19999999999999998 1.0
0 0.1 0.34331352094368267 0.6057009696960449 20.64107036590576 0.19512195121951217 1.0
0 0.1 0.2990307826127625 0.7960050106048584 21.43707537651062 0.19047619047619047 1.0
0 0.1 0.2604599105337001 1.21964693069458 22.6567223072052 0.18181818181818182 1.0
0 0.1 0.22686415225376097 0.4285140037536621 23.085236310958862 0.18181818181818182 1.0
0 0.1 0.19760178628779224 0.19937992095947266 23.284616231918335 0.18181818181818182 1.0
0 0.1 0.17211386442601356 0.13036084175109863 23.414977073669434 0.18181818181818182 1.0
0 0.1 0.14991353511608546 2.4048240184783936 25.819801092147827 0.1739130434782609 1.0
0 0.01 28.211963230963963 0.0006520748138427734 25.82045316696167 0.0 1.0
0 0.01 24.573006681497752 0.0006380081176757812 25.821091175079346 0.0 1.0
0 0.01 21.403425646968028 0.0006399154663085938 25.821731090545654 0.0 1.0
0 0.01 18.642677119777133 0.0006270408630371094 25.82235813140869 0.0 1.0
0 0.01 16.238027310431736 0.0006661415100097656 25.8230242729187 0.0 1.0
0 0.01 14.143544365449966 0.0006308555603027344 25.823655128479004 0.0 1.0
0 0.01 12.319221010851523 0.00061798095703125 25.824273109436035 0.0 1.0
0 0.01 10.730210362611421 0.0006289482116699219 25.824902057647705 0.0 1.0
0 0.01 9.346160307090315 0.0007038116455078125 25.825605869293213 0.0 1.0
0 0.01 8.140633737265514 0.0006399154663085938 25.82624578475952 0.0 1.0
0 0.01 7.090603570541246 0.0006117820739746094 25.826857566833496 0.0 1.0
0 0.01 6.176012902339531 0.0006201267242431641 25.82747769355774 0.0 1.0
0 0.01 5.379391893848717 0.0006117820739746094 25.828089475631714 0.0 1.0
0 0.01 4.685524076001097 0.000621795654296875 25.82871127128601 0.0 1.0
0 0.01 4.081155695663349 0.0006120204925537109 25.829323291778564 0.0 1.0
0 0.01 3.554742552184356 0.0006411075592041016 25.82996439933777 0.0 1.0
0 0.01 3.09622948855821 0.0006129741668701172 25.83057737350464 0.0 1.0
0 0.01 2.6968583252045994 0.0006299018859863281 25.831207275390625 0.0 1.0
0 0.01 2.349000567658869 0.015540122985839844 25.846747398376465 0.5714285714285715 1.0
0 0.01 2.046011692676912 0.0012938976287841797 25.84804129600525 0.5714285714285715 1.0
0 0.01 1.7821042294352372 0.0012660026550292969 25.84930729866028 0.5714285714285715 1.0
0 0.01 1.5522372115164986 0.0013048648834228516 25.8506121635437 0.5714285714285715 1.0
0 0.01 1.3520198880735976 0.0013370513916015625 25.851949214935303 0.5714285714285715 1.0
0 0.01 1.1776278549337647 0.0015900135040283203 25.85353922843933 0.5714285714285715 1.0
0 0.01 1.0257300036406054 0.005323171615600586 25.85886240005493 0.7499999999999999 1.0
0 0.01 0.8934248930683893 0.0017538070678710938 25.860616207122803 0.7499999999999999 1.0
0 0.01 0.7781853282259436 0.0010371208190917969 25.861653327941895 0.7499999999999999 1.0
0 0.01 0.6778100876351608 0.0011248588562011719 25.862778186798096 0.7499999999999999 1.0
0 0.01 0.590381877216004 0.0012111663818359375 25.86398935317993 0.7499999999999999 1.0
0 0.01 0.5142307075440048 0.012536048889160156 25.876525402069092 0.7272727272727272 1.0
0 0.01 0.44790199493955546 0.0030999183654785156 25.87962532043457 0.7272727272727272 1.0
0 0.01 0.39012877707943217 0.041197776794433594 25.920823097229004 0.5000000000000001 1.0
0 0.01 0.33980751241358653 0.04651379585266113 25.967336893081665 0.4 1.0
0 0.01 0.2959770011254507 0.009304046630859375 25.976640939712524 0.4 1.0
0 0.01 0.2578000249994245 0.010064125061035156 25.98670506477356 0.4 1.0
0 0.01 0.22454735549379537 0.06758666038513184 26.05429172515869 0.3076923076923077 1.0
0 0.01 0.19558382455304058 0.013247013092041016 26.067538738250732 0.3076923076923077 1.0
0 0.01 0.1703561920944177 0.1873631477355957 26.254901885986328 0.26666666666666666 1.0
0 0.01 0.14838257842248037 0.06348395347595215 26.31838583946228 0.25806451612903225 1.0
0 0.01 0.12924325971726744 0.0195620059967041 26.337947845458984 0.25806451612903225 1.0
0 0.01 0.1125726507783501 0.06506180763244629 26.40300965309143 0.25 1.0
0 0.01 0.09805232188500161 0.06652688980102539 26.469536542892456 0.24242424242424243 1.0
0 0.01 0.08540491638568569 0.08930778503417969 26.558844327926636 0.2352941176470588 1.0
0 0.01 0.07438885283512764 0.019593000411987305 26.578437328338623 0.2352941176470588 1.0
0 0.01 0.06479371048308594 0.08414912223815918 26.662586450576782 0.2285714285714286 1.0
0 0.01 0.056436209971818335 0.2361280918121338 26.898714542388916 0.21621621621621623 1.0
0 0.01 0.049156712468482675 0.038697004318237305 26.937411546707153 0.21621621621621623 1.0
0 0.01 0.0428161703614703 0.20433592796325684 27.14174747467041 0.20512820512820512 1.0
0 0.01 0.03729347127511503 0.0346219539642334 27.176369428634644 0.20512820512820512 1.0
0 0.01 0.032483124670098805 0.03109884262084961 27.207468271255493 0.20512820512820512 1.0
