[216.40736058 188.4937774  164.18066384 143.00360867 124.55810333
 108.49181534  94.49785828  82.30892987  71.69220614  62.44489425
  54.39035884  47.37474809  41.26405496  35.94155748  31.30558923
  27.26759733  23.75045104  20.68696841  18.01863304  15.69447636
  13.67010404  11.906848    10.37102782   9.03330739   7.86813455
   6.85325305   5.96927734   5.19932239   4.52868107   3.94454329
   3.43575127   2.99258645   2.60658382   2.27037024   1.9775236
   1.72245016   1.5002777    1.30676244   1.138208     0.99139477
   0.86351843   0.75213639   0.65512111   0.57061946   0.49701737
   0.43290895   0.37706963   0.32843281   0.28606948   0.24917044]0 1 312.2098259152708 0.0011870861053466797 0.0011870861053466797 0.0 1.0
0 1 271.93903789811014 0.0011692047119140625 0.002356290817260742 0.0 1.0
0 1 236.8626295349813 0.04074716567993164 0.04310345649719238 0.33333333333333337 1.0
0 1 206.31059705097118 0.030237913131713867 0.07334136962890625 0.5714285714285715 1.0
0 1 179.69935797424765 0.019197940826416016 0.09253931045532227 0.5714285714285715 1.0
0 1 156.52060397255676 0.015231132507324219 0.10777044296264648 0.5714285714285715 1.0
0 1 136.33159152101595 0.013605117797851562 0.12137556076049805 0.5714285714285715 1.0
0 1 118.74668494067365 0.03473496437072754 0.15611052513122559 0.7499999999999999 1.0
0 1 103.42999026917344 0.0224459171295166 0.1785564422607422 0.7499999999999999 1.0
0 1 90.08893926113359 0.016917943954467773 0.19547438621520996 0.7499999999999999 1.0
0 1 78.46870096453189 0.014848709106445312 0.21032309532165527 0.7499999999999999 1.0
0 1 68.34731412713553 0.012233972549438477 0.22255706787109375 0.7499999999999999 1.0
0 1 59.53144745577994 0.012573957443237305 0.23513102531433105 0.6666666666666665 1.0
0 1 51.85270674408604 0.01981067657470703 0.2549417018890381 0.7272727272727272 1.0
0 1 45.16441833008278 0.016747236251831055 0.27168893814086914 0.7272727272727272 1.0
0 1 39.33882744370648 0.019279003143310547 0.2909679412841797 0.6153846153846154 1.0
0 1 34.26465792907022 0.03071904182434082 0.3216869831085205 0.47058823529411764 1.0
0 1 29.84498672911064 0.03764510154724121 0.3593320846557617 0.3636363636363636 1.0
0 1 25.99539253258091 0.051294803619384766 0.4106268882751465 0.3076923076923077 1.0
0 1 22.642343220204207 0.1440129280090332 0.5546398162841797 0.26666666666666666 1.0
0 1 19.721791308170232 0.16348791122436523 0.7181277275085449 0.27586206896551724 1.0
0 1 17.177950560167822 0.30597782135009766 1.0241055488586426 0.26666666666666666 1.0
0 1 14.962230399696251 0.2255098819732666 1.2496154308319092 0.24242424242424243 1.0
0 1 13.03230776858211 0.21110296249389648 1.4607183933258057 0.2222222222222222 1.0
0 1 11.351318703025308 0.20939397811889648 1.6701123714447021 0.2222222222222222 1.0
0 1 9.887154185253786 0.17372608184814453 1.8438384532928467 0.21621621621621623 1.0
0 1 8.611846820663045 0.17047405242919922 2.014312505722046 0.20512820512820512 1.0
0 1 7.501036625197576 0.19647502899169922 2.210787534713745 0.19999999999999998 1.0
0 1 6.53350571883761 0.16426491737365723 2.3750524520874023 0.20512820512820512 1.0
0 1 5.69077303724795 0.21998000144958496 2.5950324535369873 0.18604651162790697 1.0
0 1 4.956741320068812 0.1745128631591797 2.769545316696167 0.1777777777777778 1.0
0 1 4.317389632878279 0.23171710968017578 3.0012624263763428 0.16666666666666666 1.0
0 1 3.7605055496069455 2.025850772857666 5.027113199234009 0.1702127659574468 1.0
0 1 3.2754518797500736 0.41227197647094727 5.439385175704956 0.1702127659574468 1.0
0 1 2.8529634845718124 0.22428226470947266 5.663667440414429 0.16666666666666666 1.0
0 1 2.4849703012340436 0.18226909637451172 5.84593653678894 0.163265306122449 1.0
0 1 2.1644431943866964 0.2938220500946045 6.139758586883545 0.163265306122449 1.0
0 1 1.8852596907900219 0.17636680603027344 6.316125392913818 0.163265306122449 1.0
0 1 1.6420870323301746 0.15761685371398926 6.473742246627808 0.163265306122449 1.0
0 1 1.4302803135927475 0.1501781940460205 6.623920440673828 0.163265306122449 1.0
0 1 1.2457937582930971 0.13732504844665527 6.761245489120483 0.163265306122449 1.0
0 1 1.0851034398309916 0.5176887512207031 7.2789342403411865 0.1568627450980392 1.0
0 1 0.945139969834425 0.4443478584289551 7.723282098770142 0.1568627450980392 1.0
0 1 0.823229868958621 0.5749530792236328 8.298235177993774 0.1568627450980392 1.0
0 1 0.7170445000483404 1.004451036453247 9.302686214447021 0.15384615384615383 1.0
0 1 0.624555588222246 1.0206427574157715 10.323328971862793 0.1509433962264151 1.0
0 1 0.5439964782567033 0.73201584815979 11.055344820022583 0.1509433962264151 1.0
0 1 0.4738283892360109 0.6419439315795898 11.697288751602173 0.1509433962264151 1.0
0 1 0.4127110218901976 0.649050235748291 12.346338987350464 0.1481481481481481 1.0
0 1 0.3594769571833539 0.6104030609130859 12.95674204826355 0.1481481481481481 1.0
0 0.1 130.20161032759302 0.0012128353118896484 12.95795488357544 0.0 1.0
0 0.1 113.40738729625762 0.0011692047119140625 12.959124088287354 0.0 1.0
0 0.1 98.77938883400856 0.0011749267578125 12.960299015045166 0.0 1.0
0 0.1 86.03820166433057 0.0012023448944091797 12.961501359939575 0.0 1.0
0 0.1 74.9404529934022 0.0012507438659667969 12.962752103805542 0.0 1.0
0 0.1 65.27416178184274 0.0011742115020751953 12.963926315307617 0.0 1.0
0 0.1 56.854689638682785 0.0011610984802246094 12.965087413787842 0.0 1.0
0 0.1 49.52121399451067 0.001157999038696289 12.966245412826538 0.0 1.0
0 0.1 43.13365618693992 0.001210927963256836 12.967456340789795 0.0 1.0
0 0.1 37.570005780944214 0.001219034194946289 12.968675374984741 0.0 1.0
0 0.1 32.7239900151928 0.0011768341064453125 12.969852209091187 0.0 1.0
0 0.1 28.503043857863506 0.0011560916900634766 12.97100830078125 0.0 1.0
0 0.1 24.826541897430772 0.018020153045654297 12.989028453826904 0.5714285714285715 1.0
0 0.1 21.624258295306348 0.007678031921386719 12.996706485748291 0.5714285714285715 1.0
0 0.1 18.835025383479486 0.006654977798461914 13.003361463546753 0.5714285714285715 1.0
0 0.1 16.405565284674683 0.006340742111206055 13.009702205657959 0.5714285714285715 1.0
0 0.1 14.289472237493916 0.006315946578979492 13.016018152236938 0.5714285714285715 1.0
0 0.1 12.446326187665905 0.006419181823730469 13.022437334060669 0.5714285714285715 1.0
0 0.1 10.840920713874212 0.01404428482055664 13.036481618881226 0.7499999999999999 1.0
0 0.1 9.44259054057033 0.007781028747558594 13.044262647628784 0.7499999999999999 1.0
0 0.1 8.224625792416147 0.006588935852050781 13.050851583480835 0.7499999999999999 1.0
0 0.1 7.163761801874259 0.006369113922119141 13.057220697402954 0.7499999999999999 1.0
0 0.1 6.239734724625884 0.006227970123291016 13.063448667526245 0.7499999999999999 1.0
0 0.1 5.43489447450858 0.03762316703796387 13.101071834564209 0.7272727272727272 1.0
0 0.1 4.733867584541418 0.014662027359008789 13.115733861923218 0.7272727272727272 1.0
0 0.1 4.123263554256632 0.014058113098144531 13.129791975021362 0.7272727272727272 1.0
0 0.1 3.591419074200402 0.06953692436218262 13.199328899383545 0.5714285714285714 1.0
0 0.1 3.128175241967003 0.1536717414855957 13.35300064086914 0.4444444444444444 1.0
0 0.1 2.7246835143108377 0.06500101089477539 13.418001651763916 0.4210526315789473 1.0
0 0.1 2.373236688776134 0.09562301635742188 13.513624668121338 0.38095238095238093 1.0
0 0.1 2.0671216863796724 0.5684719085693359 14.082096576690674 0.3333333333333333 1.0
0 0.1 1.8004913233094775 0.5948920249938965 14.67698860168457 0.32000000000000006 1.0
0 0.1 1.5682526223167341 0.6469419002532959 15.323930501937866 0.2857142857142857 1.0
0 0.1 1.3659695304072161 0.5082011222839355 15.832131624221802 0.27586206896551724 1.0
0 0.1 1.1897781846170337 0.34940385818481445 16.181535482406616 0.25806451612903225 1.0
0 0.1 1.036313107341863 0.10913515090942383 16.29067063331604 0.25806451612903225 1.0
0 0.1 0.9026429214570189 0.2383098602294922 16.528980493545532 0.24242424242424243 1.0
0 0.1 0.786214357305898 0.22737836837768555 16.756358861923218 0.2352941176470588 1.0
0 0.1 0.6848034820193963 0.0817420482635498 16.838100910186768 0.2352941176470588 1.0
0 0.1 0.5964732195846044 0.7231600284576416 17.56126093864441 0.2285714285714286 1.0
0 0.1 0.5195363502423698 0.7618799209594727 18.323140859603882 0.2222222222222222 1.0
0 0.1 0.4525232824553942 2.711013078689575 21.034153938293457 0.19999999999999998 1.0
0 0.1 0.3941539818506903 0.39470887184143066 21.428862810134888 0.19999999999999998 1.0
0 0.1 0.34331352094368267 0.6489651203155518 22.07782793045044 0.19512195121951217 1.0
0 0.1 0.2990307826127625 0.8354439735412598 22.9132719039917 0.19047619047619047 1.0
0 0.1 0.2604599105337001 1.3730227947235107 24.28629469871521 0.18181818181818182 1.0
0 0.1 0.22686415225376097 0.46041297912597656 24.746707677841187 0.18181818181818182 1.0
0 0.1 0.19760178628779224 0.21566200256347656 24.962369680404663 0.18181818181818182 1.0
0 0.1 0.17211386442601356 0.1426692008972168 25.10503888130188 0.18181818181818182 1.0
0 0.1 0.14991353511608546 2.6187222003936768 27.723761081695557 0.1739130434782609 1.0
0 0.01 28.211963230963963 0.001178741455078125 27.724939823150635 0.0 1.0
0 0.01 24.573006681497752 0.0011911392211914062 27.726130962371826 0.0 1.0
0 0.01 21.403425646968028 0.001172780990600586 27.727303743362427 0.0 1.0
0 0.01 18.642677119777133 0.001154184341430664 27.728457927703857 0.0 1.0
0 0.01 16.238027310431736 0.0011479854583740234 27.72960591316223 0.0 1.0
0 0.01 14.143544365449966 0.0012001991271972656 27.73080611228943 0.0 1.0
0 0.01 12.319221010851523 0.0014159679412841797 27.732222080230713 0.0 1.0
0 0.01 10.730210362611421 0.0011839866638183594 27.73340606689453 0.0 1.0
0 0.01 9.346160307090315 0.0013611316680908203 27.734767198562622 0.0 1.0
0 0.01 8.140633737265514 0.0011630058288574219 27.73593020439148 0.0 1.0
0 0.01 7.090603570541246 0.0011489391326904297 27.73707914352417 0.0 1.0
0 0.01 6.176012902339531 0.0012629032135009766 27.73834204673767 0.0 1.0
0 0.01 5.379391893848717 0.0012979507446289062 27.7396399974823 0.0 1.0
0 0.01 4.685524076001097 0.0012350082397460938 27.740875005722046 0.0 1.0
0 0.01 4.081155695663349 0.0012021064758300781 27.742077112197876 0.0 1.0
0 0.01 3.554742552184356 0.0011637210845947266 27.74324083328247 0.0 1.0
0 0.01 3.09622948855821 0.001374959945678711 27.74461579322815 0.0 1.0
0 0.01 2.6968583252045994 0.0012660026550292969 27.74588179588318 0.0 1.0
0 0.01 2.349000567658869 0.012645721435546875 27.758527517318726 0.5714285714285715 1.0
0 0.01 2.046011692676912 0.0038499832153320312 27.762377500534058 0.5714285714285715 1.0
0 0.01 1.7821042294352372 0.004054069519042969 27.7664315700531 0.5714285714285715 1.0
0 0.01 1.5522372115164986 0.003771066665649414 27.77020263671875 0.5714285714285715 1.0
0 0.01 1.3520198880735976 0.003873109817504883 27.774075746536255 0.5714285714285715 1.0
0 0.01 1.1776278549337647 0.004002094268798828 27.778077840805054 0.5714285714285715 1.0
0 0.01 1.0257300036406054 0.012106895446777344 27.79018473625183 0.7499999999999999 1.0
0 0.01 0.8934248930683893 0.0036759376525878906 27.79386067390442 0.7499999999999999 1.0
0 0.01 0.7781853282259436 0.002463817596435547 27.796324491500854 0.7499999999999999 1.0
0 0.01 0.6778100876351608 0.002483844757080078 27.798808336257935 0.7499999999999999 1.0
0 0.01 0.590381877216004 0.002544879913330078 27.801353216171265 0.7499999999999999 1.0
0 0.01 0.5142307075440048 0.020846128463745117 27.82219934463501 0.7272727272727272 1.0
0 0.01 0.44790199493955546 0.00416111946105957 27.82636046409607 0.7272727272727272 1.0
0 0.01 0.39012877707943217 0.050868988037109375 27.87722945213318 0.5000000000000001 1.0
0 0.01 0.33980751241358653 0.05731201171875 27.93454146385193 0.4 1.0
0 0.01 0.2959770011254507 0.01510477066040039 27.94964623451233 0.4 1.0
0 0.01 0.2578000249994245 0.014712095260620117 27.96435832977295 0.4 1.0
0 0.01 0.22454735549379537 0.07850909233093262 28.042867422103882 0.3076923076923077 1.0
0 0.01 0.19558382455304058 0.01837015151977539 28.061237573623657 0.3076923076923077 1.0
0 0.01 0.1703561920944177 0.198469877243042 28.2597074508667 0.26666666666666666 1.0
0 0.01 0.14838257842248037 0.07744002342224121 28.33714747428894 0.25806451612903225 1.0
0 0.01 0.12924325971726744 0.025856971740722656 28.363004446029663 0.25806451612903225 1.0
0 0.01 0.1125726507783501 0.07741713523864746 28.44042158126831 0.25 1.0
0 0.01 0.09805232188500161 0.0764918327331543 28.516913414001465 0.24242424242424243 1.0
0 0.01 0.08540491638568569 0.09945201873779297 28.616365432739258 0.2352941176470588 1.0
0 0.01 0.07438885283512764 0.02697300910949707 28.643338441848755 0.2352941176470588 1.0
0 0.01 0.06479371048308594 0.09749889373779297 28.740837335586548 0.2285714285714286 1.0
0 0.01 0.056436209971818335 0.25702810287475586 28.997865438461304 0.21621621621621623 1.0
0 0.01 0.049156712468482675 0.05163407325744629 29.04949951171875 0.21621621621621623 1.0
0 0.01 0.0428161703614703 0.23053908348083496 29.280038595199585 0.20512820512820512 1.0
0 0.01 0.03729347127511503 0.05072307586669922 29.330761671066284 0.20512820512820512 1.0
0 0.01 0.032483124670098805 0.045067787170410156 29.375829458236694 0.20512820512820512 1.0
