[216.40736058 188.4937774  164.18066384 143.00360867 124.55810333
 108.49181534  94.49785828  82.30892987  71.69220614  62.44489425
  54.39035884  47.37474809  41.26405496  35.94155748  31.30558923
  27.26759733  23.75045104  20.68696841  18.01863304  15.69447636
  13.67010404  11.906848    10.37102782   9.03330739   7.86813455
   6.85325305   5.96927734   5.19932239   4.52868107   3.94454329
   3.43575127   2.99258645   2.60658382   2.27037024   1.9775236
   1.72245016   1.5002777    1.30676244   1.138208     0.99139477
   0.86351843   0.75213639   0.65512111   0.57061946   0.49701737
   0.43290895   0.37706963   0.32843281   0.28606948   0.24917044]0 1 312.2098259152708 0.0006289482116699219 0.0006289482116699219 0.0 1.0
0 1 271.93903789811014 0.0006380081176757812 0.0012669563293457031 0.0 1.0
0 1 236.8626295349813 0.00740814208984375 0.008675098419189453 0.33333333333333337 1.0
0 1 206.31059705097118 0.008203983306884766 0.01687908172607422 0.5714285714285715 1.0
0 1 179.69935797424765 0.004951953887939453 0.021831035614013672 0.5714285714285715 1.0
0 1 156.52060397255676 0.003690004348754883 0.025521039962768555 0.5714285714285715 1.0
0 1 136.33159152101595 0.003538846969604492 0.029059886932373047 0.5714285714285715 1.0
0 1 118.74668494067365 0.010010004043579102 0.03906989097595215 0.7499999999999999 1.0
0 1 103.42999026917344 0.006331205368041992 0.04540109634399414 0.7499999999999999 1.0
0 1 90.08893926113359 0.0049591064453125 0.05036020278930664 0.7499999999999999 1.0
0 1 78.46870096453189 0.004804849624633789 0.05516505241394043 0.7499999999999999 1.0
0 1 68.34731412713553 0.0048580169677734375 0.06002306938171387 0.7499999999999999 1.0
0 1 59.53144745577994 0.005316972732543945 0.06534004211425781 0.6666666666666665 1.0
0 1 51.85270674408604 0.010066747665405273 0.07540678977966309 0.7272727272727272 1.0
0 1 45.16441833008278 0.010797977447509766 0.08620476722717285 0.7272727272727272 1.0
0 1 39.33882744370648 0.012351274490356445 0.0985560417175293 0.6153846153846154 1.0
0 1 34.26465792907022 0.019874095916748047 0.11843013763427734 0.47058823529411764 1.0
0 1 29.84498672911064 0.027249813079833984 0.14567995071411133 0.3636363636363636 1.0
0 1 25.99539253258091 0.03799772262573242 0.18367767333984375 0.3076923076923077 1.0
0 1 22.642343220204207 0.10476279258728027 0.288440465927124 0.26666666666666666 1.0
0 1 19.721791308170232 0.12156534194946289 0.4100058078765869 0.27586206896551724 1.0
0 1 17.177950560167822 0.26212406158447266 0.6721298694610596 0.26666666666666666 1.0
0 1 14.962230399696251 0.18917083740234375 0.8613007068634033 0.24242424242424243 1.0
0 1 13.03230776858211 0.18332791328430176 1.044628620147705 0.2222222222222222 1.0
0 1 11.351318703025308 0.17885589599609375 1.2234845161437988 0.2222222222222222 1.0
0 1 9.887154185253786 0.13965606689453125 1.36314058303833 0.21621621621621623 1.0
0 1 8.611846820663045 0.13940191268920898 1.502542495727539 0.20512820512820512 1.0
0 1 7.501036625197576 0.1627509593963623 1.6652934551239014 0.19999999999999998 1.0
0 1 6.53350571883761 0.13762211799621582 1.8029155731201172 0.20512820512820512 1.0
0 1 5.69077303724795 0.1829662322998047 1.9858818054199219 0.18604651162790697 1.0
0 1 4.956741320068812 0.1518840789794922 2.137765884399414 0.1777777777777778 1.0
0 1 4.317389632878279 0.19296002388000488 2.330725908279419 0.1702127659574468 1.0
0 1 3.7605055496069455 1.861001968383789 4.191727876663208 0.1702127659574468 1.0
0 1 3.2754518797500736 0.37125205993652344 4.5629799365997314 0.1702127659574468 1.0
0 1 2.8529634845718124 0.17931604385375977 4.742295980453491 0.16666666666666666 1.0
0 1 2.4849703012340436 0.1472640037536621 4.889559984207153 0.163265306122449 1.0
0 1 2.1644431943866964 0.24919772148132324 5.138757705688477 0.163265306122449 1.0
0 1 1.8852596907900219 0.145125150680542 5.2838828563690186 0.163265306122449 1.0
0 1 1.6420870323301746 0.1193239688873291 5.403206825256348 0.163265306122449 1.0
0 1 1.4302803135927475 0.11600804328918457 5.519214868545532 0.163265306122449 1.0
0 1 1.2457937582930971 0.11354804039001465 5.632762908935547 0.163265306122449 1.0
0 1 1.0851034398309916 0.3889908790588379 6.021753787994385 0.1568627450980392 1.0
0 1 0.945139969834425 0.33978915214538574 6.3615429401397705 0.1568627450980392 1.0
0 1 0.823229868958621 0.4817619323730469 6.843304872512817 0.1568627450980392 1.0
0 1 0.7170445000483404 0.7920560836791992 7.635360956192017 0.15384615384615383 1.0
0 1 0.624555588222246 0.7359201908111572 8.371281147003174 0.1509433962264151 1.0
0 1 0.5439964782567033 0.5146200656890869 8.88590121269226 0.1509433962264151 1.0
0 1 0.4738283892360109 0.4430058002471924 9.328907012939453 0.1509433962264151 1.0
0 1 0.4127110218901976 0.44394898414611816 9.772855997085571 0.1481481481481481 1.0
0 1 0.3594769571833539 0.4450550079345703 10.217911005020142 0.1481481481481481 1.0
0 0.1 130.20161032759302 0.0006279945373535156 10.218538999557495 0.0 1.0
0 0.1 113.40738729625762 0.0006279945373535156 10.219166994094849 0.0 1.0
0 0.1 98.77938883400856 0.0006170272827148438 10.219784021377563 0.0 1.0
0 0.1 86.03820166433057 0.0006241798400878906 10.220408201217651 0.0 1.0
0 0.1 74.9404529934022 0.0006840229034423828 10.221092224121094 0.0 1.0
0 0.1 65.27416178184274 0.0006489753723144531 10.221741199493408 0.0 1.0
0 0.1 56.854689638682785 0.0006432533264160156 10.222384452819824 0.0 1.0
0 0.1 49.52121399451067 0.0006272792816162109 10.22301173210144 0.0 1.0
0 0.1 43.13365618693992 0.0006339550018310547 10.223645687103271 0.0 1.0
0 0.1 37.570005780944214 0.0006248950958251953 10.224270582199097 0.0 1.0
0 0.1 32.7239900151928 0.0006151199340820312 10.224885702133179 0.0 1.0
0 0.1 28.503043857863506 0.0006358623504638672 10.225521564483643 0.0 1.0
0 0.1 24.826541897430772 0.009721040725708008 10.23524260520935 0.5714285714285715 1.0
0 0.1 21.624258295306348 0.00179290771484375 10.237035512924194 0.5714285714285715 1.0
0 0.1 18.835025383479486 0.0017490386962890625 10.238784551620483 0.5714285714285715 1.0
0 0.1 16.405565284674683 0.0018513202667236328 10.240635871887207 0.5714285714285715 1.0
0 0.1 14.289472237493916 0.0017228126525878906 10.242358684539795 0.5714285714285715 1.0
0 0.1 12.446326187665905 0.001638174057006836 10.243996858596802 0.5714285714285715 1.0
0 0.1 10.840920713874212 0.007544040679931641 10.251540899276733 0.7499999999999999 1.0
0 0.1 9.44259054057033 0.0024530887603759766 10.25399398803711 0.7499999999999999 1.0
0 0.1 8.224625792416147 0.0024559497833251953 10.256449937820435 0.7499999999999999 1.0
0 0.1 7.163761801874259 0.0026879310607910156 10.259137868881226 0.7499999999999999 1.0
0 0.1 6.239734724625884 0.0030579566955566406 10.262195825576782 0.7499999999999999 1.0
0 0.1 5.43489447450858 0.026395082473754883 10.288590908050537 0.7272727272727272 1.0
0 0.1 4.733867584541418 0.006842851638793945 10.295433759689331 0.7272727272727272 1.0
0 0.1 4.123263554256632 0.007595062255859375 10.30302882194519 0.7272727272727272 1.0
0 0.1 3.591419074200402 0.055361032485961914 10.358389854431152 0.5714285714285714 1.0
0 0.1 3.128175241967003 0.14188790321350098 10.500277757644653 0.4444444444444444 1.0
0 0.1 2.7246835143108377 0.04944896697998047 10.549726724624634 0.4210526315789473 1.0
0 0.1 2.373236688776134 0.08613300323486328 10.635859727859497 0.38095238095238093 1.0
0 0.1 2.0671216863796724 0.3315908908843994 10.967450618743896 0.3333333333333333 1.0
0 0.1 1.8004913233094775 0.48548293113708496 11.452933549880981 0.32000000000000006 1.0
0 0.1 1.5682526223167341 0.557405948638916 12.010339498519897 0.2857142857142857 1.0
0 0.1 1.3659695304072161 0.42719602584838867 12.437535524368286 0.27586206896551724 1.0
0 0.1 1.1897781846170337 0.27843713760375977 12.715972661972046 0.25806451612903225 1.0
0 0.1 1.036313107341863 0.08463096618652344 12.80060362815857 0.25806451612903225 1.0
0 0.1 0.9026429214570189 0.1930680274963379 12.993671655654907 0.24242424242424243 1.0
0 0.1 0.786214357305898 0.2052440643310547 13.198915719985962 0.2352941176470588 1.0
0 0.1 0.6848034820193963 0.06526684761047363 13.264182567596436 0.2352941176470588 1.0
0 0.1 0.5964732195846044 0.6686742305755615 13.932856798171997 0.2285714285714286 1.0
0 0.1 0.5195363502423698 0.6900801658630371 14.622936964035034 0.2222222222222222 1.0
0 0.1 0.4525232824553942 2.531312942504883 17.154249906539917 0.19999999999999998 1.0
0 0.1 0.3941539818506903 0.3497002124786377 17.503950119018555 0.19999999999999998 1.0
0 0.1 0.34331352094368267 0.5518889427185059 18.05583906173706 0.19512195121951217 1.0
0 0.1 0.2990307826127625 0.7705719470977783 18.82641100883484 0.19047619047619047 1.0
0 0.1 0.2604599105337001 0.9498729705810547 19.776283979415894 0.18181818181818182 1.0
0 0.1 0.22686415225376097 0.37774109840393066 20.154025077819824 0.18181818181818182 1.0
0 0.1 0.19760178628779224 0.1557481288909912 20.309773206710815 0.18181818181818182 1.0
0 0.1 0.17211386442601356 0.11908817291259766 20.428861379623413 0.18181818181818182 1.0
0 0.1 0.14991353511608546 2.109262228012085 22.538123607635498 0.1739130434782609 1.0
0 0.01 28.211963230963963 0.0006351470947265625 22.538758754730225 0.0 1.0
0 0.01 24.573006681497752 0.0006361007690429688 22.539394855499268 0.0 1.0
0 0.01 21.403425646968028 0.0006122589111328125 22.5400071144104 0.0 1.0
0 0.01 18.642677119777133 0.0006289482116699219 22.54063606262207 0.0 1.0
0 0.01 16.238027310431736 0.0006458759307861328 22.541281938552856 0.0 1.0
0 0.01 14.143544365449966 0.0006511211395263672 22.541933059692383 0.0 1.0
0 0.01 12.319221010851523 0.0006639957427978516 22.54259705543518 0.0 1.0
0 0.01 10.730210362611421 0.0006589889526367188 22.543256044387817 0.0 1.0
0 0.01 9.346160307090315 0.0006411075592041016 22.54389715194702 0.0 1.0
0 0.01 8.140633737265514 0.0006189346313476562 22.54451608657837 0.0 1.0
0 0.01 7.090603570541246 0.0006172657012939453 22.545133352279663 0.0 1.0
0 0.01 6.176012902339531 0.0006191730499267578 22.54575252532959 0.0 1.0
0 0.01 5.379391893848717 0.0006589889526367188 22.546411514282227 0.0 1.0
0 0.01 4.685524076001097 0.0006537437438964844 22.547065258026123 0.0 1.0
0 0.01 4.081155695663349 0.0006561279296875 22.54772138595581 0.0 1.0
0 0.01 3.554742552184356 0.0006229877471923828 22.548344373703003 0.0 1.0
0 0.01 3.09622948855821 0.000659942626953125 22.549004316329956 0.0 1.0
0 0.01 2.6968583252045994 0.0006320476531982422 22.549636363983154 0.0 1.0
0 0.01 2.349000567658869 0.01573324203491211 22.565369606018066 0.5714285714285715 1.0
0 0.01 2.046011692676912 0.0010519027709960938 22.566421508789062 0.5714285714285715 1.0
0 0.01 1.7821042294352372 0.0011048316955566406 22.56752634048462 0.5714285714285715 1.0
0 0.01 1.5522372115164986 0.0010471343994140625 22.568573474884033 0.5714285714285715 1.0
0 0.01 1.3520198880735976 0.0010502338409423828 22.569623708724976 0.5714285714285715 1.0
0 0.01 1.1776278549337647 0.001081705093383789 22.57070541381836 0.5714285714285715 1.0
0 0.01 1.0257300036406054 0.005273103713989258 22.57597851753235 0.7499999999999999 1.0
0 0.01 0.8934248930683893 0.0010480880737304688 22.57702660560608 0.7499999999999999 1.0
0 0.01 0.7781853282259436 0.0010409355163574219 22.578067541122437 0.7499999999999999 1.0
0 0.01 0.6778100876351608 0.0010869503021240234 22.57915449142456 0.7499999999999999 1.0
0 0.01 0.590381877216004 0.001191854476928711 22.58034634590149 0.7499999999999999 1.0
0 0.01 0.5142307075440048 0.012914896011352539 22.593261241912842 0.7272727272727272 1.0
0 0.01 0.44790199493955546 0.003244638442993164 22.596505880355835 0.7272727272727272 1.0
0 0.01 0.39012877707943217 0.04012012481689453 22.63662600517273 0.5000000000000001 1.0
0 0.01 0.33980751241358653 0.045841217041015625 22.682467222213745 0.4 1.0
0 0.01 0.2959770011254507 0.008455991744995117 22.69092321395874 0.4 1.0
0 0.01 0.2578000249994245 0.008976221084594727 22.699899435043335 0.4 1.0
0 0.01 0.22454735549379537 0.06623625755310059 22.766135692596436 0.3076923076923077 1.0
0 0.01 0.19558382455304058 0.012326955795288086 22.778462648391724 0.3076923076923077 1.0
0 0.01 0.1703561920944177 0.18421483039855957 22.962677478790283 0.26666666666666666 1.0
0 0.01 0.14838257842248037 0.06136131286621094 23.024038791656494 0.25806451612903225 1.0
0 0.01 0.12924325971726744 0.018568038940429688 23.042606830596924 0.25806451612903225 1.0
0 0.01 0.1125726507783501 0.06195712089538574 23.10456395149231 0.25 1.0
0 0.01 0.09805232188500161 0.0645599365234375 23.169123888015747 0.24242424242424243 1.0
0 0.01 0.08540491638568569 0.08623123168945312 23.2553551197052 0.2352941176470588 1.0
0 0.01 0.07438885283512764 0.018698930740356445 23.274054050445557 0.2352941176470588 1.0
0 0.01 0.06479371048308594 0.08177804946899414 23.35583209991455 0.2285714285714286 1.0
0 0.01 0.056436209971818335 0.22542619705200195 23.581258296966553 0.21621621621621623 1.0
0 0.01 0.049156712468482675 0.03481793403625488 23.616076231002808 0.21621621621621623 1.0
0 0.01 0.0428161703614703 0.1977531909942627 23.81382942199707 0.20512820512820512 1.0
0 0.01 0.03729347127511503 0.03156900405883789 23.845398426055908 0.20512820512820512 1.0
0 0.01 0.032483124670098805 0.02963089942932129 23.87502932548523 0.20512820512820512 1.0
