[216.40736058 188.4937774  164.18066384 143.00360867 124.55810333
 108.49181534  94.49785828  82.30892987  71.69220614  62.44489425
  54.39035884  47.37474809  41.26405496  35.94155748  31.30558923
  27.26759733  23.75045104  20.68696841  18.01863304  15.69447636
  13.67010404  11.906848    10.37102782   9.03330739   7.86813455
   6.85325305   5.96927734   5.19932239   4.52868107   3.94454329
   3.43575127   2.99258645   2.60658382   2.27037024   1.9775236
   1.72245016   1.5002777    1.30676244   1.138208     0.99139477
   0.86351843   0.75213639   0.65512111   0.57061946   0.49701737
   0.43290895   0.37706963   0.32843281   0.28606948   0.24917044]0 1 312.2098259152708 0.0006880760192871094 0.0006880760192871094 0.0 1.0
0 1 271.93903789811014 0.0006389617919921875 0.0013270378112792969 0.0 1.0
0 1 236.8626295349813 0.0061969757080078125 0.007524013519287109 0.33333333333333337 1.0
0 1 206.31059705097118 0.007942914962768555 0.015466928482055664 0.5714285714285715 1.0
0 1 179.69935797424765 0.0038809776306152344 0.0193479061126709 0.5714285714285715 1.0
0 1 156.52060397255676 0.003239870071411133 0.02258777618408203 0.5714285714285715 1.0
0 1 136.33159152101595 0.003159046173095703 0.025746822357177734 0.5714285714285715 1.0
0 1 118.74668494067365 0.008849143981933594 0.03459596633911133 0.7499999999999999 1.0
0 1 103.42999026917344 0.005669832229614258 0.040265798568725586 0.7499999999999999 1.0
0 1 90.08893926113359 0.004604339599609375 0.04487013816833496 0.7499999999999999 1.0
0 1 78.46870096453189 0.0047800540924072266 0.04965019226074219 0.7499999999999999 1.0
0 1 68.34731412713553 0.004850864410400391 0.05450105667114258 0.7499999999999999 1.0
0 1 59.53144745577994 0.0049898624420166016 0.05949091911315918 0.6666666666666665 1.0
0 1 51.85270674408604 0.009168148040771484 0.06865906715393066 0.7272727272727272 1.0
0 1 45.16441833008278 0.010257244110107422 0.07891631126403809 0.7272727272727272 1.0
0 1 39.33882744370648 0.011452198028564453 0.09036850929260254 0.6153846153846154 1.0
0 1 34.26465792907022 0.016398191452026367 0.1067667007446289 0.47058823529411764 1.0
0 1 29.84498672911064 0.02425217628479004 0.13101887702941895 0.3636363636363636 1.0
0 1 25.99539253258091 0.03083491325378418 0.16185379028320312 0.3076923076923077 1.0
0 1 22.642343220204207 0.08990287780761719 0.2517566680908203 0.26666666666666666 1.0
0 1 19.721791308170232 0.10433006286621094 0.35608673095703125 0.27586206896551724 1.0
0 1 17.177950560167822 0.2407360076904297 0.5968227386474609 0.26666666666666666 1.0
0 1 14.962230399696251 0.16838812828063965 0.7652108669281006 0.24242424242424243 1.0
0 1 13.03230776858211 0.17282795906066895 0.9380388259887695 0.2222222222222222 1.0
0 1 11.351318703025308 0.15547990798950195 1.0935187339782715 0.2222222222222222 1.0
0 1 9.887154185253786 0.12474584579467773 1.2182645797729492 0.21621621621621623 1.0
0 1 8.611846820663045 0.12419486045837402 1.3424594402313232 0.20512820512820512 1.0
0 1 7.501036625197576 0.14278101921081543 1.4852404594421387 0.19999999999999998 1.0
0 1 6.53350571883761 0.12128996849060059 1.6065304279327393 0.20512820512820512 1.0
0 1 5.69077303724795 0.16617703437805176 1.772707462310791 0.18604651162790697 1.0
0 1 4.956741320068812 0.12267804145812988 1.895385503768921 0.1777777777777778 1.0
0 1 4.317389632878279 0.16862893104553223 2.064014434814453 0.1702127659574468 1.0
0 1 3.7605055496069455 1.6645689010620117 3.728583335876465 0.1702127659574468 1.0
0 1 3.2754518797500736 0.34291601181030273 4.071499347686768 0.1702127659574468 1.0
0 1 2.8529634845718124 0.13166522979736328 4.203164577484131 0.16666666666666666 1.0
0 1 2.4849703012340436 0.1307210922241211 4.333885669708252 0.163265306122449 1.0
0 1 2.1644431943866964 0.22998905181884766 4.5638747215271 0.163265306122449 1.0
0 1 1.8852596907900219 0.09596776962280273 4.659842491149902 0.163265306122449 1.0
0 1 1.6420870323301746 0.09405279159545898 4.753895282745361 0.163265306122449 1.0
0 1 1.4302803135927475 0.09347295761108398 4.847368240356445 0.163265306122449 1.0
0 1 1.2457937582930971 0.09263730049133301 4.940005540847778 0.163265306122449 1.0
0 1 1.0851034398309916 0.22339415550231934 5.163399696350098 0.1568627450980392 1.0
0 1 0.945139969834425 0.22393274307250977 5.387332439422607 0.1568627450980392 1.0
0 1 0.823229868958621 0.3703498840332031 5.7576823234558105 0.1568627450980392 1.0
0 1 0.7170445000483404 0.6649861335754395 6.42266845703125 0.15384615384615383 1.0
0 1 0.624555588222246 0.45001864433288574 6.872687101364136 0.1509433962264151 1.0
0 1 0.5439964782567033 0.30206298828125 7.174750089645386 0.1509433962264151 1.0
0 1 0.4738283892360109 0.22581195831298828 7.400562047958374 0.1509433962264151 1.0
0 1 0.4127110218901976 0.22427606582641602 7.62483811378479 0.1481481481481481 1.0
0 1 0.3594769571833539 0.2242271900177002 7.84906530380249 0.1481481481481481 1.0
0 0.1 130.20161032759302 0.0006511211395263672 7.849716424942017 0.0 1.0
0 0.1 113.40738729625762 0.0006346702575683594 7.850351095199585 0.0 1.0
0 0.1 98.77938883400856 0.0006299018859863281 7.850980997085571 0.0 1.0
0 0.1 86.03820166433057 0.0006227493286132812 7.851603746414185 0.0 1.0
0 0.1 74.9404529934022 0.0006508827209472656 7.852254629135132 0.0 1.0
0 0.1 65.27416178184274 0.0006611347198486328 7.8529157638549805 0.0 1.0
0 0.1 56.854689638682785 0.0006401538848876953 7.853555917739868 0.0 1.0
0 0.1 49.52121399451067 0.0006570816040039062 7.854212999343872 0.0 1.0
0 0.1 43.13365618693992 0.0006389617919921875 7.854851961135864 0.0 1.0
0 0.1 37.570005780944214 0.0006301403045654297 7.85548210144043 0.0 1.0
0 0.1 32.7239900151928 0.0006811618804931641 7.856163263320923 0.0 1.0
0 0.1 28.503043857863506 0.0006470680236816406 7.8568103313446045 0.0 1.0
0 0.1 24.826541897430772 0.009036064147949219 7.865846395492554 0.5714285714285715 1.0
0 0.1 21.624258295306348 0.0015187263488769531 7.867365121841431 0.5714285714285715 1.0
0 0.1 18.835025383479486 0.0014908313751220703 7.868855953216553 0.5714285714285715 1.0
0 0.1 16.405565284674683 0.0016078948974609375 7.870463848114014 0.5714285714285715 1.0
0 0.1 14.289472237493916 0.0015239715576171875 7.871987819671631 0.5714285714285715 1.0
0 0.1 12.446326187665905 0.0017080307006835938 7.8736958503723145 0.5714285714285715 1.0
0 0.1 10.840920713874212 0.007430076599121094 7.8811259269714355 0.7499999999999999 1.0
0 0.1 9.44259054057033 0.0022368431091308594 7.883362770080566 0.7499999999999999 1.0
0 0.1 8.224625792416147 0.002196788787841797 7.885559558868408 0.7499999999999999 1.0
0 0.1 7.163761801874259 0.002437114715576172 7.887996673583984 0.7499999999999999 1.0
0 0.1 6.239734724625884 0.0025229454040527344 7.890519618988037 0.7499999999999999 1.0
0 0.1 5.43489447450858 0.026283979415893555 7.916803598403931 0.7272727272727272 1.0
0 0.1 4.733867584541418 0.0060651302337646484 7.922868728637695 0.7272727272727272 1.0
0 0.1 4.123263554256632 0.006588935852050781 7.929457664489746 0.7272727272727272 1.0
0 0.1 3.591419074200402 0.054197072982788086 7.983654737472534 0.5714285714285714 1.0
0 0.1 3.128175241967003 0.1401653289794922 8.123820066452026 0.4444444444444444 1.0
0 0.1 2.7246835143108377 0.048146963119506836 8.171967029571533 0.4210526315789473 1.0
0 0.1 2.373236688776134 0.0831441879272461 8.25511121749878 0.38095238095238093 1.0
0 0.1 2.0671216863796724 0.23494815826416016 8.49005937576294 0.3333333333333333 1.0
0 0.1 1.8004913233094775 0.46236395835876465 8.952423334121704 0.32000000000000006 1.0
0 0.1 1.5682526223167341 0.5330810546875 9.485504388809204 0.2857142857142857 1.0
0 0.1 1.3659695304072161 0.4164290428161621 9.901933431625366 0.27586206896551724 1.0
0 0.1 1.1897781846170337 0.26129722595214844 10.163230657577515 0.25806451612903225 1.0
0 0.1 1.036313107341863 0.07517313957214355 10.238403797149658 0.25806451612903225 1.0
0 0.1 0.9026429214570189 0.16278696060180664 10.401190757751465 0.24242424242424243 1.0
0 0.1 0.786214357305898 0.19106602668762207 10.592256784439087 0.2352941176470588 1.0
0 0.1 0.6848034820193963 0.05914807319641113 10.651404857635498 0.2352941176470588 1.0
0 0.1 0.5964732195846044 0.6352677345275879 11.286672592163086 0.2285714285714286 1.0
0 0.1 0.5195363502423698 0.630889892578125 11.917562484741211 0.2222222222222222 1.0
0 0.1 0.4525232824553942 2.336498975753784 14.254061460494995 0.19999999999999998 1.0
0 0.1 0.3941539818506903 0.28478288650512695 14.538844347000122 0.19999999999999998 1.0
0 0.1 0.34331352094368267 0.4656949043273926 15.004539251327515 0.19512195121951217 1.0
0 0.1 0.2990307826127625 0.7651162147521973 15.769655466079712 0.19047619047619047 1.0
0 0.1 0.2604599105337001 0.8042349815368652 16.573890447616577 0.18604651162790697 1.0
0 0.1 0.22686415225376097 0.23957514762878418 16.81346559524536 0.18181818181818182 1.0
0 0.1 0.19760178628779224 0.1283400058746338 16.941805601119995 0.18181818181818182 1.0
0 0.1 0.17211386442601356 0.1121070384979248 17.05391263961792 0.18181818181818182 1.0
0 0.1 0.14991353511608546 1.6433711051940918 18.69728374481201 0.1739130434782609 1.0
0 0.01 28.211963230963963 0.0006380081176757812 18.697921752929688 0.0 1.0
0 0.01 24.573006681497752 0.0006351470947265625 18.698556900024414 0.0 1.0
0 0.01 21.403425646968028 0.000621795654296875 18.69917869567871 0.0 1.0
0 0.01 18.642677119777133 0.0006258487701416016 18.699804544448853 0.0 1.0
0 0.01 16.238027310431736 0.0006449222564697266 18.700449466705322 0.0 1.0
0 0.01 14.143544365449966 0.0006859302520751953 18.701135396957397 0.0 1.0
0 0.01 12.319221010851523 0.0007066726684570312 18.701842069625854 0.0 1.0
0 0.01 10.730210362611421 0.0006530284881591797 18.702495098114014 0.0 1.0
0 0.01 9.346160307090315 0.0006487369537353516 18.70314383506775 0.0 1.0
0 0.01 8.140633737265514 0.0006690025329589844 18.703812837600708 0.0 1.0
0 0.01 7.090603570541246 0.0006341934204101562 18.704447031021118 0.0 1.0
0 0.01 6.176012902339531 0.0006229877471923828 18.70507001876831 0.0 1.0
0 0.01 5.379391893848717 0.0006411075592041016 18.705711126327515 0.0 1.0
0 0.01 4.685524076001097 0.0006330013275146484 18.70634412765503 0.0 1.0
0 0.01 4.081155695663349 0.0006132125854492188 18.70695734024048 0.0 1.0
0 0.01 3.554742552184356 0.0006289482116699219 18.70758628845215 0.0 1.0
0 0.01 3.09622948855821 0.0006351470947265625 18.708221435546875 0.0 1.0
0 0.01 2.6968583252045994 0.000720977783203125 18.708942413330078 0.0 1.0
0 0.01 2.349000567658869 0.015746116638183594 18.72468852996826 0.5714285714285715 1.0
0 0.01 2.046011692676912 0.0010650157928466797 18.72575354576111 0.5714285714285715 1.0
0 0.01 1.7821042294352372 0.001051187515258789 18.726804733276367 0.5714285714285715 1.0
0 0.01 1.5522372115164986 0.0008020401000976562 18.727606773376465 0.5714285714285715 1.0
0 0.01 1.3520198880735976 0.0008590221405029297 18.728465795516968 0.5714285714285715 1.0
0 0.01 1.1776278549337647 0.0008990764617919922 18.72936487197876 0.5714285714285715 1.0
0 0.01 1.0257300036406054 0.005273103713989258 18.73463797569275 0.7499999999999999 1.0
0 0.01 0.8934248930683893 0.0010988712310791016 18.735736846923828 0.7499999999999999 1.0
0 0.01 0.7781853282259436 0.001154184341430664 18.73689103126526 0.7499999999999999 1.0
0 0.01 0.6778100876351608 0.0008661746978759766 18.737757205963135 0.7499999999999999 1.0
0 0.01 0.590381877216004 0.0009622573852539062 18.73871946334839 0.7499999999999999 1.0
0 0.01 0.5142307075440048 0.012591123580932617 18.75131058692932 0.7272727272727272 1.0
0 0.01 0.44790199493955546 0.0018897056579589844 18.75320029258728 0.7272727272727272 1.0
0 0.01 0.39012877707943217 0.03959798812866211 18.792798280715942 0.5000000000000001 1.0
0 0.01 0.33980751241358653 0.04533076286315918 18.8381290435791 0.4 1.0
0 0.01 0.2959770011254507 0.007888078689575195 18.846017122268677 0.4 1.0
0 0.01 0.2578000249994245 0.007820844650268555 18.853837966918945 0.4 1.0
0 0.01 0.22454735549379537 0.06544899940490723 18.919286966323853 0.3076923076923077 1.0
0 0.01 0.19558382455304058 0.011317968368530273 18.930604934692383 0.3076923076923077 1.0
0 0.01 0.1703561920944177 0.18239593505859375 19.113000869750977 0.26666666666666666 1.0
0 0.01 0.14838257842248037 0.060595035552978516 19.173595905303955 0.25806451612903225 1.0
0 0.01 0.12924325971726744 0.016948938369750977 19.190544843673706 0.25806451612903225 1.0
0 0.01 0.1125726507783501 0.06104302406311035 19.251587867736816 0.25 1.0
0 0.01 0.09805232188500161 0.06268525123596191 19.31427311897278 0.24242424242424243 1.0
0 0.01 0.08540491638568569 0.0840461254119873 19.398319244384766 0.2352941176470588 1.0
0 0.01 0.07438885283512764 0.017405986785888672 19.415725231170654 0.2352941176470588 1.0
0 0.01 0.06479371048308594 0.08085298538208008 19.496578216552734 0.2285714285714286 1.0
0 0.01 0.056436209971818335 0.22307991981506348 19.719658136367798 0.21621621621621623 1.0
0 0.01 0.049156712468482675 0.031076908111572266 19.75073504447937 0.21621621621621623 1.0
0 0.01 0.0428161703614703 0.18985700607299805 19.940592050552368 0.20512820512820512 1.0
0 0.01 0.03729347127511503 0.02840900421142578 19.969001054763794 0.20512820512820512 1.0
0 0.01 0.032483124670098805 0.0280609130859375 19.99706196784973 0.20512820512820512 1.0
