[216.40736058 188.4937774  164.18066384 143.00360867 124.55810333
 108.49181534  94.49785828  82.30892987  71.69220614  62.44489425
  54.39035884  47.37474809  41.26405496  35.94155748  31.30558923
  27.26759733  23.75045104  20.68696841  18.01863304  15.69447636
  13.67010404  11.906848    10.37102782   9.03330739   7.86813455
   6.85325305   5.96927734   5.19932239   4.52868107   3.94454329
   3.43575127   2.99258645   2.60658382   2.27037024   1.9775236
   1.72245016   1.5002777    1.30676244   1.138208     0.99139477
   0.86351843   0.75213639   0.65512111   0.57061946   0.49701737
   0.43290895   0.37706963   0.32843281   0.28606948   0.24917044]0 1 312.2098259152708 0.0006661415100097656 0.0006661415100097656 0.0 1.0
0 1 271.93903789811014 0.0006680488586425781 0.0013341903686523438 0.0 1.0
0 1 236.8626295349813 0.009037971496582031 0.010372161865234375 0.33333333333333337 1.0
0 1 206.31059705097118 0.009605884552001953 0.019978046417236328 0.5714285714285715 1.0
0 1 179.69935797424765 0.005604267120361328 0.025582313537597656 0.5714285714285715 1.0
0 1 156.52060397255676 0.004890918731689453 0.03047323226928711 0.5714285714285715 1.0
0 1 136.33159152101595 0.003986358642578125 0.034459590911865234 0.5714285714285715 1.0
0 1 118.74668494067365 0.011327028274536133 0.04578661918640137 0.7499999999999999 1.0
0 1 103.42999026917344 0.007017850875854492 0.05280447006225586 0.7499999999999999 1.0
0 1 90.08893926113359 0.005966901779174805 0.058771371841430664 0.7499999999999999 1.0
0 1 78.46870096453189 0.005858182907104492 0.06462955474853516 0.7499999999999999 1.0
0 1 68.34731412713553 0.00566411018371582 0.07029366493225098 0.7499999999999999 1.0
0 1 59.53144745577994 0.006209135055541992 0.07650279998779297 0.6666666666666665 1.0
0 1 51.85270674408604 0.011903047561645508 0.08840584754943848 0.7272727272727272 1.0
0 1 45.16441833008278 0.011986017227172852 0.10039186477661133 0.7272727272727272 1.0
0 1 39.33882744370648 0.01520681381225586 0.11559867858886719 0.6153846153846154 1.0
0 1 34.26465792907022 0.02251887321472168 0.13811755180358887 0.47058823529411764 1.0
0 1 29.84498672911064 0.030847787857055664 0.16896533966064453 0.3636363636363636 1.0
0 1 25.99539253258091 0.0425112247467041 0.21147656440734863 0.3076923076923077 1.0
0 1 22.642343220204207 0.1182248592376709 0.32970142364501953 0.26666666666666666 1.0
0 1 19.721791308170232 0.13955473899841309 0.4692561626434326 0.27586206896551724 1.0
0 1 17.177950560167822 0.2894108295440674 0.7586669921875 0.26666666666666666 1.0
0 1 14.962230399696251 0.21432971954345703 0.972996711730957 0.24242424242424243 1.0
0 1 13.03230776858211 0.2028951644897461 1.1758918762207031 0.2222222222222222 1.0
0 1 11.351318703025308 0.19955825805664062 1.3754501342773438 0.2222222222222222 1.0
0 1 9.887154185253786 0.15888619422912598 1.5343363285064697 0.21621621621621623 1.0
0 1 8.611846820663045 0.15650510787963867 1.6908414363861084 0.20512820512820512 1.0
0 1 7.501036625197576 0.18531513214111328 1.8761565685272217 0.19999999999999998 1.0
0 1 6.53350571883761 0.15831208229064941 2.034468650817871 0.20512820512820512 1.0
0 1 5.69077303724795 0.20948410034179688 2.243952751159668 0.18604651162790697 1.0
0 1 4.956741320068812 0.16959691047668457 2.4135496616363525 0.1777777777777778 1.0
0 1 4.317389632878279 0.22484397888183594 2.6383936405181885 0.16666666666666666 1.0
0 1 3.7605055496069455 2.007500171661377 4.645893812179565 0.1702127659574468 1.0
0 1 3.2754518797500736 0.4160900115966797 5.061983823776245 0.1702127659574468 1.0
0 1 2.8529634845718124 0.2199113368988037 5.281895160675049 0.16666666666666666 1.0
0 1 2.4849703012340436 0.1861729621887207 5.4680681228637695 0.163265306122449 1.0
0 1 2.1644431943866964 0.30168986320495605 5.769757986068726 0.163265306122449 1.0
0 1 1.8852596907900219 0.17149591445922852 5.941253900527954 0.163265306122449 1.0
0 1 1.6420870323301746 0.1569349765777588 6.098188877105713 0.163265306122449 1.0
0 1 1.4302803135927475 0.1459670066833496 6.2441558837890625 0.163265306122449 1.0
0 1 1.2457937582930971 0.1343059539794922 6.378461837768555 0.163265306122449 1.0
0 1 1.0851034398309916 0.5025112628936768 6.8809731006622314 0.1568627450980392 1.0
0 1 0.945139969834425 0.4394500255584717 7.320423126220703 0.1568627450980392 1.0
0 1 0.823229868958621 0.5727081298828125 7.893131256103516 0.1568627450980392 1.0
0 1 0.7170445000483404 1.0457890033721924 8.938920259475708 0.15384615384615383 1.0
0 1 0.624555588222246 1.022129774093628 9.961050033569336 0.1509433962264151 1.0
0 1 0.5439964782567033 0.715778112411499 10.676828145980835 0.1509433962264151 1.0
0 1 0.4738283892360109 0.6379098892211914 11.314738035202026 0.1509433962264151 1.0
0 1 0.4127110218901976 0.6447269916534424 11.959465026855469 0.1481481481481481 1.0
0 1 0.3594769571833539 0.6144471168518066 12.573912143707275 0.1481481481481481 1.0
0 0.1 130.20161032759302 0.0006589889526367188 12.574571132659912 0.0 1.0
0 0.1 113.40738729625762 0.0006520748138427734 12.575223207473755 0.0 1.0
0 0.1 98.77938883400856 0.000640869140625 12.57586407661438 0.0 1.0
0 0.1 86.03820166433057 0.0006320476531982422 12.576496124267578 0.0 1.0
0 0.1 74.9404529934022 0.0006480216979980469 12.577144145965576 0.0 1.0
0 0.1 65.27416178184274 0.0006580352783203125 12.577802181243896 0.0 1.0
0 0.1 56.854689638682785 0.0006802082061767578 12.578482389450073 0.0 1.0
0 0.1 49.52121399451067 0.0006699562072753906 12.579152345657349 0.0 1.0
0 0.1 43.13365618693992 0.0006568431854248047 12.579809188842773 0.0 1.0
0 0.1 37.570005780944214 0.0006432533264160156 12.58045244216919 0.0 1.0
0 0.1 32.7239900151928 0.0006232261657714844 12.581075668334961 0.0 1.0
0 0.1 28.503043857863506 0.0006318092346191406 12.58170747756958 0.0 1.0
0 0.1 24.826541897430772 0.01031494140625 12.59202241897583 0.5714285714285715 1.0
0 0.1 21.624258295306348 0.002288818359375 12.594311237335205 0.5714285714285715 1.0
0 0.1 18.835025383479486 0.0020139217376708984 12.596325159072876 0.5714285714285715 1.0
0 0.1 16.405565284674683 0.0022270679473876953 12.598552227020264 0.5714285714285715 1.0
0 0.1 14.289472237493916 0.0019693374633789062 12.600521564483643 0.5714285714285715 1.0
0 0.1 12.446326187665905 0.002173900604248047 12.60269546508789 0.5714285714285715 1.0
0 0.1 10.840920713874212 0.007870912551879883 12.61056637763977 0.7499999999999999 1.0
0 0.1 9.44259054057033 0.002872943878173828 12.613439321517944 0.7499999999999999 1.0
0 0.1 8.224625792416147 0.0027649402618408203 12.616204261779785 0.7499999999999999 1.0
0 0.1 7.163761801874259 0.003056049346923828 12.619260311126709 0.7499999999999999 1.0
0 0.1 6.239734724625884 0.0032231807708740234 12.622483491897583 0.7499999999999999 1.0
0 0.1 5.43489447450858 0.0274960994720459 12.649979591369629 0.7272727272727272 1.0
0 0.1 4.733867584541418 0.0077669620513916016 12.65774655342102 0.7272727272727272 1.0
0 0.1 4.123263554256632 0.008892059326171875 12.666638612747192 0.7272727272727272 1.0
0 0.1 3.591419074200402 0.05786705017089844 12.72450566291809 0.5714285714285714 1.0
0 0.1 3.128175241967003 0.14716410636901855 12.87166976928711 0.4444444444444444 1.0
0 0.1 2.7246835143108377 0.0530240535736084 12.924693822860718 0.4210526315789473 1.0
0 0.1 2.373236688776134 0.09474301338195801 13.019436836242676 0.38095238095238093 1.0
0 0.1 2.0671216863796724 0.3813462257385254 13.400783061981201 0.3333333333333333 1.0
0 0.1 1.8004913233094775 0.5191249847412109 13.919908046722412 0.32000000000000006 1.0
0 0.1 1.5682526223167341 0.5843601226806641 14.504268169403076 0.2857142857142857 1.0
0 0.1 1.3659695304072161 0.44356822967529297 14.94783639907837 0.27586206896551724 1.0
0 0.1 1.1897781846170337 0.2991139888763428 15.246950387954712 0.25806451612903225 1.0
0 0.1 1.036313107341863 0.09176802635192871 15.33871841430664 0.25806451612903225 1.0
0 0.1 0.9026429214570189 0.2062208652496338 15.544939279556274 0.24242424242424243 1.0
0 0.1 0.786214357305898 0.21431303024291992 15.759252309799194 0.2352941176470588 1.0
0 0.1 0.6848034820193963 0.07351565361022949 15.832767963409424 0.2352941176470588 1.0
0 0.1 0.5964732195846044 0.7024121284484863 16.53518009185791 0.2285714285714286 1.0
0 0.1 0.5195363502423698 0.7621188163757324 17.297298908233643 0.2222222222222222 1.0
0 0.1 0.4525232824553942 2.712852954864502 20.010151863098145 0.19999999999999998 1.0
0 0.1 0.3941539818506903 0.4086728096008301 20.418824672698975 0.19999999999999998 1.0
0 0.1 0.34331352094368267 0.6265699863433838 21.04539465904236 0.19512195121951217 1.0
0 0.1 0.2990307826127625 0.8400850296020508 21.88547968864441 0.19047619047619047 1.0
0 0.1 0.2604599105337001 1.2905139923095703 23.17599368095398 0.18181818181818182 1.0
0 0.1 0.22686415225376097 0.4395170211791992 23.61551070213318 0.18181818181818182 1.0
0 0.1 0.19760178628779224 0.26360607147216797 23.879116773605347 0.18181818181818182 1.0
0 0.1 0.17211386442601356 0.18303489685058594 24.062151670455933 0.18181818181818182 1.0
0 0.1 0.14991353511608546 2.531841993331909 26.593993663787842 0.1739130434782609 1.0
0 0.01 28.211963230963963 0.0006937980651855469 26.594687461853027 0.0 1.0
0 0.01 24.573006681497752 0.0006709098815917969 26.59535837173462 0.0 1.0
0 0.01 21.403425646968028 0.0006630420684814453 26.5960214138031 0.0 1.0
0 0.01 18.642677119777133 0.000637054443359375 26.59665846824646 0.0 1.0
0 0.01 16.238027310431736 0.000659942626953125 26.597318410873413 0.0 1.0
0 0.01 14.143544365449966 0.0006568431854248047 26.597975254058838 0.0 1.0
0 0.01 12.319221010851523 0.0006620883941650391 26.598637342453003 0.0 1.0
0 0.01 10.730210362611421 0.0006659030914306641 26.599303245544434 0.0 1.0
0 0.01 9.346160307090315 0.0007150173187255859 26.60001826286316 0.0 1.0
0 0.01 8.140633737265514 0.0006401538848876953 26.600658416748047 0.0 1.0
0 0.01 7.090603570541246 0.0006289482116699219 26.601287364959717 0.0 1.0
0 0.01 6.176012902339531 0.0006546974182128906 26.60194206237793 0.0 1.0
0 0.01 5.379391893848717 0.0006399154663085938 26.60258197784424 0.0 1.0
0 0.01 4.685524076001097 0.0006561279296875 26.603238105773926 0.0 1.0
0 0.01 4.081155695663349 0.0006601810455322266 26.603898286819458 0.0 1.0
0 0.01 3.554742552184356 0.0007202625274658203 26.604618549346924 0.0 1.0
0 0.01 3.09622948855821 0.0006887912750244141 26.60530734062195 0.0 1.0
0 0.01 2.6968583252045994 0.000659942626953125 26.6059672832489 0.0 1.0
0 0.01 2.349000567658869 0.016186952590942383 26.622154235839844 0.5714285714285715 1.0
0 0.01 2.046011692676912 0.0012989044189453125 26.62345314025879 0.5714285714285715 1.0
0 0.01 1.7821042294352372 0.0012879371643066406 26.624741077423096 0.5714285714285715 1.0
0 0.01 1.5522372115164986 0.0013132095336914062 26.626054286956787 0.5714285714285715 1.0
0 0.01 1.3520198880735976 0.0013267993927001953 26.627381086349487 0.5714285714285715 1.0
0 0.01 1.1776278549337647 0.0016088485717773438 26.628989934921265 0.5714285714285715 1.0
0 0.01 1.0257300036406054 0.005402803421020508 26.634392738342285 0.7499999999999999 1.0
0 0.01 0.8934248930683893 0.0017659664154052734 26.63615870475769 0.7499999999999999 1.0
0 0.01 0.7781853282259436 0.0010828971862792969 26.63724160194397 0.7499999999999999 1.0
0 0.01 0.6778100876351608 0.0012922286987304688 26.6385338306427 0.7499999999999999 1.0
0 0.01 0.590381877216004 0.0012352466583251953 26.639769077301025 0.7499999999999999 1.0
0 0.01 0.5142307075440048 0.013198137283325195 26.65296721458435 0.7272727272727272 1.0
0 0.01 0.44790199493955546 0.0030930042266845703 26.656060218811035 0.7272727272727272 1.0
0 0.01 0.39012877707943217 0.05269813537597656 26.70875835418701 0.5000000000000001 1.0
0 0.01 0.33980751241358653 0.04987812042236328 26.758636474609375 0.4 1.0
0 0.01 0.2959770011254507 0.011646032333374023 26.77028250694275 0.4 1.0
0 0.01 0.2578000249994245 0.011371135711669922 26.78165364265442 0.4 1.0
0 0.01 0.22454735549379537 0.11360001564025879 26.895253658294678 0.3076923076923077 1.0
0 0.01 0.19558382455304058 0.02125406265258789 26.916507720947266 0.3076923076923077 1.0
0 0.01 0.1703561920944177 0.23299694061279297 27.14950466156006 0.26666666666666666 1.0
0 0.01 0.14838257842248037 0.06553101539611816 27.215035676956177 0.25806451612903225 1.0
0 0.01 0.12924325971726744 0.020068883895874023 27.23510456085205 0.25806451612903225 1.0
0 0.01 0.1125726507783501 0.06734991073608398 27.302454471588135 0.25 1.0
0 0.01 0.09805232188500161 0.06788015365600586 27.37033462524414 0.24242424242424243 1.0
0 0.01 0.08540491638568569 0.09160804748535156 27.461942672729492 0.2352941176470588 1.0
0 0.01 0.07438885283512764 0.020580053329467773 27.48252272605896 0.2352941176470588 1.0
0 0.01 0.06479371048308594 0.08693504333496094 27.56945776939392 0.2285714285714286 1.0
0 0.01 0.056436209971818335 0.24292254447937012 27.81238031387329 0.21621621621621623 1.0
0 0.01 0.049156712468482675 0.042675018310546875 27.855055332183838 0.21621621621621623 1.0
0 0.01 0.0428161703614703 0.21284103393554688 28.067896366119385 0.20512820512820512 1.0
0 0.01 0.03729347127511503 0.036534786224365234 28.10443115234375 0.20512820512820512 1.0
0 0.01 0.032483124670098805 0.031983137130737305 28.136414289474487 0.20512820512820512 1.0
