[216.40736058 188.4937774  164.18066384 143.00360867 124.55810333
 108.49181534  94.49785828  82.30892987  71.69220614  62.44489425
  54.39035884  47.37474809  41.26405496  35.94155748  31.30558923
  27.26759733  23.75045104  20.68696841  18.01863304  15.69447636
  13.67010404  11.906848    10.37102782   9.03330739   7.86813455
   6.85325305   5.96927734   5.19932239   4.52868107   3.94454329
   3.43575127   2.99258645   2.60658382   2.27037024   1.9775236
   1.72245016   1.5002777    1.30676244   1.138208     0.99139477
   0.86351843   0.75213639   0.65512111   0.57061946   0.49701737
   0.43290895   0.37706963   0.32843281   0.28606948   0.24917044]0 1 312.2098259152708 0.0011870861053466797 0.0011870861053466797 0.0 1.0
0 1 271.93903789811014 0.0012390613555908203 0.0024261474609375 0.0 1.0
0 1 236.8626295349813 0.028182029724121094 0.030608177185058594 0.33333333333333337 1.0
0 1 206.31059705097118 0.02184891700744629 0.05245709419250488 0.5714285714285715 1.0
0 1 179.69935797424765 0.01213979721069336 0.06459689140319824 0.5714285714285715 1.0
0 1 156.52060397255676 0.009382963180541992 0.07397985458374023 0.5714285714285715 1.0
0 1 136.33159152101595 0.008141040802001953 0.08212089538574219 0.5714285714285715 1.0
0 1 118.74668494067365 0.024135828018188477 0.10625672340393066 0.7499999999999999 1.0
0 1 103.42999026917344 0.01478886604309082 0.12104558944702148 0.7499999999999999 1.0
0 1 90.08893926113359 0.011113882064819336 0.13215947151184082 0.7499999999999999 1.0
0 1 78.46870096453189 0.009789228439331055 0.14194869995117188 0.7499999999999999 1.0
0 1 68.34731412713553 0.008779048919677734 0.1507277488708496 0.7499999999999999 1.0
0 1 59.53144745577994 0.00904703140258789 0.1597747802734375 0.6666666666666665 1.0
0 1 51.85270674408604 0.013108015060424805 0.1728827953338623 0.7272727272727272 1.0
0 1 45.16441833008278 0.012732982635498047 0.18561577796936035 0.7272727272727272 1.0
0 1 39.33882744370648 0.012586832046508789 0.19820261001586914 0.6153846153846154 1.0
0 1 34.26465792907022 0.0194699764251709 0.21767258644104004 0.47058823529411764 1.0
0 1 29.84498672911064 0.026494979858398438 0.24416756629943848 0.3636363636363636 1.0
0 1 25.99539253258091 0.03264904022216797 0.27681660652160645 0.3076923076923077 1.0
0 1 22.642343220204207 0.09306716918945312 0.36988377571105957 0.26666666666666666 1.0
0 1 19.721791308170232 0.1055440902709961 0.47542786598205566 0.27586206896551724 1.0
0 1 17.177950560167822 0.2515120506286621 0.7269399166107178 0.26666666666666666 1.0
0 1 14.962230399696251 0.17111778259277344 0.8980576992034912 0.24242424242424243 1.0
0 1 13.03230776858211 0.19415926933288574 1.092216968536377 0.2222222222222222 1.0
0 1 11.351318703025308 0.17879819869995117 1.2710151672363281 0.2222222222222222 1.0
0 1 9.887154185253786 0.12594199180603027 1.3969571590423584 0.21621621621621623 1.0
0 1 8.611846820663045 0.1265881061553955 1.523545265197754 0.20512820512820512 1.0
0 1 7.501036625197576 0.14259886741638184 1.6661441326141357 0.19999999999999998 1.0
0 1 6.53350571883761 0.12270593643188477 1.7888500690460205 0.20512820512820512 1.0
0 1 5.69077303724795 0.1649630069732666 1.953813076019287 0.18604651162790697 1.0
0 1 4.956741320068812 0.12230992317199707 2.076122999191284 0.1777777777777778 1.0
0 1 4.317389632878279 0.1665661334991455 2.2426891326904297 0.1702127659574468 1.0
0 1 3.7605055496069455 1.6792261600494385 3.921915292739868 0.1702127659574468 1.0
0 1 3.2754518797500736 0.3450150489807129 4.266930341720581 0.1702127659574468 1.0
0 1 2.8529634845718124 0.13114500045776367 4.398075342178345 0.16666666666666666 1.0
0 1 2.4849703012340436 0.1325209140777588 4.5305962562561035 0.163265306122449 1.0
0 1 2.1644431943866964 0.2295386791229248 4.760134935379028 0.163265306122449 1.0
0 1 1.8852596907900219 0.09514284133911133 4.85527777671814 0.163265306122449 1.0
0 1 1.6420870323301746 0.09327578544616699 4.948553562164307 0.163265306122449 1.0
0 1 1.4302803135927475 0.09338498115539551 5.041938543319702 0.163265306122449 1.0
0 1 1.2457937582930971 0.09155392646789551 5.133492469787598 0.163265306122449 1.0
0 1 1.0851034398309916 0.22463512420654297 5.358127593994141 0.1568627450980392 1.0
0 1 0.945139969834425 0.23417019844055176 5.592297792434692 0.1568627450980392 1.0
0 1 0.823229868958621 0.39226794242858887 5.984565734863281 0.1568627450980392 1.0
0 1 0.7170445000483404 0.6744980812072754 6.659063816070557 0.15384615384615383 1.0
0 1 0.624555588222246 0.45025205612182617 7.109315872192383 0.1509433962264151 1.0
0 1 0.5439964782567033 0.30122804641723633 7.410543918609619 0.1509433962264151 1.0
0 1 0.4738283892360109 0.2262580394744873 7.6368019580841064 0.1509433962264151 1.0
0 1 0.4127110218901976 0.22674107551574707 7.8635430335998535 0.1481481481481481 1.0
0 1 0.3594769571833539 0.22659087181091309 8.090133905410767 0.1481481481481481 1.0
0 0.1 130.20161032759302 0.0011768341064453125 8.091310739517212 0.0 1.0
0 0.1 113.40738729625762 0.0011568069458007812 8.092467546463013 0.0 1.0
0 0.1 98.77938883400856 0.0012042522430419922 8.093671798706055 0.0 1.0
0 0.1 86.03820166433057 0.001219034194946289 8.094890832901001 0.0 1.0
0 0.1 74.9404529934022 0.0013189315795898438 8.09620976448059 0.0 1.0
0 0.1 65.27416178184274 0.0012350082397460938 8.097444772720337 0.0 1.0
0 0.1 56.854689638682785 0.0012140274047851562 8.098658800125122 0.0 1.0
0 0.1 49.52121399451067 0.0011630058288574219 8.09982180595398 0.0 1.0
0 0.1 43.13365618693992 0.0011730194091796875 8.10099482536316 0.0 1.0
0 0.1 37.570005780944214 0.001238107681274414 8.102232933044434 0.0 1.0
0 0.1 32.7239900151928 0.0013439655303955078 8.103576898574829 0.0 1.0
0 0.1 28.503043857863506 0.0011708736419677734 8.104747772216797 0.0 1.0
0 0.1 24.826541897430772 0.013747215270996094 8.118494987487793 0.5714285714285715 1.0
0 0.1 21.624258295306348 0.00408172607421875 8.122576713562012 0.5714285714285715 1.0
0 0.1 18.835025383479486 0.004158973693847656 8.12673568725586 0.5714285714285715 1.0
0 0.1 16.405565284674683 0.0039010047912597656 8.13063669204712 0.5714285714285715 1.0
0 0.1 14.289472237493916 0.004049777984619141 8.134686470031738 0.5714285714285715 1.0
0 0.1 12.446326187665905 0.003964900970458984 8.138651371002197 0.5714285714285715 1.0
0 0.1 10.840920713874212 0.011594057083129883 8.150245428085327 0.7499999999999999 1.0
0 0.1 9.44259054057033 0.005378007888793945 8.155623435974121 0.7499999999999999 1.0
0 0.1 8.224625792416147 0.003998994827270508 8.159622430801392 0.7499999999999999 1.0
0 0.1 7.163761801874259 0.0039560794830322266 8.163578510284424 0.7499999999999999 1.0
0 0.1 6.239734724625884 0.003955841064453125 8.167534351348877 0.7499999999999999 1.0
0 0.1 5.43489447450858 0.03158926963806152 8.199123620986938 0.7272727272727272 1.0
0 0.1 4.733867584541418 0.009855985641479492 8.208979606628418 0.7272727272727272 1.0
0 0.1 4.123263554256632 0.009187936782836914 8.218167543411255 0.7272727272727272 1.0
0 0.1 3.591419074200402 0.06266069412231445 8.28082823753357 0.5714285714285714 1.0
0 0.1 3.128175241967003 0.1486358642578125 8.429464101791382 0.4444444444444444 1.0
0 0.1 2.7246835143108377 0.055091142654418945 8.4845552444458 0.4210526315789473 1.0
0 0.1 2.373236688776134 0.0895850658416748 8.574140310287476 0.38095238095238093 1.0
0 0.1 2.0671216863796724 0.2873799800872803 8.861520290374756 0.3333333333333333 1.0
0 0.1 1.8004913233094775 0.5127880573272705 9.374308347702026 0.32000000000000006 1.0
0 0.1 1.5682526223167341 0.5633418560028076 9.937650203704834 0.2857142857142857 1.0
0 0.1 1.3659695304072161 0.4276437759399414 10.365293979644775 0.27586206896551724 1.0
0 0.1 1.1897781846170337 0.2715919017791748 10.63688588142395 0.25806451612903225 1.0
0 0.1 1.036313107341863 0.08301115036010742 10.719897031784058 0.25806451612903225 1.0
0 0.1 0.9026429214570189 0.17616891860961914 10.896065950393677 0.24242424242424243 1.0
0 0.1 0.786214357305898 0.20105600357055664 11.097121953964233 0.2352941176470588 1.0
0 0.1 0.6848034820193963 0.06389808654785156 11.161020040512085 0.2352941176470588 1.0
0 0.1 0.5964732195846044 0.6420118808746338 11.803031921386719 0.2285714285714286 1.0
0 0.1 0.5195363502423698 0.654019832611084 12.457051753997803 0.2222222222222222 1.0
0 0.1 0.4525232824553942 2.3694000244140625 14.826451778411865 0.19999999999999998 1.0
0 0.1 0.3941539818506903 0.3061649799346924 15.132616758346558 0.19999999999999998 1.0
0 0.1 0.34331352094368267 0.4821910858154297 15.614807844161987 0.19512195121951217 1.0
0 0.1 0.2990307826127625 0.7822380065917969 16.397045850753784 0.19047619047619047 1.0
0 0.1 0.2604599105337001 0.8200597763061523 17.217105627059937 0.18604651162790697 1.0
0 0.1 0.22686415225376097 0.24678587913513184 17.46389150619507 0.18181818181818182 1.0
0 0.1 0.19760178628779224 0.13293790817260742 17.596829414367676 0.18181818181818182 1.0
0 0.1 0.17211386442601356 0.11408114433288574 17.71091055870056 0.18181818181818182 1.0
0 0.1 0.14991353511608546 1.6493148803710938 19.360225439071655 0.1739130434782609 1.0
0 0.01 28.211963230963963 0.0011639595031738281 19.36138939857483 0.0 1.0
0 0.01 24.573006681497752 0.001194000244140625 19.36258339881897 0.0 1.0
0 0.01 21.403425646968028 0.001277923583984375 19.363861322402954 0.0 1.0
0 0.01 18.642677119777133 0.0011932849884033203 19.365054607391357 0.0 1.0
0 0.01 16.238027310431736 0.001219034194946289 19.366273641586304 0.0 1.0
0 0.01 14.143544365449966 0.0013132095336914062 19.367586851119995 0.0 1.0
0 0.01 12.319221010851523 0.001165151596069336 19.368752002716064 0.0 1.0
0 0.01 10.730210362611421 0.001149892807006836 19.36990189552307 0.0 1.0
0 0.01 9.346160307090315 0.0011458396911621094 19.371047735214233 0.0 1.0
0 0.01 8.140633737265514 0.0011577606201171875 19.37220549583435 0.0 1.0
0 0.01 7.090603570541246 0.0011401176452636719 19.373345613479614 0.0 1.0
0 0.01 6.176012902339531 0.0013010501861572266 19.37464666366577 0.0 1.0
0 0.01 5.379391893848717 0.001232147216796875 19.37587881088257 0.0 1.0
0 0.01 4.685524076001097 0.0011560916900634766 19.377034902572632 0.0 1.0
0 0.01 4.081155695663349 0.0011610984802246094 19.378196001052856 0.0 1.0
0 0.01 3.554742552184356 0.0012297630310058594 19.379425764083862 0.0 1.0
0 0.01 3.09622948855821 0.0011761188507080078 19.38060188293457 0.0 1.0
0 0.01 2.6968583252045994 0.0011830329895019531 19.381784915924072 0.0 1.0
0 0.01 2.349000567658869 0.010062932968139648 19.391847848892212 0.5714285714285715 1.0
0 0.01 2.046011692676912 0.002743244171142578 19.394591093063354 0.5714285714285715 1.0
0 0.01 1.7821042294352372 0.0026450157165527344 19.397236108779907 0.5714285714285715 1.0
0 0.01 1.5522372115164986 0.0014672279357910156 19.3987033367157 0.5714285714285715 1.0
0 0.01 1.3520198880735976 0.0014719963073730469 19.40017533302307 0.5714285714285715 1.0
0 0.01 1.1776278549337647 0.001359701156616211 19.401535034179688 0.5714285714285715 1.0
0 0.01 1.0257300036406054 0.010877847671508789 19.412412881851196 0.7499999999999999 1.0
0 0.01 0.8934248930683893 0.0025501251220703125 19.414963006973267 0.7499999999999999 1.0
0 0.01 0.7781853282259436 0.0024611949920654297 19.417424201965332 0.7499999999999999 1.0
0 0.01 0.6778100876351608 0.0014243125915527344 19.418848514556885 0.7499999999999999 1.0
0 0.01 0.590381877216004 0.0015230178833007812 19.420371532440186 0.7499999999999999 1.0
0 0.01 0.5142307075440048 0.018928050994873047 19.43929958343506 0.7272727272727272 1.0
0 0.01 0.44790199493955546 0.0031409263610839844 19.442440509796143 0.7272727272727272 1.0
0 0.01 0.39012877707943217 0.04497170448303223 19.487412214279175 0.5000000000000001 1.0
0 0.01 0.33980751241358653 0.051928043365478516 19.539340257644653 0.4 1.0
0 0.01 0.2959770011254507 0.011507034301757812 19.55084729194641 0.4 1.0
0 0.01 0.2578000249994245 0.010601043701171875 19.561448335647583 0.4 1.0
0 0.01 0.22454735549379537 0.07353997230529785 19.63498830795288 0.3076923076923077 1.0
0 0.01 0.19558382455304058 0.01493692398071289 19.649925231933594 0.3076923076923077 1.0
0 0.01 0.1703561920944177 0.18867897987365723 19.83860421180725 0.26666666666666666 1.0
0 0.01 0.14838257842248037 0.0722188949584961 19.910823106765747 0.25806451612903225 1.0
0 0.01 0.12924325971726744 0.021661043167114258 19.93248414993286 0.25806451612903225 1.0
0 0.01 0.1125726507783501 0.06991696357727051 20.002401113510132 0.25 1.0
0 0.01 0.09805232188500161 0.07259082794189453 20.074991941452026 0.24242424242424243 1.0
0 0.01 0.08540491638568569 0.09306597709655762 20.168057918548584 0.2352941176470588 1.0
0 0.01 0.07438885283512764 0.022180795669555664 20.19023871421814 0.2352941176470588 1.0
0 0.01 0.06479371048308594 0.08900570869445801 20.279244422912598 0.2285714285714286 1.0
0 0.01 0.056436209971818335 0.2451460361480713 20.52439045906067 0.21621621621621623 1.0
0 0.01 0.049156712468482675 0.03979897499084473 20.564189434051514 0.21621621621621623 1.0
0 0.01 0.0428161703614703 0.21066784858703613 20.77485728263855 0.20512820512820512 1.0
0 0.01 0.03729347127511503 0.04052424430847168 20.81538152694702 0.20512820512820512 1.0
0 0.01 0.032483124670098805 0.03905797004699707 20.85443949699402 0.20512820512820512 1.0
