[216.40736058 188.4937774  164.18066384 143.00360867 124.55810333
 108.49181534  94.49785828  82.30892987  71.69220614  62.44489425
  54.39035884  47.37474809  41.26405496  35.94155748  31.30558923
  27.26759733  23.75045104  20.68696841  18.01863304  15.69447636
  13.67010404  11.906848    10.37102782   9.03330739   7.86813455
   6.85325305   5.96927734   5.19932239   4.52868107   3.94454329
   3.43575127   2.99258645   2.60658382   2.27037024   1.9775236
   1.72245016   1.5002777    1.30676244   1.138208     0.99139477
   0.86351843   0.75213639   0.65512111   0.57061946   0.49701737
   0.43290895   0.37706963   0.32843281   0.28606948   0.24917044]0 1 312.2098259152708 0.0011761188507080078 0.0011761188507080078 0.0 1.0
0 1 271.93903789811014 0.0011930465698242188 0.0023691654205322266 0.0 1.0
0 1 236.8626295349813 0.034813880920410156 0.03718304634094238 0.33333333333333337 1.0
0 1 206.31059705097118 0.024569034576416016 0.0617520809173584 0.5714285714285715 1.0
0 1 179.69935797424765 0.015201091766357422 0.07695317268371582 0.5714285714285715 1.0
0 1 156.52060397255676 0.012489080429077148 0.08944225311279297 0.5714285714285715 1.0
0 1 136.33159152101595 0.010347127914428711 0.09978938102722168 0.5714285714285715 1.0
0 1 118.74668494067365 0.02950596809387207 0.12929534912109375 0.7499999999999999 1.0
0 1 103.42999026917344 0.01809096336364746 0.1473863124847412 0.7499999999999999 1.0
0 1 90.08893926113359 0.013251066207885742 0.16063737869262695 0.7499999999999999 1.0
0 1 78.46870096453189 0.011900186538696289 0.17253756523132324 0.7499999999999999 1.0
0 1 68.34731412713553 0.009850740432739258 0.1823883056640625 0.7499999999999999 1.0
0 1 59.53144745577994 0.01007699966430664 0.19246530532836914 0.6666666666666665 1.0
0 1 51.85270674408604 0.015977859497070312 0.20844316482543945 0.7272727272727272 1.0
0 1 45.16441833008278 0.014639854431152344 0.2230830192565918 0.7272727272727272 1.0
0 1 39.33882744370648 0.016332149505615234 0.23941516876220703 0.6153846153846154 1.0
0 1 34.26465792907022 0.02586817741394043 0.26528334617614746 0.47058823529411764 1.0
0 1 29.84498672911064 0.029833078384399414 0.2951164245605469 0.3636363636363636 1.0
0 1 25.99539253258091 0.041857004165649414 0.3369734287261963 0.3076923076923077 1.0
0 1 22.642343220204207 0.1145179271697998 0.4514913558959961 0.26666666666666666 1.0
0 1 19.721791308170232 0.13038086891174316 0.5818722248077393 0.27586206896551724 1.0
0 1 17.177950560167822 0.27054405212402344 0.8524162769317627 0.26666666666666666 1.0
0 1 14.962230399696251 0.19301319122314453 1.0454294681549072 0.24242424242424243 1.0
0 1 13.03230776858211 0.18650293350219727 1.2319324016571045 0.2222222222222222 1.0
0 1 11.351318703025308 0.17972993850708008 1.4116623401641846 0.2222222222222222 1.0
0 1 9.887154185253786 0.14062905311584473 1.5522913932800293 0.21621621621621623 1.0
0 1 8.611846820663045 0.1388232707977295 1.6911146640777588 0.20512820512820512 1.0
0 1 7.501036625197576 0.16219210624694824 1.853306770324707 0.19999999999999998 1.0
0 1 6.53350571883761 0.13846135139465332 1.9917681217193604 0.20512820512820512 1.0
0 1 5.69077303724795 0.18242216110229492 2.1741902828216553 0.18604651162790697 1.0
0 1 4.956741320068812 0.1503911018371582 2.3245813846588135 0.1777777777777778 1.0
0 1 4.317389632878279 0.19425296783447266 2.518834352493286 0.1702127659574468 1.0
0 1 3.7605055496069455 1.8740870952606201 4.392921447753906 0.1702127659574468 1.0
0 1 3.2754518797500736 0.3719480037689209 4.764869451522827 0.1702127659574468 1.0
0 1 2.8529634845718124 0.17986297607421875 4.944732427597046 0.16666666666666666 1.0
0 1 2.4849703012340436 0.14684295654296875 5.091575384140015 0.163265306122449 1.0
0 1 2.1644431943866964 0.24954605102539062 5.341121435165405 0.163265306122449 1.0
0 1 1.8852596907900219 0.140455961227417 5.481577396392822 0.163265306122449 1.0
0 1 1.6420870323301746 0.11909294128417969 5.600670337677002 0.163265306122449 1.0
0 1 1.4302803135927475 0.11782073974609375 5.718491077423096 0.163265306122449 1.0
0 1 1.2457937582930971 0.11235308647155762 5.830844163894653 0.163265306122449 1.0
0 1 1.0851034398309916 0.38954782485961914 6.2203919887542725 0.1568627450980392 1.0
0 1 0.945139969834425 0.34113383293151855 6.561525821685791 0.1568627450980392 1.0
0 1 0.823229868958621 0.49495887756347656 7.056484699249268 0.1568627450980392 1.0
0 1 0.7170445000483404 0.802044153213501 7.8585288524627686 0.15384615384615383 1.0
0 1 0.624555588222246 0.7416448593139648 8.600173711776733 0.1509433962264151 1.0
0 1 0.5439964782567033 0.5223441123962402 9.122517824172974 0.1509433962264151 1.0
0 1 0.4738283892360109 0.4462912082672119 9.568809032440186 0.1509433962264151 1.0
0 1 0.4127110218901976 0.44719481468200684 10.016003847122192 0.1481481481481481 1.0
0 1 0.3594769571833539 0.4471311569213867 10.463135004043579 0.1481481481481481 1.0
0 0.1 130.20161032759302 0.0011801719665527344 10.464315176010132 0.0 1.0
0 0.1 113.40738729625762 0.0011620521545410156 10.465477228164673 0.0 1.0
0 0.1 98.77938883400856 0.0011560916900634766 10.466633319854736 0.0 1.0
0 0.1 86.03820166433057 0.0012331008911132812 10.46786642074585 0.0 1.0
0 0.1 74.9404529934022 0.0012369155883789062 10.469103336334229 0.0 1.0
0 0.1 65.27416178184274 0.0012078285217285156 10.470311164855957 0.0 1.0
0 0.1 56.854689638682785 0.0012140274047851562 10.471525192260742 0.0 1.0
0 0.1 49.52121399451067 0.0011610984802246094 10.472686290740967 0.0 1.0
0 0.1 43.13365618693992 0.0011548995971679688 10.473841190338135 0.0 1.0
0 0.1 37.570005780944214 0.001165151596069336 10.475006341934204 0.0 1.0
0 0.1 32.7239900151928 0.0012538433074951172 10.4762601852417 0.0 1.0
0 0.1 28.503043857863506 0.0011639595031738281 10.477424144744873 0.0 1.0
0 0.1 24.826541897430772 0.015297889709472656 10.492722034454346 0.5714285714285715 1.0
0 0.1 21.624258295306348 0.005035877227783203 10.497757911682129 0.5714285714285715 1.0
0 0.1 18.835025383479486 0.005173921585083008 10.502931833267212 0.5714285714285715 1.0
0 0.1 16.405565284674683 0.00521087646484375 10.508142709732056 0.5714285714285715 1.0
0 0.1 14.289472237493916 0.004967212677001953 10.513109922409058 0.5714285714285715 1.0
0 0.1 12.446326187665905 0.004086971282958984 10.517196893692017 0.5714285714285715 1.0
0 0.1 10.840920713874212 0.012566804885864258 10.52976369857788 0.7499999999999999 1.0
0 0.1 9.44259054057033 0.00619196891784668 10.535955667495728 0.7499999999999999 1.0
0 0.1 8.224625792416147 0.005264997482299805 10.541220664978027 0.7499999999999999 1.0
0 0.1 7.163761801874259 0.00514674186706543 10.546367406845093 0.7499999999999999 1.0
0 0.1 6.239734724625884 0.005057811737060547 10.551425218582153 0.7499999999999999 1.0
0 0.1 5.43489447450858 0.03318214416503906 10.584607362747192 0.7272727272727272 1.0
0 0.1 4.733867584541418 0.011919736862182617 10.596527099609375 0.7272727272727272 1.0
0 0.1 4.123263554256632 0.011651277542114258 10.60817837715149 0.7272727272727272 1.0
0 0.1 3.591419074200402 0.06487107276916504 10.673049449920654 0.5714285714285714 1.0
0 0.1 3.128175241967003 0.14898371696472168 10.822033166885376 0.4444444444444444 1.0
0 0.1 2.7246835143108377 0.05833864212036133 10.880371809005737 0.4210526315789473 1.0
0 0.1 2.373236688776134 0.09006714820861816 10.970438957214355 0.38095238095238093 1.0
0 0.1 2.0671216863796724 0.43349289894104004 11.403931856155396 0.3333333333333333 1.0
0 0.1 1.8004913233094775 0.5510721206665039 11.9550039768219 0.32000000000000006 1.0
0 0.1 1.5682526223167341 0.5979259014129639 12.552929878234863 0.2857142857142857 1.0
0 0.1 1.3659695304072161 0.4545290470123291 13.007458925247192 0.27586206896551724 1.0
0 0.1 1.1897781846170337 0.30803394317626953 13.315492868423462 0.25806451612903225 1.0
0 0.1 1.036313107341863 0.09486508369445801 13.41035795211792 0.25806451612903225 1.0
0 0.1 0.9026429214570189 0.21382594108581543 13.624183893203735 0.24242424242424243 1.0
0 0.1 0.786214357305898 0.21628308296203613 13.840466976165771 0.2352941176470588 1.0
0 0.1 0.6848034820193963 0.07036685943603516 13.910833835601807 0.2352941176470588 1.0
0 0.1 0.5964732195846044 0.6738710403442383 14.584704875946045 0.2285714285714286 1.0
0 0.1 0.5195363502423698 0.7158119678497314 15.300516843795776 0.2222222222222222 1.0
0 0.1 0.4525232824553942 2.580864191055298 17.881381034851074 0.19999999999999998 1.0
0 0.1 0.3941539818506903 0.36673593521118164 18.248116970062256 0.19999999999999998 1.0
0 0.1 0.34331352094368267 0.5657391548156738 18.81385612487793 0.19512195121951217 1.0
0 0.1 0.2990307826127625 0.7924671173095703 19.6063232421875 0.19047619047619047 1.0
0 0.1 0.2604599105337001 0.9787089824676514 20.58503222465515 0.18181818181818182 1.0
0 0.1 0.22686415225376097 0.39078688621520996 20.97581911087036 0.18181818181818182 1.0
0 0.1 0.19760178628779224 0.16647124290466309 21.142290353775024 0.18181818181818182 1.0
0 0.1 0.17211386442601356 0.12786006927490234 21.270150423049927 0.18181818181818182 1.0
0 0.1 0.14991353511608546 2.151768684387207 23.421919107437134 0.1739130434782609 1.0
0 0.01 28.211963230963963 0.0011899471282958984 23.42310905456543 0.0 1.0
0 0.01 24.573006681497752 0.0011630058288574219 23.424272060394287 0.0 1.0
0 0.01 21.403425646968028 0.0012340545654296875 23.425506114959717 0.0 1.0
0 0.01 18.642677119777133 0.0012018680572509766 23.426707983016968 0.0 1.0
0 0.01 16.238027310431736 0.0012507438659667969 23.427958726882935 0.0 1.0
0 0.01 14.143544365449966 0.0012028217315673828 23.429161548614502 0.0 1.0
0 0.01 12.319221010851523 0.0011897087097167969 23.43035125732422 0.0 1.0
0 0.01 10.730210362611421 0.0011551380157470703 23.431506395339966 0.0 1.0
0 0.01 9.346160307090315 0.0011510848999023438 23.432657480239868 0.0 1.0
0 0.01 8.140633737265514 0.0012030601501464844 23.433860540390015 0.0 1.0
0 0.01 7.090603570541246 0.0011560916900634766 23.435016632080078 0.0 1.0
0 0.01 6.176012902339531 0.00115203857421875 23.436168670654297 0.0 1.0
0 0.01 5.379391893848717 0.0011539459228515625 23.43732261657715 0.0 1.0
0 0.01 4.685524076001097 0.0012302398681640625 23.438552856445312 0.0 1.0
0 0.01 4.081155695663349 0.0011870861053466797 23.43973994255066 0.0 1.0
0 0.01 3.554742552184356 0.0011742115020751953 23.440914154052734 0.0 1.0
0 0.01 3.09622948855821 0.0011751651763916016 23.442089319229126 0.0 1.0
0 0.01 2.6968583252045994 0.001149892807006836 23.443239212036133 0.0 1.0
0 0.01 2.349000567658869 0.011269807815551758 23.454509019851685 0.5714285714285715 1.0
0 0.01 2.046011692676912 0.0025510787963867188 23.45706009864807 0.5714285714285715 1.0
0 0.01 1.7821042294352372 0.0026099681854248047 23.459670066833496 0.5714285714285715 1.0
0 0.01 1.5522372115164986 0.002613067626953125 23.46228313446045 0.5714285714285715 1.0
0 0.01 1.3520198880735976 0.0025048255920410156 23.46478796005249 0.5714285714285715 1.0
0 0.01 1.1776278549337647 0.002599954605102539 23.467387914657593 0.5714285714285715 1.0
0 0.01 1.0257300036406054 0.01073598861694336 23.478123903274536 0.7499999999999999 1.0
0 0.01 0.8934248930683893 0.0025773048400878906 23.480701208114624 0.7499999999999999 1.0
0 0.01 0.7781853282259436 0.0025169849395751953 23.4832181930542 0.7499999999999999 1.0
0 0.01 0.6778100876351608 0.0024530887603759766 23.485671281814575 0.7499999999999999 1.0
0 0.01 0.590381877216004 0.0026090145111083984 23.488280296325684 0.7499999999999999 1.0
0 0.01 0.5142307075440048 0.020123004913330078 23.508403301239014 0.7272727272727272 1.0
0 0.01 0.44790199493955546 0.004251956939697266 23.51265525817871 0.7272727272727272 1.0
0 0.01 0.39012877707943217 0.04658007621765137 23.559235334396362 0.5000000000000001 1.0
0 0.01 0.33980751241358653 0.05330514907836914 23.61254048347473 0.4 1.0
0 0.01 0.2959770011254507 0.012638092041015625 23.625178575515747 0.4 1.0
0 0.01 0.2578000249994245 0.011963129043579102 23.637141704559326 0.4 1.0
0 0.01 0.22454735549379537 0.07457113265991211 23.71171283721924 0.3076923076923077 1.0
0 0.01 0.19558382455304058 0.016237735748291016 23.72795057296753 0.3076923076923077 1.0
0 0.01 0.1703561920944177 0.1883678436279297 23.91631841659546 0.26666666666666666 1.0
0 0.01 0.14838257842248037 0.07257485389709473 23.988893270492554 0.25806451612903225 1.0
0 0.01 0.12924325971726744 0.023719072341918945 24.012612342834473 0.25806451612903225 1.0
0 0.01 0.1125726507783501 0.07146978378295898 24.08408212661743 0.25 1.0
0 0.01 0.09805232188500161 0.07402706146240234 24.158109188079834 0.24242424242424243 1.0
0 0.01 0.08540491638568569 0.0945899486541748 24.25269913673401 0.2352941176470588 1.0
0 0.01 0.07438885283512764 0.023697853088378906 24.276396989822388 0.2352941176470588 1.0
0 0.01 0.06479371048308594 0.08947396278381348 24.3658709526062 0.2285714285714286 1.0
0 0.01 0.056436209971818335 0.24548912048339844 24.6113600730896 0.21621621621621623 1.0
0 0.01 0.049156712468482675 0.04427289962768555 24.655632972717285 0.21621621621621623 1.0
0 0.01 0.0428161703614703 0.2155900001525879 24.871222972869873 0.20512820512820512 1.0
0 0.01 0.03729347127511503 0.04341912269592285 24.914642095565796 0.20512820512820512 1.0
0 0.01 0.032483124670098805 0.04139399528503418 24.95603609085083 0.20512820512820512 1.0
