[216.40736058 188.4937774  164.18066384 143.00360867 124.55810333
 108.49181534  94.49785828  82.30892987  71.69220614  62.44489425
  54.39035884  47.37474809  41.26405496  35.94155748  31.30558923
  27.26759733  23.75045104  20.68696841  18.01863304  15.69447636
  13.67010404  11.906848    10.37102782   9.03330739   7.86813455
   6.85325305   5.96927734   5.19932239   4.52868107   3.94454329
   3.43575127   2.99258645   2.60658382   2.27037024   1.9775236
   1.72245016   1.5002777    1.30676244   1.138208     0.99139477
   0.86351843   0.75213639   0.65512111   0.57061946   0.49701737
   0.43290895   0.37706963   0.32843281   0.28606948   0.24917044]0 1 312.2098259152708 0.001171112060546875 0.001171112060546875 0.0 1.0
0 1 271.93903789811014 0.0011539459228515625 0.0023250579833984375 0.0 1.0
0 1 236.8626295349813 0.04207277297973633 0.044397830963134766 0.33333333333333337 1.0
0 1 206.31059705097118 0.03070521354675293 0.0751030445098877 0.5714285714285715 1.0
0 1 179.69935797424765 0.018638134002685547 0.09374117851257324 0.5714285714285715 1.0
0 1 156.52060397255676 0.015084981918334961 0.1088261604309082 0.5714285714285715 1.0
0 1 136.33159152101595 0.013079166412353516 0.12190532684326172 0.5714285714285715 1.0
0 1 118.74668494067365 0.035762786865234375 0.1576681137084961 0.7499999999999999 1.0
0 1 103.42999026917344 0.022289752960205078 0.17995786666870117 0.7499999999999999 1.0
0 1 90.08893926113359 0.017308950424194336 0.1972668170928955 0.7499999999999999 1.0
0 1 78.46870096453189 0.014528989791870117 0.21179580688476562 0.7499999999999999 1.0
0 1 68.34731412713553 0.012320995330810547 0.22411680221557617 0.7499999999999999 1.0
0 1 59.53144745577994 0.012529134750366211 0.23664593696594238 0.6666666666666665 1.0
0 1 51.85270674408604 0.0196230411529541 0.2562689781188965 0.7272727272727272 1.0
0 1 45.16441833008278 0.016777992248535156 0.27304697036743164 0.7272727272727272 1.0
0 1 39.33882744370648 0.018937110900878906 0.29198408126831055 0.6153846153846154 1.0
0 1 34.26465792907022 0.030348777770996094 0.32233285903930664 0.47058823529411764 1.0
0 1 29.84498672911064 0.03641915321350098 0.3587520122528076 0.3636363636363636 1.0
0 1 25.99539253258091 0.0511019229888916 0.4098539352416992 0.3076923076923077 1.0
0 1 22.642343220204207 0.1388840675354004 0.5487380027770996 0.26666666666666666 1.0
0 1 19.721791308170232 0.16350388526916504 0.7122418880462646 0.27586206896551724 1.0
0 1 17.177950560167822 0.3037097454071045 1.0159516334533691 0.26666666666666666 1.0
0 1 14.962230399696251 0.2292957305908203 1.2452473640441895 0.24242424242424243 1.0
0 1 13.03230776858211 0.21217107772827148 1.457418441772461 0.2222222222222222 1.0
0 1 11.351318703025308 0.2075200080871582 1.6649384498596191 0.2222222222222222 1.0
0 1 9.887154185253786 0.1695706844329834 1.8345091342926025 0.21621621621621623 1.0
0 1 8.611846820663045 0.16804289817810059 2.002552032470703 0.20512820512820512 1.0
0 1 7.501036625197576 0.19446778297424316 2.1970198154449463 0.19999999999999998 1.0
0 1 6.53350571883761 0.16156506538391113 2.3585848808288574 0.20512820512820512 1.0
0 1 5.69077303724795 0.21904492378234863 2.577629804611206 0.18604651162790697 1.0
0 1 4.956741320068812 0.17275404930114746 2.7503838539123535 0.1777777777777778 1.0
0 1 4.317389632878279 0.22753500938415527 2.977918863296509 0.16666666666666666 1.0
0 1 3.7605055496069455 2.0059261322021484 4.983844995498657 0.1702127659574468 1.0
0 1 3.2754518797500736 0.4147191047668457 5.398564100265503 0.1702127659574468 1.0
0 1 2.8529634845718124 0.2278740406036377 5.626438140869141 0.16666666666666666 1.0
0 1 2.4849703012340436 0.18317484855651855 5.809612989425659 0.163265306122449 1.0
0 1 2.1644431943866964 0.2970261573791504 6.10663914680481 0.163265306122449 1.0
0 1 1.8852596907900219 0.17279601097106934 6.279435157775879 0.163265306122449 1.0
0 1 1.6420870323301746 0.15964818000793457 6.4390833377838135 0.163265306122449 1.0
0 1 1.4302803135927475 0.15048885345458984 6.589572191238403 0.163265306122449 1.0
0 1 1.2457937582930971 0.1408078670501709 6.730380058288574 0.163265306122449 1.0
0 1 1.0851034398309916 0.5342981815338135 7.264678239822388 0.1568627450980392 1.0
0 1 0.945139969834425 0.43230676651000977 7.6969850063323975 0.1568627450980392 1.0
0 1 0.823229868958621 0.5608251094818115 8.257810115814209 0.1568627450980392 1.0
0 1 0.7170445000483404 0.9880621433258057 9.245872259140015 0.15384615384615383 1.0
0 1 0.624555588222246 1.045947790145874 10.291820049285889 0.1509433962264151 1.0
0 1 0.5439964782567033 0.7786881923675537 11.070508241653442 0.1509433962264151 1.0
0 1 0.4738283892360109 0.640437126159668 11.71094536781311 0.1509433962264151 1.0
0 1 0.4127110218901976 0.6503159999847412 12.361261367797852 0.1481481481481481 1.0
0 1 0.3594769571833539 0.6335017681121826 12.994763135910034 0.1481481481481481 1.0
0 0.1 130.20161032759302 0.0012302398681640625 12.995993375778198 0.0 1.0
0 0.1 113.40738729625762 0.0012280941009521484 12.99722146987915 0.0 1.0
0 0.1 98.77938883400856 0.0012590885162353516 12.998480558395386 0.0 1.0
0 0.1 86.03820166433057 0.0013320446014404297 12.999812602996826 0.0 1.0
0 0.1 74.9404529934022 0.0011527538299560547 13.000965356826782 0.0 1.0
0 0.1 65.27416178184274 0.0012941360473632812 13.002259492874146 0.0 1.0
0 0.1 56.854689638682785 0.001177072525024414 13.00343656539917 0.0 1.0
0 0.1 49.52121399451067 0.0011639595031738281 13.004600524902344 0.0 1.0
0 0.1 43.13365618693992 0.0011701583862304688 13.005770683288574 0.0 1.0
0 0.1 37.570005780944214 0.001154184341430664 13.006924867630005 0.0 1.0
0 0.1 32.7239900151928 0.0011839866638183594 13.008108854293823 0.0 1.0
0 0.1 28.503043857863506 0.001348257064819336 13.009457111358643 0.0 1.0
0 0.1 24.826541897430772 0.018568992614746094 13.028026103973389 0.5714285714285715 1.0
0 0.1 21.624258295306348 0.007551908493041992 13.03557801246643 0.5714285714285715 1.0
0 0.1 18.835025383479486 0.006306886672973633 13.041884899139404 0.5714285714285715 1.0
0 0.1 16.405565284674683 0.0063898563385009766 13.048274755477905 0.5714285714285715 1.0
0 0.1 14.289472237493916 0.0064697265625 13.054744482040405 0.5714285714285715 1.0
0 0.1 12.446326187665905 0.006275177001953125 13.061019659042358 0.5714285714285715 1.0
0 0.1 10.840920713874212 0.014267921447753906 13.075287580490112 0.7499999999999999 1.0
0 0.1 9.44259054057033 0.007831096649169922 13.083118677139282 0.7499999999999999 1.0
0 0.1 8.224625792416147 0.006288051605224609 13.089406728744507 0.7499999999999999 1.0
0 0.1 7.163761801874259 0.006644010543823242 13.09605073928833 0.7499999999999999 1.0
0 0.1 6.239734724625884 0.00631403923034668 13.102364778518677 0.7499999999999999 1.0
0 0.1 5.43489447450858 0.03771615028381348 13.14008092880249 0.7272727272727272 1.0
0 0.1 4.733867584541418 0.01448512077331543 13.154566049575806 0.7272727272727272 1.0
0 0.1 4.123263554256632 0.01392221450805664 13.168488264083862 0.7272727272727272 1.0
0 0.1 3.591419074200402 0.06951594352722168 13.238004207611084 0.5714285714285714 1.0
0 0.1 3.128175241967003 0.15782880783081055 13.395833015441895 0.4444444444444444 1.0
0 0.1 2.7246835143108377 0.06682682037353516 13.46265983581543 0.4210526315789473 1.0
0 0.1 2.373236688776134 0.09727096557617188 13.559930801391602 0.38095238095238093 1.0
0 0.1 2.0671216863796724 0.5864298343658447 14.146360635757446 0.3333333333333333 1.0
0 0.1 1.8004913233094775 0.614717960357666 14.761078596115112 0.32000000000000006 1.0
0 0.1 1.5682526223167341 0.6495256423950195 15.410604238510132 0.2857142857142857 1.0
0 0.1 1.3659695304072161 0.4856839179992676 15.8962881565094 0.27586206896551724 1.0
0 0.1 1.1897781846170337 0.3529820442199707 16.24927020072937 0.25806451612903225 1.0
0 0.1 1.036313107341863 0.1098029613494873 16.359073162078857 0.25806451612903225 1.0
0 0.1 0.9026429214570189 0.23705196380615234 16.59612512588501 0.24242424242424243 1.0
0 0.1 0.786214357305898 0.22890496253967285 16.825030088424683 0.2352941176470588 1.0
0 0.1 0.6848034820193963 0.08030319213867188 16.905333280563354 0.2352941176470588 1.0
0 0.1 0.5964732195846044 0.7282149791717529 17.633548259735107 0.2285714285714286 1.0
0 0.1 0.5195363502423698 0.7698202133178711 18.40336847305298 0.2222222222222222 1.0
0 0.1 0.4525232824553942 2.7382571697235107 21.14162564277649 0.19999999999999998 1.0
0 0.1 0.3941539818506903 0.39796900749206543 21.539594650268555 0.19999999999999998 1.0
0 0.1 0.34331352094368267 0.645503044128418 22.185097694396973 0.19512195121951217 1.0
0 0.1 0.2990307826127625 0.8211679458618164 23.00626564025879 0.19047619047619047 1.0
0 0.1 0.2604599105337001 1.3204808235168457 24.326746463775635 0.18181818181818182 1.0
0 0.1 0.22686415225376097 0.4647212028503418 24.791467666625977 0.18181818181818182 1.0
0 0.1 0.19760178628779224 0.21491599082946777 25.006383657455444 0.18181818181818182 1.0
0 0.1 0.17211386442601356 0.14121699333190918 25.147600650787354 0.18181818181818182 1.0
0 0.1 0.14991353511608546 2.549818754196167 27.69741940498352 0.1739130434782609 1.0
0 0.01 28.211963230963963 0.0011730194091796875 27.6985924243927 0.0 1.0
0 0.01 24.573006681497752 0.0011539459228515625 27.69974637031555 0.0 1.0
0 0.01 21.403425646968028 0.0011639595031738281 27.700910329818726 0.0 1.0
0 0.01 18.642677119777133 0.0011620521545410156 27.702072381973267 0.0 1.0
0 0.01 16.238027310431736 0.0011591911315917969 27.70323157310486 0.0 1.0
0 0.01 14.143544365449966 0.0011641979217529297 27.70439577102661 0.0 1.0
0 0.01 12.319221010851523 0.0011429786682128906 27.705538749694824 0.0 1.0
0 0.01 10.730210362611421 0.0011467933654785156 27.706685543060303 0.0 1.0
0 0.01 9.346160307090315 0.0012059211730957031 27.7078914642334 0.0 1.0
0 0.01 8.140633737265514 0.001165151596069336 27.709056615829468 0.0 1.0
0 0.01 7.090603570541246 0.0011630058288574219 27.710219621658325 0.0 1.0
0 0.01 6.176012902339531 0.0011458396911621094 27.711365461349487 0.0 1.0
0 0.01 5.379391893848717 0.0011641979217529297 27.71252965927124 0.0 1.0
0 0.01 4.685524076001097 0.0011970996856689453 27.71372675895691 0.0 1.0
0 0.01 4.081155695663349 0.0011546611785888672 27.714881420135498 0.0 1.0
0 0.01 3.554742552184356 0.0011782646179199219 27.716059684753418 0.0 1.0
0 0.01 3.09622948855821 0.0011620521545410156 27.71722173690796 0.0 1.0
0 0.01 2.6968583252045994 0.0011570453643798828 27.71837878227234 0.0 1.0
0 0.01 2.349000567658869 0.011699914932250977 27.73007869720459 0.5714285714285715 1.0
0 0.01 2.046011692676912 0.0037031173706054688 27.733781814575195 0.5714285714285715 1.0
0 0.01 1.7821042294352372 0.0036389827728271484 27.737420797348022 0.5714285714285715 1.0
0 0.01 1.5522372115164986 0.0036351680755615234 27.741055965423584 0.5714285714285715 1.0
0 0.01 1.3520198880735976 0.0036249160766601562 27.744680881500244 0.5714285714285715 1.0
0 0.01 1.1776278549337647 0.0037648677825927734 27.748445749282837 0.5714285714285715 1.0
0 0.01 1.0257300036406054 0.01155996322631836 27.760005712509155 0.7499999999999999 1.0
0 0.01 0.8934248930683893 0.0036928653717041016 27.76369857788086 0.7499999999999999 1.0
0 0.01 0.7781853282259436 0.0025010108947753906 27.766199588775635 0.7499999999999999 1.0
0 0.01 0.6778100876351608 0.002567291259765625 27.7687668800354 0.7499999999999999 1.0
0 0.01 0.590381877216004 0.0025053024291992188 27.7712721824646 0.7499999999999999 1.0
0 0.01 0.5142307075440048 0.019743919372558594 27.791016101837158 0.7272727272727272 1.0
0 0.01 0.44790199493955546 0.004098176956176758 27.795114278793335 0.7272727272727272 1.0
0 0.01 0.39012877707943217 0.048124074935913086 27.843238353729248 0.5000000000000001 1.0
0 0.01 0.33980751241358653 0.059020042419433594 27.90225839614868 0.4 1.0
0 0.01 0.2959770011254507 0.015582084655761719 27.917840480804443 0.4 1.0
0 0.01 0.2578000249994245 0.015566110610961914 27.933406591415405 0.4 1.0
0 0.01 0.22454735549379537 0.07817506790161133 28.011581659317017 0.3076923076923077 1.0
0 0.01 0.19558382455304058 0.017838001251220703 28.029419660568237 0.3076923076923077 1.0
0 0.01 0.1703561920944177 0.19240307807922363 28.22182273864746 0.26666666666666666 1.0
0 0.01 0.14838257842248037 0.07708525657653809 28.298907995224 0.25806451612903225 1.0
0 0.01 0.12924325971726744 0.025343894958496094 28.324251890182495 0.25806451612903225 1.0
0 0.01 0.1125726507783501 0.07492709159851074 28.399178981781006 0.25 1.0
0 0.01 0.09805232188500161 0.07534313201904297 28.47452211380005 0.24242424242424243 1.0
0 0.01 0.08540491638568569 0.10022568702697754 28.574747800827026 0.2352941176470588 1.0
0 0.01 0.07438885283512764 0.026124000549316406 28.600871801376343 0.2352941176470588 1.0
0 0.01 0.06479371048308594 0.09257912635803223 28.693450927734375 0.2285714285714286 1.0
0 0.01 0.056436209971818335 0.2538769245147705 28.947327852249146 0.21621621621621623 1.0
0 0.01 0.049156712468482675 0.050522804260253906 28.9978506565094 0.21621621621621623 1.0
0 0.01 0.0428161703614703 0.2210381031036377 29.218888759613037 0.20512820512820512 1.0
0 0.01 0.03729347127511503 0.04890894889831543 29.267797708511353 0.20512820512820512 1.0
0 0.01 0.032483124670098805 0.044731855392456055 29.31252956390381 0.20512820512820512 1.0
