[216.40736058 188.4937774  164.18066384 143.00360867 124.55810333
 108.49181534  94.49785828  82.30892987  71.69220614  62.44489425
  54.39035884  47.37474809  41.26405496  35.94155748  31.30558923
  27.26759733  23.75045104  20.68696841  18.01863304  15.69447636
  13.67010404  11.906848    10.37102782   9.03330739   7.86813455
   6.85325305   5.96927734   5.19932239   4.52868107   3.94454329
   3.43575127   2.99258645   2.60658382   2.27037024   1.9775236
   1.72245016   1.5002777    1.30676244   1.138208     0.99139477
   0.86351843   0.75213639   0.65512111   0.57061946   0.49701737
   0.43290895   0.37706963   0.32843281   0.28606948   0.24917044]0 1 312.2098259152708 0.006491899490356445 0.006491899490356445 0.0 1.0
0 1 271.93903789811014 0.00652313232421875 0.013015031814575195 0.0 1.0
0 1 236.8626295349813 0.006732940673828125 0.01974797248840332 0.33333333333333337 1.0
0 1 206.31059705097118 0.053041934967041016 0.07278990745544434 0.5714285714285715 1.0
0 1 179.69935797424765 0.04564523696899414 0.11843514442443848 0.5714285714285715 1.0
0 1 156.52060397255676 0.039125919342041016 0.1575610637664795 0.5714285714285715 1.0
0 1 136.33159152101595 0.038450002670288086 0.19601106643676758 0.5714285714285715 1.0
0 1 118.74668494067365 0.04458498954772949 0.24059605598449707 0.7499999999999999 1.0
0 1 103.42999026917344 0.04471874237060547 0.28531479835510254 0.7499999999999999 1.0
0 1 90.08893926113359 0.04464101791381836 0.3299558162689209 0.7499999999999999 1.0
0 1 78.46870096453189 0.038427114486694336 0.36838293075561523 0.7499999999999999 1.0
0 1 68.34731412713553 0.038268089294433594 0.40665102005004883 0.7499999999999999 1.0
0 1 59.53144745577994 0.04433631896972656 0.4509873390197754 0.6666666666666665 1.0
0 1 51.85270674408604 0.05078125 0.5017685890197754 0.7272727272727272 1.0
0 1 45.16441833008278 0.0456240177154541 0.5473926067352295 0.7272727272727272 1.0
0 1 39.33882744370648 0.05806279182434082 0.6054553985595703 0.6153846153846154 1.0
0 1 34.26465792907022 0.10944700241088867 0.714902400970459 0.47058823529411764 1.0
0 1 29.84498672911064 0.11244010925292969 0.8273425102233887 0.3636363636363636 1.0
0 1 25.99539253258091 0.1436629295349121 0.9710054397583008 0.3076923076923077 1.0
0 1 22.642343220204207 0.4463670253753662 1.417372465133667 0.26666666666666666 1.0
0 1 19.721791308170232 0.5301511287689209 1.947523593902588 0.27586206896551724 1.0
0 1 17.177950560167822 0.8065609931945801 2.754084587097168 0.26666666666666666 1.0
0 1 14.962230399696251 0.6793029308319092 3.433387517929077 0.24242424242424243 1.0
0 1 13.03230776858211 0.5505311489105225 3.9839186668395996 0.2222222222222222 1.0
0 1 11.351318703025308 0.5921261310577393 4.576044797897339 0.2222222222222222 1.0
0 1 9.887154185253786 0.5304300785064697 5.106474876403809 0.21621621621621623 1.0
0 1 8.611846820663045 0.5309019088745117 5.63737678527832 0.20512820512820512 1.0
0 1 7.501036625197576 0.6331260204315186 6.270502805709839 0.19999999999999998 1.0
0 1 6.53350571883761 0.5185539722442627 6.789056777954102 0.20512820512820512 1.0
0 1 5.69077303724795 0.6425960063934326 7.431652784347534 0.18604651162790697 1.0
0 1 4.956741320068812 0.5485069751739502 7.980159759521484 0.1777777777777778 1.0
0 1 4.317389632878279 0.6789929866790771 8.659152746200562 0.16666666666666666 1.0
0 1 3.7605055496069455 5.73322606086731 14.392378807067871 0.1702127659574468 1.0
0 1 3.2754518797500736 1.2211329936981201 15.613511800765991 0.1702127659574468 1.0
0 1 2.8529634845718124 0.5962660312652588 16.20977783203125 0.16666666666666666 1.0
0 1 2.4849703012340436 0.7233691215515137 16.933146953582764 0.163265306122449 1.0
0 1 2.1644431943866964 0.9630100727081299 17.896157026290894 0.163265306122449 1.0
0 1 1.8852596907900219 0.4274139404296875 18.32357096672058 0.163265306122449 1.0
0 1 1.6420870323301746 0.41638922691345215 18.739960193634033 0.163265306122449 1.0
0 1 1.4302803135927475 0.3993568420410156 19.13931703567505 0.163265306122449 1.0
0 1 1.2457937582930971 0.38184595108032227 19.52116298675537 0.163265306122449 1.0
0 1 1.0851034398309916 2.144334077835083 21.665497064590454 0.1568627450980392 1.0
0 1 0.945139969834425 1.8517930507659912 23.517290115356445 0.1568627450980392 1.0
0 1 0.823229868958621 3.1629672050476074 26.680257320404053 0.1568627450980392 1.0
0 1 0.7170445000483404 6.250713109970093 32.930970430374146 0.15384615384615383 1.0
0 1 0.624555588222246 5.154929161071777 38.08589959144592 0.1509433962264151 1.0
0 1 0.5439964782567033 3.445138931274414 41.53103852272034 0.1509433962264151 1.0
0 1 0.4738283892360109 2.996931791305542 44.52797031402588 0.1509433962264151 1.0
0 1 0.4127110218901976 3.0451042652130127 47.57307457923889 0.1481481481481481 1.0
0 1 0.3594769571833539 2.9328529834747314 50.50592756271362 0.1481481481481481 1.0
0 0.1 130.20161032759302 0.006489753723144531 50.51241731643677 0.0 1.0
0 0.1 113.40738729625762 0.0065762996673583984 50.518993616104126 0.0 1.0
0 0.1 98.77938883400856 0.006574869155883789 50.52556848526001 0.0 1.0
0 0.1 86.03820166433057 0.006721973419189453 50.5322904586792 0.0 1.0
0 0.1 74.9404529934022 0.006718873977661133 50.53900933265686 0.0 1.0
0 0.1 65.27416178184274 0.006796836853027344 50.54580616950989 0.0 1.0
0 0.1 56.854689638682785 0.006722211837768555 50.552528381347656 0.0 1.0
0 0.1 49.52121399451067 0.04603314399719238 50.59856152534485 0.5714285714285715 1.0
0 0.1 43.13365618693992 0.03255200386047363 50.63111352920532 0.5714285714285715 1.0
0 0.1 37.570005780944214 0.0327608585357666 50.66387438774109 0.5714285714285715 1.0
0 0.1 32.7239900151928 0.03249216079711914 50.69636654853821 0.5714285714285715 1.0
0 0.1 28.503043857863506 0.032347917556762695 50.72871446609497 0.5714285714285715 1.0
0 0.1 24.826541897430772 0.03265500068664551 50.761369466781616 0.5714285714285715 1.0
0 0.1 21.624258295306348 0.04580402374267578 50.80717349052429 0.7499999999999999 1.0
0 0.1 18.835025383479486 0.03905773162841797 50.84623122215271 0.7499999999999999 1.0
0 0.1 16.405565284674683 0.03256869316101074 50.87879991531372 0.7499999999999999 1.0
0 0.1 14.289472237493916 0.03278207778930664 50.91158199310303 0.7499999999999999 1.0
0 0.1 12.446326187665905 0.032881975173950195 50.94446396827698 0.7499999999999999 1.0
0 0.1 10.840920713874212 0.032546281814575195 50.97701025009155 0.7499999999999999 1.0
0 0.1 9.44259054057033 0.03213691711425781 51.00914716720581 0.7499999999999999 1.0
0 0.1 8.224625792416147 0.0321202278137207 51.04126739501953 0.7499999999999999 1.0
0 0.1 7.163761801874259 0.044989824295043945 51.086257219314575 0.888888888888889 1.0
0 0.1 6.239734724625884 0.05917477607727051 51.145431995391846 0.7272727272727272 1.0
0 0.1 5.43489447450858 0.03920602798461914 51.184638023376465 0.7272727272727272 1.0
0 0.1 4.733867584541418 0.03889012336730957 51.223528146743774 0.7272727272727272 1.0
0 0.1 4.123263554256632 0.0832209587097168 51.30674910545349 0.6153846153846154 1.0
0 0.1 3.591419074200402 0.07641077041625977 51.38315987586975 0.5333333333333333 1.0
0 0.1 3.128175241967003 0.20504975318908691 51.58820962905884 0.4210526315789473 1.0
0 0.1 2.7246835143108377 0.1794450283050537 51.76765465736389 0.38095238095238093 1.0
0 0.1 2.373236688776134 0.10354304313659668 51.87119770050049 0.38095238095238093 1.0
0 0.1 2.0671216863796724 0.38193702697753906 52.25313472747803 0.3333333333333333 1.0
0 0.1 1.8004913233094775 0.34705018997192383 52.60018491744995 0.3076923076923077 1.0
0 0.1 1.5682526223167341 0.3127257823944092 52.91291069984436 0.2857142857142857 1.0
0 0.1 1.3659695304072161 0.4582560062408447 53.371166706085205 0.2962962962962963 1.0
0 0.1 1.1897781846170337 0.32786083221435547 53.69902753829956 0.26666666666666666 1.0
0 0.1 1.036313107341863 0.22173404693603516 53.920761585235596 0.26666666666666666 1.0
0 0.1 0.9026429214570189 0.7509489059448242 54.67171049118042 0.24242424242424243 1.0
0 0.1 0.786214357305898 0.5840132236480713 55.25572371482849 0.2352941176470588 1.0
0 0.1 0.6848034820193963 0.3895606994628906 55.64528441429138 0.2222222222222222 1.0
0 0.1 0.5964732195846044 1.1648211479187012 56.81010556221008 0.21621621621621623 1.0
0 0.1 0.5195363502423698 2.8243861198425293 59.63449168205261 0.19999999999999998 1.0
0 0.1 0.4525232824553942 4.310157060623169 63.94464874267578 0.19512195121951217 1.0
0 0.1 0.3941539818506903 1.1113598346710205 65.0560085773468 0.19512195121951217 1.0
0 0.1 0.34331352094368267 1.0053260326385498 66.06133460998535 0.19047619047619047 1.0
0 0.1 0.2990307826127625 7.627432107925415 73.68876671791077 0.25 1.0
0 0.1 0.2604599105337001 0.6730880737304688 74.36185479164124 0.25 1.0
0 0.1 0.22686415225376097 0.296400785446167 74.6582555770874 0.24390243902439027 1.0
0 0.1 0.19760178628779224 0.6092040538787842 75.26745963096619 0.24390243902439027 1.0
0 0.1 0.17211386442601356 0.46679186820983887 75.73425149917603 0.24390243902439027 1.0
0 0.1 0.14991353511608546 0.36739301681518555 76.10164451599121 0.24390243902439027 1.0
0 0.01 28.211963230963963 0.0064640045166015625 76.10810852050781 0.33333333333333337 1.0
0 0.01 24.573006681497752 0.0390782356262207 76.14718675613403 0.5714285714285715 1.0
0 0.01 21.403425646968028 0.0325469970703125 76.17973375320435 0.5714285714285715 1.0
0 0.01 18.642677119777133 0.03393411636352539 76.21366786956787 0.5714285714285715 1.0
0 0.01 16.238027310431736 0.032753944396972656 76.24642181396484 0.5714285714285715 1.0
0 0.01 14.143544365449966 0.03279519081115723 76.279217004776 0.5714285714285715 1.0
0 0.01 12.319221010851523 0.03247880935668945 76.31169581413269 0.5714285714285715 1.0
0 0.01 10.730210362611421 0.03294515609741211 76.3446409702301 0.5714285714285715 1.0
0 0.01 9.346160307090315 0.0459749698638916 76.390615940094 0.7499999999999999 1.0
0 0.01 8.140633737265514 0.033061981201171875 76.42367792129517 0.7499999999999999 1.0
0 0.01 7.090603570541246 0.032875776290893555 76.45655369758606 0.7499999999999999 1.0
0 0.01 6.176012902339531 0.0334012508392334 76.4899549484253 0.7499999999999999 1.0
0 0.01 5.379391893848717 0.03267836570739746 76.52263331413269 0.7499999999999999 1.0
0 0.01 4.685524076001097 0.032569169998168945 76.55520248413086 0.7499999999999999 1.0
0 0.01 4.081155695663349 0.03222012519836426 76.58742260932922 0.7499999999999999 1.0
0 0.01 3.554742552184356 0.032212018966674805 76.6196346282959 0.7499999999999999 1.0
0 0.01 3.09622948855821 0.0326998233795166 76.65233445167542 0.7499999999999999 1.0
0 0.01 2.6968583252045994 0.04645180702209473 76.69878625869751 0.888888888888889 1.0
0 0.01 2.349000567658869 0.02638411521911621 76.72517037391663 0.888888888888889 1.0
0 0.01 2.046011692676912 0.05308794975280762 76.77825832366943 0.7272727272727272 1.0
0 0.01 1.7821042294352372 0.04009294509887695 76.81835126876831 0.7272727272727272 1.0
0 0.01 1.5522372115164986 0.07973980903625488 76.89809107780457 0.6666666666666666 1.0
0 0.01 1.3520198880735976 0.07365894317626953 76.97175002098083 0.5714285714285714 1.0
0 0.01 1.1776278549337647 0.10812711715698242 77.07987713813782 0.5000000000000001 1.0
0 0.01 1.0257300036406054 0.11364483833312988 77.19352197647095 0.47058823529411764 1.0
0 0.01 0.8934248930683893 0.11546540260314941 77.3089873790741 0.4444444444444444 1.0
0 0.01 0.7781853282259436 0.08212900161743164 77.39111638069153 0.4444444444444444 1.0
0 0.01 0.6778100876351608 0.1479041576385498 77.53902053833008 0.3478260869565218 1.0
0 0.01 0.590381877216004 0.1007697582244873 77.63979029655457 0.3478260869565218 1.0
0 0.01 0.5142307075440048 0.09364986419677734 77.73344016075134 0.3478260869565218 1.0
0 0.01 0.44790199493955546 0.19791483879089355 77.93135499954224 0.32000000000000006 1.0
0 0.01 0.39012877707943217 0.12578392028808594 78.05713891983032 0.32000000000000006 1.0
0 0.01 0.33980751241358653 0.11969518661499023 78.17683410644531 0.32000000000000006 1.0
0 0.01 0.2959770011254507 0.12018013000488281 78.2970142364502 0.32000000000000006 1.0
0 0.01 0.2578000249994245 0.15578293800354004 78.45279717445374 0.2962962962962963 1.0
0 0.01 0.22454735549379537 0.14517879486083984 78.59797596931458 0.2857142857142857 1.0
0 0.01 0.19558382455304058 0.11283206939697266 78.71080803871155 0.2857142857142857 1.0
0 0.01 0.1703561920944177 0.4596879482269287 79.17049598693848 0.24242424242424243 1.0
0 0.01 0.14838257842248037 0.24819397926330566 79.41868996620178 0.24242424242424243 1.0
0 0.01 0.12924325971726744 0.2229621410369873 79.64165210723877 0.24242424242424243 1.0
0 0.01 0.1125726507783501 0.2040557861328125 79.84570789337158 0.24242424242424243 1.0
0 0.01 0.09805232188500161 0.2948641777038574 80.14057207107544 0.2352941176470588 1.0
0 0.01 0.08540491638568569 0.17454981803894043 80.31512188911438 0.2352941176470588 1.0
0 0.01 0.07438885283512764 0.4099891185760498 80.72511100769043 0.2222222222222222 1.0
0 0.01 0.06479371048308594 0.4133319854736328 81.13844299316406 0.2105263157894737 1.0
0 0.01 0.056436209971818335 0.4290351867675781 81.56747817993164 0.20512820512820512 1.0
0 0.01 0.049156712468482675 0.24709606170654297 81.81457424163818 0.20512820512820512 1.0
0 0.01 0.0428161703614703 0.7519102096557617 82.56648445129395 0.19047619047619047 1.0
0 0.01 0.03729347127511503 0.38567399978637695 82.95215845108032 0.19047619047619047 1.0
0 0.01 0.032483124670098805 0.6794488430023193 83.63160729408264 0.18181818181818182 1.0
