[216.40736058 188.4937774  164.18066384 143.00360867 124.55810333
 108.49181534  94.49785828  82.30892987  71.69220614  62.44489425
  54.39035884  47.37474809  41.26405496  35.94155748  31.30558923
  27.26759733  23.75045104  20.68696841  18.01863304  15.69447636
  13.67010404  11.906848    10.37102782   9.03330739   7.86813455
   6.85325305   5.96927734   5.19932239   4.52868107   3.94454329
   3.43575127   2.99258645   2.60658382   2.27037024   1.9775236
   1.72245016   1.5002777    1.30676244   1.138208     0.99139477
   0.86351843   0.75213639   0.65512111   0.57061946   0.49701737
   0.43290895   0.37706963   0.32843281   0.28606948   0.24917044]0 1 312.2098259152708 0.0071718692779541016 0.0071718692779541016 0.0 1.0
0 1 271.93903789811014 0.006731986999511719 0.01390385627746582 0.0 1.0
0 1 236.8626295349813 0.006683826446533203 0.020587682723999023 0.33333333333333337 1.0
0 1 206.31059705097118 0.059568166732788086 0.08015584945678711 0.5714285714285715 1.0
0 1 179.69935797424765 0.05185413360595703 0.13200998306274414 0.5714285714285715 1.0
0 1 156.52060397255676 0.04559779167175293 0.17760777473449707 0.5714285714285715 1.0
0 1 136.33159152101595 0.04452705383300781 0.22213482856750488 0.5714285714285715 1.0
0 1 118.74668494067365 0.05758094787597656 0.27971577644348145 0.7499999999999999 1.0
0 1 103.42999026917344 0.052314043045043945 0.3320298194885254 0.7499999999999999 1.0
0 1 90.08893926113359 0.05289196968078613 0.3849217891693115 0.7499999999999999 1.0
0 1 78.46870096453189 0.04597187042236328 0.4308936595916748 0.7499999999999999 1.0
0 1 68.34731412713553 0.04587388038635254 0.47676753997802734 0.7499999999999999 1.0
0 1 59.53144745577994 0.05324077606201172 0.5300083160400391 0.6666666666666665 1.0
0 1 51.85270674408604 0.05857706069946289 0.588585376739502 0.7272727272727272 1.0
0 1 45.16441833008278 0.051434993743896484 0.6400203704833984 0.7272727272727272 1.0
0 1 39.33882744370648 0.06996607780456543 0.7099864482879639 0.6153846153846154 1.0
0 1 34.26465792907022 0.12787485122680664 0.8378612995147705 0.47058823529411764 1.0
0 1 29.84498672911064 0.14056801795959473 0.9784293174743652 0.3636363636363636 1.0
0 1 25.99539253258091 0.19015288352966309 1.1685822010040283 0.3076923076923077 1.0
0 1 22.642343220204207 0.5945718288421631 1.7631540298461914 0.26666666666666666 1.0
0 1 19.721791308170232 0.7129862308502197 2.476140260696411 0.27586206896551724 1.0
0 1 17.177950560167822 0.9873373508453369 3.463477611541748 0.26666666666666666 1.0
0 1 14.962230399696251 0.8526630401611328 4.316140651702881 0.24242424242424243 1.0
0 1 13.03230776858211 0.6591978073120117 4.975338459014893 0.2222222222222222 1.0
0 1 11.351318703025308 0.7731680870056152 5.748506546020508 0.2222222222222222 1.0
0 1 9.887154185253786 0.6618001461029053 6.410306692123413 0.21621621621621623 1.0
0 1 8.611846820663045 0.6589770317077637 7.069283723831177 0.20512820512820512 1.0
0 1 7.501036625197576 0.8302826881408691 7.899566411972046 0.19999999999999998 1.0
0 1 6.53350571883761 0.6815378665924072 8.581104278564453 0.20512820512820512 1.0
0 1 5.69077303724795 0.8456988334655762 9.42680311203003 0.18604651162790697 1.0
0 1 4.956741320068812 0.7410039901733398 10.16780710220337 0.1777777777777778 1.0
0 1 4.317389632878279 0.9417150020599365 11.109522104263306 0.16666666666666666 1.0
0 1 3.7605055496069455 6.669242858886719 17.778764963150024 0.1702127659574468 1.0
0 1 3.2754518797500736 1.503870964050293 19.282635927200317 0.1702127659574468 1.0
0 1 2.8529634845718124 0.9407312870025635 20.22336721420288 0.16666666666666666 1.0
0 1 2.4849703012340436 1.0552089214324951 21.278576135635376 0.163265306122449 1.0
0 1 2.1644431943866964 1.2662463188171387 22.544822454452515 0.163265306122449 1.0
0 1 1.8852596907900219 0.642451286315918 23.187273740768433 0.163265306122449 1.0
0 1 1.6420870323301746 0.5825910568237305 23.769864797592163 0.163265306122449 1.0
0 1 1.4302803135927475 0.5651769638061523 24.335041761398315 0.163265306122449 1.0
0 1 1.2457937582930971 0.5556402206420898 24.890681982040405 0.163265306122449 1.0
0 1 1.0851034398309916 3.03218412399292 27.922866106033325 0.1568627450980392 1.0
0 1 0.945139969834425 2.664793014526367 30.587659120559692 0.1568627450980392 1.0
0 1 0.823229868958621 3.854875087738037 34.44253420829773 0.1568627450980392 1.0
0 1 0.7170445000483404 7.719992160797119 42.16252636909485 0.15384615384615383 1.0
0 1 0.624555588222246 6.999134063720703 49.16166043281555 0.1509433962264151 1.0
0 1 0.5439964782567033 5.119668006896973 54.281328439712524 0.1509433962264151 1.0
0 1 0.4738283892360109 4.604885101318359 58.886213541030884 0.1509433962264151 1.0
0 1 0.4127110218901976 4.822650194168091 63.708863735198975 0.1481481481481481 1.0
0 1 0.3594769571833539 4.593611001968384 68.30247473716736 0.1481481481481481 1.0
0 0.1 130.20161032759302 0.006484031677246094 68.3089587688446 0.0 1.0
0 0.1 113.40738729625762 0.006676912307739258 68.31563568115234 0.0 1.0
0 0.1 98.77938883400856 0.006501197814941406 68.32213687896729 0.0 1.0
0 0.1 86.03820166433057 0.00626683235168457 68.32840371131897 0.0 1.0
0 0.1 74.9404529934022 0.006773948669433594 68.3351776599884 0.0 1.0
0 0.1 65.27416178184274 0.0066721439361572266 68.34184980392456 0.0 1.0
0 0.1 56.854689638682785 0.006610870361328125 68.34846067428589 0.0 1.0
0 0.1 49.52121399451067 0.05274224281311035 68.401202917099 0.5714285714285715 1.0
0 0.1 43.13365618693992 0.03847694396972656 68.43967986106873 0.5714285714285715 1.0
0 0.1 37.570005780944214 0.038367271423339844 68.47804713249207 0.5714285714285715 1.0
0 0.1 32.7239900151928 0.03831291198730469 68.51636004447937 0.5714285714285715 1.0
0 0.1 28.503043857863506 0.039319753646850586 68.55567979812622 0.5714285714285715 1.0
0 0.1 24.826541897430772 0.038945913314819336 68.59462571144104 0.5714285714285715 1.0
0 0.1 21.624258295306348 0.05185508728027344 68.64648079872131 0.7499999999999999 1.0
0 0.1 18.835025383479486 0.04691505432128906 68.6933958530426 0.7499999999999999 1.0
0 0.1 16.405565284674683 0.045625925064086914 68.73902177810669 0.7499999999999999 1.0
0 0.1 14.289472237493916 0.03893589973449707 68.77795767784119 0.7499999999999999 1.0
0 0.1 12.446326187665905 0.03826618194580078 68.81622385978699 0.7499999999999999 1.0
0 0.1 10.840920713874212 0.0379328727722168 68.8541567325592 0.7499999999999999 1.0
0 0.1 9.44259054057033 0.037979841232299805 68.8921365737915 0.7499999999999999 1.0
0 0.1 8.224625792416147 0.03855323791503906 68.93068981170654 0.7499999999999999 1.0
0 0.1 7.163761801874259 0.05169510841369629 68.98238492012024 0.888888888888889 1.0
0 0.1 6.239734724625884 0.06502223014831543 69.04740715026855 0.7272727272727272 1.0
0 0.1 5.43489447450858 0.051180124282836914 69.09858727455139 0.7272727272727272 1.0
0 0.1 4.733867584541418 0.05201983451843262 69.15060710906982 0.7272727272727272 1.0
0 0.1 4.123263554256632 0.1050729751586914 69.25568008422852 0.6153846153846154 1.0
0 0.1 3.591419074200402 0.08497786521911621 69.34065794944763 0.5333333333333333 1.0
0 0.1 3.128175241967003 0.23946189880371094 69.58011984825134 0.4210526315789473 1.0
0 0.1 2.7246835143108377 0.2032010555267334 69.78332090377808 0.38095238095238093 1.0
0 0.1 2.373236688776134 0.129472017288208 69.91279292106628 0.38095238095238093 1.0
0 0.1 2.0671216863796724 0.45691895484924316 70.36971187591553 0.3333333333333333 1.0
0 0.1 1.8004913233094775 0.40329694747924805 70.77300882339478 0.3076923076923077 1.0
0 0.1 1.5682526223167341 0.3916301727294922 71.16463899612427 0.2857142857142857 1.0
0 0.1 1.3659695304072161 0.49252986907958984 71.65716886520386 0.2962962962962963 1.0
0 0.1 1.1897781846170337 0.42201685905456543 72.07918572425842 0.26666666666666666 1.0
0 0.1 1.036313107341863 0.2911570072174072 72.37034273147583 0.26666666666666666 1.0
0 0.1 0.9026429214570189 0.8743059635162354 73.24464869499207 0.24242424242424243 1.0
0 0.1 0.786214357305898 0.7211399078369141 73.96578860282898 0.2352941176470588 1.0
0 0.1 0.6848034820193963 0.5036270618438721 74.46941566467285 0.2222222222222222 1.0
0 0.1 0.5964732195846044 1.3059051036834717 75.77532076835632 0.21621621621621623 1.0
0 0.1 0.5195363502423698 3.2982590198516846 79.07357978820801 0.19999999999999998 1.0
0 0.1 0.4525232824553942 5.447979927062988 84.521559715271 0.19512195121951217 1.0
0 0.1 0.3941539818506903 1.5920310020446777 86.11359071731567 0.19512195121951217 1.0
0 0.1 0.34331352094368267 1.3943819999694824 87.50797271728516 0.19047619047619047 1.0
0 0.1 0.2990307826127625 8.060341835021973 95.56831455230713 0.25 1.0
0 0.1 0.2604599105337001 0.9070849418640137 96.47539949417114 0.25 1.0
0 0.1 0.22686415225376097 0.724329948425293 97.19972944259644 0.24390243902439027 1.0
0 0.1 0.19760178628779224 0.855557918548584 98.05528736114502 0.24390243902439027 1.0
0 0.1 0.17211386442601356 0.6808140277862549 98.73610138893127 0.24390243902439027 1.0
0 0.1 0.14991353511608546 0.5721709728240967 99.30827236175537 0.24390243902439027 1.0
0 0.01 28.211963230963963 0.0063838958740234375 99.3146562576294 0.33333333333333337 1.0
0 0.01 24.573006681497752 0.045723915100097656 99.36038017272949 0.5714285714285715 1.0
0 0.01 21.403425646968028 0.03870892524719238 99.39908909797668 0.5714285714285715 1.0
0 0.01 18.642677119777133 0.03856801986694336 99.43765711784363 0.5714285714285715 1.0
0 0.01 16.238027310431736 0.038461923599243164 99.47611904144287 0.5714285714285715 1.0
0 0.01 14.143544365449966 0.038582801818847656 99.51470184326172 0.5714285714285715 1.0
0 0.01 12.319221010851523 0.040026187896728516 99.55472803115845 0.5714285714285715 1.0
0 0.01 10.730210362611421 0.032347917556762695 99.58707594871521 0.5714285714285715 1.0
0 0.01 9.346160307090315 0.05123710632324219 99.63831305503845 0.7499999999999999 1.0
0 0.01 8.140633737265514 0.038616180419921875 99.67692923545837 0.7499999999999999 1.0
0 0.01 7.090603570541246 0.03921198844909668 99.71614122390747 0.7499999999999999 1.0
0 0.01 6.176012902339531 0.03901386260986328 99.75515508651733 0.7499999999999999 1.0
0 0.01 5.379391893848717 0.038984060287475586 99.79413914680481 0.7499999999999999 1.0
0 0.01 4.685524076001097 0.03896284103393555 99.83310198783875 0.7499999999999999 1.0
0 0.01 4.081155695663349 0.03884387016296387 99.87194585800171 0.7499999999999999 1.0
0 0.01 3.554742552184356 0.038416147232055664 99.91036200523376 0.7499999999999999 1.0
0 0.01 3.09622948855821 0.03846096992492676 99.94882297515869 0.7499999999999999 1.0
0 0.01 2.6968583252045994 0.05162191390991211 100.0004448890686 0.888888888888889 1.0
0 0.01 2.349000567658869 0.03260397911071777 100.03304886817932 0.888888888888889 1.0
0 0.01 2.046011692676912 0.05828499794006348 100.09133386611938 0.7272727272727272 1.0
0 0.01 1.7821042294352372 0.045790910720825195 100.13712477684021 0.7272727272727272 1.0
0 0.01 1.5522372115164986 0.09207391738891602 100.22919869422913 0.6666666666666666 1.0
0 0.01 1.3520198880735976 0.08547210693359375 100.31467080116272 0.5714285714285714 1.0
0 0.01 1.1776278549337647 0.11781811714172363 100.43248891830444 0.5000000000000001 1.0
0 0.01 1.0257300036406054 0.13130688667297363 100.56379580497742 0.47058823529411764 1.0
0 0.01 0.8934248930683893 0.13041901588439941 100.69421482086182 0.4444444444444444 1.0
0 0.01 0.7781853282259436 0.10610699653625488 100.80032181739807 0.4444444444444444 1.0
0 0.01 0.6778100876351608 0.17075824737548828 100.97108006477356 0.3478260869565218 1.0
0 0.01 0.590381877216004 0.12426495552062988 101.09534502029419 0.3478260869565218 1.0
0 0.01 0.5142307075440048 0.11820387840270996 101.2135488986969 0.3478260869565218 1.0
0 0.01 0.44790199493955546 0.22664499282836914 101.44019389152527 0.32000000000000006 1.0
0 0.01 0.39012877707943217 0.15620017051696777 101.59639406204224 0.32000000000000006 1.0
0 0.01 0.33980751241358653 0.15033316612243652 101.74672722816467 0.32000000000000006 1.0
0 0.01 0.2959770011254507 0.14924311637878418 101.89597034454346 0.32000000000000006 1.0
0 0.01 0.2578000249994245 0.18988394737243652 102.0858542919159 0.2962962962962963 1.0
0 0.01 0.22454735549379537 0.17652106285095215 102.26237535476685 0.2857142857142857 1.0
0 0.01 0.19558382455304058 0.1428699493408203 102.40524530410767 0.2857142857142857 1.0
0 0.01 0.1703561920944177 0.553840160369873 102.95908546447754 0.24242424242424243 1.0
0 0.01 0.14838257842248037 0.33122777938842773 103.29031324386597 0.24242424242424243 1.0
0 0.01 0.12924325971726744 0.30142784118652344 103.59174108505249 0.24242424242424243 1.0
0 0.01 0.1125726507783501 0.2854042053222656 103.87714529037476 0.24242424242424243 1.0
0 0.01 0.09805232188500161 0.3681221008300781 104.24526739120483 0.2352941176470588 1.0
0 0.01 0.08540491638568569 0.24781489372253418 104.49308228492737 0.2352941176470588 1.0
0 0.01 0.07438885283512764 0.4784398078918457 104.97152209281921 0.2222222222222222 1.0
0 0.01 0.06479371048308594 0.49291205406188965 105.4644341468811 0.2105263157894737 1.0
0 0.01 0.056436209971818335 0.5306050777435303 105.99503922462463 0.20512820512820512 1.0
0 0.01 0.049156712468482675 0.34851908683776855 106.3435583114624 0.20512820512820512 1.0
0 0.01 0.0428161703614703 0.9184718132019043 107.2620301246643 0.19047619047619047 1.0
0 0.01 0.03729347127511503 0.5477738380432129 107.80980396270752 0.19047619047619047 1.0
0 0.01 0.032483124670098805 0.8578319549560547 108.66763591766357 0.18181818181818182 1.0
