[216.40736058 188.4937774  164.18066384 143.00360867 124.55810333
 108.49181534  94.49785828  82.30892987  71.69220614  62.44489425
  54.39035884  47.37474809  41.26405496  35.94155748  31.30558923
  27.26759733  23.75045104  20.68696841  18.01863304  15.69447636
  13.67010404  11.906848    10.37102782   9.03330739   7.86813455
   6.85325305   5.96927734   5.19932239   4.52868107   3.94454329
   3.43575127   2.99258645   2.60658382   2.27037024   1.9775236
   1.72245016   1.5002777    1.30676244   1.138208     0.99139477
   0.86351843   0.75213639   0.65512111   0.57061946   0.49701737
   0.43290895   0.37706963   0.32843281   0.28606948   0.24917044]0 1 312.2098259152708 0.007121086120605469 0.007121086120605469 0.0 1.0
0 1 271.93903789811014 0.00699305534362793 0.014114141464233398 0.0 1.0
0 1 236.8626295349813 0.012946367263793945 0.027060508728027344 0.33333333333333337 1.0
0 1 206.31059705097118 0.05571627616882324 0.08277678489685059 0.5714285714285715 1.0
0 1 179.69935797424765 0.040689945220947266 0.12346673011779785 0.5714285714285715 1.0
0 1 156.52060397255676 0.03378415107727051 0.15725088119506836 0.5714285714285715 1.0
0 1 136.33159152101595 0.033783912658691406 0.19103479385375977 0.5714285714285715 1.0
0 1 118.74668494067365 0.04031991958618164 0.2313547134399414 0.7499999999999999 1.0
0 1 103.42999026917344 0.033277273178100586 0.264631986618042 0.7499999999999999 1.0
0 1 90.08893926113359 0.03359699249267578 0.2982289791107178 0.7499999999999999 1.0
0 1 78.46870096453189 0.0332789421081543 0.33150792121887207 0.7499999999999999 1.0
0 1 68.34731412713553 0.03274893760681152 0.3642568588256836 0.7499999999999999 1.0
0 1 59.53144745577994 0.039608001708984375 0.40386486053466797 0.6666666666666665 1.0
0 1 51.85270674408604 0.039809226989746094 0.44367408752441406 0.7272727272727272 1.0
0 1 45.16441833008278 0.03897285461425781 0.4826469421386719 0.7272727272727272 1.0
0 1 39.33882744370648 0.04542803764343262 0.5280749797821045 0.6153846153846154 1.0
0 1 34.26465792907022 0.0824592113494873 0.6105341911315918 0.47058823529411764 1.0
0 1 29.84498672911064 0.08385920524597168 0.6943933963775635 0.3636363636363636 1.0
0 1 25.99539253258091 0.11356186866760254 0.807955265045166 0.3076923076923077 1.0
0 1 22.642343220204207 0.32407188415527344 1.1320271492004395 0.26666666666666666 1.0
0 1 19.721791308170232 0.36410093307495117 1.4961280822753906 0.27586206896551724 1.0
0 1 17.177950560167822 0.6424560546875 2.1385841369628906 0.26666666666666666 1.0
0 1 14.962230399696251 0.5313801765441895 2.66996431350708 0.24242424242424243 1.0
0 1 13.03230776858211 0.43662405014038086 3.106588363647461 0.2222222222222222 1.0
0 1 11.351318703025308 0.4128270149230957 3.5194153785705566 0.2222222222222222 1.0
0 1 9.887154185253786 0.39239501953125 3.9118103981018066 0.21621621621621623 1.0
0 1 8.611846820663045 0.40648603439331055 4.318296432495117 0.20512820512820512 1.0
0 1 7.501036625197576 0.4456138610839844 4.763910293579102 0.19999999999999998 1.0
0 1 6.53350571883761 0.3707427978515625 5.134653091430664 0.20512820512820512 1.0
0 1 5.69077303724795 0.44205307960510254 5.576706171035767 0.18604651162790697 1.0
0 1 4.956741320068812 0.3670008182525635 5.94370698928833 0.1777777777777778 1.0
0 1 4.317389632878279 0.4176948070526123 6.361401796340942 0.1702127659574468 1.0
0 1 3.7605055496069455 4.781796932220459 11.143198728561401 0.1702127659574468 1.0
0 1 3.2754518797500736 0.9381029605865479 12.08130168914795 0.1702127659574468 1.0
0 1 2.8529634845718124 0.21384978294372559 12.295151472091675 0.16666666666666666 1.0
0 1 2.4849703012340436 0.29058289527893066 12.585734367370605 0.163265306122449 1.0
0 1 2.1644431943866964 0.64577317237854 13.231507539749146 0.163265306122449 1.0
0 1 1.8852596907900219 0.27658891677856445 13.50809645652771 0.163265306122449 1.0
0 1 1.6420870323301746 0.26481199264526367 13.772908449172974 0.163265306122449 1.0
0 1 1.4302803135927475 0.24405694007873535 14.016965389251709 0.163265306122449 1.0
0 1 1.2457937582930971 0.23397588729858398 14.250941276550293 0.163265306122449 1.0
0 1 1.0851034398309916 1.233112096786499 15.484053373336792 0.1568627450980392 1.0
0 1 0.945139969834425 1.0757970809936523 16.559850454330444 0.1568627450980392 1.0
0 1 0.823229868958621 2.5821690559387207 19.142019510269165 0.1568627450980392 1.0
0 1 0.7170445000483404 0.7604079246520996 19.902427434921265 0.1481481481481481 1.0
0 1 0.624555588222246 7.703643083572388 27.606070518493652 0.15384615384615383 1.0
0 1 0.5439964782567033 0.8166117668151855 28.422682285308838 0.1481481481481481 1.0
0 1 0.4738283892360109 5.88602614402771 34.30870842933655 0.1509433962264151 1.0
0 1 0.4127110218901976 1.5035181045532227 35.81222653388977 0.14545454545454545 1.0
0 1 0.3594769571833539 1.8749949932098389 37.68722152709961 0.1481481481481481 1.0
0 0.1 130.20161032759302 0.006306171417236328 37.693527698516846 0.0 1.0
0 0.1 113.40738729625762 0.006589174270629883 37.700116872787476 0.0 1.0
0 0.1 98.77938883400856 0.006456136703491211 37.70657300949097 0.0 1.0
0 0.1 86.03820166433057 0.006580829620361328 37.71315383911133 0.0 1.0
0 0.1 74.9404529934022 0.006609916687011719 37.71976375579834 0.0 1.0
0 0.1 65.27416178184274 0.006677150726318359 37.72644090652466 0.0 1.0
0 0.1 56.854689638682785 0.006826877593994141 37.73326778411865 0.0 1.0
0 0.1 49.52121399451067 0.038909912109375 37.77217769622803 0.5714285714285715 1.0
0 0.1 43.13365618693992 0.03188514709472656 37.804062843322754 0.5714285714285715 1.0
0 0.1 37.570005780944214 0.02570509910583496 37.82976794242859 0.5714285714285715 1.0
0 0.1 32.7239900151928 0.025723934173583984 37.85549187660217 0.5714285714285715 1.0
0 0.1 28.503043857863506 0.025626182556152344 37.881118059158325 0.5714285714285715 1.0
0 0.1 24.826541897430772 0.025804758071899414 37.906922817230225 0.5714285714285715 1.0
0 0.1 21.624258295306348 0.038526058197021484 37.945448875427246 0.7499999999999999 1.0
0 0.1 18.835025383479486 0.02565908432006836 37.971107959747314 0.7499999999999999 1.0
0 0.1 16.405565284674683 0.02562999725341797 37.99673795700073 0.7499999999999999 1.0
0 0.1 14.289472237493916 0.025635242462158203 38.02237319946289 0.7499999999999999 1.0
0 0.1 12.446326187665905 0.025667905807495117 38.048041105270386 0.7499999999999999 1.0
0 0.1 10.840920713874212 0.025743961334228516 38.073785066604614 0.7499999999999999 1.0
0 0.1 9.44259054057033 0.025667905807495117 38.09945297241211 0.7499999999999999 1.0
0 0.1 8.224625792416147 0.02568197250366211 38.12513494491577 0.7499999999999999 1.0
0 0.1 7.163761801874259 0.038645029067993164 38.163779973983765 0.888888888888889 1.0
0 0.1 6.239734724625884 0.04441499710083008 38.208194971084595 0.7272727272727272 1.0
0 0.1 5.43489447450858 0.03212308883666992 38.240318059921265 0.7272727272727272 1.0
0 0.1 4.733867584541418 0.032254934310913086 38.27257299423218 0.7272727272727272 1.0
0 0.1 4.123263554256632 0.0699930191040039 38.34256601333618 0.6153846153846154 1.0
0 0.1 3.591419074200402 0.06367897987365723 38.40624499320984 0.5333333333333333 1.0
0 0.1 3.128175241967003 0.17283415794372559 38.579079151153564 0.4210526315789473 1.0
0 0.1 2.7246835143108377 0.15372800827026367 38.73280715942383 0.38095238095238093 1.0
0 0.1 2.373236688776134 0.0853431224822998 38.81815028190613 0.38095238095238093 1.0
0 0.1 2.0671216863796724 0.31058573722839355 39.12873601913452 0.3333333333333333 1.0
0 0.1 1.8004913233094775 0.2800719738006592 39.40880799293518 0.3076923076923077 1.0
0 0.1 1.5682526223167341 0.23102402687072754 39.63983201980591 0.2857142857142857 1.0
0 0.1 1.3659695304072161 0.4081380367279053 40.04797005653381 0.2962962962962963 1.0
0 0.1 1.1897781846170337 0.2621622085571289 40.31013226509094 0.26666666666666666 1.0
0 0.1 1.036313107341863 0.16836905479431152 40.478501319885254 0.26666666666666666 1.0
0 0.1 0.9026429214570189 0.6430647373199463 41.1215660572052 0.24242424242424243 1.0
0 0.1 0.786214357305898 0.4414222240447998 41.56298828125 0.2352941176470588 1.0
0 0.1 0.6848034820193963 0.268657922744751 41.83164620399475 0.2222222222222222 1.0
0 0.1 0.5964732195846044 0.9822468757629395 42.81389307975769 0.21621621621621623 1.0
0 0.1 0.5195363502423698 2.238530158996582 45.05242323875427 0.19999999999999998 1.0
0 0.1 0.4525232824553942 3.077486038208008 48.12990927696228 0.19512195121951217 1.0
0 0.1 0.3941539818506903 0.562251091003418 48.6921603679657 0.19512195121951217 1.0
0 0.1 0.34331352094368267 0.6066217422485352 49.29878211021423 0.19047619047619047 1.0
0 0.1 0.2990307826127625 7.01571798324585 56.31450009346008 0.25 1.0
0 0.1 0.2604599105337001 0.4241929054260254 56.73869299888611 0.25 1.0
0 0.1 0.22686415225376097 0.18905091285705566 56.927743911743164 0.24390243902439027 1.0
0 0.1 0.19760178628779224 0.35843825340270996 57.286182165145874 0.24390243902439027 1.0
0 0.1 0.17211386442601356 0.24744391441345215 57.533626079559326 0.24390243902439027 1.0
0 0.1 0.14991353511608546 0.16900396347045898 57.702630043029785 0.24390243902439027 1.0
0 0.01 28.211963230963963 0.006326913833618164 57.7089569568634 0.33333333333333337 1.0
0 0.01 24.573006681497752 0.03337907791137695 57.74233603477478 0.5714285714285715 1.0
0 0.01 21.403425646968028 0.026734113693237305 57.76907014846802 0.5714285714285715 1.0
0 0.01 18.642677119777133 0.02593088150024414 57.79500102996826 0.5714285714285715 1.0
0 0.01 16.238027310431736 0.025894880294799805 57.82089591026306 0.5714285714285715 1.0
0 0.01 14.143544365449966 0.02600693702697754 57.84690284729004 0.5714285714285715 1.0
0 0.01 12.319221010851523 0.025738954544067383 57.872641801834106 0.5714285714285715 1.0
0 0.01 10.730210362611421 0.025918245315551758 57.89856004714966 0.5714285714285715 1.0
0 0.01 9.346160307090315 0.03848910331726074 57.93704915046692 0.7499999999999999 1.0
0 0.01 8.140633737265514 0.0257718563079834 57.9628210067749 0.7499999999999999 1.0
0 0.01 7.090603570541246 0.025765180587768555 57.98858618736267 0.7499999999999999 1.0
0 0.01 6.176012902339531 0.02590203285217285 58.014488220214844 0.7499999999999999 1.0
0 0.01 5.379391893848717 0.025945186614990234 58.040433406829834 0.7499999999999999 1.0
0 0.01 4.685524076001097 0.025877952575683594 58.06631135940552 0.7499999999999999 1.0
0 0.01 4.081155695663349 0.025939226150512695 58.09225058555603 0.7499999999999999 1.0
0 0.01 3.554742552184356 0.025893211364746094 58.118143796920776 0.7499999999999999 1.0
0 0.01 3.09622948855821 0.019475936889648438 58.137619733810425 0.7499999999999999 1.0
0 0.01 2.6968583252045994 0.038912057876586914 58.17653179168701 0.888888888888889 1.0
0 0.01 2.349000567658869 0.019640207290649414 58.19617199897766 0.888888888888889 1.0
0 0.01 2.046011692676912 0.04518008232116699 58.24135208129883 0.7272727272727272 1.0
0 0.01 1.7821042294352372 0.02593088150024414 58.26728296279907 0.7272727272727272 1.0
0 0.01 1.5522372115164986 0.05824899673461914 58.32553195953369 0.6666666666666666 1.0
0 0.01 1.3520198880735976 0.0647590160369873 58.39029097557068 0.5714285714285714 1.0
0 0.01 1.1776278549337647 0.084259033203125 58.474550008773804 0.5000000000000001 1.0
0 0.01 1.0257300036406054 0.09029769897460938 58.56484770774841 0.47058823529411764 1.0
0 0.01 0.8934248930683893 0.09222602844238281 58.657073736190796 0.4444444444444444 1.0
0 0.01 0.7781853282259436 0.059311866760253906 58.71638560295105 0.4444444444444444 1.0
0 0.01 0.6778100876351608 0.11795711517333984 58.83434271812439 0.3478260869565218 1.0
0 0.01 0.590381877216004 0.07218384742736816 58.90652656555176 0.3478260869565218 1.0
0 0.01 0.5142307075440048 0.07148385047912598 58.978010416030884 0.3478260869565218 1.0
0 0.01 0.44790199493955546 0.16011500358581543 59.1381254196167 0.32000000000000006 1.0
0 0.01 0.39012877707943217 0.09133696556091309 59.22946238517761 0.32000000000000006 1.0
0 0.01 0.33980751241358653 0.09038114547729492 59.31984353065491 0.32000000000000006 1.0
0 0.01 0.2959770011254507 0.08393692970275879 59.403780460357666 0.32000000000000006 1.0
0 0.01 0.2578000249994245 0.12177777290344238 59.52555823326111 0.2962962962962963 1.0
0 0.01 0.22454735549379537 0.10885286331176758 59.634411096572876 0.2857142857142857 1.0
0 0.01 0.19558382455304058 0.07779502868652344 59.7122061252594 0.2857142857142857 1.0
0 0.01 0.1703561920944177 0.35115718841552734 60.06336331367493 0.24242424242424243 1.0
0 0.01 0.14838257842248037 0.15296220779418945 60.216325521469116 0.24242424242424243 1.0
0 0.01 0.12924325971726744 0.13505077362060547 60.35137629508972 0.24242424242424243 1.0
0 0.01 0.1125726507783501 0.12270617485046387 60.474082469940186 0.24242424242424243 1.0
0 0.01 0.09805232188500161 0.2059462070465088 60.680028676986694 0.2352941176470588 1.0
0 0.01 0.08540491638568569 0.0966501235961914 60.776678800582886 0.2352941176470588 1.0
0 0.01 0.07438885283512764 0.30478572845458984 61.081464529037476 0.2222222222222222 1.0
0 0.01 0.06479371048308594 0.29830121994018555 61.37976574897766 0.2105263157894737 1.0
0 0.01 0.056436209971818335 0.30883288383483887 61.6885986328125 0.20512820512820512 1.0
0 0.01 0.049156712468482675 0.14165997505187988 61.83025860786438 0.20512820512820512 1.0
0 0.01 0.0428161703614703 0.5684909820556641 62.398749589920044 0.19047619047619047 1.0
0 0.01 0.03729347127511503 0.22080397605895996 62.619553565979004 0.19047619047619047 1.0
0 0.01 0.032483124670098805 0.48952484130859375 63.1090784072876 0.18181818181818182 1.0
