[216.40736058 188.4937774  164.18066384 143.00360867 124.55810333
 108.49181534  94.49785828  82.30892987  71.69220614  62.44489425
  54.39035884  47.37474809  41.26405496  35.94155748  31.30558923
  27.26759733  23.75045104  20.68696841  18.01863304  15.69447636
  13.67010404  11.906848    10.37102782   9.03330739   7.86813455
   6.85325305   5.96927734   5.19932239   4.52868107   3.94454329
   3.43575127   2.99258645   2.60658382   2.27037024   1.9775236
   1.72245016   1.5002777    1.30676244   1.138208     0.99139477
   0.86351843   0.75213639   0.65512111   0.57061946   0.49701737
   0.43290895   0.37706963   0.32843281   0.28606948   0.24917044]0 1 312.2098259152708 0.0004930496215820312 0.0004930496215820312 0.0 1.0
0 1 271.93903789811014 0.0005180835723876953 0.0010111331939697266 0.0 1.0
0 1 236.8626295349813 0.005233049392700195 0.006244182586669922 0.33333333333333337 1.0
0 1 206.31059705097118 0.025668859481811523 0.031913042068481445 0.5714285714285715 1.0
0 1 179.69935797424765 0.017106056213378906 0.04901909828186035 0.5714285714285715 1.0
0 1 156.52060397255676 0.013699054718017578 0.06271815299987793 0.5714285714285715 1.0
0 1 136.33159152101595 0.012024879455566406 0.07474303245544434 0.5714285714285715 1.0
0 1 118.74668494067365 0.011699914932250977 0.08644294738769531 0.7499999999999999 1.0
0 1 103.42999026917344 0.011201143264770508 0.09764409065246582 0.7499999999999999 1.0
0 1 90.08893926113359 0.010722160339355469 0.10836625099182129 0.7499999999999999 1.0
0 1 78.46870096453189 0.010197877883911133 0.11856412887573242 0.7499999999999999 1.0
0 1 68.34731412713553 0.009454011917114258 0.12801814079284668 0.7499999999999999 1.0
0 1 59.53144745577994 0.015249013900756836 0.14326715469360352 0.6666666666666665 1.0
0 1 51.85270674408604 0.010737180709838867 0.15400433540344238 0.7272727272727272 1.0
0 1 45.16441833008278 0.011500835418701172 0.16550517082214355 0.7272727272727272 1.0
0 1 39.33882744370648 0.014145851135253906 0.17965102195739746 0.6153846153846154 1.0
0 1 34.26465792907022 0.022021055221557617 0.20167207717895508 0.47058823529411764 1.0
0 1 29.84498672911064 0.03466081619262695 0.23633289337158203 0.3636363636363636 1.0
0 1 25.99539253258091 0.04171395301818848 0.2780468463897705 0.3076923076923077 1.0
0 1 22.642343220204207 0.11371111869812012 0.3917579650878906 0.26666666666666666 1.0
0 1 19.721791308170232 0.1406388282775879 0.5323967933654785 0.27586206896551724 1.0
0 1 17.177950560167822 0.21352910995483398 0.7459259033203125 0.26666666666666666 1.0
0 1 14.962230399696251 0.17985224723815918 0.9257781505584717 0.24242424242424243 1.0
0 1 13.03230776858211 0.16020488739013672 1.0859830379486084 0.2222222222222222 1.0
0 1 11.351318703025308 0.19479990005493164 1.28078293800354 0.2222222222222222 1.0
0 1 9.887154185253786 0.15526199340820312 1.4360449314117432 0.21621621621621623 1.0
0 1 8.611846820663045 0.15308499336242676 1.58912992477417 0.20512820512820512 1.0
0 1 7.501036625197576 0.17415690422058105 1.763286828994751 0.19999999999999998 1.0
0 1 6.53350571883761 0.1440901756286621 1.907377004623413 0.20512820512820512 1.0
0 1 5.69077303724795 0.19769811630249023 2.1050751209259033 0.18604651162790697 1.0
0 1 4.956741320068812 0.16821718215942383 2.273292303085327 0.1777777777777778 1.0
0 1 4.317389632878279 0.2078261375427246 2.4811184406280518 0.16666666666666666 1.0
0 1 3.7605055496069455 1.9209043979644775 4.402022838592529 0.1702127659574468 1.0
0 1 3.2754518797500736 0.44277286529541016 4.8447957038879395 0.1702127659574468 1.0
0 1 2.8529634845718124 0.2473130226135254 5.092108726501465 0.16666666666666666 1.0
0 1 2.4849703012340436 0.1922459602355957 5.2843546867370605 0.163265306122449 1.0
0 1 2.1644431943866964 0.3571770191192627 5.641531705856323 0.163265306122449 1.0
0 1 1.8852596907900219 0.2035510540008545 5.845082759857178 0.163265306122449 1.0
0 1 1.6420870323301746 0.18786907196044922 6.032951831817627 0.163265306122449 1.0
0 1 1.4302803135927475 0.17341303825378418 6.206364870071411 0.163265306122449 1.0
0 1 1.2457937582930971 0.15919899940490723 6.365563869476318 0.163265306122449 1.0
0 1 1.0851034398309916 0.7245800495147705 7.090143918991089 0.1568627450980392 1.0
0 1 0.945139969834425 0.7007918357849121 7.790935754776001 0.1568627450980392 1.0
0 1 0.823229868958621 0.9278273582458496 8.71876311302185 0.1568627450980392 1.0
0 1 0.7170445000483404 1.5224032402038574 10.241166353225708 0.15384615384615383 1.0
0 1 0.624555588222246 1.6996753215789795 11.940841674804688 0.1509433962264151 1.0
0 1 0.5439964782567033 1.1954200267791748 13.136261701583862 0.1509433962264151 1.0
0 1 0.4738283892360109 1.0408499240875244 14.177111625671387 0.1509433962264151 1.0
0 1 0.4127110218901976 1.0444469451904297 15.221558570861816 0.1481481481481481 1.0
0 1 0.3594769571833539 1.0239851474761963 16.245543718338013 0.1481481481481481 1.0
0 0.1 130.20161032759302 0.0004868507385253906 16.246030569076538 0.0 1.0
0 0.1 113.40738729625762 0.0004909038543701172 16.246521472930908 0.0 1.0
0 0.1 98.77938883400856 0.0005319118499755859 16.247053384780884 0.0 1.0
0 0.1 86.03820166433057 0.0005183219909667969 16.24757170677185 0.0 1.0
0 0.1 74.9404529934022 0.0006451606750488281 16.2482168674469 0.0 1.0
0 0.1 65.27416178184274 0.0005459785461425781 16.248762845993042 0.0 1.0
0 0.1 56.854689638682785 0.0005738735198974609 16.24933671951294 0.0 1.0
0 0.1 49.52121399451067 0.014031171798706055 16.263367891311646 0.5714285714285715 1.0
0 0.1 43.13365618693992 0.010284900665283203 16.27365279197693 0.5714285714285715 1.0
0 0.1 37.570005780944214 0.010462045669555664 16.284114837646484 0.5714285714285715 1.0
0 0.1 32.7239900151928 0.009507179260253906 16.29362201690674 0.5714285714285715 1.0
0 0.1 28.503043857863506 0.008915185928344727 16.302537202835083 0.5714285714285715 1.0
0 0.1 24.826541897430772 0.008102893829345703 16.31064009666443 0.5714285714285715 1.0
0 0.1 21.624258295306348 0.007620811462402344 16.31826090812683 0.5714285714285715 1.0
0 0.1 18.835025383479486 0.010403871536254883 16.328664779663086 0.7499999999999999 1.0
0 0.1 16.405565284674683 0.008449077606201172 16.337113857269287 0.7499999999999999 1.0
0 0.1 14.289472237493916 0.008379220962524414 16.34549307823181 0.7499999999999999 1.0
0 0.1 12.446326187665905 0.007980108261108398 16.35347318649292 0.7499999999999999 1.0
0 0.1 10.840920713874212 0.007899045944213867 16.361372232437134 0.7499999999999999 1.0
0 0.1 9.44259054057033 0.007939815521240234 16.369312047958374 0.7499999999999999 1.0
0 0.1 8.224625792416147 0.006374835968017578 16.37568688392639 0.7499999999999999 1.0
0 0.1 7.163761801874259 0.008980035781860352 16.384666919708252 0.7499999999999999 1.0
0 0.1 6.239734724625884 0.011991024017333984 16.396657943725586 0.7272727272727272 1.0
0 0.1 5.43489447450858 0.009397029876708984 16.406054973602295 0.7272727272727272 1.0
0 0.1 4.733867584541418 0.00812077522277832 16.414175748825073 0.7272727272727272 1.0
0 0.1 4.123263554256632 0.024755001068115234 16.43893074989319 0.6153846153846154 1.0
0 0.1 3.591419074200402 0.021518945693969727 16.460449695587158 0.5714285714285714 1.0
0 0.1 3.128175241967003 0.046112060546875 16.506561756134033 0.4210526315789473 1.0
0 0.1 2.7246835143108377 0.022659778594970703 16.529221534729004 0.4210526315789473 1.0
0 0.1 2.373236688776134 0.037229061126708984 16.566450595855713 0.38095238095238093 1.0
0 0.1 2.0671216863796724 0.0635230541229248 16.629973649978638 0.3478260869565218 1.0
0 0.1 1.8004913233094775 0.1473679542541504 16.777341604232788 0.32000000000000006 1.0
0 0.1 1.5682526223167341 0.17794013023376465 16.955281734466553 0.2857142857142857 1.0
0 0.1 1.3659695304072161 0.1315898895263672 17.08687162399292 0.27586206896551724 1.0
0 0.1 1.1897781846170337 0.15929818153381348 17.246169805526733 0.25806451612903225 1.0
0 0.1 1.036313107341863 0.08192205429077148 17.328091859817505 0.25806451612903225 1.0
0 0.1 0.9026429214570189 0.11156201362609863 17.439653873443604 0.24242424242424243 1.0
0 0.1 0.786214357305898 0.13372397422790527 17.57337784767151 0.2352941176470588 1.0
0 0.1 0.6848034820193963 0.08079314231872559 17.654170989990234 0.2352941176470588 1.0
0 0.1 0.5964732195846044 0.37105298042297363 18.025223970413208 0.2285714285714286 1.0
0 0.1 0.5195363502423698 0.4777109622955322 18.50293493270874 0.2222222222222222 1.0
0 0.1 0.4525232824553942 0.617480993270874 19.120415925979614 0.20512820512820512 1.0
0 0.1 0.3941539818506903 0.8783779144287109 19.998793840408325 0.19999999999999998 1.0
0 0.1 0.34331352094368267 0.4390099048614502 20.437803745269775 0.19512195121951217 1.0
0 0.1 0.2990307826127625 0.3716280460357666 20.809431791305542 0.19047619047619047 1.0
0 0.1 0.2604599105337001 0.6576159000396729 21.467047691345215 0.18181818181818182 1.0
0 0.1 0.22686415225376097 0.37998318672180176 21.847030878067017 0.18181818181818182 1.0
0 0.1 0.19760178628779224 0.17085003852844238 22.01788091659546 0.18181818181818182 1.0
0 0.1 0.17211386442601356 0.11621832847595215 22.13409924507141 0.18181818181818182 1.0
0 0.1 0.14991353511608546 1.9814188480377197 24.11551809310913 0.1739130434782609 1.0
0 0.01 28.211963230963963 0.0005908012390136719 24.116108894348145 0.0 1.0
0 0.01 24.573006681497752 0.01265096664428711 24.12875986099243 0.5714285714285715 1.0
0 0.01 21.403425646968028 0.008548736572265625 24.137308597564697 0.5714285714285715 1.0
0 0.01 18.642677119777133 0.008673667907714844 24.145982265472412 0.5714285714285715 1.0
0 0.01 16.238027310431736 0.007971048355102539 24.153953313827515 0.5714285714285715 1.0
0 0.01 14.143544365449966 0.007983207702636719 24.16193652153015 0.5714285714285715 1.0
0 0.01 12.319221010851523 0.007331132888793945 24.169267654418945 0.5714285714285715 1.0
0 0.01 10.730210362611421 0.006864070892333984 24.17613172531128 0.5714285714285715 1.0
0 0.01 9.346160307090315 0.009957075119018555 24.186088800430298 0.7499999999999999 1.0
0 0.01 8.140633737265514 0.008004903793334961 24.194093704223633 0.7499999999999999 1.0
0 0.01 7.090603570541246 0.007401943206787109 24.20149564743042 0.7499999999999999 1.0
0 0.01 6.176012902339531 0.007416725158691406 24.20891237258911 0.7499999999999999 1.0
0 0.01 5.379391893848717 0.0073337554931640625 24.216246128082275 0.7499999999999999 1.0
0 0.01 4.685524076001097 0.0073049068450927734 24.223551034927368 0.7499999999999999 1.0
0 0.01 4.081155695663349 0.00675201416015625 24.230303049087524 0.7499999999999999 1.0
0 0.01 3.554742552184356 0.007029056549072266 24.237332105636597 0.7499999999999999 1.0
0 0.01 3.09622948855821 0.005622148513793945 24.24295425415039 0.7499999999999999 1.0
0 0.01 2.6968583252045994 0.005429744720458984 24.24838399887085 0.7499999999999999 1.0
0 0.01 2.349000567658869 0.007258176803588867 24.25564217567444 0.7499999999999999 1.0
0 0.01 2.046011692676912 0.01242971420288086 24.26807188987732 0.7272727272727272 1.0
0 0.01 1.7821042294352372 0.007868289947509766 24.27594017982483 0.7272727272727272 1.0
0 0.01 1.5522372115164986 0.007731914520263672 24.283672094345093 0.7272727272727272 1.0
0 0.01 1.3520198880735976 0.020542144775390625 24.304214239120483 0.6153846153846154 1.0
0 0.01 1.1776278549337647 0.014471769332885742 24.31868600845337 0.6153846153846154 1.0
0 0.01 1.0257300036406054 0.028871774673461914 24.34755778312683 0.4210526315789473 1.0
0 0.01 0.8934248930683893 0.01699209213256836 24.3645498752594 0.4210526315789473 1.0
0 0.01 0.7781853282259436 0.015444040298461914 24.37999391555786 0.4210526315789473 1.0
0 0.01 0.6778100876351608 0.015632152557373047 24.395626068115234 0.4210526315789473 1.0
0 0.01 0.590381877216004 0.035475969314575195 24.43110203742981 0.3636363636363636 1.0
0 0.01 0.5142307075440048 0.028786897659301758 24.45988893508911 0.3636363636363636 1.0
0 0.01 0.44790199493955546 0.05637478828430176 24.516263723373413 0.3076923076923077 1.0
0 0.01 0.39012877707943217 0.052323102951049805 24.568586826324463 0.2962962962962963 1.0
0 0.01 0.33980751241358653 0.05175924301147461 24.620346069335938 0.2857142857142857 1.0
0 0.01 0.2959770011254507 0.03400087356567383 24.65434694290161 0.2857142857142857 1.0
0 0.01 0.2578000249994245 0.033391714096069336 24.68773865699768 0.2857142857142857 1.0
0 0.01 0.22454735549379537 0.06490302085876465 24.752641677856445 0.25806451612903225 1.0
0 0.01 0.19558382455304058 0.0461118221282959 24.79875349998474 0.25806451612903225 1.0
0 0.01 0.1703561920944177 0.044100046157836914 24.842853546142578 0.25806451612903225 1.0
0 0.01 0.14838257842248037 0.043211936950683594 24.88606548309326 0.25806451612903225 1.0
0 0.01 0.12924325971726744 0.04249000549316406 24.928555488586426 0.25806451612903225 1.0
0 0.01 0.1125726507783501 0.041116952896118164 24.969672441482544 0.25806451612903225 1.0
0 0.01 0.09805232188500161 0.035816192626953125 25.005488634109497 0.25806451612903225 1.0
0 0.01 0.08540491638568569 0.21767091751098633 25.223159551620483 0.2105263157894737 1.0
0 0.01 0.07438885283512764 0.2603449821472168 25.4835045337677 0.21621621621621623 1.0
0 0.01 0.06479371048308594 0.09852004051208496 25.582024574279785 0.21621621621621623 1.0
0 0.01 0.056436209971818335 0.0881342887878418 25.670158863067627 0.21621621621621623 1.0
0 0.01 0.049156712468482675 0.14068102836608887 25.810839891433716 0.2105263157894737 1.0
0 0.01 0.0428161703614703 0.07745480537414551 25.88829469680786 0.2105263157894737 1.0
0 0.01 0.03729347127511503 0.15216588973999023 26.04046058654785 0.20512820512820512 1.0
0 0.01 0.032483124670098805 0.16017484664916992 26.20063543319702 0.19999999999999998 1.0
