[216.40736058 188.4937774  164.18066384 143.00360867 124.55810333
 108.49181534  94.49785828  82.30892987  71.69220614  62.44489425
  54.39035884  47.37474809  41.26405496  35.94155748  31.30558923
  27.26759733  23.75045104  20.68696841  18.01863304  15.69447636
  13.67010404  11.906848    10.37102782   9.03330739   7.86813455
   6.85325305   5.96927734   5.19932239   4.52868107   3.94454329
   3.43575127   2.99258645   2.60658382   2.27037024   1.9775236
   1.72245016   1.5002777    1.30676244   1.138208     0.99139477
   0.86351843   0.75213639   0.65512111   0.57061946   0.49701737
   0.43290895   0.37706963   0.32843281   0.28606948   0.24917044]0 1 312.2098259152708 0.0005297660827636719 0.0005297660827636719 0.0 1.0
0 1 271.93903789811014 0.0006079673767089844 0.0011377334594726562 0.0 1.0
0 1 236.8626295349813 0.004647970199584961 0.005785703659057617 0.33333333333333337 1.0
0 1 206.31059705097118 0.02175617218017578 0.0275418758392334 0.5714285714285715 1.0
0 1 179.69935797424765 0.013693094253540039 0.04123497009277344 0.5714285714285715 1.0
0 1 156.52060397255676 0.011433839797973633 0.05266880989074707 0.5714285714285715 1.0
0 1 136.33159152101595 0.009792089462280273 0.062460899353027344 0.5714285714285715 1.0
0 1 118.74668494067365 0.009696006774902344 0.07215690612792969 0.7499999999999999 1.0
0 1 103.42999026917344 0.009130239486694336 0.08128714561462402 0.7499999999999999 1.0
0 1 90.08893926113359 0.008576631546020508 0.08986377716064453 0.7499999999999999 1.0
0 1 78.46870096453189 0.008163213729858398 0.09802699089050293 0.7499999999999999 1.0
0 1 68.34731412713553 0.008043050765991211 0.10607004165649414 0.7499999999999999 1.0
0 1 59.53144745577994 0.011453866958618164 0.1175239086151123 0.6666666666666665 1.0
0 1 51.85270674408604 0.008234024047851562 0.12575793266296387 0.7272727272727272 1.0
0 1 45.16441833008278 0.008870840072631836 0.1346287727355957 0.7272727272727272 1.0
0 1 39.33882744370648 0.011649131774902344 0.14627790451049805 0.6153846153846154 1.0
0 1 34.26465792907022 0.015908002853393555 0.1621859073638916 0.47058823529411764 1.0
0 1 29.84498672911064 0.026278257369995117 0.18846416473388672 0.3636363636363636 1.0
0 1 25.99539253258091 0.028944969177246094 0.2174091339111328 0.3076923076923077 1.0
0 1 22.642343220204207 0.0775911808013916 0.2950003147125244 0.26666666666666666 1.0
0 1 19.721791308170232 0.09836506843566895 0.39336538314819336 0.27586206896551724 1.0
0 1 17.177950560167822 0.16248083114624023 0.5558462142944336 0.26666666666666666 1.0
0 1 14.962230399696251 0.1389937400817871 0.6948399543762207 0.24242424242424243 1.0
0 1 13.03230776858211 0.12269425392150879 0.8175342082977295 0.2222222222222222 1.0
0 1 11.351318703025308 0.13718509674072266 0.9547193050384521 0.2222222222222222 1.0
0 1 9.887154185253786 0.11386704444885254 1.0685863494873047 0.21621621621621623 1.0
0 1 8.611846820663045 0.11914491653442383 1.1877312660217285 0.20512820512820512 1.0
0 1 7.501036625197576 0.12091708183288574 1.3086483478546143 0.19999999999999998 1.0
0 1 6.53350571883761 0.10092282295227051 1.4095711708068848 0.20512820512820512 1.0
0 1 5.69077303724795 0.13355302810668945 1.5431241989135742 0.18604651162790697 1.0
0 1 4.956741320068812 0.11103367805480957 1.6541578769683838 0.1777777777777778 1.0
0 1 4.317389632878279 0.1354069709777832 1.789564847946167 0.1702127659574468 1.0
0 1 3.7605055496069455 1.575063943862915 3.364628791809082 0.1702127659574468 1.0
0 1 3.2754518797500736 0.341400146484375 3.706028938293457 0.1702127659574468 1.0
0 1 2.8529634845718124 0.125169038772583 3.83119797706604 0.16666666666666666 1.0
0 1 2.4849703012340436 0.08637094497680664 3.9175689220428467 0.163265306122449 1.0
0 1 2.1644431943866964 0.24653911590576172 4.164108037948608 0.163265306122449 1.0
0 1 1.8852596907900219 0.1074669361114502 4.271574974060059 0.163265306122449 1.0
0 1 1.6420870323301746 0.09357213973999023 4.365147113800049 0.163265306122449 1.0
0 1 1.4302803135927475 0.08144783973693848 4.446594953536987 0.163265306122449 1.0
0 1 1.2457937582930971 0.07913899421691895 4.525733947753906 0.163265306122449 1.0
0 1 1.0851034398309916 0.3903679847717285 4.916101932525635 0.1568627450980392 1.0
0 1 0.945139969834425 0.3958611488342285 5.311963081359863 0.1568627450980392 1.0
0 1 0.823229868958621 0.6996128559112549 6.011575937271118 0.1568627450980392 1.0
0 1 0.7170445000483404 1.0326199531555176 7.044195890426636 0.1509433962264151 1.0
0 1 0.624555588222246 1.0964617729187012 8.140657663345337 0.1509433962264151 1.0
0 1 0.5439964782567033 0.5901658535003662 8.730823516845703 0.1509433962264151 1.0
0 1 0.4738283892360109 0.4786100387573242 9.209433555603027 0.1509433962264151 1.0
0 1 0.4127110218901976 0.4461219310760498 9.655555486679077 0.1481481481481481 1.0
0 1 0.3594769571833539 0.4503190517425537 10.10587453842163 0.1481481481481481 1.0
0 0.1 130.20161032759302 0.0004930496215820312 10.106367588043213 0.0 1.0
0 0.1 113.40738729625762 0.0004820823669433594 10.106849670410156 0.0 1.0
0 0.1 98.77938883400856 0.0005240440368652344 10.107373714447021 0.0 1.0
0 0.1 86.03820166433057 0.0005121231079101562 10.107885837554932 0.0 1.0
0 0.1 74.9404529934022 0.0005431175231933594 10.108428955078125 0.0 1.0
0 0.1 65.27416178184274 0.0005700588226318359 10.108999013900757 0.0 1.0
0 0.1 56.854689638682785 0.0005981922149658203 10.109597206115723 0.0 1.0
0 0.1 49.52121399451067 0.011657238006591797 10.121254444122314 0.5714285714285715 1.0
0 0.1 43.13365618693992 0.008484125137329102 10.129738569259644 0.5714285714285715 1.0
0 0.1 37.570005780944214 0.008270025253295898 10.13800859451294 0.5714285714285715 1.0
0 0.1 32.7239900151928 0.007630825042724609 10.145639419555664 0.5714285714285715 1.0
0 0.1 28.503043857863506 0.007044792175292969 10.152684211730957 0.5714285714285715 1.0
0 0.1 24.826541897430772 0.00603485107421875 10.158719062805176 0.5714285714285715 1.0
0 0.1 21.624258295306348 0.005864143371582031 10.164583206176758 0.5714285714285715 1.0
0 0.1 18.835025383479486 0.008933067321777344 10.173516273498535 0.7499999999999999 1.0
0 0.1 16.405565284674683 0.007021188735961914 10.180537462234497 0.7499999999999999 1.0
0 0.1 14.289472237493916 0.0065691471099853516 10.187106609344482 0.7499999999999999 1.0
0 0.1 12.446326187665905 0.006292104721069336 10.193398714065552 0.7499999999999999 1.0
0 0.1 10.840920713874212 0.006493806838989258 10.199892520904541 0.7499999999999999 1.0
0 0.1 9.44259054057033 0.006378889083862305 10.206271409988403 0.7499999999999999 1.0
0 0.1 8.224625792416147 0.004687070846557617 10.210958480834961 0.7499999999999999 1.0
0 0.1 7.163761801874259 0.006281852722167969 10.217240333557129 0.7499999999999999 1.0
0 0.1 6.239734724625884 0.009305953979492188 10.226546287536621 0.7272727272727272 1.0
0 0.1 5.43489447450858 0.007119655609130859 10.233665943145752 0.7272727272727272 1.0
0 0.1 4.733867584541418 0.00606989860534668 10.239735841751099 0.7272727272727272 1.0
0 0.1 4.123263554256632 0.01933908462524414 10.259074926376343 0.6153846153846154 1.0
0 0.1 3.591419074200402 0.016989946365356445 10.2760648727417 0.5714285714285714 1.0
0 0.1 3.128175241967003 0.0372469425201416 10.31331181526184 0.4210526315789473 1.0
0 0.1 2.7246835143108377 0.015144109725952148 10.328455924987793 0.4210526315789473 1.0
0 0.1 2.373236688776134 0.03103017807006836 10.359486103057861 0.38095238095238093 1.0
0 0.1 2.0671216863796724 0.05054616928100586 10.410032272338867 0.3478260869565218 1.0
0 0.1 1.8004913233094775 0.12208199501037598 10.532114267349243 0.32000000000000006 1.0
0 0.1 1.5682526223167341 0.1784968376159668 10.71061110496521 0.2857142857142857 1.0
0 0.1 1.3659695304072161 0.09776616096496582 10.808377265930176 0.27586206896551724 1.0
0 0.1 1.1897781846170337 0.10448098182678223 10.912858247756958 0.25806451612903225 1.0
0 0.1 1.036313107341863 0.05763602256774902 10.970494270324707 0.25806451612903225 1.0
0 0.1 0.9026429214570189 0.07557892799377441 11.046073198318481 0.24242424242424243 1.0
0 0.1 0.786214357305898 0.1008756160736084 11.14694881439209 0.2352941176470588 1.0
0 0.1 0.6848034820193963 0.054620981216430664 11.20156979560852 0.2352941176470588 1.0
0 0.1 0.5964732195846044 0.29097795486450195 11.492547750473022 0.2285714285714286 1.0
0 0.1 0.5195363502423698 0.3553009033203125 11.847848653793335 0.2222222222222222 1.0
0 0.1 0.4525232824553942 0.542565107345581 12.390413761138916 0.20512820512820512 1.0
0 0.1 0.3941539818506903 0.8053786754608154 13.195792436599731 0.19999999999999998 1.0
0 0.1 0.34331352094368267 0.26873111724853516 13.464523553848267 0.19512195121951217 1.0
0 0.1 0.2990307826127625 0.31293201446533203 13.777455568313599 0.19047619047619047 1.0
0 0.1 0.2604599105337001 0.36487603187561035 14.142331600189209 0.18604651162790697 1.0
0 0.1 0.22686415225376097 0.15580105781555176 14.29813265800476 0.18181818181818182 1.0
0 0.1 0.19760178628779224 0.07964491844177246 14.377777576446533 0.18181818181818182 1.0
0 0.1 0.17211386442601356 0.05422782897949219 14.432005405426025 0.18181818181818182 1.0
0 0.1 0.14991353511608546 1.0512309074401855 15.483236312866211 0.1739130434782609 1.0
0 0.01 28.211963230963963 0.0005919933319091797 15.48382830619812 0.0 1.0
0 0.01 24.573006681497752 0.00992584228515625 15.493754148483276 0.5714285714285715 1.0
0 0.01 21.403425646968028 0.0071299076080322266 15.500884056091309 0.5714285714285715 1.0
0 0.01 18.642677119777133 0.00648188591003418 15.507365942001343 0.5714285714285715 1.0
0 0.01 16.238027310431736 0.0061566829681396484 15.513522624969482 0.5714285714285715 1.0
0 0.01 14.143544365449966 0.0066661834716796875 15.520188808441162 0.5714285714285715 1.0
0 0.01 12.319221010851523 0.005818843841552734 15.526007652282715 0.5714285714285715 1.0
0 0.01 10.730210362611421 0.00536799430847168 15.531375646591187 0.5714285714285715 1.0
0 0.01 9.346160307090315 0.008046865463256836 15.539422512054443 0.7499999999999999 1.0
0 0.01 8.140633737265514 0.005819797515869141 15.545242309570312 0.7499999999999999 1.0
0 0.01 7.090603570541246 0.005838871002197266 15.55108118057251 0.7499999999999999 1.0
0 0.01 6.176012902339531 0.005650758743286133 15.556731939315796 0.7499999999999999 1.0
0 0.01 5.379391893848717 0.00615382194519043 15.562885761260986 0.7499999999999999 1.0
0 0.01 4.685524076001097 0.005254983901977539 15.568140745162964 0.7499999999999999 1.0
0 0.01 4.081155695663349 0.005470991134643555 15.573611736297607 0.7499999999999999 1.0
0 0.01 3.554742552184356 0.005266904830932617 15.57887864112854 0.7499999999999999 1.0
0 0.01 3.09622948855821 0.0036039352416992188 15.58248257637024 0.7499999999999999 1.0
0 0.01 2.6968583252045994 0.003931999206542969 15.586414575576782 0.7499999999999999 1.0
0 0.01 2.349000567658869 0.005186796188354492 15.591601371765137 0.7499999999999999 1.0
0 0.01 2.046011692676912 0.00899195671081543 15.600593328475952 0.7272727272727272 1.0
0 0.01 1.7821042294352372 0.005439043045043945 15.606032371520996 0.7272727272727272 1.0
0 0.01 1.5522372115164986 0.005349159240722656 15.611381530761719 0.7272727272727272 1.0
0 0.01 1.3520198880735976 0.016797304153442383 15.628178834915161 0.6153846153846154 1.0
0 0.01 1.1776278549337647 0.010802984237670898 15.638981819152832 0.6153846153846154 1.0
0 0.01 1.0257300036406054 0.024470090866088867 15.663451910018921 0.4210526315789473 1.0
0 0.01 0.8934248930683893 0.011438131332397461 15.674890041351318 0.4210526315789473 1.0
0 0.01 0.7781853282259436 0.010615110397338867 15.685505151748657 0.4210526315789473 1.0
0 0.01 0.6778100876351608 0.01110982894897461 15.696614980697632 0.4210526315789473 1.0
0 0.01 0.590381877216004 0.02776503562927246 15.724380016326904 0.3636363636363636 1.0
0 0.01 0.5142307075440048 0.019488811492919922 15.743868827819824 0.3636363636363636 1.0
0 0.01 0.44790199493955546 0.04263877868652344 15.786507606506348 0.3076923076923077 1.0
0 0.01 0.39012877707943217 0.038523197174072266 15.82503080368042 0.2962962962962963 1.0
0 0.01 0.33980751241358653 0.04273724555969238 15.867768049240112 0.2857142857142857 1.0
0 0.01 0.2959770011254507 0.02332592010498047 15.891093969345093 0.2857142857142857 1.0
0 0.01 0.2578000249994245 0.02305293083190918 15.914146900177002 0.2857142857142857 1.0
0 0.01 0.22454735549379537 0.04747319221496582 15.961620092391968 0.25806451612903225 1.0
0 0.01 0.19558382455304058 0.03154301643371582 15.993163108825684 0.25806451612903225 1.0
0 0.01 0.1703561920944177 0.030428171157836914 16.02359127998352 0.25806451612903225 1.0
0 0.01 0.14838257842248037 0.029336214065551758 16.052927494049072 0.25806451612903225 1.0
0 0.01 0.12924325971726744 0.02837681770324707 16.08130431175232 0.25806451612903225 1.0
0 0.01 0.1125726507783501 0.027141094207763672 16.108445405960083 0.25806451612903225 1.0
0 0.01 0.09805232188500161 0.021647930145263672 16.130093336105347 0.25806451612903225 1.0
0 0.01 0.08540491638568569 0.17907500267028809 16.309168338775635 0.2105263157894737 1.0
0 0.01 0.07438885283512764 0.2038419246673584 16.513010263442993 0.21621621621621623 1.0
0 0.01 0.06479371048308594 0.05358290672302246 16.566593170166016 0.21621621621621623 1.0
0 0.01 0.056436209971818335 0.051367998123168945 16.617961168289185 0.21621621621621623 1.0
0 0.01 0.049156712468482675 0.10291910171508789 16.720880270004272 0.2105263157894737 1.0
0 0.01 0.0428161703614703 0.0330510139465332 16.753931283950806 0.2105263157894737 1.0
0 0.01 0.03729347127511503 0.1026160717010498 16.856547355651855 0.20512820512820512 1.0
0 0.01 0.032483124670098805 0.10886120796203613 16.96540856361389 0.19999999999999998 1.0
