[216.40736058 188.4937774  164.18066384 143.00360867 124.55810333
 108.49181534  94.49785828  82.30892987  71.69220614  62.44489425
  54.39035884  47.37474809  41.26405496  35.94155748  31.30558923
  27.26759733  23.75045104  20.68696841  18.01863304  15.69447636
  13.67010404  11.906848    10.37102782   9.03330739   7.86813455
   6.85325305   5.96927734   5.19932239   4.52868107   3.94454329
   3.43575127   2.99258645   2.60658382   2.27037024   1.9775236
   1.72245016   1.5002777    1.30676244   1.138208     0.99139477
   0.86351843   0.75213639   0.65512111   0.57061946   0.49701737
   0.43290895   0.37706963   0.32843281   0.28606948   0.24917044]0 1 312.2098259152708 0.0005600452423095703 0.0005600452423095703 0.0 1.0
0 1 271.93903789811014 0.0005288124084472656 0.001088857650756836 0.0 1.0
0 1 236.8626295349813 0.006498813629150391 0.0075876712799072266 0.33333333333333337 1.0
0 1 206.31059705097118 0.030013084411621094 0.03760075569152832 0.5714285714285715 1.0
0 1 179.69935797424765 0.01916813850402832 0.05676889419555664 0.5714285714285715 1.0
0 1 156.52060397255676 0.01642608642578125 0.07319498062133789 0.5714285714285715 1.0
0 1 136.33159152101595 0.015008211135864258 0.08820319175720215 0.5714285714285715 1.0
0 1 118.74668494067365 0.014095067977905273 0.10229825973510742 0.7499999999999999 1.0
0 1 103.42999026917344 0.012858867645263672 0.1151571273803711 0.7499999999999999 1.0
0 1 90.08893926113359 0.012775897979736328 0.12793302536010742 0.7499999999999999 1.0
0 1 78.46870096453189 0.012830018997192383 0.1407630443572998 0.7499999999999999 1.0
0 1 68.34731412713553 0.011958122253417969 0.15272116661071777 0.7499999999999999 1.0
0 1 59.53144745577994 0.01871323585510254 0.1714344024658203 0.6666666666666665 1.0
0 1 51.85270674408604 0.013032913208007812 0.18446731567382812 0.7272727272727272 1.0
0 1 45.16441833008278 0.013336181640625 0.19780349731445312 0.7272727272727272 1.0
0 1 39.33882744370648 0.018047332763671875 0.215850830078125 0.6153846153846154 1.0
0 1 34.26465792907022 0.0274350643157959 0.2432858943939209 0.47058823529411764 1.0
0 1 29.84498672911064 0.041776180267333984 0.2850620746612549 0.3636363636363636 1.0
0 1 25.99539253258091 0.05348610877990723 0.3385481834411621 0.3076923076923077 1.0
0 1 22.642343220204207 0.1498420238494873 0.4883902072906494 0.26666666666666666 1.0
0 1 19.721791308170232 0.1917860507965088 0.6801762580871582 0.27586206896551724 1.0
0 1 17.177950560167822 0.2543628215789795 0.9345390796661377 0.26666666666666666 1.0
0 1 14.962230399696251 0.22993993759155273 1.1644790172576904 0.24242424242424243 1.0
0 1 13.03230776858211 0.19545793533325195 1.3599369525909424 0.2222222222222222 1.0
0 1 11.351318703025308 0.24507498741149902 1.6050119400024414 0.2222222222222222 1.0
0 1 9.887154185253786 0.20203495025634766 1.807046890258789 0.21621621621621623 1.0
0 1 8.611846820663045 0.19668126106262207 2.003728151321411 0.20512820512820512 1.0
0 1 7.501036625197576 0.2278909683227539 2.231619119644165 0.19999999999999998 1.0
0 1 6.53350571883761 0.19039487838745117 2.422013998031616 0.20512820512820512 1.0
0 1 5.69077303724795 0.25859498977661133 2.6806089878082275 0.18604651162790697 1.0
0 1 4.956741320068812 0.23627376556396484 2.9168827533721924 0.1777777777777778 1.0
0 1 4.317389632878279 0.29424500465393066 3.211127758026123 0.16666666666666666 1.0
0 1 3.7605055496069455 2.214153289794922 5.425281047821045 0.1702127659574468 1.0
0 1 3.2754518797500736 0.5249528884887695 5.9502339363098145 0.1702127659574468 1.0
0 1 2.8529634845718124 0.3732020854949951 6.32343602180481 0.16666666666666666 1.0
0 1 2.4849703012340436 0.3001441955566406 6.62358021736145 0.163265306122449 1.0
0 1 2.1644431943866964 0.440126895904541 7.063707113265991 0.163265306122449 1.0
0 1 1.8852596907900219 0.29059791564941406 7.354305028915405 0.163265306122449 1.0
0 1 1.6420870323301746 0.27479124069213867 7.629096269607544 0.163265306122449 1.0
0 1 1.4302803135927475 0.252532958984375 7.881629228591919 0.163265306122449 1.0
0 1 1.2457937582930971 0.23743176460266113 8.11906099319458 0.163265306122449 1.0
0 1 1.0851034398309916 1.0166690349578857 9.135730028152466 0.1568627450980392 1.0
0 1 0.945139969834425 1.0040409564971924 10.139770984649658 0.1568627450980392 1.0
0 1 0.823229868958621 1.1725308895111084 11.312301874160767 0.1568627450980392 1.0
0 1 0.7170445000483404 2.0377800464630127 13.35008192062378 0.15384615384615383 1.0
0 1 0.624555588222246 2.3885960578918457 15.738677978515625 0.1509433962264151 1.0
0 1 0.5439964782567033 1.8200771808624268 17.55875515937805 0.1509433962264151 1.0
0 1 0.4738283892360109 1.6531360149383545 19.211891174316406 0.1509433962264151 1.0
0 1 0.4127110218901976 1.7250840663909912 20.936975240707397 0.1481481481481481 1.0
0 1 0.3594769571833539 1.6712219715118408 22.60819721221924 0.1481481481481481 1.0
0 0.1 130.20161032759302 0.0005159378051757812 22.608713150024414 0.0 1.0
0 0.1 113.40738729625762 0.0004999637603759766 22.60921311378479 0.0 1.0
0 0.1 98.77938883400856 0.0005533695220947266 22.609766483306885 0.0 1.0
0 0.1 86.03820166433057 0.0005381107330322266 22.610304594039917 0.0 1.0
0 0.1 74.9404529934022 0.0005717277526855469 22.610876321792603 0.0 1.0
0 0.1 65.27416178184274 0.00057220458984375 22.611448526382446 0.0 1.0
0 0.1 56.854689638682785 0.0006110668182373047 22.612059593200684 0.0 1.0
0 0.1 49.52121399451067 0.01646709442138672 22.62852668762207 0.5714285714285715 1.0
0 0.1 43.13365618693992 0.01268315315246582 22.641209840774536 0.5714285714285715 1.0
0 0.1 37.570005780944214 0.011626005172729492 22.652835845947266 0.5714285714285715 1.0
0 0.1 32.7239900151928 0.011069059371948242 22.663904905319214 0.5714285714285715 1.0
0 0.1 28.503043857863506 0.011005878448486328 22.6749107837677 0.5714285714285715 1.0
0 0.1 24.826541897430772 0.009828805923461914 22.684739589691162 0.5714285714285715 1.0
0 0.1 21.624258295306348 0.009379863739013672 22.694119453430176 0.5714285714285715 1.0
0 0.1 18.835025383479486 0.013000965118408203 22.707120418548584 0.7499999999999999 1.0
0 0.1 16.405565284674683 0.010151147842407227 22.71727156639099 0.7499999999999999 1.0
0 0.1 14.289472237493916 0.009909629821777344 22.72718119621277 0.7499999999999999 1.0
0 0.1 12.446326187665905 0.01003718376159668 22.737218379974365 0.7499999999999999 1.0
0 0.1 10.840920713874212 0.009549140930175781 22.74676752090454 0.7499999999999999 1.0
0 0.1 9.44259054057033 0.00964975357055664 22.756417274475098 0.7499999999999999 1.0
0 0.1 8.224625792416147 0.008002042770385742 22.764419317245483 0.7499999999999999 1.0
0 0.1 7.163761801874259 0.011446952819824219 22.775866270065308 0.7499999999999999 1.0
0 0.1 6.239734724625884 0.014633893966674805 22.790500164031982 0.7272727272727272 1.0
0 0.1 5.43489447450858 0.011924028396606445 22.80242419242859 0.7272727272727272 1.0
0 0.1 4.733867584541418 0.009820222854614258 22.812244415283203 0.7272727272727272 1.0
0 0.1 4.123263554256632 0.030195951461791992 22.842440366744995 0.6153846153846154 1.0
0 0.1 3.591419074200402 0.026134729385375977 22.86857509613037 0.5714285714285714 1.0
0 0.1 3.128175241967003 0.05469179153442383 22.923266887664795 0.4210526315789473 1.0
0 0.1 2.7246835143108377 0.029850006103515625 22.95311689376831 0.4210526315789473 1.0
0 0.1 2.373236688776134 0.045435190200805664 22.998552083969116 0.38095238095238093 1.0
0 0.1 2.0671216863796724 0.08285713195800781 23.081409215927124 0.3478260869565218 1.0
0 0.1 1.8004913233094775 0.17746186256408691 23.25887107849121 0.32000000000000006 1.0
0 0.1 1.5682526223167341 0.19314813613891602 23.452019214630127 0.2857142857142857 1.0
0 0.1 1.3659695304072161 0.16220688819885254 23.61422610282898 0.27586206896551724 1.0
0 0.1 1.1897781846170337 0.21452903747558594 23.828755140304565 0.25806451612903225 1.0
0 0.1 1.036313107341863 0.10823607444763184 23.936991214752197 0.25806451612903225 1.0
0 0.1 0.9026429214570189 0.15430808067321777 24.091299295425415 0.24242424242424243 1.0
0 0.1 0.786214357305898 0.1700427532196045 24.26134204864502 0.2352941176470588 1.0
0 0.1 0.6848034820193963 0.11020922660827637 24.371551275253296 0.2352941176470588 1.0
0 0.1 0.5964732195846044 0.4635350704193115 24.835086345672607 0.2285714285714286 1.0
0 0.1 0.5195363502423698 0.6114721298217773 25.446558475494385 0.2222222222222222 1.0
0 0.1 0.4525232824553942 0.6991400718688965 26.14569854736328 0.20512820512820512 1.0
0 0.1 0.3941539818506903 0.9748620986938477 27.12056064605713 0.19999999999999998 1.0
0 0.1 0.34331352094368267 0.537816047668457 27.658376693725586 0.19512195121951217 1.0
0 0.1 0.2990307826127625 0.41649603843688965 28.074872732162476 0.19047619047619047 1.0
0 0.1 0.2604599105337001 1.3067052364349365 29.381577968597412 0.18181818181818182 1.0
0 0.1 0.22686415225376097 0.6072237491607666 29.98880171775818 0.18181818181818182 1.0
0 0.1 0.19760178628779224 0.32082223892211914 30.309623956680298 0.18181818181818182 1.0
0 0.1 0.17211386442601356 0.2027111053466797 30.512335062026978 0.18181818181818182 1.0
0 0.1 0.14991353511608546 2.7824759483337402 33.29481101036072 0.1739130434782609 1.0
0 0.01 28.211963230963963 0.0006289482116699219 33.29543995857239 0.0 1.0
0 0.01 24.573006681497752 0.013564348220825195 33.30900430679321 0.5714285714285715 1.0
0 0.01 21.403425646968028 0.00987386703491211 33.318878173828125 0.5714285714285715 1.0
0 0.01 18.642677119777133 0.009974241256713867 33.32885241508484 0.5714285714285715 1.0
0 0.01 16.238027310431736 0.009315729141235352 33.338168144226074 0.5714285714285715 1.0
0 0.01 14.143544365449966 0.009398221969604492 33.34756636619568 0.5714285714285715 1.0
0 0.01 12.319221010851523 0.009192943572998047 33.35675930976868 0.5714285714285715 1.0
0 0.01 10.730210362611421 0.008434772491455078 33.36519408226013 0.5714285714285715 1.0
0 0.01 9.346160307090315 0.011600971221923828 33.376795053482056 0.7499999999999999 1.0
0 0.01 8.140633737265514 0.009343862533569336 33.386138916015625 0.7499999999999999 1.0
0 0.01 7.090603570541246 0.009459972381591797 33.39559888839722 0.7499999999999999 1.0
0 0.01 6.176012902339531 0.008988142013549805 33.40458703041077 0.7499999999999999 1.0
0 0.01 5.379391893848717 0.008770942687988281 33.413357973098755 0.7499999999999999 1.0
0 0.01 4.685524076001097 0.008901119232177734 33.42225909233093 0.7499999999999999 1.0
0 0.01 4.081155695663349 0.008835077285766602 33.4310941696167 0.7499999999999999 1.0
0 0.01 3.554742552184356 0.008433818817138672 33.43952798843384 0.7499999999999999 1.0
0 0.01 3.09622948855821 0.007467746734619141 33.44699573516846 0.7499999999999999 1.0
0 0.01 2.6968583252045994 0.006964921951293945 33.45396065711975 0.7499999999999999 1.0
0 0.01 2.349000567658869 0.009643793106079102 33.46360445022583 0.7499999999999999 1.0
0 0.01 2.046011692676912 0.013009786605834961 33.476614236831665 0.7272727272727272 1.0
0 0.01 1.7821042294352372 0.00987100601196289 33.48648524284363 0.7272727272727272 1.0
0 0.01 1.5522372115164986 0.009680747985839844 33.49616599082947 0.7272727272727272 1.0
0 0.01 1.3520198880735976 0.02462482452392578 33.520790815353394 0.6153846153846154 1.0
0 0.01 1.1776278549337647 0.017856121063232422 33.538646936416626 0.6153846153846154 1.0
0 0.01 1.0257300036406054 0.03407716751098633 33.57272410392761 0.4210526315789473 1.0
0 0.01 0.8934248930683893 0.021145105361938477 33.59386920928955 0.4210526315789473 1.0
0 0.01 0.7781853282259436 0.020074844360351562 33.6139440536499 0.4210526315789473 1.0
0 0.01 0.6778100876351608 0.021664857864379883 33.63560891151428 0.4210526315789473 1.0
0 0.01 0.590381877216004 0.04283428192138672 33.67844319343567 0.3636363636363636 1.0
0 0.01 0.5142307075440048 0.03806281089782715 33.716506004333496 0.3636363636363636 1.0
0 0.01 0.44790199493955546 0.06920003890991211 33.78570604324341 0.3076923076923077 1.0
0 0.01 0.39012877707943217 0.0618281364440918 33.8475341796875 0.2962962962962963 1.0
0 0.01 0.33980751241358653 0.06100893020629883 33.9085431098938 0.2857142857142857 1.0
0 0.01 0.2959770011254507 0.04369211196899414 33.95223522186279 0.2857142857142857 1.0
0 0.01 0.2578000249994245 0.0424649715423584 33.99470019340515 0.2857142857142857 1.0
0 0.01 0.22454735549379537 0.07452893257141113 34.06922912597656 0.25806451612903225 1.0
0 0.01 0.19558382455304058 0.05864214897155762 34.12787127494812 0.25806451612903225 1.0
0 0.01 0.1703561920944177 0.05664491653442383 34.184516191482544 0.25806451612903225 1.0
0 0.01 0.14838257842248037 0.055432796478271484 34.239948987960815 0.25806451612903225 1.0
0 0.01 0.12924325971726744 0.05431985855102539 34.29426884651184 0.25806451612903225 1.0
0 0.01 0.1125726507783501 0.0534060001373291 34.34767484664917 0.25806451612903225 1.0
0 0.01 0.09805232188500161 0.0456697940826416 34.39334464073181 0.25806451612903225 1.0
0 0.01 0.08540491638568569 0.24873900413513184 34.64208364486694 0.2105263157894737 1.0
0 0.01 0.07438885283512764 0.2878611087799072 34.92994475364685 0.21621621621621623 1.0
0 0.01 0.06479371048308594 0.1284642219543457 35.058408975601196 0.21621621621621623 1.0
0 0.01 0.056436209971818335 0.1266040802001953 35.18501305580139 0.21621621621621623 1.0
0 0.01 0.049156712468482675 0.17997312545776367 35.364986181259155 0.2105263157894737 1.0
0 0.01 0.0428161703614703 0.10970902442932129 35.47469520568848 0.2105263157894737 1.0
0 0.01 0.03729347127511503 0.19368815422058105 35.66838335990906 0.20512820512820512 1.0
0 0.01 0.032483124670098805 0.20186996459960938 35.87025332450867 0.19999999999999998 1.0
