[216.40736058 188.4937774  164.18066384 143.00360867 124.55810333
 108.49181534  94.49785828  82.30892987  71.69220614  62.44489425
  54.39035884  47.37474809  41.26405496  35.94155748  31.30558923
  27.26759733  23.75045104  20.68696841  18.01863304  15.69447636
  13.67010404  11.906848    10.37102782   9.03330739   7.86813455
   6.85325305   5.96927734   5.19932239   4.52868107   3.94454329
   3.43575127   2.99258645   2.60658382   2.27037024   1.9775236
   1.72245016   1.5002777    1.30676244   1.138208     0.99139477
   0.86351843   0.75213639   0.65512111   0.57061946   0.49701737
   0.43290895   0.37706963   0.32843281   0.28606948   0.24917044]0 1 312.2098259152708 0.0011768341064453125 0.0011768341064453125 0.0 1.0
0 1 271.93903789811014 0.0011820793151855469 0.0023589134216308594 0.0 1.0
0 1 236.8626295349813 0.039785146713256836 0.042144060134887695 0.33333333333333337 1.0
0 1 206.31059705097118 0.029131174087524414 0.07127523422241211 0.5714285714285715 1.0
0 1 179.69935797424765 0.01869678497314453 0.08997201919555664 0.5714285714285715 1.0
0 1 156.52060397255676 0.014911890029907227 0.10488390922546387 0.5714285714285715 1.0
0 1 136.33159152101595 0.012583255767822266 0.11746716499328613 0.5714285714285715 1.0
0 1 118.74668494067365 0.03415417671203613 0.15162134170532227 0.7499999999999999 1.0
0 1 103.42999026917344 0.021921873092651367 0.17354321479797363 0.7499999999999999 1.0
0 1 90.08893926113359 0.016775846481323242 0.19031906127929688 0.7499999999999999 1.0
0 1 78.46870096453189 0.014225959777832031 0.2045450210571289 0.7499999999999999 1.0
0 1 68.34731412713553 0.011960983276367188 0.2165060043334961 0.7499999999999999 1.0
0 1 59.53144745577994 0.012391805648803711 0.2288978099822998 0.6666666666666665 1.0
0 1 51.85270674408604 0.01882195472717285 0.24771976470947266 0.7272727272727272 1.0
0 1 45.16441833008278 0.016767024993896484 0.26448678970336914 0.7272727272727272 1.0
0 1 39.33882744370648 0.01865100860595703 0.28313779830932617 0.6153846153846154 1.0
0 1 34.26465792907022 0.029684066772460938 0.3128218650817871 0.47058823529411764 1.0
0 1 29.84498672911064 0.03648209571838379 0.3493039608001709 0.3636363636363636 1.0
0 1 25.99539253258091 0.05145692825317383 0.4007608890533447 0.3076923076923077 1.0
0 1 22.642343220204207 0.1404109001159668 0.5411717891693115 0.26666666666666666 1.0
0 1 19.721791308170232 0.16102027893066406 0.7021920680999756 0.27586206896551724 1.0
0 1 17.177950560167822 0.29883790016174316 1.0010299682617188 0.26666666666666666 1.0
0 1 14.962230399696251 0.22464370727539062 1.2256736755371094 0.24242424242424243 1.0
0 1 13.03230776858211 0.21076703071594238 1.4364407062530518 0.2222222222222222 1.0
0 1 11.351318703025308 0.22863268852233887 1.6650733947753906 0.2222222222222222 1.0
0 1 9.887154185253786 0.18262696266174316 1.8477003574371338 0.21621621621621623 1.0
0 1 8.611846820663045 0.17481589317321777 2.0225162506103516 0.20512820512820512 1.0
0 1 7.501036625197576 0.20048189163208008 2.2229981422424316 0.19999999999999998 1.0
0 1 6.53350571883761 0.16358613967895508 2.3865842819213867 0.20512820512820512 1.0
0 1 5.69077303724795 0.22249436378479004 2.6090786457061768 0.18604651162790697 1.0
0 1 4.956741320068812 0.17759418487548828 2.786672830581665 0.1777777777777778 1.0
0 1 4.317389632878279 0.2320997714996338 3.018772602081299 0.16666666666666666 1.0
0 1 3.7605055496069455 2.104433059692383 5.123205661773682 0.1702127659574468 1.0
0 1 3.2754518797500736 0.4224410057067871 5.545646667480469 0.1702127659574468 1.0
0 1 2.8529634845718124 0.22497105598449707 5.770617723464966 0.16666666666666666 1.0
0 1 2.4849703012340436 0.18182706832885742 5.952444791793823 0.163265306122449 1.0
0 1 2.1644431943866964 0.29345202445983887 6.245896816253662 0.163265306122449 1.0
0 1 1.8852596907900219 0.16827082633972168 6.414167642593384 0.163265306122449 1.0
0 1 1.6420870323301746 0.15581488609313965 6.569982528686523 0.163265306122449 1.0
0 1 1.4302803135927475 0.14609694480895996 6.716079473495483 0.163265306122449 1.0
0 1 1.2457937582930971 0.1377859115600586 6.853865385055542 0.163265306122449 1.0
0 1 1.0851034398309916 0.5162878036499023 7.370153188705444 0.1568627450980392 1.0
0 1 0.945139969834425 0.43222498893737793 7.802378177642822 0.1568627450980392 1.0
0 1 0.823229868958621 0.5664150714874268 8.368793249130249 0.1568627450980392 1.0
0 1 0.7170445000483404 0.9925618171691895 9.361355066299438 0.15384615384615383 1.0
0 1 0.624555588222246 0.9931550025939941 10.354510068893433 0.1509433962264151 1.0
0 1 0.5439964782567033 0.7214248180389404 11.075934886932373 0.1509433962264151 1.0
0 1 0.4738283892360109 0.6341671943664551 11.710102081298828 0.1509433962264151 1.0
0 1 0.4127110218901976 0.654839038848877 12.364941120147705 0.1481481481481481 1.0
0 1 0.3594769571833539 0.7137792110443115 13.078720331192017 0.1481481481481481 1.0
0 0.1 130.20161032759302 0.0011589527130126953 13.07987928390503 0.0 1.0
0 0.1 113.40738729625762 0.001155853271484375 13.081035137176514 0.0 1.0
0 0.1 98.77938883400856 0.0013158321380615234 13.082350969314575 0.0 1.0
0 0.1 86.03820166433057 0.0013058185577392578 13.083656787872314 0.0 1.0
0 0.1 74.9404529934022 0.0011861324310302734 13.084842920303345 0.0 1.0
0 0.1 65.27416178184274 0.0011589527130126953 13.086001873016357 0.0 1.0
0 0.1 56.854689638682785 0.0011532306671142578 13.087155103683472 0.0 1.0
0 0.1 49.52121399451067 0.0012607574462890625 13.08841586112976 0.0 1.0
0 0.1 43.13365618693992 0.0012917518615722656 13.089707612991333 0.0 1.0
0 0.1 37.570005780944214 0.0011630058288574219 13.09087061882019 0.0 1.0
0 0.1 32.7239900151928 0.0011429786682128906 13.092013597488403 0.0 1.0
0 0.1 28.503043857863506 0.0011510848999023438 13.093164682388306 0.0 1.0
0 0.1 24.826541897430772 0.018192768096923828 13.11135745048523 0.5714285714285715 1.0
0 0.1 21.624258295306348 0.007417917251586914 13.118775367736816 0.5714285714285715 1.0
0 0.1 18.835025383479486 0.006762981414794922 13.125538349151611 0.5714285714285715 1.0
0 0.1 16.405565284674683 0.0068171024322509766 13.132355451583862 0.5714285714285715 1.0
0 0.1 14.289472237493916 0.006083965301513672 13.138439416885376 0.5714285714285715 1.0
0 0.1 12.446326187665905 0.006347179412841797 13.144786596298218 0.5714285714285715 1.0
0 0.1 10.840920713874212 0.014306068420410156 13.159092664718628 0.7499999999999999 1.0
0 0.1 9.44259054057033 0.007626056671142578 13.16671872138977 0.7499999999999999 1.0
0 0.1 8.224625792416147 0.006407737731933594 13.173126459121704 0.7499999999999999 1.0
0 0.1 7.163761801874259 0.006582021713256836 13.179708480834961 0.7499999999999999 1.0
0 0.1 6.239734724625884 0.0066149234771728516 13.186323404312134 0.7499999999999999 1.0
0 0.1 5.43489447450858 0.03907418251037598 13.22539758682251 0.7272727272727272 1.0
0 0.1 4.733867584541418 0.015162944793701172 13.240560531616211 0.7272727272727272 1.0
0 0.1 4.123263554256632 0.01448202133178711 13.255042552947998 0.7272727272727272 1.0
0 0.1 3.591419074200402 0.07119226455688477 13.326234817504883 0.5714285714285714 1.0
0 0.1 3.128175241967003 0.16284990310668945 13.489084720611572 0.4444444444444444 1.0
0 0.1 2.7246835143108377 0.07412409782409668 13.563208818435669 0.4210526315789473 1.0
0 0.1 2.373236688776134 0.10486292839050293 13.668071746826172 0.38095238095238093 1.0
0 0.1 2.0671216863796724 0.5929820537567139 14.261053800582886 0.3333333333333333 1.0
0 0.1 1.8004913233094775 0.6034181118011475 14.864471912384033 0.32000000000000006 1.0
0 0.1 1.5682526223167341 0.6488721370697021 15.513344049453735 0.2857142857142857 1.0
0 0.1 1.3659695304072161 0.4743049144744873 15.987648963928223 0.27586206896551724 1.0
0 0.1 1.1897781846170337 0.34586501121520996 16.333513975143433 0.25806451612903225 1.0
0 0.1 1.036313107341863 0.10951805114746094 16.443032026290894 0.25806451612903225 1.0
0 0.1 0.9026429214570189 0.2409369945526123 16.683969020843506 0.24242424242424243 1.0
0 0.1 0.786214357305898 0.23241496086120605 16.916383981704712 0.2352941176470588 1.0
0 0.1 0.6848034820193963 0.08262395858764648 16.99900794029236 0.2352941176470588 1.0
0 0.1 0.5964732195846044 0.7352991104125977 17.734307050704956 0.2285714285714286 1.0
0 0.1 0.5195363502423698 0.772371768951416 18.506678819656372 0.2222222222222222 1.0
0 0.1 0.4525232824553942 2.8044447898864746 21.311123609542847 0.19999999999999998 1.0
0 0.1 0.3941539818506903 0.40204310417175293 21.7131667137146 0.19999999999999998 1.0
0 0.1 0.34331352094368267 0.6469719409942627 22.360138654708862 0.19512195121951217 1.0
0 0.1 0.2990307826127625 0.8228738307952881 23.18301248550415 0.19047619047619047 1.0
0 0.1 0.2604599105337001 1.3043084144592285 24.48732089996338 0.18181818181818182 1.0
0 0.1 0.22686415225376097 0.4689600467681885 24.956280946731567 0.18181818181818182 1.0
0 0.1 0.19760178628779224 0.22197794914245605 25.178258895874023 0.18181818181818182 1.0
0 0.1 0.17211386442601356 0.1469581127166748 25.3252170085907 0.18181818181818182 1.0
0 0.1 0.14991353511608546 2.641181230545044 27.966398239135742 0.1739130434782609 1.0
0 0.01 28.211963230963963 0.0011858940124511719 27.967584133148193 0.0 1.0
0 0.01 24.573006681497752 0.0011851787567138672 27.968769311904907 0.0 1.0
0 0.01 21.403425646968028 0.0012478828430175781 27.970017194747925 0.0 1.0
0 0.01 18.642677119777133 0.0013790130615234375 27.97139620780945 0.0 1.0
0 0.01 16.238027310431736 0.0011899471282958984 27.972586154937744 0.0 1.0
0 0.01 14.143544365449966 0.0013170242309570312 27.9739031791687 0.0 1.0
0 0.01 12.319221010851523 0.0012187957763671875 27.97512197494507 0.0 1.0
0 0.01 10.730210362611421 0.0011560916900634766 27.976278066635132 0.0 1.0
0 0.01 9.346160307090315 0.0011501312255859375 27.977428197860718 0.0 1.0
0 0.01 8.140633737265514 0.00115203857421875 27.978580236434937 0.0 1.0
0 0.01 7.090603570541246 0.0011687278747558594 27.979748964309692 0.0 1.0
0 0.01 6.176012902339531 0.0012161731719970703 27.98096513748169 0.0 1.0
0 0.01 5.379391893848717 0.001165151596069336 27.98213028907776 0.0 1.0
0 0.01 4.685524076001097 0.001165151596069336 27.983295440673828 0.0 1.0
0 0.01 4.081155695663349 0.001210927963256836 27.984506368637085 0.0 1.0
0 0.01 3.554742552184356 0.0012917518615722656 27.985798120498657 0.0 1.0
0 0.01 3.09622948855821 0.0012378692626953125 27.987035989761353 0.0 1.0
0 0.01 2.6968583252045994 0.001177072525024414 27.988213062286377 0.0 1.0
0 0.01 2.349000567658869 0.012037992477416992 28.000251054763794 0.5714285714285715 1.0
0 0.01 2.046011692676912 0.0036919116973876953 28.00394296646118 0.5714285714285715 1.0
0 0.01 1.7821042294352372 0.004067897796630859 28.008010864257812 0.5714285714285715 1.0
0 0.01 1.5522372115164986 0.003803730010986328 28.0118145942688 0.5714285714285715 1.0
0 0.01 1.3520198880735976 0.0037450790405273438 28.015559673309326 0.5714285714285715 1.0
0 0.01 1.1776278549337647 0.0038480758666992188 28.019407749176025 0.5714285714285715 1.0
0 0.01 1.0257300036406054 0.01201319694519043 28.031420946121216 0.7499999999999999 1.0
0 0.01 0.8934248930683893 0.003618955612182617 28.0350399017334 0.7499999999999999 1.0
0 0.01 0.7781853282259436 0.0026540756225585938 28.037693977355957 0.7499999999999999 1.0
0 0.01 0.6778100876351608 0.0025053024291992188 28.040199279785156 0.7499999999999999 1.0
0 0.01 0.590381877216004 0.002704143524169922 28.042903423309326 0.7499999999999999 1.0
0 0.01 0.5142307075440048 0.019958019256591797 28.062861442565918 0.7272727272727272 1.0
0 0.01 0.44790199493955546 0.004262685775756836 28.067124128341675 0.7272727272727272 1.0
0 0.01 0.39012877707943217 0.049642086029052734 28.116766214370728 0.5000000000000001 1.0
0 0.01 0.33980751241358653 0.058096885681152344 28.17486310005188 0.4 1.0
0 0.01 0.2959770011254507 0.015529155731201172 28.19039225578308 0.4 1.0
0 0.01 0.2578000249994245 0.015241861343383789 28.205634117126465 0.4 1.0
0 0.01 0.22454735549379537 0.079193115234375 28.28482723236084 0.3076923076923077 1.0
0 0.01 0.19558382455304058 0.01798701286315918 28.302814245224 0.3076923076923077 1.0
0 0.01 0.1703561920944177 0.1969590187072754 28.499773263931274 0.26666666666666666 1.0
0 0.01 0.14838257842248037 0.07682991027832031 28.576603174209595 0.25806451612903225 1.0
0 0.01 0.12924325971726744 0.026406049728393555 28.60300922393799 0.25806451612903225 1.0
0 0.01 0.1125726507783501 0.07701396942138672 28.680023193359375 0.25 1.0
0 0.01 0.09805232188500161 0.08543610572814941 28.765459299087524 0.24242424242424243 1.0
0 0.01 0.08540491638568569 0.10170793533325195 28.867167234420776 0.2352941176470588 1.0
0 0.01 0.07438885283512764 0.026942968368530273 28.894110202789307 0.2352941176470588 1.0
0 0.01 0.06479371048308594 0.0957481861114502 28.989858388900757 0.2285714285714286 1.0
0 0.01 0.056436209971818335 0.2573089599609375 29.247167348861694 0.21621621621621623 1.0
0 0.01 0.049156712468482675 0.05290818214416504 29.30007553100586 0.21621621621621623 1.0
0 0.01 0.0428161703614703 0.2275991439819336 29.527674674987793 0.20512820512820512 1.0
0 0.01 0.03729347127511503 0.04952502250671387 29.577199697494507 0.20512820512820512 1.0
0 0.01 0.032483124670098805 0.04525184631347656 29.622451543807983 0.20512820512820512 1.0
