[216.40736058 188.4937774  164.18066384 143.00360867 124.55810333
 108.49181534  94.49785828  82.30892987  71.69220614  62.44489425
  54.39035884  47.37474809  41.26405496  35.94155748  31.30558923
  27.26759733  23.75045104  20.68696841  18.01863304  15.69447636
  13.67010404  11.906848    10.37102782   9.03330739   7.86813455
   6.85325305   5.96927734   5.19932239   4.52868107   3.94454329
   3.43575127   2.99258645   2.60658382   2.27037024   1.9775236
   1.72245016   1.5002777    1.30676244   1.138208     0.99139477
   0.86351843   0.75213639   0.65512111   0.57061946   0.49701737
   0.43290895   0.37706963   0.32843281   0.28606948   0.24917044]0 1 312.2098259152708 0.0006461143493652344 0.0006461143493652344 0.0 1.0
0 1 271.93903789811014 0.0006442070007324219 0.0012903213500976562 0.0 1.0
0 1 236.8626295349813 0.006378889083862305 0.007669210433959961 0.33333333333333337 1.0
0 1 206.31059705097118 0.00763392448425293 0.01530313491821289 0.5714285714285715 1.0
0 1 179.69935797424765 0.0037870407104492188 0.01909017562866211 0.5714285714285715 1.0
0 1 156.52060397255676 0.002984285354614258 0.022074460983276367 0.5714285714285715 1.0
0 1 136.33159152101595 0.0030908584594726562 0.025165319442749023 0.5714285714285715 1.0
0 1 118.74668494067365 0.008590936660766602 0.033756256103515625 0.7499999999999999 1.0
0 1 103.42999026917344 0.0055768489837646484 0.03933310508728027 0.7499999999999999 1.0
0 1 90.08893926113359 0.004477024078369141 0.043810129165649414 0.7499999999999999 1.0
0 1 78.46870096453189 0.004675149917602539 0.04848527908325195 0.7499999999999999 1.0
0 1 68.34731412713553 0.004605770111083984 0.05309104919433594 0.7499999999999999 1.0
0 1 59.53144745577994 0.004997968673706055 0.05808901786804199 0.6666666666666665 1.0
0 1 51.85270674408604 0.009293794631958008 0.0673828125 0.7272727272727272 1.0
0 1 45.16441833008278 0.010069847106933594 0.0774526596069336 0.7272727272727272 1.0
0 1 39.33882744370648 0.011106014251708984 0.08855867385864258 0.6153846153846154 1.0
0 1 34.26465792907022 0.017148971557617188 0.10570764541625977 0.47058823529411764 1.0
0 1 29.84498672911064 0.024549007415771484 0.13025665283203125 0.3636363636363636 1.0
0 1 25.99539253258091 0.03099513053894043 0.16125178337097168 0.3076923076923077 1.0
0 1 22.642343220204207 0.0913228988647461 0.2525746822357178 0.26666666666666666 1.0
0 1 19.721791308170232 0.10228991508483887 0.35486459732055664 0.27586206896551724 1.0
0 1 17.177950560167822 0.24046993255615234 0.595334529876709 0.26666666666666666 1.0
0 1 14.962230399696251 0.17228317260742188 0.7676177024841309 0.24242424242424243 1.0
0 1 13.03230776858211 0.17545294761657715 0.943070650100708 0.2222222222222222 1.0
0 1 11.351318703025308 0.1508641242980957 1.0939347743988037 0.2222222222222222 1.0
0 1 9.887154185253786 0.12340092658996582 1.2173357009887695 0.21621621621621623 1.0
0 1 8.611846820663045 0.12238383293151855 1.339719533920288 0.20512820512820512 1.0
0 1 7.501036625197576 0.14075803756713867 1.4804775714874268 0.19999999999999998 1.0
0 1 6.53350571883761 0.12210202217102051 1.6025795936584473 0.20512820512820512 1.0
0 1 5.69077303724795 0.16309380531311035 1.7656733989715576 0.18604651162790697 1.0
0 1 4.956741320068812 0.1222846508026123 1.88795804977417 0.1777777777777778 1.0
0 1 4.317389632878279 0.16556692123413086 2.053524971008301 0.1702127659574468 1.0
0 1 3.7605055496069455 1.6471810340881348 3.7007060050964355 0.1702127659574468 1.0
0 1 3.2754518797500736 0.34412384033203125 4.044829845428467 0.1702127659574468 1.0
0 1 2.8529634845718124 0.13039898872375488 4.175228834152222 0.16666666666666666 1.0
0 1 2.4849703012340436 0.13031291961669922 4.305541753768921 0.163265306122449 1.0
0 1 2.1644431943866964 0.2266688346862793 4.5322105884552 0.163265306122449 1.0
0 1 1.8852596907900219 0.09519600868225098 4.627406597137451 0.163265306122449 1.0
0 1 1.6420870323301746 0.09317874908447266 4.720585346221924 0.163265306122449 1.0
0 1 1.4302803135927475 0.09314298629760742 4.813728332519531 0.163265306122449 1.0
0 1 1.2457937582930971 0.0915977954864502 4.9053261280059814 0.163265306122449 1.0
0 1 1.0851034398309916 0.22443199157714844 5.12975811958313 0.1568627450980392 1.0
0 1 0.945139969834425 0.22396588325500488 5.353724002838135 0.1568627450980392 1.0
0 1 0.823229868958621 0.3772611618041992 5.730985164642334 0.1568627450980392 1.0
0 1 0.7170445000483404 0.6695282459259033 6.400513410568237 0.15384615384615383 1.0
0 1 0.624555588222246 0.44591689109802246 6.84643030166626 0.1509433962264151 1.0
0 1 0.5439964782567033 0.2958712577819824 7.142301559448242 0.1509433962264151 1.0
0 1 0.4738283892360109 0.2242419719696045 7.366543531417847 0.1509433962264151 1.0
0 1 0.4127110218901976 0.2256910800933838 7.5922346115112305 0.1481481481481481 1.0
0 1 0.3594769571833539 0.22612714767456055 7.818361759185791 0.1481481481481481 1.0
0 0.1 130.20161032759302 0.0006582736968994141 7.81902003288269 0.0 1.0
0 0.1 113.40738729625762 0.0006508827209472656 7.819670915603638 0.0 1.0
0 0.1 98.77938883400856 0.0006251335144042969 7.820296049118042 0.0 1.0
0 0.1 86.03820166433057 0.0006442070007324219 7.820940256118774 0.0 1.0
0 0.1 74.9404529934022 0.0006470680236816406 7.821587324142456 0.0 1.0
0 0.1 65.27416178184274 0.0006690025329589844 7.822256326675415 0.0 1.0
0 0.1 56.854689638682785 0.0006771087646484375 7.8229334354400635 0.0 1.0
0 0.1 49.52121399451067 0.0006530284881591797 7.823586463928223 0.0 1.0
0 0.1 43.13365618693992 0.0006430149078369141 7.82422947883606 0.0 1.0
0 0.1 37.570005780944214 0.0006799697875976562 7.824909448623657 0.0 1.0
0 0.1 32.7239900151928 0.0008020401000976562 7.825711488723755 0.0 1.0
0 0.1 28.503043857863506 0.0007028579711914062 7.826414346694946 0.0 1.0
0 0.1 24.826541897430772 0.008976221084594727 7.835390567779541 0.5714285714285715 1.0
0 0.1 21.624258295306348 0.0015158653259277344 7.836906433105469 0.5714285714285715 1.0
0 0.1 18.835025383479486 0.0014810562133789062 7.838387489318848 0.5714285714285715 1.0
0 0.1 16.405565284674683 0.0014891624450683594 7.839876651763916 0.5714285714285715 1.0
0 0.1 14.289472237493916 0.0017790794372558594 7.841655731201172 0.5714285714285715 1.0
0 0.1 12.446326187665905 0.0017299652099609375 7.843385696411133 0.5714285714285715 1.0
0 0.1 10.840920713874212 0.007434844970703125 7.850820541381836 0.7499999999999999 1.0
0 0.1 9.44259054057033 0.002460956573486328 7.853281497955322 0.7499999999999999 1.0
0 0.1 8.224625792416147 0.002212047576904297 7.855493545532227 0.7499999999999999 1.0
0 0.1 7.163761801874259 0.002675771713256836 7.858169317245483 0.7499999999999999 1.0
0 0.1 6.239734724625884 0.0026788711547851562 7.8608481884002686 0.7499999999999999 1.0
0 0.1 5.43489447450858 0.026447772979736328 7.887295961380005 0.7272727272727272 1.0
0 0.1 4.733867584541418 0.006006956100463867 7.893302917480469 0.7272727272727272 1.0
0 0.1 4.123263554256632 0.006854057312011719 7.9001569747924805 0.7272727272727272 1.0
0 0.1 3.591419074200402 0.054366111755371094 7.954523086547852 0.5714285714285714 1.0
0 0.1 3.128175241967003 0.14277291297912598 8.097295999526978 0.4444444444444444 1.0
0 0.1 2.7246835143108377 0.04880785942077637 8.146103858947754 0.4210526315789473 1.0
0 0.1 2.373236688776134 0.08354592323303223 8.229649782180786 0.38095238095238093 1.0
0 0.1 2.0671216863796724 0.22877907752990723 8.458428859710693 0.3333333333333333 1.0
0 0.1 1.8004913233094775 0.47133803367614746 8.92976689338684 0.32000000000000006 1.0
0 0.1 1.5682526223167341 0.5338418483734131 9.463608741760254 0.2857142857142857 1.0
0 0.1 1.3659695304072161 0.4187510013580322 9.882359743118286 0.27586206896551724 1.0
0 0.1 1.1897781846170337 0.2535529136657715 10.135912656784058 0.25806451612903225 1.0
0 0.1 1.036313107341863 0.07732033729553223 10.21323299407959 0.25806451612903225 1.0
0 0.1 0.9026429214570189 0.1649930477142334 10.378226041793823 0.24242424242424243 1.0
0 0.1 0.786214357305898 0.19114899635314941 10.569375038146973 0.2352941176470588 1.0
0 0.1 0.6848034820193963 0.05928516387939453 10.628660202026367 0.2352941176470588 1.0
0 0.1 0.5964732195846044 0.6334571838378906 11.262117385864258 0.2285714285714286 1.0
0 0.1 0.5195363502423698 0.6369588375091553 11.899076223373413 0.2222222222222222 1.0
0 0.1 0.4525232824553942 2.3458380699157715 14.244914293289185 0.19999999999999998 1.0
0 0.1 0.3941539818506903 0.28549814224243164 14.530412435531616 0.19999999999999998 1.0
0 0.1 0.34331352094368267 0.467357873916626 14.997770309448242 0.19512195121951217 1.0
0 0.1 0.2990307826127625 0.7665209770202637 15.764291286468506 0.19047619047619047 1.0
0 0.1 0.2604599105337001 0.8162028789520264 16.580494165420532 0.18604651162790697 1.0
0 0.1 0.22686415225376097 0.2398068904876709 16.820301055908203 0.18181818181818182 1.0
0 0.1 0.19760178628779224 0.12875103950500488 16.949052095413208 0.18181818181818182 1.0
0 0.1 0.17211386442601356 0.11157011985778809 17.060622215270996 0.18181818181818182 1.0
0 0.1 0.14991353511608546 1.664726972579956 18.725349187850952 0.1739130434782609 1.0
0 0.01 28.211963230963963 0.0006368160247802734 18.725986003875732 0.0 1.0
0 0.01 24.573006681497752 0.0006380081176757812 18.726624011993408 0.0 1.0
0 0.01 21.403425646968028 0.0006220340728759766 18.727246046066284 0.0 1.0
0 0.01 18.642677119777133 0.0006818771362304688 18.727927923202515 0.0 1.0
0 0.01 16.238027310431736 0.000640869140625 18.72856879234314 0.0 1.0
0 0.01 14.143544365449966 0.0006661415100097656 18.72923493385315 0.0 1.0
0 0.01 12.319221010851523 0.0006618499755859375 18.729896783828735 0.0 1.0
0 0.01 10.730210362611421 0.0006442070007324219 18.730540990829468 0.0 1.0
0 0.01 9.346160307090315 0.0006399154663085938 18.731180906295776 0.0 1.0
0 0.01 8.140633737265514 0.0006389617919921875 18.73181986808777 0.0 1.0
0 0.01 7.090603570541246 0.0006248950958251953 18.732444763183594 0.0 1.0
0 0.01 6.176012902339531 0.00067901611328125 18.733123779296875 0.0 1.0
0 0.01 5.379391893848717 0.0006482601165771484 18.733772039413452 0.0 1.0
0 0.01 4.685524076001097 0.0006363391876220703 18.734408378601074 0.0 1.0
0 0.01 4.081155695663349 0.0006201267242431641 18.735028505325317 0.0 1.0
0 0.01 3.554742552184356 0.0006279945373535156 18.73565649986267 0.0 1.0
0 0.01 3.09622948855821 0.0006740093231201172 18.73633050918579 0.0 1.0
0 0.01 2.6968583252045994 0.0006730556488037109 18.737003564834595 0.0 1.0
0 0.01 2.349000567658869 0.01594710350036621 18.75295066833496 0.5714285714285715 1.0
0 0.01 2.046011692676912 0.0011241436004638672 18.754074811935425 0.5714285714285715 1.0
0 0.01 1.7821042294352372 0.0010759830474853516 18.75515079498291 0.5714285714285715 1.0
0 0.01 1.5522372115164986 0.0008180141448974609 18.755968809127808 0.5714285714285715 1.0
0 0.01 1.3520198880735976 0.0008192062377929688 18.7567880153656 0.5714285714285715 1.0
0 0.01 1.1776278549337647 0.0009291172027587891 18.75771713256836 0.5714285714285715 1.0
0 0.01 1.0257300036406054 0.00513005256652832 18.762847185134888 0.7499999999999999 1.0
0 0.01 0.8934248930683893 0.0010800361633300781 18.763927221298218 0.7499999999999999 1.0
0 0.01 0.7781853282259436 0.0011980533599853516 18.765125274658203 0.7499999999999999 1.0
0 0.01 0.6778100876351608 0.0009191036224365234 18.76604437828064 0.7499999999999999 1.0
0 0.01 0.590381877216004 0.0009961128234863281 18.767040491104126 0.7499999999999999 1.0
0 0.01 0.5142307075440048 0.012634992599487305 18.779675483703613 0.7272727272727272 1.0
0 0.01 0.44790199493955546 0.0019049644470214844 18.781580448150635 0.7272727272727272 1.0
0 0.01 0.39012877707943217 0.04026222229003906 18.821842670440674 0.5000000000000001 1.0
0 0.01 0.33980751241358653 0.050477027893066406 18.87231969833374 0.4 1.0
0 0.01 0.2959770011254507 0.00810384750366211 18.880423545837402 0.4 1.0
0 0.01 0.2578000249994245 0.00825810432434082 18.888681650161743 0.4 1.0
0 0.01 0.22454735549379537 0.06710195541381836 18.95578360557556 0.3076923076923077 1.0
0 0.01 0.19558382455304058 0.011385917663574219 18.967169523239136 0.3076923076923077 1.0
0 0.01 0.1703561920944177 0.18326497077941895 19.150434494018555 0.26666666666666666 1.0
0 0.01 0.14838257842248037 0.06015205383300781 19.210586547851562 0.25806451612903225 1.0
0 0.01 0.12924325971726744 0.0170290470123291 19.22761559486389 0.25806451612903225 1.0
0 0.01 0.1125726507783501 0.06119585037231445 19.288811445236206 0.25 1.0
0 0.01 0.09805232188500161 0.06293702125549316 19.3517484664917 0.24242424242424243 1.0
0 0.01 0.08540491638568569 0.08424687385559082 19.43599534034729 0.2352941176470588 1.0
0 0.01 0.07438885283512764 0.01758408546447754 19.453579425811768 0.2352941176470588 1.0
0 0.01 0.06479371048308594 0.08061790466308594 19.534197330474854 0.2285714285714286 1.0
0 0.01 0.056436209971818335 0.22434616088867188 19.758543491363525 0.21621621621621623 1.0
0 0.01 0.049156712468482675 0.03078603744506836 19.789329528808594 0.21621621621621623 1.0
0 0.01 0.0428161703614703 0.1891632080078125 19.978492736816406 0.20512820512820512 1.0
0 0.01 0.03729347127511503 0.02834796905517578 20.006840705871582 0.20512820512820512 1.0
0 0.01 0.032483124670098805 0.02770209312438965 20.03454279899597 0.20512820512820512 1.0
