[216.40736058 188.4937774  164.18066384 143.00360867 124.55810333
 108.49181534  94.49785828  82.30892987  71.69220614  62.44489425
  54.39035884  47.37474809  41.26405496  35.94155748  31.30558923
  27.26759733  23.75045104  20.68696841  18.01863304  15.69447636
  13.67010404  11.906848    10.37102782   9.03330739   7.86813455
   6.85325305   5.96927734   5.19932239   4.52868107   3.94454329
   3.43575127   2.99258645   2.60658382   2.27037024   1.9775236
   1.72245016   1.5002777    1.30676244   1.138208     0.99139477
   0.86351843   0.75213639   0.65512111   0.57061946   0.49701737
   0.43290895   0.37706963   0.32843281   0.28606948   0.24917044]0 1 312.2098259152708 0.0006639957427978516 0.0006639957427978516 0.0 1.0
0 1 271.93903789811014 0.0006759166717529297 0.0013399124145507812 0.0 1.0
0 1 236.8626295349813 0.007402896881103516 0.008742809295654297 0.33333333333333337 1.0
0 1 206.31059705097118 0.008312225341796875 0.017055034637451172 0.5714285714285715 1.0
0 1 179.69935797424765 0.005029916763305664 0.022084951400756836 0.5714285714285715 1.0
0 1 156.52060397255676 0.003644227981567383 0.02572917938232422 0.5714285714285715 1.0
0 1 136.33159152101595 0.0037157535552978516 0.02944493293762207 0.5714285714285715 1.0
0 1 118.74668494067365 0.010497093200683594 0.039942026138305664 0.7499999999999999 1.0
0 1 103.42999026917344 0.00639796257019043 0.046339988708496094 0.7499999999999999 1.0
0 1 90.08893926113359 0.0051310062408447266 0.05147099494934082 0.7499999999999999 1.0
0 1 78.46870096453189 0.005030155181884766 0.056501150131225586 0.7499999999999999 1.0
0 1 68.34731412713553 0.005007266998291016 0.0615084171295166 0.7499999999999999 1.0
0 1 59.53144745577994 0.005478858947753906 0.06698727607727051 0.6666666666666665 1.0
0 1 51.85270674408604 0.009927034378051758 0.07691431045532227 0.7272727272727272 1.0
0 1 45.16441833008278 0.011102914810180664 0.08801722526550293 0.7272727272727272 1.0
0 1 39.33882744370648 0.012525081634521484 0.10054230690002441 0.6153846153846154 1.0
0 1 34.26465792907022 0.020412921905517578 0.12095522880554199 0.47058823529411764 1.0
0 1 29.84498672911064 0.027840137481689453 0.14879536628723145 0.3636363636363636 1.0
0 1 25.99539253258091 0.038726806640625 0.18752217292785645 0.3076923076923077 1.0
0 1 22.642343220204207 0.10330080986022949 0.29082298278808594 0.26666666666666666 1.0
0 1 19.721791308170232 0.12290310859680176 0.4137260913848877 0.27586206896551724 1.0
0 1 17.177950560167822 0.2587859630584717 0.6725120544433594 0.26666666666666666 1.0
0 1 14.962230399696251 0.18790292739868164 0.860414981842041 0.24242424242424243 1.0
0 1 13.03230776858211 0.18689203262329102 1.047307014465332 0.2222222222222222 1.0
0 1 11.351318703025308 0.18158721923828125 1.2288942337036133 0.2222222222222222 1.0
0 1 9.887154185253786 0.14019203186035156 1.3690862655639648 0.21621621621621623 1.0
0 1 8.611846820663045 0.1407017707824707 1.5097880363464355 0.20512820512820512 1.0
0 1 7.501036625197576 0.16555023193359375 1.6753382682800293 0.19999999999999998 1.0
0 1 6.53350571883761 0.14168691635131836 1.8170251846313477 0.20512820512820512 1.0
0 1 5.69077303724795 0.1833789348602295 2.000404119491577 0.18604651162790697 1.0
0 1 4.956741320068812 0.1547081470489502 2.1551122665405273 0.1777777777777778 1.0
0 1 4.317389632878279 0.19569683074951172 2.350809097290039 0.1702127659574468 1.0
0 1 3.7605055496069455 1.896529197692871 4.24733829498291 0.1702127659574468 1.0
0 1 3.2754518797500736 0.3837451934814453 4.6310834884643555 0.1702127659574468 1.0
0 1 2.8529634845718124 0.18170976638793945 4.812793254852295 0.16666666666666666 1.0
0 1 2.4849703012340436 0.1483609676361084 4.961154222488403 0.163265306122449 1.0
0 1 2.1644431943866964 0.253145694732666 5.214299917221069 0.163265306122449 1.0
0 1 1.8852596907900219 0.14635992050170898 5.360659837722778 0.163265306122449 1.0
0 1 1.6420870323301746 0.1227409839630127 5.483400821685791 0.163265306122449 1.0
0 1 1.4302803135927475 0.11848592758178711 5.601886749267578 0.163265306122449 1.0
0 1 1.2457937582930971 0.11518192291259766 5.717068672180176 0.163265306122449 1.0
0 1 1.0851034398309916 0.3958878517150879 6.112956523895264 0.1568627450980392 1.0
0 1 0.945139969834425 0.35060596466064453 6.463562488555908 0.1568627450980392 1.0
0 1 0.823229868958621 0.5145449638366699 6.978107452392578 0.1568627450980392 1.0
0 1 0.7170445000483404 0.8155882358551025 7.793695688247681 0.15384615384615383 1.0
0 1 0.624555588222246 0.7556941509246826 8.549389839172363 0.1509433962264151 1.0
0 1 0.5439964782567033 0.5302770137786865 9.07966685295105 0.1509433962264151 1.0
0 1 0.4738283892360109 0.45157289505004883 9.531239748001099 0.1509433962264151 1.0
0 1 0.4127110218901976 0.45130085945129395 9.982540607452393 0.1481481481481481 1.0
0 1 0.3594769571833539 0.4599781036376953 10.442518711090088 0.1481481481481481 1.0
0 0.1 130.20161032759302 0.0006608963012695312 10.443179607391357 0.0 1.0
0 0.1 113.40738729625762 0.0006608963012695312 10.443840503692627 0.0 1.0
0 0.1 98.77938883400856 0.0006380081176757812 10.444478511810303 0.0 1.0
0 0.1 86.03820166433057 0.0007028579711914062 10.445181369781494 0.0 1.0
0 0.1 74.9404529934022 0.0007348060607910156 10.445916175842285 0.0 1.0
0 0.1 65.27416178184274 0.0007100105285644531 10.44662618637085 0.0 1.0
0 0.1 56.854689638682785 0.0006310939788818359 10.447257280349731 0.0 1.0
0 0.1 49.52121399451067 0.0006439685821533203 10.447901248931885 0.0 1.0
0 0.1 43.13365618693992 0.0006530284881591797 10.448554277420044 0.0 1.0
0 0.1 37.570005780944214 0.00067901611328125 10.449233293533325 0.0 1.0
0 0.1 32.7239900151928 0.0006918907165527344 10.449925184249878 0.0 1.0
0 0.1 28.503043857863506 0.0006730556488037109 10.450598239898682 0.0 1.0
0 0.1 24.826541897430772 0.01021575927734375 10.460813999176025 0.5714285714285715 1.0
0 0.1 21.624258295306348 0.0019948482513427734 10.462808847427368 0.5714285714285715 1.0
0 0.1 18.835025383479486 0.0019729137420654297 10.464781761169434 0.5714285714285715 1.0
0 0.1 16.405565284674683 0.0017709732055664062 10.466552734375 0.5714285714285715 1.0
0 0.1 14.289472237493916 0.001811981201171875 10.468364715576172 0.5714285714285715 1.0
0 0.1 12.446326187665905 0.0019080638885498047 10.470272779464722 0.5714285714285715 1.0
0 0.1 10.840920713874212 0.007397174835205078 10.477669954299927 0.7499999999999999 1.0
0 0.1 9.44259054057033 0.002635955810546875 10.480305910110474 0.7499999999999999 1.0
0 0.1 8.224625792416147 0.002629995346069336 10.482935905456543 0.7499999999999999 1.0
0 0.1 7.163761801874259 0.002904653549194336 10.485840559005737 0.7499999999999999 1.0
0 0.1 6.239734724625884 0.0028879642486572266 10.488728523254395 0.7499999999999999 1.0
0 0.1 5.43489447450858 0.027323007583618164 10.516051530838013 0.7272727272727272 1.0
0 0.1 4.733867584541418 0.0070018768310546875 10.523053407669067 0.7272727272727272 1.0
0 0.1 4.123263554256632 0.008022785186767578 10.531076192855835 0.7272727272727272 1.0
0 0.1 3.591419074200402 0.05693793296813965 10.588014125823975 0.5714285714285714 1.0
0 0.1 3.128175241967003 0.1450059413909912 10.733020067214966 0.4444444444444444 1.0
0 0.1 2.7246835143108377 0.05076789855957031 10.783787965774536 0.4210526315789473 1.0
0 0.1 2.373236688776134 0.08887505531311035 10.872663021087646 0.38095238095238093 1.0
0 0.1 2.0671216863796724 0.32446837425231934 11.197131395339966 0.3333333333333333 1.0
0 0.1 1.8004913233094775 0.4949309825897217 11.692062377929688 0.32000000000000006 1.0
0 0.1 1.5682526223167341 0.5721752643585205 12.264237642288208 0.2857142857142857 1.0
0 0.1 1.3659695304072161 0.4427220821380615 12.70695972442627 0.27586206896551724 1.0
0 0.1 1.1897781846170337 0.285369873046875 12.992329597473145 0.25806451612903225 1.0
0 0.1 1.036313107341863 0.08697867393493652 13.079308271408081 0.25806451612903225 1.0
0 0.1 0.9026429214570189 0.19928693771362305 13.278595209121704 0.24242424242424243 1.0
0 0.1 0.786214357305898 0.2076859474182129 13.486281156539917 0.2352941176470588 1.0
0 0.1 0.6848034820193963 0.06791210174560547 13.554193258285522 0.2352941176470588 1.0
0 0.1 0.5964732195846044 0.6690559387207031 14.223249197006226 0.2285714285714286 1.0
0 0.1 0.5195363502423698 0.7051527500152588 14.928401947021484 0.2222222222222222 1.0
0 0.1 0.4525232824553942 2.5551888942718506 17.483590841293335 0.19999999999999998 1.0
0 0.1 0.3941539818506903 0.3603219985961914 17.843912839889526 0.19999999999999998 1.0
0 0.1 0.34331352094368267 0.5587067604064941 18.40261960029602 0.19512195121951217 1.0
0 0.1 0.2990307826127625 0.7776088714599609 19.18022847175598 0.19047619047619047 1.0
0 0.1 0.2604599105337001 0.9561798572540283 20.13640832901001 0.18181818181818182 1.0
0 0.1 0.22686415225376097 0.3817448616027832 20.518153190612793 0.18181818181818182 1.0
0 0.1 0.19760178628779224 0.15944600105285645 20.67759919166565 0.18181818181818182 1.0
0 0.1 0.17211386442601356 0.12264490127563477 20.800244092941284 0.18181818181818182 1.0
0 0.1 0.14991353511608546 2.1754369735717773 22.97568106651306 0.1739130434782609 1.0
0 0.01 28.211963230963963 0.0006551742553710938 22.976336240768433 0.0 1.0
0 0.01 24.573006681497752 0.0006511211395263672 22.97698736190796 0.0 1.0
0 0.01 21.403425646968028 0.0006327629089355469 22.977620124816895 0.0 1.0
0 0.01 18.642677119777133 0.0006639957427978516 22.978284120559692 0.0 1.0
0 0.01 16.238027310431736 0.0006561279296875 22.97894024848938 0.0 1.0
0 0.01 14.143544365449966 0.0006668567657470703 22.979607105255127 0.0 1.0
0 0.01 12.319221010851523 0.0006577968597412109 22.980264902114868 0.0 1.0
0 0.01 10.730210362611421 0.0006351470947265625 22.980900049209595 0.0 1.0
0 0.01 9.346160307090315 0.0006499290466308594 22.981549978256226 0.0 1.0
0 0.01 8.140633737265514 0.0006690025329589844 22.982218980789185 0.0 1.0
0 0.01 7.090603570541246 0.0006380081176757812 22.98285698890686 0.0 1.0
0 0.01 6.176012902339531 0.00063323974609375 22.983490228652954 0.0 1.0
0 0.01 5.379391893848717 0.0006530284881591797 22.984143257141113 0.0 1.0
0 0.01 4.685524076001097 0.0008168220520019531 22.984960079193115 0.0 1.0
0 0.01 4.081155695663349 0.0006690025329589844 22.985629081726074 0.0 1.0
0 0.01 3.554742552184356 0.0006577968597412109 22.986286878585815 0.0 1.0
0 0.01 3.09622948855821 0.0006661415100097656 22.986953020095825 0.0 1.0
0 0.01 2.6968583252045994 0.0006530284881591797 22.987606048583984 0.0 1.0
0 0.01 2.349000567658869 0.01595616340637207 23.003562211990356 0.5714285714285715 1.0
0 0.01 2.046011692676912 0.0011000633239746094 23.00466227531433 0.5714285714285715 1.0
0 0.01 1.7821042294352372 0.0011091232299804688 23.00577139854431 0.5714285714285715 1.0
0 0.01 1.5522372115164986 0.0010650157928466797 23.006836414337158 0.5714285714285715 1.0
0 0.01 1.3520198880735976 0.0010602474212646484 23.007896661758423 0.5714285714285715 1.0
0 0.01 1.1776278549337647 0.0011241436004638672 23.009020805358887 0.5714285714285715 1.0
0 0.01 1.0257300036406054 0.00526118278503418 23.01428198814392 0.7499999999999999 1.0
0 0.01 0.8934248930683893 0.001050710678100586 23.01533269882202 0.7499999999999999 1.0
0 0.01 0.7781853282259436 0.0011551380157470703 23.01648783683777 0.7499999999999999 1.0
0 0.01 0.6778100876351608 0.0012218952178955078 23.017709732055664 0.7499999999999999 1.0
0 0.01 0.590381877216004 0.00127410888671875 23.018983840942383 0.7499999999999999 1.0
0 0.01 0.5142307075440048 0.013015031814575195 23.031998872756958 0.7272727272727272 1.0
0 0.01 0.44790199493955546 0.0033750534057617188 23.03537392616272 0.7272727272727272 1.0
0 0.01 0.39012877707943217 0.041033267974853516 23.076407194137573 0.5000000000000001 1.0
0 0.01 0.33980751241358653 0.04747414588928223 23.123881340026855 0.4 1.0
0 0.01 0.2959770011254507 0.00842595100402832 23.132307291030884 0.4 1.0
0 0.01 0.2578000249994245 0.00966191291809082 23.141969203948975 0.4 1.0
0 0.01 0.22454735549379537 0.06917095184326172 23.211140155792236 0.3076923076923077 1.0
0 0.01 0.19558382455304058 0.012830972671508789 23.223971128463745 0.3076923076923077 1.0
0 0.01 0.1703561920944177 0.2018899917602539 23.425861120224 0.26666666666666666 1.0
0 0.01 0.14838257842248037 0.06442975997924805 23.490290880203247 0.25806451612903225 1.0
0 0.01 0.12924325971726744 0.019649744033813477 23.50994062423706 0.25806451612903225 1.0
0 0.01 0.1125726507783501 0.06412601470947266 23.574066638946533 0.25 1.0
0 0.01 0.09805232188500161 0.06544303894042969 23.639509677886963 0.24242424242424243 1.0
0 0.01 0.08540491638568569 0.087615966796875 23.727125644683838 0.2352941176470588 1.0
0 0.01 0.07438885283512764 0.018926143646240234 23.746051788330078 0.2352941176470588 1.0
0 0.01 0.06479371048308594 0.08290505409240723 23.828956842422485 0.2285714285714286 1.0
0 0.01 0.056436209971818335 0.23514389991760254 24.064100742340088 0.21621621621621623 1.0
0 0.01 0.049156712468482675 0.03553891181945801 24.099639654159546 0.21621621621621623 1.0
0 0.01 0.0428161703614703 0.20406293869018555 24.30370259284973 0.20512820512820512 1.0
0 0.01 0.03729347127511503 0.03284788131713867 24.33655047416687 0.20512820512820512 1.0
0 0.01 0.032483124670098805 0.03073883056640625 24.367289304733276 0.20512820512820512 1.0
