[216.40736058 188.4937774  164.18066384 143.00360867 124.55810333
 108.49181534  94.49785828  82.30892987  71.69220614  62.44489425
  54.39035884  47.37474809  41.26405496  35.94155748  31.30558923
  27.26759733  23.75045104  20.68696841  18.01863304  15.69447636
  13.67010404  11.906848    10.37102782   9.03330739   7.86813455
   6.85325305   5.96927734   5.19932239   4.52868107   3.94454329
   3.43575127   2.99258645   2.60658382   2.27037024   1.9775236
   1.72245016   1.5002777    1.30676244   1.138208     0.99139477
   0.86351843   0.75213639   0.65512111   0.57061946   0.49701737
   0.43290895   0.37706963   0.32843281   0.28606948   0.24917044]0 1 312.2098259152708 0.0006630420684814453 0.0006630420684814453 0.0 1.0
0 1 271.93903789811014 0.0006592273712158203 0.0013222694396972656 0.0 1.0
0 1 236.8626295349813 0.00879216194152832 0.010114431381225586 0.33333333333333337 1.0
0 1 206.31059705097118 0.010010004043579102 0.020124435424804688 0.5714285714285715 1.0
0 1 179.69935797424765 0.005711078643798828 0.025835514068603516 0.5714285714285715 1.0
0 1 156.52060397255676 0.004682064056396484 0.030517578125 0.5714285714285715 1.0
0 1 136.33159152101595 0.004163980484008789 0.03468155860900879 0.5714285714285715 1.0
0 1 118.74668494067365 0.01121211051940918 0.04589366912841797 0.7499999999999999 1.0
0 1 103.42999026917344 0.00751495361328125 0.05340862274169922 0.7499999999999999 1.0
0 1 90.08893926113359 0.0062160491943359375 0.059624671936035156 0.7499999999999999 1.0
0 1 78.46870096453189 0.006136178970336914 0.06576085090637207 0.7499999999999999 1.0
0 1 68.34731412713553 0.005841970443725586 0.07160282135009766 0.7499999999999999 1.0
0 1 59.53144745577994 0.0065898895263671875 0.07819271087646484 0.6666666666666665 1.0
0 1 51.85270674408604 0.01161813735961914 0.08981084823608398 0.7272727272727272 1.0
0 1 45.16441833008278 0.011806964874267578 0.10161781311035156 0.7272727272727272 1.0
0 1 39.33882744370648 0.015166044235229492 0.11678385734558105 0.6153846153846154 1.0
0 1 34.26465792907022 0.0222928524017334 0.13907670974731445 0.47058823529411764 1.0
0 1 29.84498672911064 0.03295707702636719 0.17203378677368164 0.3636363636363636 1.0
0 1 25.99539253258091 0.04321718215942383 0.21525096893310547 0.3076923076923077 1.0
0 1 22.642343220204207 0.12015604972839355 0.335407018661499 0.26666666666666666 1.0
0 1 19.721791308170232 0.14319181442260742 0.47859883308410645 0.27586206896551724 1.0
0 1 17.177950560167822 0.3295001983642578 0.8080990314483643 0.26666666666666666 1.0
0 1 14.962230399696251 0.2158341407775879 1.0239331722259521 0.24242424242424243 1.0
0 1 13.03230776858211 0.21883010864257812 1.2427632808685303 0.2222222222222222 1.0
0 1 11.351318703025308 0.20253801345825195 1.4453012943267822 0.2222222222222222 1.0
0 1 9.887154185253786 0.1840529441833496 1.6293542385101318 0.21621621621621623 1.0
0 1 8.611846820663045 0.15990114212036133 1.7892553806304932 0.20512820512820512 1.0
0 1 7.501036625197576 0.18411922454833984 1.973374605178833 0.19999999999999998 1.0
0 1 6.53350571883761 0.15539193153381348 2.1287665367126465 0.20512820512820512 1.0
0 1 5.69077303724795 0.20958995819091797 2.3383564949035645 0.18604651162790697 1.0
0 1 4.956741320068812 0.16809797286987305 2.5064544677734375 0.1777777777777778 1.0
0 1 4.317389632878279 0.22712397575378418 2.7335784435272217 0.16666666666666666 1.0
0 1 3.7605055496069455 2.027959108352661 4.761537551879883 0.1702127659574468 1.0
0 1 3.2754518797500736 0.4074411392211914 5.168978691101074 0.1702127659574468 1.0
0 1 2.8529634845718124 0.22405004501342773 5.393028736114502 0.16666666666666666 1.0
0 1 2.4849703012340436 0.18227815628051758 5.5753068923950195 0.163265306122449 1.0
0 1 2.1644431943866964 0.29086995124816895 5.8661768436431885 0.163265306122449 1.0
0 1 1.8852596907900219 0.16653680801391602 6.0327136516571045 0.163265306122449 1.0
0 1 1.6420870323301746 0.15648722648620605 6.1892008781433105 0.163265306122449 1.0
0 1 1.4302803135927475 0.1452159881591797 6.33441686630249 0.163265306122449 1.0
0 1 1.2457937582930971 0.13627004623413086 6.470686912536621 0.163265306122449 1.0
0 1 1.0851034398309916 0.4921090602874756 6.962795972824097 0.1568627450980392 1.0
0 1 0.945139969834425 0.4333000183105469 7.3960959911346436 0.1568627450980392 1.0
0 1 0.823229868958621 0.5608220100402832 7.956918001174927 0.1568627450980392 1.0
0 1 0.7170445000483404 0.9991867542266846 8.956104755401611 0.15384615384615383 1.0
0 1 0.624555588222246 1.0823237895965576 10.038428544998169 0.1509433962264151 1.0
0 1 0.5439964782567033 0.7314198017120361 10.769848346710205 0.1509433962264151 1.0
0 1 0.4738283892360109 0.6637880802154541 11.43363642692566 0.1509433962264151 1.0
0 1 0.4127110218901976 0.7164332866668701 12.15006971359253 0.1481481481481481 1.0
0 1 0.3594769571833539 0.6678142547607422 12.817883968353271 0.1481481481481481 1.0
0 0.1 130.20161032759302 0.0006430149078369141 12.818526983261108 0.0 1.0
0 0.1 113.40738729625762 0.0006279945373535156 12.819154977798462 0.0 1.0
0 0.1 98.77938883400856 0.0006167888641357422 12.819771766662598 0.0 1.0
0 0.1 86.03820166433057 0.0006241798400878906 12.820395946502686 0.0 1.0
0 0.1 74.9404529934022 0.0006148815155029297 12.821010828018188 0.0 1.0
0 0.1 65.27416178184274 0.0006856918334960938 12.821696519851685 0.0 1.0
0 0.1 56.854689638682785 0.0007300376892089844 12.822426557540894 0.0 1.0
0 0.1 49.52121399451067 0.0006737709045410156 12.823100328445435 0.0 1.0
0 0.1 43.13365618693992 0.0006320476531982422 12.823732376098633 0.0 1.0
0 0.1 37.570005780944214 0.0006268024444580078 12.82435917854309 0.0 1.0
0 0.1 32.7239900151928 0.0006158351898193359 12.82497501373291 0.0 1.0
0 0.1 28.503043857863506 0.000637054443359375 12.82561206817627 0.0 1.0
0 0.1 24.826541897430772 0.010339021682739258 12.835951089859009 0.5714285714285715 1.0
0 0.1 21.624258295306348 0.002568960189819336 12.838520050048828 0.5714285714285715 1.0
0 0.1 18.835025383479486 0.0020220279693603516 12.840542078018188 0.5714285714285715 1.0
0 0.1 16.405565284674683 0.0019252300262451172 12.842467308044434 0.5714285714285715 1.0
0 0.1 14.289472237493916 0.0019359588623046875 12.844403266906738 0.5714285714285715 1.0
0 0.1 12.446326187665905 0.002554178237915039 12.846957445144653 0.5714285714285715 1.0
0 0.1 10.840920713874212 0.007870912551879883 12.854828357696533 0.7499999999999999 1.0
0 0.1 9.44259054057033 0.0027980804443359375 12.85762643814087 0.7499999999999999 1.0
0 0.1 8.224625792416147 0.0028772354125976562 12.860503673553467 0.7499999999999999 1.0
0 0.1 7.163761801874259 0.003014087677001953 12.863517761230469 0.7499999999999999 1.0
0 0.1 6.239734724625884 0.003322124481201172 12.86683988571167 0.7499999999999999 1.0
0 0.1 5.43489447450858 0.028126001358032227 12.894965887069702 0.7272727272727272 1.0
0 0.1 4.733867584541418 0.00798487663269043 12.902950763702393 0.7272727272727272 1.0
0 0.1 4.123263554256632 0.008748054504394531 12.911698818206787 0.7272727272727272 1.0
0 0.1 3.591419074200402 0.059583187103271484 12.971282005310059 0.5714285714285714 1.0
0 0.1 3.128175241967003 0.15123510360717773 13.122517108917236 0.4444444444444444 1.0
0 0.1 2.7246835143108377 0.055032968521118164 13.177550077438354 0.4210526315789473 1.0
0 0.1 2.373236688776134 0.09234619140625 13.269896268844604 0.38095238095238093 1.0
0 0.1 2.0671216863796724 0.43592095375061035 13.705817222595215 0.3333333333333333 1.0
0 0.1 1.8004913233094775 0.5912039279937744 14.29702115058899 0.32000000000000006 1.0
0 0.1 1.5682526223167341 0.7057981491088867 15.002819299697876 0.2857142857142857 1.0
0 0.1 1.3659695304072161 0.4548807144165039 15.45770001411438 0.27586206896551724 1.0
0 0.1 1.1897781846170337 0.3068199157714844 15.764519929885864 0.25806451612903225 1.0
0 0.1 1.036313107341863 0.09604787826538086 15.860567808151245 0.25806451612903225 1.0
0 0.1 0.9026429214570189 0.22078514099121094 16.081352949142456 0.24242424242424243 1.0
0 0.1 0.786214357305898 0.21646785736083984 16.297820806503296 0.2352941176470588 1.0
0 0.1 0.6848034820193963 0.07290410995483398 16.37072491645813 0.2352941176470588 1.0
0 0.1 0.5964732195846044 0.736342191696167 17.107067108154297 0.2285714285714286 1.0
0 0.1 0.5195363502423698 0.9644730091094971 18.071540117263794 0.2222222222222222 1.0
0 0.1 0.4525232824553942 2.7763278484344482 20.847867965698242 0.19999999999999998 1.0
0 0.1 0.3941539818506903 0.3828706741333008 21.230738639831543 0.19999999999999998 1.0
0 0.1 0.34331352094368267 0.664423942565918 21.89516258239746 0.19512195121951217 1.0
0 0.1 0.2990307826127625 0.840965986251831 22.736128568649292 0.19047619047619047 1.0
0 0.1 0.2604599105337001 1.2807738780975342 24.016902446746826 0.18181818181818182 1.0
0 0.1 0.22686415225376097 0.43802380561828613 24.454926252365112 0.18181818181818182 1.0
0 0.1 0.19760178628779224 0.2038719654083252 24.658798217773438 0.18181818181818182 1.0
0 0.1 0.17211386442601356 0.13346505165100098 24.79226326942444 0.18181818181818182 1.0
0 0.1 0.14991353511608546 2.48403000831604 27.27629327774048 0.1739130434782609 1.0
0 0.01 28.211963230963963 0.0006561279296875 27.276949405670166 0.0 1.0
0 0.01 24.573006681497752 0.0006449222564697266 27.277594327926636 0.0 1.0
0 0.01 21.403425646968028 0.0007028579711914062 27.278297185897827 0.0 1.0
0 0.01 18.642677119777133 0.0006511211395263672 27.278948307037354 0.0 1.0
0 0.01 16.238027310431736 0.0006198883056640625 27.279568195343018 0.0 1.0
0 0.01 14.143544365449966 0.0006458759307861328 27.280214071273804 0.0 1.0
0 0.01 12.319221010851523 0.0007367134094238281 27.280950784683228 0.0 1.0
0 0.01 10.730210362611421 0.0006730556488037109 27.28162384033203 0.0 1.0
0 0.01 9.346160307090315 0.0007548332214355469 27.282378673553467 0.0 1.0
0 0.01 8.140633737265514 0.0006890296936035156 27.28306770324707 0.0 1.0
0 0.01 7.090603570541246 0.00063323974609375 27.283700942993164 0.0 1.0
0 0.01 6.176012902339531 0.0006520748138427734 27.284353017807007 0.0 1.0
0 0.01 5.379391893848717 0.0006678104400634766 27.28502082824707 0.0 1.0
0 0.01 4.685524076001097 0.0006971359252929688 27.285717964172363 0.0 1.0
0 0.01 4.081155695663349 0.0006451606750488281 27.286363124847412 0.0 1.0
0 0.01 3.554742552184356 0.0006499290466308594 27.287013053894043 0.0 1.0
0 0.01 3.09622948855821 0.0006389617919921875 27.287652015686035 0.0 1.0
0 0.01 2.6968583252045994 0.0006470680236816406 27.288299083709717 0.0 1.0
0 0.01 2.349000567658869 0.01631021499633789 27.304609298706055 0.5714285714285715 1.0
0 0.01 2.046011692676912 0.0013968944549560547 27.30600619316101 0.5714285714285715 1.0
0 0.01 1.7821042294352372 0.0013968944549560547 27.307403087615967 0.5714285714285715 1.0
0 0.01 1.5522372115164986 0.0013208389282226562 27.30872392654419 0.5714285714285715 1.0
0 0.01 1.3520198880735976 0.0013399124145507812 27.31006383895874 0.5714285714285715 1.0
0 0.01 1.1776278549337647 0.0016319751739501953 27.31169581413269 0.5714285714285715 1.0
0 0.01 1.0257300036406054 0.005469083786010742 27.3171648979187 0.7499999999999999 1.0
0 0.01 0.8934248930683893 0.0019271373748779297 27.31909203529358 0.7499999999999999 1.0
0 0.01 0.7781853282259436 0.0012428760528564453 27.320334911346436 0.7499999999999999 1.0
0 0.01 0.6778100876351608 0.0011610984802246094 27.32149600982666 0.7499999999999999 1.0
0 0.01 0.590381877216004 0.0012199878692626953 27.322715997695923 0.7499999999999999 1.0
0 0.01 0.5142307075440048 0.013148784637451172 27.335864782333374 0.7272727272727272 1.0
0 0.01 0.44790199493955546 0.003348112106323242 27.339212894439697 0.7272727272727272 1.0
0 0.01 0.39012877707943217 0.042513132095336914 27.381726026535034 0.5000000000000001 1.0
0 0.01 0.33980751241358653 0.04798579216003418 27.42971181869507 0.4 1.0
0 0.01 0.2959770011254507 0.009538888931274414 27.439250707626343 0.4 1.0
0 0.01 0.2578000249994245 0.010181188583374023 27.449431896209717 0.4 1.0
0 0.01 0.22454735549379537 0.06919980049133301 27.51863169670105 0.3076923076923077 1.0
0 0.01 0.19558382455304058 0.013143777847290039 27.53177547454834 0.3076923076923077 1.0
0 0.01 0.1703561920944177 0.18766117095947266 27.719436645507812 0.26666666666666666 1.0
0 0.01 0.14838257842248037 0.0645909309387207 27.784027576446533 0.25806451612903225 1.0
0 0.01 0.12924325971726744 0.019758939743041992 27.803786516189575 0.25806451612903225 1.0
0 0.01 0.1125726507783501 0.06587910652160645 27.86966562271118 0.25 1.0
0 0.01 0.09805232188500161 0.06630301475524902 27.93596863746643 0.24242424242424243 1.0
0 0.01 0.08540491638568569 0.0912330150604248 28.027201652526855 0.2352941176470588 1.0
0 0.01 0.07438885283512764 0.02092909812927246 28.048130750656128 0.2352941176470588 1.0
0 0.01 0.06479371048308594 0.08719110488891602 28.135321855545044 0.2285714285714286 1.0
0 0.01 0.056436209971818335 0.23843097686767578 28.37375283241272 0.21621621621621623 1.0
0 0.01 0.049156712468482675 0.03899526596069336 28.412748098373413 0.21621621621621623 1.0
0 0.01 0.0428161703614703 0.20655226707458496 28.619300365447998 0.20512820512820512 1.0
0 0.01 0.03729347127511503 0.03625822067260742 28.655558586120605 0.20512820512820512 1.0
0 0.01 0.032483124670098805 0.032106876373291016 28.687665462493896 0.20512820512820512 1.0
