[216.40736058 188.4937774  164.18066384 143.00360867 124.55810333
 108.49181534  94.49785828  82.30892987  71.69220614  62.44489425
  54.39035884  47.37474809  41.26405496  35.94155748  31.30558923
  27.26759733  23.75045104  20.68696841  18.01863304  15.69447636
  13.67010404  11.906848    10.37102782   9.03330739   7.86813455
   6.85325305   5.96927734   5.19932239   4.52868107   3.94454329
   3.43575127   2.99258645   2.60658382   2.27037024   1.9775236
   1.72245016   1.5002777    1.30676244   1.138208     0.99139477
   0.86351843   0.75213639   0.65512111   0.57061946   0.49701737
   0.43290895   0.37706963   0.32843281   0.28606948   0.24917044]0 1 312.2098259152708 0.0011992454528808594 0.0011992454528808594 0.0 1.0
0 1 271.93903789811014 0.0011777877807617188 0.002377033233642578 0.0 1.0
0 1 236.8626295349813 0.028354883193969727 0.030731916427612305 0.33333333333333337 1.0
0 1 206.31059705097118 0.021837949752807617 0.05256986618041992 0.5714285714285715 1.0
0 1 179.69935797424765 0.011959075927734375 0.0645289421081543 0.5714285714285715 1.0
0 1 156.52060397255676 0.009593963623046875 0.07412290573120117 0.5714285714285715 1.0
0 1 136.33159152101595 0.008357048034667969 0.08247995376586914 0.5714285714285715 1.0
0 1 118.74668494067365 0.024990081787109375 0.10747003555297852 0.7499999999999999 1.0
0 1 103.42999026917344 0.015121936798095703 0.12259197235107422 0.7499999999999999 1.0
0 1 90.08893926113359 0.011289834976196289 0.1338818073272705 0.7499999999999999 1.0
0 1 78.46870096453189 0.01004481315612793 0.14392662048339844 0.7499999999999999 1.0
0 1 68.34731412713553 0.008650064468383789 0.15257668495178223 0.7499999999999999 1.0
0 1 59.53144745577994 0.009196043014526367 0.1617727279663086 0.6666666666666665 1.0
0 1 51.85270674408604 0.013430118560791016 0.1752028465270996 0.7272727272727272 1.0
0 1 45.16441833008278 0.01295781135559082 0.18816065788269043 0.7272727272727272 1.0
0 1 39.33882744370648 0.012573719024658203 0.20073437690734863 0.6153846153846154 1.0
0 1 34.26465792907022 0.019631147384643555 0.2203655242919922 0.47058823529411764 1.0
0 1 29.84498672911064 0.026029109954833984 0.24639463424682617 0.3636363636363636 1.0
0 1 25.99539253258091 0.03243684768676758 0.27883148193359375 0.3076923076923077 1.0
0 1 22.642343220204207 0.09228205680847168 0.37111353874206543 0.26666666666666666 1.0
0 1 19.721791308170232 0.10424304008483887 0.4753565788269043 0.27586206896551724 1.0
0 1 17.177950560167822 0.24332427978515625 0.7186808586120605 0.26666666666666666 1.0
0 1 14.962230399696251 0.17048215866088867 0.8891630172729492 0.24242424242424243 1.0
0 1 13.03230776858211 0.17514491081237793 1.0643079280853271 0.2222222222222222 1.0
0 1 11.351318703025308 0.15300822257995605 1.2173161506652832 0.2222222222222222 1.0
0 1 9.887154185253786 0.12260293960571289 1.339919090270996 0.21621621621621623 1.0
0 1 8.611846820663045 0.12935090065002441 1.4692699909210205 0.20512820512820512 1.0
0 1 7.501036625197576 0.13913869857788086 1.6084086894989014 0.19999999999999998 1.0
0 1 6.53350571883761 0.12378525733947754 1.732193946838379 0.20512820512820512 1.0
0 1 5.69077303724795 0.16235017776489258 1.8945441246032715 0.18604651162790697 1.0
0 1 4.956741320068812 0.12010908126831055 2.014653205871582 0.1777777777777778 1.0
0 1 4.317389632878279 0.16488313674926758 2.1795363426208496 0.1702127659574468 1.0
0 1 3.7605055496069455 1.6514620780944824 3.830998420715332 0.1702127659574468 1.0
0 1 3.2754518797500736 0.3373551368713379 4.16835355758667 0.1702127659574468 1.0
0 1 2.8529634845718124 0.12941479682922363 4.2977683544158936 0.16666666666666666 1.0
0 1 2.4849703012340436 0.13019800186157227 4.427966356277466 0.163265306122449 1.0
0 1 2.1644431943866964 0.22942304611206055 4.657389402389526 0.163265306122449 1.0
0 1 1.8852596907900219 0.0944521427154541 4.7518415451049805 0.163265306122449 1.0
0 1 1.6420870323301746 0.09306597709655762 4.844907522201538 0.163265306122449 1.0
0 1 1.4302803135927475 0.09342217445373535 4.938329696655273 0.163265306122449 1.0
0 1 1.2457937582930971 0.09128117561340332 5.029610872268677 0.163265306122449 1.0
0 1 1.0851034398309916 0.22086310386657715 5.250473976135254 0.1568627450980392 1.0
0 1 0.945139969834425 0.2236919403076172 5.474165916442871 0.1568627450980392 1.0
0 1 0.823229868958621 0.3765289783477783 5.850694894790649 0.1568627450980392 1.0
0 1 0.7170445000483404 0.6783871650695801 6.5290820598602295 0.15384615384615383 1.0
0 1 0.624555588222246 0.44853997230529785 6.977622032165527 0.1509433962264151 1.0
0 1 0.5439964782567033 0.2982139587402344 7.275835990905762 0.1509433962264151 1.0
0 1 0.4738283892360109 0.22435522079467773 7.5001912117004395 0.1509433962264151 1.0
0 1 0.4127110218901976 0.22335100173950195 7.723542213439941 0.1481481481481481 1.0
0 1 0.3594769571833539 0.22302579879760742 7.946568012237549 0.1481481481481481 1.0
0 0.1 130.20161032759302 0.0011701583862304688 7.947738170623779 0.0 1.0
0 0.1 113.40738729625762 0.0011782646179199219 7.948916435241699 0.0 1.0
0 0.1 98.77938883400856 0.0011601448059082031 7.950076580047607 0.0 1.0
0 0.1 86.03820166433057 0.0012097358703613281 7.951286315917969 0.0 1.0
0 0.1 74.9404529934022 0.0012049674987792969 7.952491283416748 0.0 1.0
0 0.1 65.27416178184274 0.0011601448059082031 7.953651428222656 0.0 1.0
0 0.1 56.854689638682785 0.0012099742889404297 7.954861402511597 0.0 1.0
0 0.1 49.52121399451067 0.0011839866638183594 7.956045389175415 0.0 1.0
0 0.1 43.13365618693992 0.0012569427490234375 7.9573023319244385 0.0 1.0
0 0.1 37.570005780944214 0.001180887222290039 7.9584832191467285 0.0 1.0
0 0.1 32.7239900151928 0.0011661052703857422 7.959649324417114 0.0 1.0
0 0.1 28.503043857863506 0.001199960708618164 7.960849285125732 0.0 1.0
0 0.1 24.826541897430772 0.01424407958984375 7.975093364715576 0.5714285714285715 1.0
0 0.1 21.624258295306348 0.004003763198852539 7.979097127914429 0.5714285714285715 1.0
0 0.1 18.835025383479486 0.0038909912109375 7.982988119125366 0.5714285714285715 1.0
0 0.1 16.405565284674683 0.004101753234863281 7.9870898723602295 0.5714285714285715 1.0
0 0.1 14.289472237493916 0.004155158996582031 7.9912450313568115 0.5714285714285715 1.0
0 0.1 12.446326187665905 0.00386810302734375 7.995113134384155 0.5714285714285715 1.0
0 0.1 10.840920713874212 0.011873006820678711 8.006986141204834 0.7499999999999999 1.0
0 0.1 9.44259054057033 0.005283832550048828 8.012269973754883 0.7499999999999999 1.0
0 0.1 8.224625792416147 0.003993034362792969 8.016263008117676 0.7499999999999999 1.0
0 0.1 7.163761801874259 0.004119157791137695 8.020382165908813 0.7499999999999999 1.0
0 0.1 6.239734724625884 0.0038840770721435547 8.024266242980957 0.7499999999999999 1.0
0 0.1 5.43489447450858 0.03158712387084961 8.055853366851807 0.7272727272727272 1.0
0 0.1 4.733867584541418 0.009662866592407227 8.065516233444214 0.7272727272727272 1.0
0 0.1 4.123263554256632 0.009112119674682617 8.074628353118896 0.7272727272727272 1.0
0 0.1 3.591419074200402 0.06154227256774902 8.136170625686646 0.5714285714285714 1.0
0 0.1 3.128175241967003 0.14578008651733398 8.28195071220398 0.4444444444444444 1.0
0 0.1 2.7246835143108377 0.05486583709716797 8.336816549301147 0.4210526315789473 1.0
0 0.1 2.373236688776134 0.0893869400024414 8.426203489303589 0.38095238095238093 1.0
0 0.1 2.0671216863796724 0.28485774993896484 8.711061239242554 0.3333333333333333 1.0
0 0.1 1.8004913233094775 0.5175082683563232 9.228569507598877 0.32000000000000006 1.0
0 0.1 1.5682526223167341 0.5614862442016602 9.790055751800537 0.2857142857142857 1.0
0 0.1 1.3659695304072161 0.4294309616088867 10.219486713409424 0.27586206896551724 1.0
0 0.1 1.1897781846170337 0.27756810188293457 10.497054815292358 0.25806451612903225 1.0
0 0.1 1.036313107341863 0.08284378051757812 10.579898595809937 0.25806451612903225 1.0
0 0.1 0.9026429214570189 0.17795991897583008 10.757858514785767 0.24242424242424243 1.0
0 0.1 0.786214357305898 0.20025300979614258 10.95811152458191 0.2352941176470588 1.0
0 0.1 0.6848034820193963 0.06416106224060059 11.02227258682251 0.2352941176470588 1.0
0 0.1 0.5964732195846044 0.6498808860778809 11.67215347290039 0.2285714285714286 1.0
0 0.1 0.5195363502423698 0.6452877521514893 12.31744122505188 0.2222222222222222 1.0
0 0.1 0.4525232824553942 2.3663880825042725 14.683829307556152 0.19999999999999998 1.0
0 0.1 0.3941539818506903 0.29905200004577637 14.982881307601929 0.19999999999999998 1.0
0 0.1 0.34331352094368267 0.4755127429962158 15.458394050598145 0.19512195121951217 1.0
0 0.1 0.2990307826127625 0.789898157119751 16.248292207717896 0.19047619047619047 1.0
0 0.1 0.2604599105337001 0.8208878040313721 17.069180011749268 0.18604651162790697 1.0
0 0.1 0.22686415225376097 0.24774909019470215 17.31692910194397 0.18181818181818182 1.0
0 0.1 0.19760178628779224 0.13389992713928223 17.450829029083252 0.18181818181818182 1.0
0 0.1 0.17211386442601356 0.11491203308105469 17.565741062164307 0.18181818181818182 1.0
0 0.1 0.14991353511608546 1.6737010478973389 19.239442110061646 0.1739130434782609 1.0
0 0.01 28.211963230963963 0.0011682510375976562 19.240610361099243 0.0 1.0
0 0.01 24.573006681497752 0.0011610984802246094 19.241771459579468 0.0 1.0
0 0.01 21.403425646968028 0.0011601448059082031 19.242931604385376 0.0 1.0
0 0.01 18.642677119777133 0.0011782646179199219 19.244109869003296 0.0 1.0
0 0.01 16.238027310431736 0.0012500286102294922 19.245359897613525 0.0 1.0
0 0.01 14.143544365449966 0.0011742115020751953 19.2465341091156 0.0 1.0
0 0.01 12.319221010851523 0.0011909008026123047 19.247725009918213 0.0 1.0
0 0.01 10.730210362611421 0.001180887222290039 19.248905897140503 0.0 1.0
0 0.01 9.346160307090315 0.0012340545654296875 19.250139951705933 0.0 1.0
0 0.01 8.140633737265514 0.0011887550354003906 19.251328706741333 0.0 1.0
0 0.01 7.090603570541246 0.0011551380157470703 19.25248384475708 0.0 1.0
0 0.01 6.176012902339531 0.001153707504272461 19.253637552261353 0.0 1.0
0 0.01 5.379391893848717 0.0012359619140625 19.254873514175415 0.0 1.0
0 0.01 4.685524076001097 0.0011649131774902344 19.256038427352905 0.0 1.0
0 0.01 4.081155695663349 0.0011870861053466797 19.257225513458252 0.0 1.0
0 0.01 3.554742552184356 0.0012009143829345703 19.258426427841187 0.0 1.0
0 0.01 3.09622948855821 0.00115203857421875 19.259578466415405 0.0 1.0
0 0.01 2.6968583252045994 0.0012078285217285156 19.260786294937134 0.0 1.0
0 0.01 2.349000567658869 0.00970911979675293 19.270495414733887 0.5714285714285715 1.0
0 0.01 2.046011692676912 0.0027527809143066406 19.273248195648193 0.5714285714285715 1.0
0 0.01 1.7821042294352372 0.0026061534881591797 19.275854349136353 0.5714285714285715 1.0
0 0.01 1.5522372115164986 0.0014078617095947266 19.277262210845947 0.5714285714285715 1.0
0 0.01 1.3520198880735976 0.0013680458068847656 19.278630256652832 0.5714285714285715 1.0
0 0.01 1.1776278549337647 0.0013818740844726562 19.280012130737305 0.5714285714285715 1.0
0 0.01 1.0257300036406054 0.011098861694335938 19.29111099243164 0.7499999999999999 1.0
0 0.01 0.8934248930683893 0.0026559829711914062 19.293766975402832 0.7499999999999999 1.0
0 0.01 0.7781853282259436 0.002613067626953125 19.296380043029785 0.7499999999999999 1.0
0 0.01 0.6778100876351608 0.0013518333435058594 19.29773187637329 0.7499999999999999 1.0
0 0.01 0.590381877216004 0.001550912857055664 19.299282789230347 0.7499999999999999 1.0
0 0.01 0.5142307075440048 0.01932811737060547 19.318610906600952 0.7272727272727272 1.0
0 0.01 0.44790199493955546 0.002950906753540039 19.321561813354492 0.7272727272727272 1.0
0 0.01 0.39012877707943217 0.04517388343811035 19.366735696792603 0.5000000000000001 1.0
0 0.01 0.33980751241358653 0.053053855895996094 19.4197895526886 0.4 1.0
0 0.01 0.2959770011254507 0.011421918869018555 19.431211471557617 0.4 1.0
0 0.01 0.2578000249994245 0.010689020156860352 19.441900491714478 0.4 1.0
0 0.01 0.22454735549379537 0.07357192039489746 19.515472412109375 0.3076923076923077 1.0
0 0.01 0.19558382455304058 0.014886856079101562 19.530359268188477 0.3076923076923077 1.0
0 0.01 0.1703561920944177 0.18730401992797852 19.717663288116455 0.26666666666666666 1.0
0 0.01 0.14838257842248037 0.07049179077148438 19.78815507888794 0.25806451612903225 1.0
0 0.01 0.12924325971726744 0.021464109420776367 19.809619188308716 0.25806451612903225 1.0
0 0.01 0.1125726507783501 0.06979203224182129 19.879411220550537 0.25 1.0
0 0.01 0.09805232188500161 0.07199478149414062 19.951406002044678 0.24242424242424243 1.0
0 0.01 0.08540491638568569 0.09803295135498047 20.049438953399658 0.2352941176470588 1.0
0 0.01 0.07438885283512764 0.022510051727294922 20.071949005126953 0.2352941176470588 1.0
0 0.01 0.06479371048308594 0.09036684036254883 20.162315845489502 0.2285714285714286 1.0
0 0.01 0.056436209971818335 0.2419130802154541 20.404228925704956 0.21621621621621623 1.0
0 0.01 0.049156712468482675 0.03949308395385742 20.443722009658813 0.21621621621621623 1.0
0 0.01 0.0428161703614703 0.20621395111083984 20.649935960769653 0.20512820512820512 1.0
0 0.01 0.03729347127511503 0.03944706916809082 20.689383029937744 0.20512820512820512 1.0
0 0.01 0.032483124670098805 0.03855013847351074 20.727933168411255 0.20512820512820512 1.0
