[216.40736058 188.4937774  164.18066384 143.00360867 124.55810333
 108.49181534  94.49785828  82.30892987  71.69220614  62.44489425
  54.39035884  47.37474809  41.26405496  35.94155748  31.30558923
  27.26759733  23.75045104  20.68696841  18.01863304  15.69447636
  13.67010404  11.906848    10.37102782   9.03330739   7.86813455
   6.85325305   5.96927734   5.19932239   4.52868107   3.94454329
   3.43575127   2.99258645   2.60658382   2.27037024   1.9775236
   1.72245016   1.5002777    1.30676244   1.138208     0.99139477
   0.86351843   0.75213639   0.65512111   0.57061946   0.49701737
   0.43290895   0.37706963   0.32843281   0.28606948   0.24917044]0 1 312.2098259152708 0.001219034194946289 0.001219034194946289 0.0 1.0
0 1 271.93903789811014 0.0011851787567138672 0.0024042129516601562 0.0 1.0
0 1 236.8626295349813 0.035724639892578125 0.03812885284423828 0.33333333333333337 1.0
0 1 206.31059705097118 0.024731874465942383 0.06286072731018066 0.5714285714285715 1.0
0 1 179.69935797424765 0.01568913459777832 0.07854986190795898 0.5714285714285715 1.0
0 1 156.52060397255676 0.012991905212402344 0.09154176712036133 0.5714285714285715 1.0
0 1 136.33159152101595 0.010345935821533203 0.10188770294189453 0.5714285714285715 1.0
0 1 118.74668494067365 0.029716014862060547 0.13160371780395508 0.7499999999999999 1.0
0 1 103.42999026917344 0.018120765686035156 0.14972448348999023 0.7499999999999999 1.0
0 1 90.08893926113359 0.013309001922607422 0.16303348541259766 0.7499999999999999 1.0
0 1 78.46870096453189 0.011934757232666016 0.17496824264526367 0.7499999999999999 1.0
0 1 68.34731412713553 0.00978398323059082 0.1847522258758545 0.7499999999999999 1.0
0 1 59.53144745577994 0.010168075561523438 0.19492030143737793 0.6666666666666665 1.0
0 1 51.85270674408604 0.01536703109741211 0.21028733253479004 0.7272727272727272 1.0
0 1 45.16441833008278 0.01396489143371582 0.22425222396850586 0.7272727272727272 1.0
0 1 39.33882744370648 0.015043020248413086 0.23929524421691895 0.6153846153846154 1.0
0 1 34.26465792907022 0.023891925811767578 0.2631871700286865 0.47058823529411764 1.0
0 1 29.84498672911064 0.02929997444152832 0.29248714447021484 0.3636363636363636 1.0
0 1 25.99539253258091 0.04130101203918457 0.3337881565093994 0.3076923076923077 1.0
0 1 22.642343220204207 0.11285781860351562 0.44664597511291504 0.26666666666666666 1.0
0 1 19.721791308170232 0.13232207298278809 0.5789680480957031 0.27586206896551724 1.0
0 1 17.177950560167822 0.26914477348327637 0.8481128215789795 0.26666666666666666 1.0
0 1 14.962230399696251 0.19969511032104492 1.0478079319000244 0.24242424242424243 1.0
0 1 13.03230776858211 0.19176197052001953 1.239569902420044 0.2222222222222222 1.0
0 1 11.351318703025308 0.18369197845458984 1.4232618808746338 0.2222222222222222 1.0
0 1 9.887154185253786 0.14596986770629883 1.5692317485809326 0.21621621621621623 1.0
0 1 8.611846820663045 0.1461162567138672 1.7153480052947998 0.20512820512820512 1.0
0 1 7.501036625197576 0.16606593132019043 1.8814139366149902 0.19999999999999998 1.0
0 1 6.53350571883761 0.14409518241882324 2.0255091190338135 0.20512820512820512 1.0
0 1 5.69077303724795 0.18900227546691895 2.2145113945007324 0.18604651162790697 1.0
0 1 4.956741320068812 0.1549980640411377 2.36950945854187 0.1777777777777778 1.0
0 1 4.317389632878279 0.19841790199279785 2.567927360534668 0.1702127659574468 1.0
0 1 3.7605055496069455 1.8872640132904053 4.455191373825073 0.1702127659574468 1.0
0 1 3.2754518797500736 0.3816859722137451 4.836877346038818 0.1702127659574468 1.0
0 1 2.8529634845718124 0.18088173866271973 5.017759084701538 0.16666666666666666 1.0
0 1 2.4849703012340436 0.14867091178894043 5.1664299964904785 0.163265306122449 1.0
0 1 2.1644431943866964 0.25139570236206055 5.417825698852539 0.163265306122449 1.0
0 1 1.8852596907900219 0.14286279678344727 5.560688495635986 0.163265306122449 1.0
0 1 1.6420870323301746 0.11990213394165039 5.680590629577637 0.163265306122449 1.0
0 1 1.4302803135927475 0.11761617660522461 5.798206806182861 0.163265306122449 1.0
0 1 1.2457937582930971 0.11471104621887207 5.912917852401733 0.163265306122449 1.0
0 1 1.0851034398309916 0.4043610095977783 6.317278861999512 0.1568627450980392 1.0
0 1 0.945139969834425 0.3560760021209717 6.673354864120483 0.1568627450980392 1.0
0 1 0.823229868958621 0.49404287338256836 7.167397737503052 0.1568627450980392 1.0
0 1 0.7170445000483404 0.8232390880584717 7.990636825561523 0.15384615384615383 1.0
0 1 0.624555588222246 0.7556416988372803 8.746278524398804 0.1509433962264151 1.0
0 1 0.5439964782567033 0.5293178558349609 9.275596380233765 0.1509433962264151 1.0
0 1 0.4738283892360109 0.45420408248901367 9.729800462722778 0.1509433962264151 1.0
0 1 0.4127110218901976 0.4579148292541504 10.187715291976929 0.1481481481481481 1.0
0 1 0.3594769571833539 0.457841157913208 10.645556449890137 0.1481481481481481 1.0
0 0.1 130.20161032759302 0.0011851787567138672 10.64674162864685 0.0 1.0
0 0.1 113.40738729625762 0.0012040138244628906 10.647945642471313 0.0 1.0
0 0.1 98.77938883400856 0.0012259483337402344 10.649171590805054 0.0 1.0
0 0.1 86.03820166433057 0.0011599063873291016 10.650331497192383 0.0 1.0
0 0.1 74.9404529934022 0.0011749267578125 10.651506423950195 0.0 1.0
0 0.1 65.27416178184274 0.00115203857421875 10.652658462524414 0.0 1.0
0 0.1 56.854689638682785 0.0011582374572753906 10.65381669998169 0.0 1.0
0 0.1 49.52121399451067 0.0012929439544677734 10.655109643936157 0.0 1.0
0 0.1 43.13365618693992 0.0012080669403076172 10.656317710876465 0.0 1.0
0 0.1 37.570005780944214 0.0011818408966064453 10.657499551773071 0.0 1.0
0 0.1 32.7239900151928 0.0011529922485351562 10.658652544021606 0.0 1.0
0 0.1 28.503043857863506 0.0011942386627197266 10.659846782684326 0.0 1.0
0 0.1 24.826541897430772 0.015639781951904297 10.67548656463623 0.5714285714285715 1.0
0 0.1 21.624258295306348 0.005274772644042969 10.680761337280273 0.5714285714285715 1.0
0 0.1 18.835025383479486 0.005234956741333008 10.685996294021606 0.5714285714285715 1.0
0 0.1 16.405565284674683 0.005011796951293945 10.6910080909729 0.5714285714285715 1.0
0 0.1 14.289472237493916 0.005132913589477539 10.696141004562378 0.5714285714285715 1.0
0 0.1 12.446326187665905 0.0041010379791259766 10.700242042541504 0.5714285714285715 1.0
0 0.1 10.840920713874212 0.01233363151550293 10.712575674057007 0.7499999999999999 1.0
0 0.1 9.44259054057033 0.0064160823822021484 10.718991756439209 0.7499999999999999 1.0
0 0.1 8.224625792416147 0.005240678787231445 10.72423243522644 0.7499999999999999 1.0
0 0.1 7.163761801874259 0.005033969879150391 10.72926640510559 0.7499999999999999 1.0
0 0.1 6.239734724625884 0.005081892013549805 10.73434829711914 0.7499999999999999 1.0
0 0.1 5.43489447450858 0.033406972885131836 10.767755270004272 0.7272727272727272 1.0
0 0.1 4.733867584541418 0.012089729309082031 10.779844999313354 0.7272727272727272 1.0
0 0.1 4.123263554256632 0.01147913932800293 10.791324138641357 0.7272727272727272 1.0
0 0.1 3.591419074200402 0.06493377685546875 10.856257915496826 0.5714285714285714 1.0
0 0.1 3.128175241967003 0.15421199798583984 11.010469913482666 0.4444444444444444 1.0
0 0.1 2.7246835143108377 0.06021595001220703 11.070685863494873 0.4210526315789473 1.0
0 0.1 2.373236688776134 0.09308385848999023 11.163769721984863 0.38095238095238093 1.0
0 0.1 2.0671216863796724 0.4508659839630127 11.614635705947876 0.3333333333333333 1.0
0 0.1 1.8004913233094775 0.5573341846466064 12.171969890594482 0.32000000000000006 1.0
0 0.1 1.5682526223167341 0.6047286987304688 12.776698589324951 0.2857142857142857 1.0
0 0.1 1.3659695304072161 0.4595780372619629 13.236276626586914 0.27586206896551724 1.0
0 0.1 1.1897781846170337 0.3149440288543701 13.551220655441284 0.25806451612903225 1.0
0 0.1 1.036313107341863 0.09751296043395996 13.648733615875244 0.25806451612903225 1.0
0 0.1 0.9026429214570189 0.22338318824768066 13.872116804122925 0.24242424242424243 1.0
0 0.1 0.786214357305898 0.2262110710144043 14.098327875137329 0.2352941176470588 1.0
0 0.1 0.6848034820193963 0.07376837730407715 14.172096252441406 0.2352941176470588 1.0
0 0.1 0.5964732195846044 0.6936829090118408 14.865779161453247 0.2285714285714286 1.0
0 0.1 0.5195363502423698 0.710644006729126 15.576423168182373 0.2222222222222222 1.0
0 0.1 0.4525232824553942 2.616460084915161 18.192883253097534 0.19999999999999998 1.0
0 0.1 0.3941539818506903 0.369473934173584 18.562357187271118 0.19999999999999998 1.0
0 0.1 0.34331352094368267 0.5772559642791748 19.139613151550293 0.19512195121951217 1.0
0 0.1 0.2990307826127625 0.8007340431213379 19.94034719467163 0.19047619047619047 1.0
0 0.1 0.2604599105337001 0.9931659698486328 20.933513164520264 0.18181818181818182 1.0
0 0.1 0.22686415225376097 0.40224289894104004 21.335756063461304 0.18181818181818182 1.0
0 0.1 0.19760178628779224 0.16997790336608887 21.505733966827393 0.18181818181818182 1.0
0 0.1 0.17211386442601356 0.13204026222229004 21.637774229049683 0.18181818181818182 1.0
0 0.1 0.14991353511608546 2.1888442039489746 23.826618432998657 0.1739130434782609 1.0
0 0.01 28.211963230963963 0.001199960708618164 23.827818393707275 0.0 1.0
0 0.01 24.573006681497752 0.0011889934539794922 23.829007387161255 0.0 1.0
0 0.01 21.403425646968028 0.0011830329895019531 23.830190420150757 0.0 1.0
0 0.01 18.642677119777133 0.0012199878692626953 23.83141040802002 0.0 1.0
0 0.01 16.238027310431736 0.0011599063873291016 23.83257031440735 0.0 1.0
0 0.01 14.143544365449966 0.0011477470397949219 23.833718061447144 0.0 1.0
0 0.01 12.319221010851523 0.0011501312255859375 23.83486819267273 0.0 1.0
0 0.01 10.730210362611421 0.0011439323425292969 23.83601212501526 0.0 1.0
0 0.01 9.346160307090315 0.001148223876953125 23.837160348892212 0.0 1.0
0 0.01 8.140633737265514 0.001336812973022461 23.838497161865234 0.0 1.0
0 0.01 7.090603570541246 0.0012128353118896484 23.839709997177124 0.0 1.0
0 0.01 6.176012902339531 0.0012211799621582031 23.840931177139282 0.0 1.0
0 0.01 5.379391893848717 0.0012102127075195312 23.8421413898468 0.0 1.0
0 0.01 4.685524076001097 0.0012159347534179688 23.84335732460022 0.0 1.0
0 0.01 4.081155695663349 0.001194000244140625 23.84455132484436 0.0 1.0
0 0.01 3.554742552184356 0.0012562274932861328 23.845807552337646 0.0 1.0
0 0.01 3.09622948855821 0.0011861324310302734 23.846993684768677 0.0 1.0
0 0.01 2.6968583252045994 0.0011801719665527344 23.84817385673523 0.0 1.0
0 0.01 2.349000567658869 0.01102590560913086 23.85919976234436 0.5714285714285715 1.0
0 0.01 2.046011692676912 0.0028848648071289062 23.86208462715149 0.5714285714285715 1.0
0 0.01 1.7821042294352372 0.002599954605102539 23.864684581756592 0.5714285714285715 1.0
0 0.01 1.5522372115164986 0.002753019332885742 23.867437601089478 0.5714285714285715 1.0
0 0.01 1.3520198880735976 0.002649068832397461 23.870086669921875 0.5714285714285715 1.0
0 0.01 1.1776278549337647 0.0026502609252929688 23.872736930847168 0.5714285714285715 1.0
0 0.01 1.0257300036406054 0.01105809211730957 23.883795022964478 0.7499999999999999 1.0
0 0.01 0.8934248930683893 0.0025262832641601562 23.886321306228638 0.7499999999999999 1.0
0 0.01 0.7781853282259436 0.002593994140625 23.888915300369263 0.7499999999999999 1.0
0 0.01 0.6778100876351608 0.0024678707122802734 23.891383171081543 0.7499999999999999 1.0
0 0.01 0.590381877216004 0.0026390552520751953 23.894022226333618 0.7499999999999999 1.0
0 0.01 0.5142307075440048 0.020550966262817383 23.914573192596436 0.7272727272727272 1.0
0 0.01 0.44790199493955546 0.004125833511352539 23.918699026107788 0.7272727272727272 1.0
0 0.01 0.39012877707943217 0.04746699333190918 23.966166019439697 0.5000000000000001 1.0
0 0.01 0.33980751241358653 0.05286073684692383 24.01902675628662 0.4 1.0
0 0.01 0.2959770011254507 0.012670040130615234 24.031696796417236 0.4 1.0
0 0.01 0.2578000249994245 0.01235818862915039 24.044054985046387 0.4 1.0
0 0.01 0.22454735549379537 0.08040904998779297 24.12446403503418 0.3076923076923077 1.0
0 0.01 0.19558382455304058 0.016927003860473633 24.141391038894653 0.3076923076923077 1.0
0 0.01 0.1703561920944177 0.19124507904052734 24.33263611793518 0.26666666666666666 1.0
0 0.01 0.14838257842248037 0.07262587547302246 24.405261993408203 0.25806451612903225 1.0
0 0.01 0.12924325971726744 0.023942947387695312 24.4292049407959 0.25806451612903225 1.0
0 0.01 0.1125726507783501 0.07145190238952637 24.500656843185425 0.25 1.0
0 0.01 0.09805232188500161 0.07425093650817871 24.574907779693604 0.24242424242424243 1.0
0 0.01 0.08540491638568569 0.09596800804138184 24.670875787734985 0.2352941176470588 1.0
0 0.01 0.07438885283512764 0.023855924606323242 24.69473171234131 0.2352941176470588 1.0
0 0.01 0.06479371048308594 0.09035992622375488 24.785091638565063 0.2285714285714286 1.0
0 0.01 0.056436209971818335 0.24578595161437988 25.030877590179443 0.21621621621621623 1.0
0 0.01 0.049156712468482675 0.04429006576538086 25.075167655944824 0.21621621621621623 1.0
0 0.01 0.0428161703614703 0.21719098091125488 25.29235863685608 0.20512820512820512 1.0
0 0.01 0.03729347127511503 0.043627023696899414 25.33598566055298 0.20512820512820512 1.0
0 0.01 0.032483124670098805 0.04186582565307617 25.377851486206055 0.20512820512820512 1.0
