[216.40736058 188.4937774  164.18066384 143.00360867 124.55810333
 108.49181534  94.49785828  82.30892987  71.69220614  62.44489425
  54.39035884  47.37474809  41.26405496  35.94155748  31.30558923
  27.26759733  23.75045104  20.68696841  18.01863304  15.69447636
  13.67010404  11.906848    10.37102782   9.03330739   7.86813455
   6.85325305   5.96927734   5.19932239   4.52868107   3.94454329
   3.43575127   2.99258645   2.60658382   2.27037024   1.9775236
   1.72245016   1.5002777    1.30676244   1.138208     0.99139477
   0.86351843   0.75213639   0.65512111   0.57061946   0.49701737
   0.43290895   0.37706963   0.32843281   0.28606948   0.24917044]0 1 312.2098259152708 0.014356851577758789 0.014356851577758789 0.0 1.0
0 1 271.93903789811014 0.011184930801391602 0.02554178237915039 0.0 1.0
0 1 236.8626295349813 0.014403104782104492 0.03994488716125488 0.33333333333333337 1.0
0 1 206.31059705097118 0.05161905288696289 0.09156394004821777 0.5714285714285715 1.0
0 1 179.69935797424765 0.04027080535888672 0.1318347454071045 0.5714285714285715 1.0
0 1 156.52060397255676 0.033505916595458984 0.16534066200256348 0.5714285714285715 1.0
0 1 136.33159152101595 0.03224515914916992 0.1975858211517334 0.5714285714285715 1.0
0 1 118.74668494067365 0.039175987243652344 0.23676180839538574 0.7499999999999999 1.0
0 1 103.42999026917344 0.03243303298950195 0.2691948413848877 0.7499999999999999 1.0
0 1 90.08893926113359 0.03228187561035156 0.30147671699523926 0.7499999999999999 1.0
0 1 78.46870096453189 0.03245115280151367 0.33392786979675293 0.7499999999999999 1.0
0 1 68.34731412713553 0.03239560127258301 0.36632347106933594 0.7499999999999999 1.0
0 1 59.53144745577994 0.03864908218383789 0.40497255325317383 0.6666666666666665 1.0
0 1 51.85270674408604 0.03860306739807129 0.4435756206512451 0.7272727272727272 1.0
0 1 45.16441833008278 0.038355112075805664 0.4819307327270508 0.7272727272727272 1.0
0 1 39.33882744370648 0.044182777404785156 0.5261135101318359 0.6153846153846154 1.0
0 1 34.26465792907022 0.0822601318359375 0.6083736419677734 0.47058823529411764 1.0
0 1 29.84498672911064 0.08347320556640625 0.6918468475341797 0.3636363636363636 1.0
0 1 25.99539253258091 0.10799813270568848 0.7998449802398682 0.3076923076923077 1.0
0 1 22.642343220204207 0.3106350898742676 1.1104800701141357 0.26666666666666666 1.0
0 1 19.721791308170232 0.35149502754211426 1.46197509765625 0.27586206896551724 1.0
0 1 17.177950560167822 0.6243770122528076 2.0863521099090576 0.26666666666666666 1.0
0 1 14.962230399696251 0.5119519233703613 2.598304033279419 0.24242424242424243 1.0
0 1 13.03230776858211 0.4414389133453369 3.039742946624756 0.2222222222222222 1.0
0 1 11.351318703025308 0.4120368957519531 3.451779842376709 0.2222222222222222 1.0
0 1 9.887154185253786 0.3885159492492676 3.8402957916259766 0.21621621621621623 1.0
0 1 8.611846820663045 0.39851975440979004 4.238815546035767 0.20512820512820512 1.0
0 1 7.501036625197576 0.45430517196655273 4.693120718002319 0.19999999999999998 1.0
0 1 6.53350571883761 0.3658628463745117 5.058983564376831 0.20512820512820512 1.0
0 1 5.69077303724795 0.43445301055908203 5.493436574935913 0.18604651162790697 1.0
0 1 4.956741320068812 0.36002492904663086 5.853461503982544 0.1777777777777778 1.0
0 1 4.317389632878279 0.41246914863586426 6.265930652618408 0.1702127659574468 1.0
0 1 3.7605055496069455 4.761341094970703 11.027271747589111 0.1702127659574468 1.0
0 1 3.2754518797500736 0.9294710159301758 11.956742763519287 0.1702127659574468 1.0
0 1 2.8529634845718124 0.21820306777954102 12.174945831298828 0.16666666666666666 1.0
0 1 2.4849703012340436 0.29099488258361816 12.465940713882446 0.163265306122449 1.0
0 1 2.1644431943866964 0.6561217308044434 13.12206244468689 0.163265306122449 1.0
0 1 1.8852596907900219 0.2777888774871826 13.399851322174072 0.163265306122449 1.0
0 1 1.6420870323301746 0.2680509090423584 13.66790223121643 0.163265306122449 1.0
0 1 1.4302803135927475 0.24604105949401855 13.91394329071045 0.163265306122449 1.0
0 1 1.2457937582930971 0.23573994636535645 14.149683237075806 0.163265306122449 1.0
0 1 1.0851034398309916 1.231355905532837 15.381039142608643 0.1568627450980392 1.0
0 1 0.945139969834425 1.0822041034698486 16.46324324607849 0.1568627450980392 1.0
0 1 0.823229868958621 2.698598861694336 19.161842107772827 0.1568627450980392 1.0
0 1 0.7170445000483404 0.7452750205993652 19.907117128372192 0.1481481481481481 1.0
0 1 0.624555588222246 7.5657031536102295 27.472820281982422 0.15384615384615383 1.0
0 1 0.5439964782567033 0.8121159076690674 28.28493618965149 0.1481481481481481 1.0
0 1 0.4738283892360109 5.864161014556885 34.149097204208374 0.1509433962264151 1.0
0 1 0.4127110218901976 1.5166170597076416 35.665714263916016 0.14545454545454545 1.0
0 1 0.3594769571833539 1.8855817317962646 37.55129599571228 0.1481481481481481 1.0
0 0.1 130.20161032759302 0.006308078765869141 37.55760407447815 0.0 1.0
0 0.1 113.40738729625762 0.006459236145019531 37.56406331062317 0.0 1.0
0 0.1 98.77938883400856 0.006314992904663086 37.57037830352783 0.0 1.0
0 0.1 86.03820166433057 0.006289243698120117 37.57666754722595 0.0 1.0
0 0.1 74.9404529934022 0.006360054016113281 37.583027601242065 0.0 1.0
0 0.1 65.27416178184274 0.0064661502838134766 37.58949375152588 0.0 1.0
0 0.1 56.854689638682785 0.006465911865234375 37.59595966339111 0.0 1.0
0 0.1 49.52121399451067 0.03792309761047363 37.63388276100159 0.5714285714285715 1.0
0 0.1 43.13365618693992 0.031526803970336914 37.665409564971924 0.5714285714285715 1.0
0 0.1 37.570005780944214 0.02518486976623535 37.69059443473816 0.5714285714285715 1.0
0 0.1 32.7239900151928 0.02535390853881836 37.71594834327698 0.5714285714285715 1.0
0 0.1 28.503043857863506 0.025188922882080078 37.74113726615906 0.5714285714285715 1.0
0 0.1 24.826541897430772 0.02538299560546875 37.766520261764526 0.5714285714285715 1.0
0 0.1 21.624258295306348 0.04491400718688965 37.811434268951416 0.7499999999999999 1.0
0 0.1 18.835025383479486 0.025203227996826172 37.83663749694824 0.7499999999999999 1.0
0 0.1 16.405565284674683 0.025070905685424805 37.86170840263367 0.7499999999999999 1.0
0 0.1 14.289472237493916 0.02538609504699707 37.887094497680664 0.7499999999999999 1.0
0 0.1 12.446326187665905 0.025109052658081055 37.912203550338745 0.7499999999999999 1.0
0 0.1 10.840920713874212 0.02510213851928711 37.93730568885803 0.7499999999999999 1.0
0 0.1 9.44259054057033 0.025821208953857422 37.96312689781189 0.7499999999999999 1.0
0 0.1 8.224625792416147 0.025770902633666992 37.98889780044556 0.7499999999999999 1.0
0 0.1 7.163761801874259 0.03825211524963379 38.02714991569519 0.888888888888889 1.0
0 0.1 6.239734724625884 0.04463696479797363 38.071786880493164 0.7272727272727272 1.0
0 0.1 5.43489447450858 0.031510114669799805 38.103296995162964 0.7272727272727272 1.0
0 0.1 4.733867584541418 0.03161120414733887 38.1349081993103 0.7272727272727272 1.0
0 0.1 4.123263554256632 0.0692300796508789 38.20413827896118 0.6153846153846154 1.0
0 0.1 3.591419074200402 0.06307220458984375 38.267210483551025 0.5333333333333333 1.0
0 0.1 3.128175241967003 0.17114686965942383 38.43835735321045 0.4210526315789473 1.0
0 0.1 2.7246835143108377 0.15294575691223145 38.59130311012268 0.38095238095238093 1.0
0 0.1 2.373236688776134 0.09126400947570801 38.68256711959839 0.38095238095238093 1.0
0 0.1 2.0671216863796724 0.31153416633605957 38.99410128593445 0.3333333333333333 1.0
0 0.1 1.8004913233094775 0.28064489364624023 39.27474617958069 0.3076923076923077 1.0
0 0.1 1.5682526223167341 0.23018765449523926 39.50493383407593 0.2857142857142857 1.0
0 0.1 1.3659695304072161 0.409930944442749 39.91486477851868 0.2962962962962963 1.0
0 0.1 1.1897781846170337 0.2614898681640625 40.17635464668274 0.26666666666666666 1.0
0 0.1 1.036313107341863 0.15906620025634766 40.33542084693909 0.26666666666666666 1.0
0 0.1 0.9026429214570189 0.6368069648742676 40.972227811813354 0.24242424242424243 1.0
0 0.1 0.786214357305898 0.43612098693847656 41.40834879875183 0.2352941176470588 1.0
0 0.1 0.6848034820193963 0.26952385902404785 41.67787265777588 0.2222222222222222 1.0
0 0.1 0.5964732195846044 0.979503870010376 42.657376527786255 0.21621621621621623 1.0
0 0.1 0.5195363502423698 2.227252960205078 44.88462948799133 0.19999999999999998 1.0
0 0.1 0.4525232824553942 3.076688051223755 47.96131753921509 0.19512195121951217 1.0
0 0.1 0.3941539818506903 0.5586459636688232 48.51996350288391 0.19512195121951217 1.0
0 0.1 0.34331352094368267 0.6120090484619141 49.131972551345825 0.19047619047619047 1.0
0 0.1 0.2990307826127625 7.0902838706970215 56.22225642204285 0.25 1.0
0 0.1 0.2604599105337001 0.42025232315063477 56.64250874519348 0.25 1.0
0 0.1 0.22686415225376097 0.18786191940307617 56.83037066459656 0.24390243902439027 1.0
0 0.1 0.19760178628779224 0.35203003883361816 57.182400703430176 0.24390243902439027 1.0
0 0.1 0.17211386442601356 0.24307513236999512 57.42547583580017 0.24390243902439027 1.0
0 0.1 0.14991353511608546 0.16962695121765137 57.59510278701782 0.24390243902439027 1.0
0 0.01 28.211963230963963 0.006330013275146484 57.60143280029297 0.33333333333333337 1.0
0 0.01 24.573006681497752 0.03174233436584473 57.63317513465881 0.5714285714285715 1.0
0 0.01 21.403425646968028 0.025996923446655273 57.65917205810547 0.5714285714285715 1.0
0 0.01 18.642677119777133 0.02573990821838379 57.68491196632385 0.5714285714285715 1.0
0 0.01 16.238027310431736 0.02581191062927246 57.710723876953125 0.5714285714285715 1.0
0 0.01 14.143544365449966 0.02571702003479004 57.736440896987915 0.5714285714285715 1.0
0 0.01 12.319221010851523 0.025699853897094727 57.76214075088501 0.5714285714285715 1.0
0 0.01 10.730210362611421 0.02573704719543457 57.787877798080444 0.5714285714285715 1.0
0 0.01 9.346160307090315 0.0383601188659668 57.82623791694641 0.7499999999999999 1.0
0 0.01 8.140633737265514 0.025674819946289062 57.8519127368927 0.7499999999999999 1.0
0 0.01 7.090603570541246 0.0257720947265625 57.87768483161926 0.7499999999999999 1.0
0 0.01 6.176012902339531 0.02570486068725586 57.90338969230652 0.7499999999999999 1.0
0 0.01 5.379391893848717 0.02571892738342285 57.92910861968994 0.7499999999999999 1.0
0 0.01 4.685524076001097 0.025897979736328125 57.95500659942627 0.7499999999999999 1.0
0 0.01 4.081155695663349 0.02581310272216797 57.98081970214844 0.7499999999999999 1.0
0 0.01 3.554742552184356 0.025783061981201172 58.00660276412964 0.7499999999999999 1.0
0 0.01 3.09622948855821 0.019045114517211914 58.02564787864685 0.7499999999999999 1.0
0 0.01 2.6968583252045994 0.03835105895996094 58.06399893760681 0.888888888888889 1.0
0 0.01 2.349000567658869 0.01921391487121582 58.08321285247803 0.888888888888889 1.0
0 0.01 2.046011692676912 0.04442119598388672 58.127634048461914 0.7272727272727272 1.0
0 0.01 1.7821042294352372 0.0256350040435791 58.15326905250549 0.7272727272727272 1.0
0 0.01 1.5522372115164986 0.05837106704711914 58.21164011955261 0.6666666666666666 1.0
0 0.01 1.3520198880735976 0.06462526321411133 58.276265382766724 0.5714285714285714 1.0
0 0.01 1.1776278549337647 0.0843038558959961 58.36056923866272 0.5000000000000001 1.0
0 0.01 1.0257300036406054 0.0901188850402832 58.450688123703 0.47058823529411764 1.0
0 0.01 0.8934248930683893 0.09015893936157227 58.540847063064575 0.4444444444444444 1.0
0 0.01 0.7781853282259436 0.0585479736328125 58.59939503669739 0.4444444444444444 1.0
0 0.01 0.6778100876351608 0.11542391777038574 58.71481895446777 0.3478260869565218 1.0
0 0.01 0.590381877216004 0.07025313377380371 58.78507208824158 0.3478260869565218 1.0
0 0.01 0.5142307075440048 0.0709848403930664 58.856056928634644 0.3478260869565218 1.0
0 0.01 0.44790199493955546 0.15964102745056152 59.015697956085205 0.32000000000000006 1.0
0 0.01 0.39012877707943217 0.08907818794250488 59.10477614402771 0.32000000000000006 1.0
0 0.01 0.33980751241358653 0.08906698226928711 59.193843126297 0.32000000000000006 1.0
0 0.01 0.2959770011254507 0.0833122730255127 59.27715539932251 0.32000000000000006 1.0
0 0.01 0.2578000249994245 0.12092876434326172 59.39808416366577 0.2962962962962963 1.0
0 0.01 0.22454735549379537 0.10849213600158691 59.50657629966736 0.2857142857142857 1.0
0 0.01 0.19558382455304058 0.07679414749145508 59.58337044715881 0.2857142857142857 1.0
0 0.01 0.1703561920944177 0.3494558334350586 59.93282628059387 0.24242424242424243 1.0
0 0.01 0.14838257842248037 0.15448403358459473 60.08731031417847 0.24242424242424243 1.0
0 0.01 0.12924325971726744 0.13477301597595215 60.22208333015442 0.24242424242424243 1.0
0 0.01 0.1125726507783501 0.12173104286193848 60.34381437301636 0.24242424242424243 1.0
0 0.01 0.09805232188500161 0.20545315742492676 60.549267530441284 0.2352941176470588 1.0
0 0.01 0.08540491638568569 0.0966789722442627 60.64594650268555 0.2352941176470588 1.0
0 0.01 0.07438885283512764 0.30147886276245117 60.947425365448 0.2222222222222222 1.0
0 0.01 0.06479371048308594 0.2951178550720215 61.24254322052002 0.2105263157894737 1.0
0 0.01 0.056436209971818335 0.30817508697509766 61.55071830749512 0.20512820512820512 1.0
0 0.01 0.049156712468482675 0.14130377769470215 61.69202208518982 0.20512820512820512 1.0
0 0.01 0.0428161703614703 0.567824125289917 62.259846210479736 0.19047619047619047 1.0
0 0.01 0.03729347127511503 0.21916890144348145 62.47901511192322 0.19047619047619047 1.0
0 0.01 0.032483124670098805 0.48608994483947754 62.965105056762695 0.18181818181818182 1.0
