[216.40736058 188.4937774  164.18066384 143.00360867 124.55810333
 108.49181534  94.49785828  82.30892987  71.69220614  62.44489425
  54.39035884  47.37474809  41.26405496  35.94155748  31.30558923
  27.26759733  23.75045104  20.68696841  18.01863304  15.69447636
  13.67010404  11.906848    10.37102782   9.03330739   7.86813455
   6.85325305   5.96927734   5.19932239   4.52868107   3.94454329
   3.43575127   2.99258645   2.60658382   2.27037024   1.9775236
   1.72245016   1.5002777    1.30676244   1.138208     0.99139477
   0.86351843   0.75213639   0.65512111   0.57061946   0.49701737
   0.43290895   0.37706963   0.32843281   0.28606948   0.24917044]0 1 312.2098259152708 0.0067408084869384766 0.0067408084869384766 0.0 1.0
0 1 271.93903789811014 0.006852865219116211 0.013593673706054688 0.0 1.0
0 1 236.8626295349813 0.006592988967895508 0.020186662673950195 0.33333333333333337 1.0
0 1 206.31059705097118 0.058270931243896484 0.07845759391784668 0.5714285714285715 1.0
0 1 179.69935797424765 0.05307507514953613 0.1315326690673828 0.5714285714285715 1.0
0 1 156.52060397255676 0.045166015625 0.1766986846923828 0.5714285714285715 1.0
0 1 136.33159152101595 0.045178890228271484 0.2218775749206543 0.5714285714285715 1.0
0 1 118.74668494067365 0.057916879653930664 0.27979445457458496 0.7499999999999999 1.0
0 1 103.42999026917344 0.05263376235961914 0.3324282169342041 0.7499999999999999 1.0
0 1 90.08893926113359 0.05114388465881348 0.3835721015930176 0.7499999999999999 1.0
0 1 78.46870096453189 0.04484677314758301 0.4284188747406006 0.7499999999999999 1.0
0 1 68.34731412713553 0.045046091079711914 0.4734649658203125 0.7499999999999999 1.0
0 1 59.53144745577994 0.051093101501464844 0.5245580673217773 0.6666666666666665 1.0
0 1 51.85270674408604 0.05743002891540527 0.5819880962371826 0.7272727272727272 1.0
0 1 45.16441833008278 0.05278325080871582 0.6347713470458984 0.7272727272727272 1.0
0 1 39.33882744370648 0.07340097427368164 0.7081723213195801 0.6153846153846154 1.0
0 1 34.26465792907022 0.12534189224243164 0.8335142135620117 0.47058823529411764 1.0
0 1 29.84498672911064 0.13741636276245117 0.9709305763244629 0.3636363636363636 1.0
0 1 25.99539253258091 0.18928074836730957 1.1602113246917725 0.3076923076923077 1.0
0 1 22.642343220204207 0.5773723125457764 1.7375836372375488 0.26666666666666666 1.0
0 1 19.721791308170232 0.6949269771575928 2.4325106143951416 0.27586206896551724 1.0
0 1 17.177950560167822 0.9868507385253906 3.4193613529205322 0.26666666666666666 1.0
0 1 14.962230399696251 0.8673410415649414 4.286702394485474 0.24242424242424243 1.0
0 1 13.03230776858211 1.6762731075286865 5.96297550201416 0.2222222222222222 1.0
0 1 11.351318703025308 0.8081490993499756 6.771124601364136 0.2222222222222222 1.0
0 1 9.887154185253786 0.6705331802368164 7.441657781600952 0.21621621621621623 1.0
0 1 8.611846820663045 0.6748528480529785 8.11651062965393 0.20512820512820512 1.0
0 1 7.501036625197576 0.8449196815490723 8.961430311203003 0.19999999999999998 1.0
0 1 6.53350571883761 0.6894280910491943 9.650858402252197 0.20512820512820512 1.0
0 1 5.69077303724795 0.8504729270935059 10.501331329345703 0.18604651162790697 1.0
0 1 4.956741320068812 0.7410519123077393 11.242383241653442 0.1777777777777778 1.0
0 1 4.317389632878279 0.9474649429321289 12.189848184585571 0.16666666666666666 1.0
0 1 3.7605055496069455 6.726602077484131 18.916450262069702 0.1702127659574468 1.0
0 1 3.2754518797500736 1.5691924095153809 20.485642671585083 0.1702127659574468 1.0
0 1 2.8529634845718124 0.9443299770355225 21.429972648620605 0.16666666666666666 1.0
0 1 2.4849703012340436 1.0554611682891846 22.48543381690979 0.163265306122449 1.0
0 1 2.1644431943866964 1.2360830307006836 23.721516847610474 0.163265306122449 1.0
0 1 1.8852596907900219 0.6292130947113037 24.350729942321777 0.163265306122449 1.0
0 1 1.6420870323301746 0.5746490955352783 24.925379037857056 0.163265306122449 1.0
0 1 1.4302803135927475 0.5580220222473145 25.48340106010437 0.163265306122449 1.0
0 1 1.2457937582930971 0.5523829460144043 26.035784006118774 0.163265306122449 1.0
0 1 1.0851034398309916 2.9951839447021484 29.030967950820923 0.1568627450980392 1.0
0 1 0.945139969834425 2.6823501586914062 31.71331810951233 0.1568627450980392 1.0
0 1 0.823229868958621 3.783518075942993 35.49683618545532 0.1568627450980392 1.0
0 1 0.7170445000483404 7.575349569320679 43.072185754776 0.15384615384615383 1.0
0 1 0.624555588222246 6.939284324645996 50.011470079422 0.1509433962264151 1.0
0 1 0.5439964782567033 5.0477471351623535 55.05921721458435 0.1509433962264151 1.0
0 1 0.4738283892360109 4.485336780548096 59.544553995132446 0.1509433962264151 1.0
0 1 0.4127110218901976 4.655943155288696 64.20049715042114 0.1481481481481481 1.0
0 1 0.3594769571833539 4.506628036499023 68.70712518692017 0.1481481481481481 1.0
0 0.1 130.20161032759302 0.006338834762573242 68.71346402168274 0.0 1.0
0 0.1 113.40738729625762 0.006651878356933594 68.72011590003967 0.0 1.0
0 0.1 98.77938883400856 0.006529092788696289 68.72664499282837 0.0 1.0
0 0.1 86.03820166433057 0.006491184234619141 68.73313617706299 0.0 1.0
0 0.1 74.9404529934022 0.0066339969635009766 68.73977017402649 0.0 1.0
0 0.1 65.27416178184274 0.006697893142700195 68.74646806716919 0.0 1.0
0 0.1 56.854689638682785 0.00681757926940918 68.7532856464386 0.0 1.0
0 0.1 49.52121399451067 0.05145072937011719 68.80473637580872 0.5714285714285715 1.0
0 0.1 43.13365618693992 0.038231849670410156 68.84296822547913 0.5714285714285715 1.0
0 0.1 37.570005780944214 0.03830456733703613 68.88127279281616 0.5714285714285715 1.0
0 0.1 32.7239900151928 0.03830909729003906 68.9195818901062 0.5714285714285715 1.0
0 0.1 28.503043857863506 0.03827095031738281 68.95785284042358 0.5714285714285715 1.0
0 0.1 24.826541897430772 0.038362741470336914 68.99621558189392 0.5714285714285715 1.0
0 0.1 21.624258295306348 0.0508730411529541 69.04708862304688 0.7499999999999999 1.0
0 0.1 18.835025383479486 0.04455208778381348 69.09164071083069 0.7499999999999999 1.0
0 0.1 16.405565284674683 0.04436779022216797 69.13600850105286 0.7499999999999999 1.0
0 0.1 14.289472237493916 0.03862810134887695 69.17463660240173 0.7499999999999999 1.0
0 0.1 12.446326187665905 0.03837704658508301 69.21301364898682 0.7499999999999999 1.0
0 0.1 10.840920713874212 0.03844308853149414 69.25145673751831 0.7499999999999999 1.0
0 0.1 9.44259054057033 0.038231849670410156 69.28968858718872 0.7499999999999999 1.0
0 0.1 8.224625792416147 0.03829813003540039 69.32798671722412 0.7499999999999999 1.0
0 0.1 7.163761801874259 0.05093193054199219 69.37891864776611 0.888888888888889 1.0
0 0.1 6.239734724625884 0.0636451244354248 69.44256377220154 0.7272727272727272 1.0
0 0.1 5.43489447450858 0.05116581916809082 69.49372959136963 0.7272727272727272 1.0
0 0.1 4.733867584541418 0.05116701126098633 69.54489660263062 0.7272727272727272 1.0
0 0.1 4.123263554256632 0.10116195678710938 69.64605855941772 0.6153846153846154 1.0
0 0.1 3.591419074200402 0.08277583122253418 69.72883439064026 0.5333333333333333 1.0
0 0.1 3.128175241967003 0.23527193069458008 69.96410632133484 0.4210526315789473 1.0
0 0.1 2.7246835143108377 0.19765782356262207 70.16176414489746 0.38095238095238093 1.0
0 0.1 2.373236688776134 0.12742090225219727 70.28918504714966 0.38095238095238093 1.0
0 0.1 2.0671216863796724 0.4387776851654053 70.72796273231506 0.3333333333333333 1.0
0 0.1 1.8004913233094775 0.40459203720092773 71.13255476951599 0.3076923076923077 1.0
0 0.1 1.5682526223167341 0.38988208770751953 71.52243685722351 0.2857142857142857 1.0
0 0.1 1.3659695304072161 0.48688507080078125 72.00932192802429 0.2962962962962963 1.0
0 0.1 1.1897781846170337 0.4146690368652344 72.42399096488953 0.26666666666666666 1.0
0 0.1 1.036313107341863 0.2824838161468506 72.70647478103638 0.26666666666666666 1.0
0 0.1 0.9026429214570189 0.8431811332702637 73.54965591430664 0.24242424242424243 1.0
0 0.1 0.786214357305898 0.7149567604064941 74.26461267471313 0.2352941176470588 1.0
0 0.1 0.6848034820193963 0.500540018081665 74.7651526927948 0.2222222222222222 1.0
0 0.1 0.5964732195846044 1.2877099514007568 76.05286264419556 0.21621621621621623 1.0
0 0.1 0.5195363502423698 3.2711710929870605 79.32403373718262 0.19999999999999998 1.0
0 0.1 0.4525232824553942 5.423089027404785 84.7471227645874 0.19512195121951217 1.0
0 0.1 0.3941539818506903 1.5688068866729736 86.31592965126038 0.19512195121951217 1.0
0 0.1 0.34331352094368267 1.382878065109253 87.69880771636963 0.19047619047619047 1.0
0 0.1 0.2990307826127625 7.918627023696899 95.61743474006653 0.25 1.0
0 0.1 0.2604599105337001 0.8848540782928467 96.50228881835938 0.25 1.0
0 0.1 0.22686415225376097 0.7015821933746338 97.20387101173401 0.24390243902439027 1.0
0 0.1 0.19760178628779224 0.8424928188323975 98.0463638305664 0.24390243902439027 1.0
0 0.1 0.17211386442601356 0.6667459011077881 98.7131097316742 0.24390243902439027 1.0
0 0.1 0.14991353511608546 0.5538430213928223 99.26695275306702 0.24390243902439027 1.0
0 0.01 28.211963230963963 0.006312131881713867 99.27326488494873 0.33333333333333337 1.0
0 0.01 24.573006681497752 0.04436302185058594 99.31762790679932 0.5714285714285715 1.0
0 0.01 21.403425646968028 0.03785896301269531 99.35548686981201 0.5714285714285715 1.0
0 0.01 18.642677119777133 0.03776907920837402 99.39325594902039 0.5714285714285715 1.0
0 0.01 16.238027310431736 0.03766608238220215 99.43092203140259 0.5714285714285715 1.0
0 0.01 14.143544365449966 0.0376589298248291 99.46858096122742 0.5714285714285715 1.0
0 0.01 12.319221010851523 0.03799104690551758 99.50657200813293 0.5714285714285715 1.0
0 0.01 10.730210362611421 0.03154397010803223 99.53811597824097 0.5714285714285715 1.0
0 0.01 9.346160307090315 0.05018281936645508 99.58829879760742 0.7499999999999999 1.0
0 0.01 8.140633737265514 0.03762984275817871 99.6259286403656 0.7499999999999999 1.0
0 0.01 7.090603570541246 0.03769207000732422 99.66362071037292 0.7499999999999999 1.0
0 0.01 6.176012902339531 0.03775286674499512 99.70137357711792 0.7499999999999999 1.0
0 0.01 5.379391893848717 0.037773847579956055 99.73914742469788 0.7499999999999999 1.0
0 0.01 4.685524076001097 0.037802934646606445 99.77695035934448 0.7499999999999999 1.0
0 0.01 4.081155695663349 0.04122805595397949 99.81817841529846 0.7499999999999999 1.0
0 0.01 3.554742552184356 0.03815007209777832 99.85632848739624 0.7499999999999999 1.0
0 0.01 3.09622948855821 0.03802013397216797 99.89434862136841 0.7499999999999999 1.0
0 0.01 2.6968583252045994 0.05073094367980957 99.94507956504822 0.888888888888889 1.0
0 0.01 2.349000567658869 0.031760215759277344 99.9768397808075 0.888888888888889 1.0
0 0.01 2.046011692676912 0.05697822570800781 100.0338180065155 0.7272727272727272 1.0
0 0.01 1.7821042294352372 0.044754743576049805 100.07857275009155 0.7272727272727272 1.0
0 0.01 1.5522372115164986 0.08959507942199707 100.16816782951355 0.6666666666666666 1.0
0 0.01 1.3520198880735976 0.08347797393798828 100.25164580345154 0.5714285714285714 1.0
0 0.01 1.1776278549337647 0.11522603034973145 100.36687183380127 0.5000000000000001 1.0
0 0.01 1.0257300036406054 0.12761402130126953 100.49448585510254 0.47058823529411764 1.0
0 0.01 0.8934248930683893 0.12861418724060059 100.62310004234314 0.4444444444444444 1.0
0 0.01 0.7781853282259436 0.10376191139221191 100.72686195373535 0.4444444444444444 1.0
0 0.01 0.6778100876351608 0.16587376594543457 100.89273571968079 0.3478260869565218 1.0
0 0.01 0.590381877216004 0.12115716934204102 101.01389288902283 0.3478260869565218 1.0
0 0.01 0.5142307075440048 0.11549997329711914 101.12939286231995 0.3478260869565218 1.0
0 0.01 0.44790199493955546 0.22271418571472168 101.35210704803467 0.32000000000000006 1.0
0 0.01 0.39012877707943217 0.15273380279541016 101.50484085083008 0.32000000000000006 1.0
0 0.01 0.33980751241358653 0.14643192291259766 101.65127277374268 0.32000000000000006 1.0
0 0.01 0.2959770011254507 0.14728188514709473 101.79855465888977 0.32000000000000006 1.0
0 0.01 0.2578000249994245 0.18446779251098633 101.98302245140076 0.2962962962962963 1.0
0 0.01 0.22454735549379537 0.17154693603515625 102.15456938743591 0.2857142857142857 1.0
0 0.01 0.19558382455304058 0.14006304740905762 102.29463243484497 0.2857142857142857 1.0
0 0.01 0.1703561920944177 0.5435309410095215 102.83816337585449 0.24242424242424243 1.0
0 0.01 0.14838257842248037 0.3258938789367676 103.16405725479126 0.24242424242424243 1.0
0 0.01 0.12924325971726744 0.3002660274505615 103.46432328224182 0.24242424242424243 1.0
0 0.01 0.1125726507783501 0.2819788455963135 103.74630212783813 0.24242424242424243 1.0
0 0.01 0.09805232188500161 0.36420130729675293 104.11050343513489 0.2352941176470588 1.0
0 0.01 0.08540491638568569 0.24307727813720703 104.3535807132721 0.2352941176470588 1.0
0 0.01 0.07438885283512764 0.47228097915649414 104.82586169242859 0.2222222222222222 1.0
0 0.01 0.06479371048308594 0.48653268814086914 105.31239438056946 0.2105263157894737 1.0
0 0.01 0.056436209971818335 0.5167238712310791 105.82911825180054 0.20512820512820512 1.0
0 0.01 0.049156712468482675 0.33989477157592773 106.16901302337646 0.20512820512820512 1.0
0 0.01 0.0428161703614703 0.8960282802581787 107.06504130363464 0.19047619047619047 1.0
0 0.01 0.03729347127511503 0.5288209915161133 107.59386229515076 0.19047619047619047 1.0
0 0.01 0.032483124670098805 0.8269309997558594 108.42079329490662 0.18181818181818182 1.0
