[216.40736058 188.4937774  164.18066384 143.00360867 124.55810333
 108.49181534  94.49785828  82.30892987  71.69220614  62.44489425
  54.39035884  47.37474809  41.26405496  35.94155748  31.30558923
  27.26759733  23.75045104  20.68696841  18.01863304  15.69447636
  13.67010404  11.906848    10.37102782   9.03330739   7.86813455
   6.85325305   5.96927734   5.19932239   4.52868107   3.94454329
   3.43575127   2.99258645   2.60658382   2.27037024   1.9775236
   1.72245016   1.5002777    1.30676244   1.138208     0.99139477
   0.86351843   0.75213639   0.65512111   0.57061946   0.49701737
   0.43290895   0.37706963   0.32843281   0.28606948   0.24917044]0 1 312.2098259152708 0.006621837615966797 0.006621837615966797 0.0 1.0
0 1 271.93903789811014 0.006726741790771484 0.013348579406738281 0.0 1.0
0 1 236.8626295349813 0.006643772125244141 0.019992351531982422 0.33333333333333337 1.0
0 1 206.31059705097118 0.05390310287475586 0.07389545440673828 0.5714285714285715 1.0
0 1 179.69935797424765 0.04530191421508789 0.11919736862182617 0.5714285714285715 1.0
0 1 156.52060397255676 0.03852200508117676 0.15771937370300293 0.5714285714285715 1.0
0 1 136.33159152101595 0.03875398635864258 0.1964733600616455 0.5714285714285715 1.0
0 1 118.74668494067365 0.0450129508972168 0.2414863109588623 0.7499999999999999 1.0
0 1 103.42999026917344 0.0447392463684082 0.2862255573272705 0.7499999999999999 1.0
0 1 90.08893926113359 0.04508495330810547 0.331310510635376 0.7499999999999999 1.0
0 1 78.46870096453189 0.03876304626464844 0.3700735569000244 0.7499999999999999 1.0
0 1 68.34731412713553 0.038596153259277344 0.40866971015930176 0.7499999999999999 1.0
0 1 59.53144745577994 0.04670000076293945 0.4553697109222412 0.6666666666666665 1.0
0 1 51.85270674408604 0.051397085189819336 0.5067667961120605 0.7272727272727272 1.0
0 1 45.16441833008278 0.04492807388305664 0.5516948699951172 0.7272727272727272 1.0
0 1 39.33882744370648 0.058374881744384766 0.610069751739502 0.6153846153846154 1.0
0 1 34.26465792907022 0.10714507102966309 0.717214822769165 0.47058823529411764 1.0
0 1 29.84498672911064 0.11367297172546387 0.8308877944946289 0.3636363636363636 1.0
0 1 25.99539253258091 0.14543724060058594 0.9763250350952148 0.3076923076923077 1.0
0 1 22.642343220204207 0.4701261520385742 1.446451187133789 0.26666666666666666 1.0
0 1 19.721791308170232 0.5251097679138184 1.9715609550476074 0.27586206896551724 1.0
0 1 17.177950560167822 0.8077719211578369 2.7793328762054443 0.26666666666666666 1.0
0 1 14.962230399696251 0.6762702465057373 3.4556031227111816 0.24242424242424243 1.0
0 1 13.03230776858211 0.5449342727661133 4.000537395477295 0.2222222222222222 1.0
0 1 11.351318703025308 0.5897808074951172 4.590318202972412 0.2222222222222222 1.0
0 1 9.887154185253786 0.5293056964874268 5.119623899459839 0.21621621621621623 1.0
0 1 8.611846820663045 0.5276322364807129 5.647256135940552 0.20512820512820512 1.0
0 1 7.501036625197576 0.6380159854888916 6.285272121429443 0.19999999999999998 1.0
0 1 6.53350571883761 0.5245449542999268 6.80981707572937 0.20512820512820512 1.0
0 1 5.69077303724795 0.6451208591461182 7.454937934875488 0.18604651162790697 1.0
0 1 4.956741320068812 0.5516653060913086 8.006603240966797 0.1777777777777778 1.0
0 1 4.317389632878279 0.6730492115020752 8.679652452468872 0.16666666666666666 1.0
0 1 3.7605055496069455 5.780329942703247 14.45998239517212 0.1702127659574468 1.0
0 1 3.2754518797500736 1.216252088546753 15.676234483718872 0.1702127659574468 1.0
0 1 2.8529634845718124 0.5840671062469482 16.26030158996582 0.16666666666666666 1.0
0 1 2.4849703012340436 0.7055659294128418 16.965867519378662 0.163265306122449 1.0
0 1 2.1644431943866964 0.9566957950592041 17.922563314437866 0.163265306122449 1.0
0 1 1.8852596907900219 0.44181394577026367 18.36437726020813 0.163265306122449 1.0
0 1 1.6420870323301746 0.4091460704803467 18.773523330688477 0.163265306122449 1.0
0 1 1.4302803135927475 0.3980832099914551 19.17160654067993 0.163265306122449 1.0
0 1 1.2457937582930971 0.37678003311157227 19.548386573791504 0.163265306122449 1.0
0 1 1.0851034398309916 2.139514923095703 21.687901496887207 0.1568627450980392 1.0
0 1 0.945139969834425 1.8121201992034912 23.5000216960907 0.1568627450980392 1.0
0 1 0.823229868958621 3.1095688343048096 26.609590530395508 0.1568627450980392 1.0
0 1 0.7170445000483404 6.493978023529053 33.10356855392456 0.15384615384615383 1.0
0 1 0.624555588222246 5.147179126739502 38.25074768066406 0.1509433962264151 1.0
0 1 0.5439964782567033 3.4701340198516846 41.72088170051575 0.1509433962264151 1.0
0 1 0.4738283892360109 2.9303739070892334 44.65125560760498 0.1509433962264151 1.0
0 1 0.4127110218901976 2.9663569927215576 47.61761260032654 0.1481481481481481 1.0
0 1 0.3594769571833539 2.9942290782928467 50.611841678619385 0.1481481481481481 1.0
0 0.1 130.20161032759302 0.006351947784423828 50.61819362640381 0.0 1.0
0 0.1 113.40738729625762 0.006634950637817383 50.624828577041626 0.0 1.0
0 0.1 98.77938883400856 0.006392955780029297 50.631221532821655 0.0 1.0
0 0.1 86.03820166433057 0.0067441463470458984 50.6379656791687 0.0 1.0
0 0.1 74.9404529934022 0.006691932678222656 50.644657611846924 0.0 1.0
0 0.1 65.27416178184274 0.006767988204956055 50.65142560005188 0.0 1.0
0 0.1 56.854689638682785 0.006654977798461914 50.65808057785034 0.0 1.0
0 0.1 49.52121399451067 0.04521965980529785 50.70330023765564 0.5714285714285715 1.0
0 0.1 43.13365618693992 0.03312277793884277 50.73642301559448 0.5714285714285715 1.0
0 0.1 37.570005780944214 0.0328822135925293 50.76930522918701 0.5714285714285715 1.0
0 0.1 32.7239900151928 0.03234601020812988 50.80165123939514 0.5714285714285715 1.0
0 0.1 28.503043857863506 0.03214097023010254 50.833792209625244 0.5714285714285715 1.0
0 0.1 24.826541897430772 0.03203320503234863 50.86582541465759 0.5714285714285715 1.0
0 0.1 21.624258295306348 0.04489398002624512 50.91071939468384 0.7499999999999999 1.0
0 0.1 18.835025383479486 0.03847503662109375 50.94919443130493 0.7499999999999999 1.0
0 0.1 16.405565284674683 0.03209686279296875 50.9812912940979 0.7499999999999999 1.0
0 0.1 14.289472237493916 0.03222227096557617 51.01351356506348 0.7499999999999999 1.0
0 0.1 12.446326187665905 0.03218793869018555 51.04570150375366 0.7499999999999999 1.0
0 0.1 10.840920713874212 0.032135963439941406 51.0778374671936 0.7499999999999999 1.0
0 0.1 9.44259054057033 0.03204607963562012 51.109883546829224 0.7499999999999999 1.0
0 0.1 8.224625792416147 0.0321650505065918 51.142048597335815 0.7499999999999999 1.0
0 0.1 7.163761801874259 0.04493117332458496 51.1869797706604 0.888888888888889 1.0
0 0.1 6.239734724625884 0.05719184875488281 51.24417161941528 0.7272727272727272 1.0
0 0.1 5.43489447450858 0.03885388374328613 51.28302550315857 0.7272727272727272 1.0
0 0.1 4.733867584541418 0.03996109962463379 51.3229866027832 0.7272727272727272 1.0
0 0.1 4.123263554256632 0.08594489097595215 51.408931493759155 0.6153846153846154 1.0
0 0.1 3.591419074200402 0.07833600044250488 51.48726749420166 0.5333333333333333 1.0
0 0.1 3.128175241967003 0.2043137550354004 51.69158124923706 0.4210526315789473 1.0
0 0.1 2.7246835143108377 0.17255687713623047 51.86413812637329 0.38095238095238093 1.0
0 0.1 2.373236688776134 0.10381722450256348 51.967955350875854 0.38095238095238093 1.0
0 0.1 2.0671216863796724 0.3765881061553955 52.34454345703125 0.3333333333333333 1.0
0 0.1 1.8004913233094775 0.3389620780944824 52.68350553512573 0.3076923076923077 1.0
0 0.1 1.5682526223167341 0.31042003631591797 52.99392557144165 0.2857142857142857 1.0
0 0.1 1.3659695304072161 0.4486720561981201 53.44259762763977 0.2962962962962963 1.0
0 0.1 1.1897781846170337 0.32739830017089844 53.76999592781067 0.26666666666666666 1.0
0 0.1 1.036313107341863 0.21919894218444824 53.98919486999512 0.26666666666666666 1.0
0 0.1 0.9026429214570189 0.7428617477416992 54.732056617736816 0.24242424242424243 1.0
0 0.1 0.786214357305898 0.5712571144104004 55.30331373214722 0.2352941176470588 1.0
0 0.1 0.6848034820193963 0.38518190383911133 55.68849563598633 0.2222222222222222 1.0
0 0.1 0.5964732195846044 1.137213945388794 56.82570958137512 0.21621621621621623 1.0
0 0.1 0.5195363502423698 2.7485339641571045 59.57424354553223 0.19999999999999998 1.0
0 0.1 0.4525232824553942 4.233083009719849 63.807326555252075 0.19512195121951217 1.0
0 0.1 0.3941539818506903 1.0831170082092285 64.8904435634613 0.19512195121951217 1.0
0 0.1 0.34331352094368267 0.9985702037811279 65.88901376724243 0.19047619047619047 1.0
0 0.1 0.2990307826127625 7.52449107170105 73.41350483894348 0.25 1.0
0 0.1 0.2604599105337001 0.6616928577423096 74.07519769668579 0.25 1.0
0 0.1 0.22686415225376097 0.2966148853302002 74.37181258201599 0.24390243902439027 1.0
0 0.1 0.19760178628779224 0.6212968826293945 74.99310946464539 0.24390243902439027 1.0
0 0.1 0.17211386442601356 0.46927976608276367 75.46238923072815 0.24390243902439027 1.0
0 0.1 0.14991353511608546 0.36595726013183594 75.82834649085999 0.24390243902439027 1.0
0 0.01 28.211963230963963 0.00639796257019043 75.83474445343018 0.33333333333333337 1.0
0 0.01 24.573006681497752 0.039134979248046875 75.87387943267822 0.5714285714285715 1.0
0 0.01 21.403425646968028 0.03223085403442383 75.90611028671265 0.5714285714285715 1.0
0 0.01 18.642677119777133 0.07192587852478027 75.97803616523743 0.5714285714285715 1.0
0 0.01 16.238027310431736 0.032756805419921875 76.01079297065735 0.5714285714285715 1.0
0 0.01 14.143544365449966 0.032885074615478516 76.04367804527283 0.5714285714285715 1.0
0 0.01 12.319221010851523 0.03271913528442383 76.07639718055725 0.5714285714285715 1.0
0 0.01 10.730210362611421 0.03361201286315918 76.11000919342041 0.5714285714285715 1.0
0 0.01 9.346160307090315 0.046086788177490234 76.1560959815979 0.7499999999999999 1.0
0 0.01 8.140633737265514 0.03291726112365723 76.18901324272156 0.7499999999999999 1.0
0 0.01 7.090603570541246 0.03276968002319336 76.22178292274475 0.7499999999999999 1.0
0 0.01 6.176012902339531 0.032431840896606445 76.25421476364136 0.7499999999999999 1.0
0 0.01 5.379391893848717 0.03270697593688965 76.28692173957825 0.7499999999999999 1.0
0 0.01 4.685524076001097 0.033483028411865234 76.32040476799011 0.7499999999999999 1.0
0 0.01 4.081155695663349 0.03224301338195801 76.35264778137207 0.7499999999999999 1.0
0 0.01 3.554742552184356 0.03250312805175781 76.38515090942383 0.7499999999999999 1.0
0 0.01 3.09622948855821 0.03213691711425781 76.41728782653809 0.7499999999999999 1.0
0 0.01 2.6968583252045994 0.04516291618347168 76.46245074272156 0.888888888888889 1.0
0 0.01 2.349000567658869 0.026070833206176758 76.48852157592773 0.888888888888889 1.0
0 0.01 2.046011692676912 0.05165886878967285 76.54018044471741 0.7272727272727272 1.0
0 0.01 1.7821042294352372 0.03893232345581055 76.57911276817322 0.7272727272727272 1.0
0 0.01 1.5522372115164986 0.07749295234680176 76.65660572052002 0.6666666666666666 1.0
0 0.01 1.3520198880735976 0.07167696952819824 76.72828269004822 0.5714285714285714 1.0
0 0.01 1.1776278549337647 0.10510110855102539 76.83338379859924 0.5000000000000001 1.0
0 0.01 1.0257300036406054 0.11144900321960449 76.94483280181885 0.47058823529411764 1.0
0 0.01 0.8934248930683893 0.1109151840209961 77.05574798583984 0.4444444444444444 1.0
0 0.01 0.7781853282259436 0.07905793190002441 77.13480591773987 0.4444444444444444 1.0
0 0.01 0.6778100876351608 0.14246177673339844 77.27726769447327 0.3478260869565218 1.0
0 0.01 0.590381877216004 0.09732818603515625 77.37459588050842 0.3478260869565218 1.0
0 0.01 0.5142307075440048 0.09152579307556152 77.46612167358398 0.3478260869565218 1.0
0 0.01 0.44790199493955546 0.19330930709838867 77.65943098068237 0.32000000000000006 1.0
0 0.01 0.39012877707943217 0.12207603454589844 77.78150701522827 0.32000000000000006 1.0
0 0.01 0.33980751241358653 0.11585807800292969 77.8973650932312 0.32000000000000006 1.0
0 0.01 0.2959770011254507 0.1160287857055664 78.01339387893677 0.32000000000000006 1.0
0 0.01 0.2578000249994245 0.1548302173614502 78.16822409629822 0.2962962962962963 1.0
0 0.01 0.22454735549379537 0.1417689323425293 78.30999302864075 0.2857142857142857 1.0
0 0.01 0.19558382455304058 0.10960626602172852 78.41959929466248 0.2857142857142857 1.0
0 0.01 0.1703561920944177 0.45015501976013184 78.86975431442261 0.24242424242424243 1.0
0 0.01 0.14838257842248037 0.23781299591064453 79.10756731033325 0.24242424242424243 1.0
0 0.01 0.12924325971726744 0.217972993850708 79.32554030418396 0.24242424242424243 1.0
0 0.01 0.1125726507783501 0.20716428756713867 79.5327045917511 0.24242424242424243 1.0
0 0.01 0.09805232188500161 0.28482985496520996 79.81753444671631 0.2352941176470588 1.0
0 0.01 0.08540491638568569 0.17203092575073242 79.98956537246704 0.2352941176470588 1.0
0 0.01 0.07438885283512764 0.3987898826599121 80.38835525512695 0.2222222222222222 1.0
0 0.01 0.06479371048308594 0.3949720859527588 80.78332734107971 0.2105263157894737 1.0
0 0.01 0.056436209971818335 0.4916841983795166 81.27501153945923 0.20512820512820512 1.0
0 0.01 0.049156712468482675 0.24129390716552734 81.51630544662476 0.20512820512820512 1.0
0 0.01 0.0428161703614703 0.7371881008148193 82.25349354743958 0.19047619047619047 1.0
0 0.01 0.03729347127511503 0.3761310577392578 82.62962460517883 0.19047619047619047 1.0
0 0.01 0.032483124670098805 0.6662070751190186 83.29583168029785 0.18181818181818182 1.0
