[216.40736058 188.4937774  164.18066384 143.00360867 124.55810333
 108.49181534  94.49785828  82.30892987  71.69220614  62.44489425
  54.39035884  47.37474809  41.26405496  35.94155748  31.30558923
  27.26759733  23.75045104  20.68696841  18.01863304  15.69447636
  13.67010404  11.906848    10.37102782   9.03330739   7.86813455
   6.85325305   5.96927734   5.19932239   4.52868107   3.94454329
   3.43575127   2.99258645   2.60658382   2.27037024   1.9775236
   1.72245016   1.5002777    1.30676244   1.138208     0.99139477
   0.86351843   0.75213639   0.65512111   0.57061946   0.49701737
   0.43290895   0.37706963   0.32843281   0.28606948   0.24917044]0 1 312.2098259152708 0.0005087852478027344 0.0005087852478027344 0.0 1.0
0 1 271.93903789811014 0.0005340576171875 0.0010428428649902344 0.0 1.0
0 1 236.8626295349813 0.005190849304199219 0.006233692169189453 0.33333333333333337 1.0
0 1 206.31059705097118 0.025651931762695312 0.031885623931884766 0.5714285714285715 1.0
0 1 179.69935797424765 0.016829967498779297 0.04871559143066406 0.5714285714285715 1.0
0 1 156.52060397255676 0.013682126998901367 0.06239771842956543 0.5714285714285715 1.0
0 1 136.33159152101595 0.011744976043701172 0.0741426944732666 0.5714285714285715 1.0
0 1 118.74668494067365 0.011838912963867188 0.08598160743713379 0.7499999999999999 1.0
0 1 103.42999026917344 0.01111602783203125 0.09709763526916504 0.7499999999999999 1.0
0 1 90.08893926113359 0.01057291030883789 0.10767054557800293 0.7499999999999999 1.0
0 1 78.46870096453189 0.010123014450073242 0.11779356002807617 0.7499999999999999 1.0
0 1 68.34731412713553 0.009610891342163086 0.12740445137023926 0.7499999999999999 1.0
0 1 59.53144745577994 0.014629125595092773 0.14203357696533203 0.6666666666666665 1.0
0 1 51.85270674408604 0.01047515869140625 0.15250873565673828 0.7272727272727272 1.0
0 1 45.16441833008278 0.010995149612426758 0.16350388526916504 0.7272727272727272 1.0
0 1 39.33882744370648 0.013681173324584961 0.17718505859375 0.6153846153846154 1.0
0 1 34.26465792907022 0.021397113800048828 0.19858217239379883 0.47058823529411764 1.0
0 1 29.84498672911064 0.03460288047790527 0.2331850528717041 0.3636363636363636 1.0
0 1 25.99539253258091 0.04654192924499512 0.2797269821166992 0.3076923076923077 1.0
0 1 22.642343220204207 0.11380600929260254 0.39353299140930176 0.26666666666666666 1.0
0 1 19.721791308170232 0.1398451328277588 0.5333781242370605 0.27586206896551724 1.0
0 1 17.177950560167822 0.2478630542755127 0.7812411785125732 0.26666666666666666 1.0
0 1 14.962230399696251 0.18051695823669434 0.9617581367492676 0.24242424242424243 1.0
0 1 13.03230776858211 0.15698909759521484 1.1187472343444824 0.2222222222222222 1.0
0 1 11.351318703025308 0.18961691856384277 1.3083641529083252 0.2222222222222222 1.0
0 1 9.887154185253786 0.1565718650817871 1.4649360179901123 0.21621621621621623 1.0
0 1 8.611846820663045 0.15610599517822266 1.621042013168335 0.20512820512820512 1.0
0 1 7.501036625197576 0.17522096633911133 1.7962629795074463 0.19999999999999998 1.0
0 1 6.53350571883761 0.14302992820739746 1.9392929077148438 0.20512820512820512 1.0
0 1 5.69077303724795 0.1966700553894043 2.135962963104248 0.18604651162790697 1.0
0 1 4.956741320068812 0.16743826866149902 2.303401231765747 0.1777777777777778 1.0
0 1 4.317389632878279 0.2057809829711914 2.5091822147369385 0.16666666666666666 1.0
0 1 3.7605055496069455 1.8787789344787598 4.387961149215698 0.1702127659574468 1.0
0 1 3.2754518797500736 0.43311214447021484 4.821073293685913 0.1702127659574468 1.0
0 1 2.8529634845718124 0.24110102653503418 5.062174320220947 0.16666666666666666 1.0
0 1 2.4849703012340436 0.18378019332885742 5.245954513549805 0.163265306122449 1.0
0 1 2.1644431943866964 0.3438098430633545 5.589764356613159 0.163265306122449 1.0
0 1 1.8852596907900219 0.19492602348327637 5.7846903800964355 0.163265306122449 1.0
0 1 1.6420870323301746 0.17895102500915527 5.963641405105591 0.163265306122449 1.0
0 1 1.4302803135927475 0.16540288925170898 6.1290442943573 0.163265306122449 1.0
0 1 1.2457937582930971 0.15427899360656738 6.283323287963867 0.163265306122449 1.0
0 1 1.0851034398309916 0.7036688327789307 6.986992120742798 0.1568627450980392 1.0
0 1 0.945139969834425 0.6820800304412842 7.669072151184082 0.1568627450980392 1.0
0 1 0.823229868958621 0.901763916015625 8.570836067199707 0.1568627450980392 1.0
0 1 0.7170445000483404 1.5088820457458496 10.079718112945557 0.15384615384615383 1.0
0 1 0.624555588222246 1.6786198616027832 11.75833797454834 0.1509433962264151 1.0
0 1 0.5439964782567033 1.211618185043335 12.969956159591675 0.1509433962264151 1.0
0 1 0.4738283892360109 1.002436876296997 13.972393035888672 0.1509433962264151 1.0
0 1 0.4127110218901976 1.0266180038452148 14.999011039733887 0.1481481481481481 1.0
0 1 0.3594769571833539 0.9971210956573486 15.996132135391235 0.1481481481481481 1.0
0 0.1 130.20161032759302 0.0004978179931640625 15.9966299533844 0.0 1.0
0 0.1 113.40738729625762 0.0004799365997314453 15.99710988998413 0.0 1.0
0 0.1 98.77938883400856 0.0005092620849609375 15.997619152069092 0.0 1.0
0 0.1 86.03820166433057 0.0005152225494384766 15.99813437461853 0.0 1.0
0 0.1 74.9404529934022 0.0005660057067871094 15.998700380325317 0.0 1.0
0 0.1 65.27416178184274 0.0005609989166259766 15.999261379241943 0.0 1.0
0 0.1 56.854689638682785 0.0006051063537597656 15.999866485595703 0.0 1.0
0 0.1 49.52121399451067 0.013590812683105469 16.01345729827881 0.5714285714285715 1.0
0 0.1 43.13365618693992 0.009842157363891602 16.0232994556427 0.5714285714285715 1.0
0 0.1 37.570005780944214 0.009758949279785156 16.033058404922485 0.5714285714285715 1.0
0 0.1 32.7239900151928 0.00900721549987793 16.042065620422363 0.5714285714285715 1.0
0 0.1 28.503043857863506 0.009064912796020508 16.051130533218384 0.5714285714285715 1.0
0 0.1 24.826541897430772 0.007967948913574219 16.059098482131958 0.5714285714285715 1.0
0 0.1 21.624258295306348 0.007456064224243164 16.0665545463562 0.5714285714285715 1.0
0 0.1 18.835025383479486 0.010452985763549805 16.07700753211975 0.7499999999999999 1.0
0 0.1 16.405565284674683 0.008612871170043945 16.085620403289795 0.7499999999999999 1.0
0 0.1 14.289472237493916 0.008636236190795898 16.09425663948059 0.7499999999999999 1.0
0 0.1 12.446326187665905 0.007829904556274414 16.102086544036865 0.7499999999999999 1.0
0 0.1 10.840920713874212 0.007871150970458984 16.109957695007324 0.7499999999999999 1.0
0 0.1 9.44259054057033 0.007706880569458008 16.117664575576782 0.7499999999999999 1.0
0 0.1 8.224625792416147 0.0062978267669677734 16.12396240234375 0.7499999999999999 1.0
0 0.1 7.163761801874259 0.009217023849487305 16.133179426193237 0.7499999999999999 1.0
0 0.1 6.239734724625884 0.012189865112304688 16.145369291305542 0.7272727272727272 1.0
0 0.1 5.43489447450858 0.009273767471313477 16.154643058776855 0.7272727272727272 1.0
0 0.1 4.733867584541418 0.008003950119018555 16.162647008895874 0.7272727272727272 1.0
0 0.1 4.123263554256632 0.02474212646484375 16.187389135360718 0.6153846153846154 1.0
0 0.1 3.591419074200402 0.021429061889648438 16.208818197250366 0.5714285714285714 1.0
0 0.1 3.128175241967003 0.04572892189025879 16.254547119140625 0.4210526315789473 1.0
0 0.1 2.7246835143108377 0.02287888526916504 16.27742600440979 0.4210526315789473 1.0
0 0.1 2.373236688776134 0.037233829498291016 16.31465983390808 0.38095238095238093 1.0
0 0.1 2.0671216863796724 0.06359386444091797 16.378253698349 0.3478260869565218 1.0
0 0.1 1.8004913233094775 0.14678716659545898 16.525040864944458 0.32000000000000006 1.0
0 0.1 1.5682526223167341 0.17445898056030273 16.69949984550476 0.2857142857142857 1.0
0 0.1 1.3659695304072161 0.12573695182800293 16.825236797332764 0.27586206896551724 1.0
0 0.1 1.1897781846170337 0.15461134910583496 16.9798481464386 0.25806451612903225 1.0
0 0.1 1.036313107341863 0.08164191246032715 17.061490058898926 0.25806451612903225 1.0
0 0.1 0.9026429214570189 0.10959792137145996 17.171087980270386 0.24242424242424243 1.0
0 0.1 0.786214357305898 0.13175511360168457 17.30284309387207 0.2352941176470588 1.0
0 0.1 0.6848034820193963 0.07986903190612793 17.3827121257782 0.2352941176470588 1.0
0 0.1 0.5964732195846044 0.36246800422668457 17.745180130004883 0.2285714285714286 1.0
0 0.1 0.5195363502423698 0.47049403190612793 18.21567416191101 0.2222222222222222 1.0
0 0.1 0.4525232824553942 0.6087079048156738 18.824382066726685 0.20512820512820512 1.0
0 0.1 0.3941539818506903 0.8740558624267578 19.698437929153442 0.19999999999999998 1.0
0 0.1 0.34331352094368267 0.42507171630859375 20.123509645462036 0.19512195121951217 1.0
0 0.1 0.2990307826127625 0.363300085067749 20.486809730529785 0.19047619047619047 1.0
0 0.1 0.2604599105337001 0.6395058631896973 21.126315593719482 0.18181818181818182 1.0
0 0.1 0.22686415225376097 0.372485876083374 21.498801469802856 0.18181818181818182 1.0
0 0.1 0.19760178628779224 0.1667490005493164 21.665550470352173 0.18181818181818182 1.0
0 0.1 0.17211386442601356 0.1140890121459961 21.77963948249817 0.18181818181818182 1.0
0 0.1 0.14991353511608546 1.9260940551757812 23.70573353767395 0.1739130434782609 1.0
0 0.01 28.211963230963963 0.0005888938903808594 23.70632243156433 0.0 1.0
0 0.01 24.573006681497752 0.01213383674621582 23.718456268310547 0.5714285714285715 1.0
0 0.01 21.403425646968028 0.008351802825927734 23.726808071136475 0.5714285714285715 1.0
0 0.01 18.642677119777133 0.008377790451049805 23.735185861587524 0.5714285714285715 1.0
0 0.01 16.238027310431736 0.00817108154296875 23.743356943130493 0.5714285714285715 1.0
0 0.01 14.143544365449966 0.008120059967041016 23.751477003097534 0.5714285714285715 1.0
0 0.01 12.319221010851523 0.007468700408935547 23.75894570350647 0.5714285714285715 1.0
0 0.01 10.730210362611421 0.006937742233276367 23.765883445739746 0.5714285714285715 1.0
0 0.01 9.346160307090315 0.009859085083007812 23.775742530822754 0.7499999999999999 1.0
0 0.01 8.140633737265514 0.008029937744140625 23.783772468566895 0.7499999999999999 1.0
0 0.01 7.090603570541246 0.0073299407958984375 23.791102409362793 0.7499999999999999 1.0
0 0.01 6.176012902339531 0.0074880123138427734 23.798590421676636 0.7499999999999999 1.0
0 0.01 5.379391893848717 0.0072939395904541016 23.80588436126709 0.7499999999999999 1.0
0 0.01 4.685524076001097 0.0074350833892822266 23.813319444656372 0.7499999999999999 1.0
0 0.01 4.081155695663349 0.0069599151611328125 23.820279359817505 0.7499999999999999 1.0
0 0.01 3.554742552184356 0.006942033767700195 23.827221393585205 0.7499999999999999 1.0
0 0.01 3.09622948855821 0.0053288936614990234 23.832550287246704 0.7499999999999999 1.0
0 0.01 2.6968583252045994 0.005278825759887695 23.837829113006592 0.7499999999999999 1.0
0 0.01 2.349000567658869 0.007446765899658203 23.84527587890625 0.7499999999999999 1.0
0 0.01 2.046011692676912 0.011963129043579102 23.85723900794983 0.7272727272727272 1.0
0 0.01 1.7821042294352372 0.007727146148681641 23.86496615409851 0.7272727272727272 1.0
0 0.01 1.5522372115164986 0.0076520442962646484 23.872618198394775 0.7272727272727272 1.0
0 0.01 1.3520198880735976 0.020772933959960938 23.893391132354736 0.6153846153846154 1.0
0 0.01 1.1776278549337647 0.014513969421386719 23.907905101776123 0.6153846153846154 1.0
0 0.01 1.0257300036406054 0.02833700180053711 23.93624210357666 0.4210526315789473 1.0
0 0.01 0.8934248930683893 0.01628708839416504 23.952529191970825 0.4210526315789473 1.0
0 0.01 0.7781853282259436 0.015416860580444336 23.96794605255127 0.4210526315789473 1.0
0 0.01 0.6778100876351608 0.01571202278137207 23.98365807533264 0.4210526315789473 1.0
0 0.01 0.590381877216004 0.03577232360839844 24.01943039894104 0.3636363636363636 1.0
0 0.01 0.5142307075440048 0.028924226760864258 24.048354625701904 0.3636363636363636 1.0
0 0.01 0.44790199493955546 0.056240081787109375 24.104594707489014 0.3076923076923077 1.0
0 0.01 0.39012877707943217 0.05142712593078613 24.1560218334198 0.2962962962962963 1.0
0 0.01 0.33980751241358653 0.05128026008605957 24.20730209350586 0.2857142857142857 1.0
0 0.01 0.2959770011254507 0.033293962478637695 24.240596055984497 0.2857142857142857 1.0
0 0.01 0.2578000249994245 0.032784223556518555 24.273380279541016 0.2857142857142857 1.0
0 0.01 0.22454735549379537 0.06175684928894043 24.335137128829956 0.25806451612903225 1.0
0 0.01 0.19558382455304058 0.04459381103515625 24.379730939865112 0.25806451612903225 1.0
0 0.01 0.1703561920944177 0.043769121170043945 24.423500061035156 0.25806451612903225 1.0
0 0.01 0.14838257842248037 0.04245305061340332 24.46595311164856 0.25806451612903225 1.0
0 0.01 0.12924325971726744 0.042114973068237305 24.508068084716797 0.25806451612903225 1.0
0 0.01 0.1125726507783501 0.04083418846130371 24.5489022731781 0.25806451612903225 1.0
0 0.01 0.09805232188500161 0.03418922424316406 24.583091497421265 0.25806451612903225 1.0
0 0.01 0.08540491638568569 0.21069693565368652 24.79378843307495 0.2105263157894737 1.0
0 0.01 0.07438885283512764 0.24554681777954102 25.039335250854492 0.21621621621621623 1.0
0 0.01 0.06479371048308594 0.09554696083068848 25.13488221168518 0.21621621621621623 1.0
0 0.01 0.056436209971818335 0.0854339599609375 25.220316171646118 0.21621621621621623 1.0
0 0.01 0.049156712468482675 0.13971614837646484 25.360032320022583 0.2105263157894737 1.0
0 0.01 0.0428161703614703 0.07510614395141602 25.435138463974 0.2105263157894737 1.0
0 0.01 0.03729347127511503 0.14757299423217773 25.582711458206177 0.20512820512820512 1.0
0 0.01 0.032483124670098805 0.15588092803955078 25.738592386245728 0.19999999999999998 1.0
