[216.40736058 188.4937774  164.18066384 143.00360867 124.55810333
 108.49181534  94.49785828  82.30892987  71.69220614  62.44489425
  54.39035884  47.37474809  41.26405496  35.94155748  31.30558923
  27.26759733  23.75045104  20.68696841  18.01863304  15.69447636
  13.67010404  11.906848    10.37102782   9.03330739   7.86813455
   6.85325305   5.96927734   5.19932239   4.52868107   3.94454329
   3.43575127   2.99258645   2.60658382   2.27037024   1.9775236
   1.72245016   1.5002777    1.30676244   1.138208     0.99139477
   0.86351843   0.75213639   0.65512111   0.57061946   0.49701737
   0.43290895   0.37706963   0.32843281   0.28606948   0.24917044]0 1 312.2098259152708 0.0005099773406982422 0.0005099773406982422 0.0 1.0
0 1 271.93903789811014 0.0005323886871337891 0.0010423660278320312 0.0 1.0
0 1 236.8626295349813 0.006124019622802734 0.007166385650634766 0.33333333333333337 1.0
0 1 206.31059705097118 0.028631925582885742 0.03579831123352051 0.5714285714285715 1.0
0 1 179.69935797424765 0.018629074096679688 0.054427385330200195 0.5714285714285715 1.0
0 1 156.52060397255676 0.015768051147460938 0.07019543647766113 0.5714285714285715 1.0
0 1 136.33159152101595 0.014097213745117188 0.08429265022277832 0.5714285714285715 1.0
0 1 118.74668494067365 0.013624191284179688 0.09791684150695801 0.7499999999999999 1.0
0 1 103.42999026917344 0.012546062469482422 0.11046290397644043 0.7499999999999999 1.0
0 1 90.08893926113359 0.011908769607543945 0.12237167358398438 0.7499999999999999 1.0
0 1 78.46870096453189 0.011907100677490234 0.1342787742614746 0.7499999999999999 1.0
0 1 68.34731412713553 0.011417150497436523 0.14569592475891113 0.7499999999999999 1.0
0 1 59.53144745577994 0.01779007911682129 0.16348600387573242 0.6666666666666665 1.0
0 1 51.85270674408604 0.01246500015258789 0.1759510040283203 0.7272727272727272 1.0
0 1 45.16441833008278 0.012791156768798828 0.18874216079711914 0.7272727272727272 1.0
0 1 39.33882744370648 0.017292022705078125 0.20603418350219727 0.6153846153846154 1.0
0 1 34.26465792907022 0.026217937469482422 0.2322521209716797 0.47058823529411764 1.0
0 1 29.84498672911064 0.0398106575012207 0.2720627784729004 0.3636363636363636 1.0
0 1 25.99539253258091 0.05221915245056152 0.3242819309234619 0.3076923076923077 1.0
0 1 22.642343220204207 0.14705109596252441 0.47133302688598633 0.26666666666666666 1.0
0 1 19.721791308170232 0.19005393981933594 0.6613869667053223 0.27586206896551724 1.0
0 1 17.177950560167822 0.2471013069152832 0.9084882736206055 0.26666666666666666 1.0
0 1 14.962230399696251 0.22509479522705078 1.1335830688476562 0.24242424242424243 1.0
0 1 13.03230776858211 0.19198894500732422 1.3255720138549805 0.2222222222222222 1.0
0 1 11.351318703025308 0.23759984970092773 1.5631718635559082 0.2222222222222222 1.0
0 1 9.887154185253786 0.19341206550598145 1.7565839290618896 0.21621621621621623 1.0
0 1 8.611846820663045 0.19466590881347656 1.9512498378753662 0.20512820512820512 1.0
0 1 7.501036625197576 0.22804999351501465 2.179299831390381 0.19999999999999998 1.0
0 1 6.53350571883761 0.18971514701843262 2.3690149784088135 0.20512820512820512 1.0
0 1 5.69077303724795 0.25829195976257324 2.6273069381713867 0.18604651162790697 1.0
0 1 4.956741320068812 0.23066997528076172 2.8579769134521484 0.1777777777777778 1.0
0 1 4.317389632878279 0.2925419807434082 3.1505188941955566 0.16666666666666666 1.0
0 1 3.7605055496069455 2.196016788482666 5.346535682678223 0.1702127659574468 1.0
0 1 3.2754518797500736 0.5247659683227539 5.871301651000977 0.1702127659574468 1.0
0 1 2.8529634845718124 0.36341094970703125 6.234712600708008 0.16666666666666666 1.0
0 1 2.4849703012340436 0.29872584342956543 6.533438444137573 0.163265306122449 1.0
0 1 2.1644431943866964 0.43996691703796387 6.973405361175537 0.163265306122449 1.0
0 1 1.8852596907900219 0.2907907962799072 7.264196157455444 0.163265306122449 1.0
0 1 1.6420870323301746 0.27376794815063477 7.537964105606079 0.163265306122449 1.0
0 1 1.4302803135927475 0.2513847351074219 7.789348840713501 0.163265306122449 1.0
0 1 1.2457937582930971 0.23726391792297363 8.026612758636475 0.163265306122449 1.0
0 1 1.0851034398309916 1.0079498291015625 9.034562587738037 0.1568627450980392 1.0
0 1 0.945139969834425 0.9945049285888672 10.029067516326904 0.1568627450980392 1.0
0 1 0.823229868958621 1.1304540634155273 11.159521579742432 0.1568627450980392 1.0
0 1 0.7170445000483404 1.9804270267486572 13.139948606491089 0.15384615384615383 1.0
0 1 0.624555588222246 2.356107711791992 15.496056318283081 0.1509433962264151 1.0
0 1 0.5439964782567033 1.7656950950622559 17.261751413345337 0.1509433962264151 1.0
0 1 0.4738283892360109 1.594304084777832 18.85605549812317 0.1509433962264151 1.0
0 1 0.4127110218901976 1.6569838523864746 20.513039350509644 0.1481481481481481 1.0
0 1 0.3594769571833539 1.5850841999053955 22.09812355041504 0.1481481481481481 1.0
0 0.1 130.20161032759302 0.0004761219024658203 22.098599672317505 0.0 1.0
0 0.1 113.40738729625762 0.0004742145538330078 22.099073886871338 0.0 1.0
0 0.1 98.77938883400856 0.0005049705505371094 22.099578857421875 0.0 1.0
0 0.1 86.03820166433057 0.0005099773406982422 22.100088834762573 0.0 1.0
0 0.1 74.9404529934022 0.0005402565002441406 22.100629091262817 0.0 1.0
0 0.1 65.27416178184274 0.0005431175231933594 22.10117220878601 0.0 1.0
0 0.1 56.854689638682785 0.0005970001220703125 22.10176920890808 0.0 1.0
0 0.1 49.52121399451067 0.016071081161499023 22.11784029006958 0.5714285714285715 1.0
0 0.1 43.13365618693992 0.011778116226196289 22.129618406295776 0.5714285714285715 1.0
0 0.1 37.570005780944214 0.011754989624023438 22.1413733959198 0.5714285714285715 1.0
0 0.1 32.7239900151928 0.011114835739135742 22.152488231658936 0.5714285714285715 1.0
0 0.1 28.503043857863506 0.010622978210449219 22.163111209869385 0.5714285714285715 1.0
0 0.1 24.826541897430772 0.009421110153198242 22.172532320022583 0.5714285714285715 1.0
0 0.1 21.624258295306348 0.009593725204467773 22.18212604522705 0.5714285714285715 1.0
0 0.1 18.835025383479486 0.012257814407348633 22.1943838596344 0.7499999999999999 1.0
0 0.1 16.405565284674683 0.009717941284179688 22.20410180091858 0.7499999999999999 1.0
0 0.1 14.289472237493916 0.00970602035522461 22.213807821273804 0.7499999999999999 1.0
0 0.1 12.446326187665905 0.009803056716918945 22.223610877990723 0.7499999999999999 1.0
0 0.1 10.840920713874212 0.009205102920532227 22.232815980911255 0.7499999999999999 1.0
0 0.1 9.44259054057033 0.00922703742980957 22.242043018341064 0.7499999999999999 1.0
0 0.1 8.224625792416147 0.007803916931152344 22.249846935272217 0.7499999999999999 1.0
0 0.1 7.163761801874259 0.010988950729370117 22.260835886001587 0.7499999999999999 1.0
0 0.1 6.239734724625884 0.014289140701293945 22.27512502670288 0.7272727272727272 1.0
0 0.1 5.43489447450858 0.01109004020690918 22.28621506690979 0.7272727272727272 1.0
0 0.1 4.733867584541418 0.009528160095214844 22.295743227005005 0.7272727272727272 1.0
0 0.1 4.123263554256632 0.028554916381835938 22.32429814338684 0.6153846153846154 1.0
0 0.1 3.591419074200402 0.025550127029418945 22.34984827041626 0.5714285714285714 1.0
0 0.1 3.128175241967003 0.051880836486816406 22.401729106903076 0.4210526315789473 1.0
0 0.1 2.7246835143108377 0.028778076171875 22.43050718307495 0.4210526315789473 1.0
0 0.1 2.373236688776134 0.04320693016052246 22.473714113235474 0.38095238095238093 1.0
0 0.1 2.0671216863796724 0.07852888107299805 22.55224299430847 0.3478260869565218 1.0
0 0.1 1.8004913233094775 0.16843080520629883 22.72067379951477 0.32000000000000006 1.0
0 0.1 1.5682526223167341 0.18573999404907227 22.906413793563843 0.2857142857142857 1.0
0 0.1 1.3659695304072161 0.15548372268676758 23.06189751625061 0.27586206896551724 1.0
0 0.1 1.1897781846170337 0.20440983772277832 23.26630735397339 0.25806451612903225 1.0
0 0.1 1.036313107341863 0.10271286964416504 23.369020223617554 0.25806451612903225 1.0
0 0.1 0.9026429214570189 0.14731431007385254 23.516334533691406 0.24242424242424243 1.0
0 0.1 0.786214357305898 0.16156792640686035 23.677902460098267 0.2352941176470588 1.0
0 0.1 0.6848034820193963 0.10491490364074707 23.782817363739014 0.2352941176470588 1.0
0 0.1 0.5964732195846044 0.44307994842529297 24.225897312164307 0.2285714285714286 1.0
0 0.1 0.5195363502423698 0.5856080055236816 24.81150531768799 0.2222222222222222 1.0
0 0.1 0.4525232824553942 0.6733138561248779 25.484819173812866 0.20512820512820512 1.0
0 0.1 0.3941539818506903 0.9867053031921387 26.471524477005005 0.19999999999999998 1.0
0 0.1 0.34331352094368267 0.5388710498809814 27.010395526885986 0.19512195121951217 1.0
0 0.1 0.2990307826127625 0.415863037109375 27.42625856399536 0.19047619047619047 1.0
0 0.1 0.2604599105337001 1.3108816146850586 28.73714017868042 0.18181818181818182 1.0
0 0.1 0.22686415225376097 0.6124012470245361 29.349541425704956 0.18181818181818182 1.0
0 0.1 0.19760178628779224 0.3224210739135742 29.67196249961853 0.18181818181818182 1.0
0 0.1 0.17211386442601356 0.20408201217651367 29.876044511795044 0.18181818181818182 1.0
0 0.1 0.14991353511608546 2.838284730911255 32.7143292427063 0.1739130434782609 1.0
0 0.01 28.211963230963963 0.0005970001220703125 32.71492624282837 0.0 1.0
0 0.01 24.573006681497752 0.013399839401245117 32.728326082229614 0.5714285714285715 1.0
0 0.01 21.403425646968028 0.009666919708251953 32.737993001937866 0.5714285714285715 1.0
0 0.01 18.642677119777133 0.009747982025146484 32.74774098396301 0.5714285714285715 1.0
0 0.01 16.238027310431736 0.00922393798828125 32.756964921951294 0.5714285714285715 1.0
0 0.01 14.143544365449966 0.009388923645019531 32.76635384559631 0.5714285714285715 1.0
0 0.01 12.319221010851523 0.009205818176269531 32.77555966377258 0.5714285714285715 1.0
0 0.01 10.730210362611421 0.008213043212890625 32.783772706985474 0.5714285714285715 1.0
0 0.01 9.346160307090315 0.011329174041748047 32.79510188102722 0.7499999999999999 1.0
0 0.01 8.140633737265514 0.00923299789428711 32.80433487892151 0.7499999999999999 1.0
0 0.01 7.090603570541246 0.009211063385009766 32.81354594230652 0.7499999999999999 1.0
0 0.01 6.176012902339531 0.008680343627929688 32.82222628593445 0.7499999999999999 1.0
0 0.01 5.379391893848717 0.008674860000610352 32.83090114593506 0.7499999999999999 1.0
0 0.01 4.685524076001097 0.008684158325195312 32.839585304260254 0.7499999999999999 1.0
0 0.01 4.081155695663349 0.008712291717529297 32.84829759597778 0.7499999999999999 1.0
0 0.01 3.554742552184356 0.008162975311279297 32.85646057128906 0.7499999999999999 1.0
0 0.01 3.09622948855821 0.0071980953216552734 32.86365866661072 0.7499999999999999 1.0
0 0.01 2.6968583252045994 0.006678104400634766 32.87033677101135 0.7499999999999999 1.0
0 0.01 2.349000567658869 0.00932765007019043 32.87966442108154 0.7499999999999999 1.0
0 0.01 2.046011692676912 0.012933015823364258 32.89259743690491 0.7272727272727272 1.0
0 0.01 1.7821042294352372 0.00974893569946289 32.90234637260437 0.7272727272727272 1.0
0 0.01 1.5522372115164986 0.009653091430664062 32.911999464035034 0.7272727272727272 1.0
0 0.01 1.3520198880735976 0.024010181427001953 32.936009645462036 0.6153846153846154 1.0
0 0.01 1.1776278549337647 0.017467021942138672 32.953476667404175 0.6153846153846154 1.0
0 0.01 1.0257300036406054 0.032929182052612305 32.98640584945679 0.4210526315789473 1.0
0 0.01 0.8934248930683893 0.020776987075805664 33.00718283653259 0.4210526315789473 1.0
0 0.01 0.7781853282259436 0.01967787742614746 33.02686071395874 0.4210526315789473 1.0
0 0.01 0.6778100876351608 0.021306276321411133 33.04816699028015 0.4210526315789473 1.0
0 0.01 0.590381877216004 0.04250478744506836 33.09067177772522 0.3636363636363636 1.0
0 0.01 0.5142307075440048 0.037789344787597656 33.12846112251282 0.3636363636363636 1.0
0 0.01 0.44790199493955546 0.06900811195373535 33.19746923446655 0.3076923076923077 1.0
0 0.01 0.39012877707943217 0.06164073944091797 33.25910997390747 0.2962962962962963 1.0
0 0.01 0.33980751241358653 0.06067919731140137 33.31978917121887 0.2857142857142857 1.0
0 0.01 0.2959770011254507 0.04329705238342285 33.363086223602295 0.2857142857142857 1.0
0 0.01 0.2578000249994245 0.042018890380859375 33.405105113983154 0.2857142857142857 1.0
0 0.01 0.22454735549379537 0.07409977912902832 33.47920489311218 0.25806451612903225 1.0
0 0.01 0.19558382455304058 0.05868697166442871 33.53789186477661 0.25806451612903225 1.0
0 0.01 0.1703561920944177 0.05631518363952637 33.59420704841614 0.25806451612903225 1.0
0 0.01 0.14838257842248037 0.05512523651123047 33.64933228492737 0.25806451612903225 1.0
0 0.01 0.12924325971726744 0.054042816162109375 33.70337510108948 0.25806451612903225 1.0
0 0.01 0.1125726507783501 0.052896976470947266 33.756272077560425 0.25806451612903225 1.0
0 0.01 0.09805232188500161 0.04546213150024414 33.80173420906067 0.25806451612903225 1.0
0 0.01 0.08540491638568569 0.24947500228881836 34.05120921134949 0.2105263157894737 1.0
0 0.01 0.07438885283512764 0.28748607635498047 34.33869528770447 0.21621621621621623 1.0
0 0.01 0.06479371048308594 0.12866783142089844 34.467363119125366 0.21621621621621623 1.0
0 0.01 0.056436209971818335 0.12653088569641113 34.59389400482178 0.21621621621621623 1.0
0 0.01 0.049156712468482675 0.17975497245788574 34.77364897727966 0.2105263157894737 1.0
0 0.01 0.0428161703614703 0.10954499244689941 34.88319396972656 0.2105263157894737 1.0
0 0.01 0.03729347127511503 0.19380807876586914 35.07700204849243 0.20512820512820512 1.0
0 0.01 0.032483124670098805 0.2016918659210205 35.27869391441345 0.19999999999999998 1.0
