[216.40736058 188.4937774  164.18066384 143.00360867 124.55810333
 108.49181534  94.49785828  82.30892987  71.69220614  62.44489425
  54.39035884  47.37474809  41.26405496  35.94155748  31.30558923
  27.26759733  23.75045104  20.68696841  18.01863304  15.69447636
  13.67010404  11.906848    10.37102782   9.03330739   7.86813455
   6.85325305   5.96927734   5.19932239   4.52868107   3.94454329
   3.43575127   2.99258645   2.60658382   2.27037024   1.9775236
   1.72245016   1.5002777    1.30676244   1.138208     0.99139477
   0.86351843   0.75213639   0.65512111   0.57061946   0.49701737
   0.43290895   0.37706963   0.32843281   0.28606948   0.24917044]0 1 312.2098259152708 0.0005331039428710938 0.0005331039428710938 0.0 1.0
0 1 271.93903789811014 0.00055694580078125 0.0010900497436523438 0.0 1.0
0 1 236.8626295349813 0.0047647953033447266 0.00585484504699707 0.33333333333333337 1.0
0 1 206.31059705097118 0.02115917205810547 0.02701401710510254 0.5714285714285715 1.0
0 1 179.69935797424765 0.013267993927001953 0.04028201103210449 0.5714285714285715 1.0
0 1 156.52060397255676 0.011023998260498047 0.05130600929260254 0.5714285714285715 1.0
0 1 136.33159152101595 0.009356975555419922 0.06066298484802246 0.5714285714285715 1.0
0 1 118.74668494067365 0.009443998336791992 0.07010698318481445 0.7499999999999999 1.0
0 1 103.42999026917344 0.008796930313110352 0.0789039134979248 0.7499999999999999 1.0
0 1 90.08893926113359 0.008275985717773438 0.08717989921569824 0.7499999999999999 1.0
0 1 78.46870096453189 0.007837772369384766 0.09501767158508301 0.7499999999999999 1.0
0 1 68.34731412713553 0.007803201675415039 0.10282087326049805 0.7499999999999999 1.0
0 1 59.53144745577994 0.011053085327148438 0.11387395858764648 0.6666666666666665 1.0
0 1 51.85270674408604 0.008107900619506836 0.12198185920715332 0.7272727272727272 1.0
0 1 45.16441833008278 0.008576154708862305 0.13055801391601562 0.7272727272727272 1.0
0 1 39.33882744370648 0.01128387451171875 0.14184188842773438 0.6153846153846154 1.0
0 1 34.26465792907022 0.015318870544433594 0.15716075897216797 0.47058823529411764 1.0
0 1 29.84498672911064 0.02566981315612793 0.1828305721282959 0.3636363636363636 1.0
0 1 25.99539253258091 0.028316259384155273 0.21114683151245117 0.3076923076923077 1.0
0 1 22.642343220204207 0.07706713676452637 0.28821396827697754 0.26666666666666666 1.0
0 1 19.721791308170232 0.09645414352416992 0.38466811180114746 0.27586206896551724 1.0
0 1 17.177950560167822 0.15771698951721191 0.5423851013183594 0.26666666666666666 1.0
0 1 14.962230399696251 0.1357121467590332 0.6780972480773926 0.24242424242424243 1.0
0 1 13.03230776858211 0.1208798885345459 0.7989771366119385 0.2222222222222222 1.0
0 1 11.351318703025308 0.13426613807678223 0.9332432746887207 0.2222222222222222 1.0
0 1 9.887154185253786 0.11460590362548828 1.047849178314209 0.21621621621621623 1.0
0 1 8.611846820663045 0.11826109886169434 1.1661102771759033 0.20512820512820512 1.0
0 1 7.501036625197576 0.12093591690063477 1.287046194076538 0.19999999999999998 1.0
0 1 6.53350571883761 0.10363292694091797 1.390679121017456 0.20512820512820512 1.0
0 1 5.69077303724795 0.1378309726715088 1.5285100936889648 0.18604651162790697 1.0
0 1 4.956741320068812 0.11056208610534668 1.6390721797943115 0.1777777777777778 1.0
0 1 4.317389632878279 0.1344738006591797 1.7735459804534912 0.1702127659574468 1.0
0 1 3.7605055496069455 1.5602271556854248 3.333773136138916 0.1702127659574468 1.0
0 1 3.2754518797500736 0.3397560119628906 3.6735291481018066 0.1702127659574468 1.0
0 1 2.8529634845718124 0.12502288818359375 3.7985520362854004 0.16666666666666666 1.0
0 1 2.4849703012340436 0.0856938362121582 3.8842458724975586 0.163265306122449 1.0
0 1 2.1644431943866964 0.2517218589782715 4.13596773147583 0.163265306122449 1.0
0 1 1.8852596907900219 0.1096038818359375 4.245571613311768 0.163265306122449 1.0
0 1 1.6420870323301746 0.09453535079956055 4.340106964111328 0.163265306122449 1.0
0 1 1.4302803135927475 0.0813140869140625 4.421421051025391 0.163265306122449 1.0
0 1 1.2457937582930971 0.07967996597290039 4.501101016998291 0.163265306122449 1.0
0 1 1.0851034398309916 0.39298510551452637 4.894086122512817 0.1568627450980392 1.0
0 1 0.945139969834425 0.3953559398651123 5.28944206237793 0.1568627450980392 1.0
0 1 0.823229868958621 0.6958022117614746 5.985244274139404 0.1568627450980392 1.0
0 1 0.7170445000483404 1.027838945388794 7.013083219528198 0.1509433962264151 1.0
0 1 0.624555588222246 1.1378190517425537 8.150902271270752 0.1509433962264151 1.0
0 1 0.5439964782567033 0.5924580097198486 8.7433602809906 0.1509433962264151 1.0
0 1 0.4738283892360109 0.4754149913787842 9.218775272369385 0.1509433962264151 1.0
0 1 0.4127110218901976 0.45058107376098633 9.669356346130371 0.1481481481481481 1.0
0 1 0.3594769571833539 0.4552338123321533 10.124590158462524 0.1481481481481481 1.0
0 0.1 130.20161032759302 0.0004811286926269531 10.125071287155151 0.0 1.0
0 0.1 113.40738729625762 0.0004737377166748047 10.125545024871826 0.0 1.0
0 0.1 98.77938883400856 0.0005080699920654297 10.126053094863892 0.0 1.0
0 0.1 86.03820166433057 0.0005052089691162109 10.126558303833008 0.0 1.0
0 0.1 74.9404529934022 0.0005419254302978516 10.127100229263306 0.0 1.0
0 0.1 65.27416178184274 0.0005369186401367188 10.127637147903442 0.0 1.0
0 0.1 56.854689638682785 0.0005729198455810547 10.128210067749023 0.0 1.0
0 0.1 49.52121399451067 0.01134181022644043 10.139551877975464 0.5714285714285715 1.0
0 0.1 43.13365618693992 0.008165121078491211 10.147716999053955 0.5714285714285715 1.0
0 0.1 37.570005780944214 0.007720947265625 10.15543794631958 0.5714285714285715 1.0
0 0.1 32.7239900151928 0.007162809371948242 10.162600755691528 0.5714285714285715 1.0
0 0.1 28.503043857863506 0.006660938262939453 10.169261693954468 0.5714285714285715 1.0
0 0.1 24.826541897430772 0.005856752395629883 10.175118446350098 0.5714285714285715 1.0
0 0.1 21.624258295306348 0.005884885787963867 10.181003332138062 0.5714285714285715 1.0
0 0.1 18.835025383479486 0.008891105651855469 10.189894437789917 0.7499999999999999 1.0
0 0.1 16.405565284674683 0.0069386959075927734 10.19683313369751 0.7499999999999999 1.0
0 0.1 14.289472237493916 0.00644683837890625 10.203279972076416 0.7499999999999999 1.0
0 0.1 12.446326187665905 0.0061719417572021484 10.209451913833618 0.7499999999999999 1.0
0 0.1 10.840920713874212 0.006175041198730469 10.215626955032349 0.7499999999999999 1.0
0 0.1 9.44259054057033 0.0061261653900146484 10.221753120422363 0.7499999999999999 1.0
0 0.1 8.224625792416147 0.004706144332885742 10.226459264755249 0.7499999999999999 1.0
0 0.1 7.163761801874259 0.0063190460205078125 10.232778310775757 0.7499999999999999 1.0
0 0.1 6.239734724625884 0.00925302505493164 10.242031335830688 0.7272727272727272 1.0
0 0.1 5.43489447450858 0.007144927978515625 10.249176263809204 0.7272727272727272 1.0
0 0.1 4.733867584541418 0.005849123001098633 10.255025386810303 0.7272727272727272 1.0
0 0.1 4.123263554256632 0.018519163131713867 10.273544549942017 0.6153846153846154 1.0
0 0.1 3.591419074200402 0.01640796661376953 10.289952516555786 0.5714285714285714 1.0
0 0.1 3.128175241967003 0.0365140438079834 10.32646656036377 0.4210526315789473 1.0
0 0.1 2.7246835143108377 0.014957904815673828 10.341424465179443 0.4210526315789473 1.0
0 0.1 2.373236688776134 0.030303001403808594 10.371727466583252 0.38095238095238093 1.0
0 0.1 2.0671216863796724 0.049516916275024414 10.421244382858276 0.3478260869565218 1.0
0 0.1 1.8004913233094775 0.12120389938354492 10.542448282241821 0.32000000000000006 1.0
0 0.1 1.5682526223167341 0.17634201049804688 10.718790292739868 0.2857142857142857 1.0
0 0.1 1.3659695304072161 0.0966331958770752 10.815423488616943 0.27586206896551724 1.0
0 0.1 1.1897781846170337 0.10674285888671875 10.922166347503662 0.25806451612903225 1.0
0 0.1 1.036313107341863 0.05816984176635742 10.98033618927002 0.25806451612903225 1.0
0 0.1 0.9026429214570189 0.0757598876953125 11.056096076965332 0.24242424242424243 1.0
0 0.1 0.786214357305898 0.10030388832092285 11.156399965286255 0.2352941176470588 1.0
0 0.1 0.6848034820193963 0.05451488494873047 11.210914850234985 0.2352941176470588 1.0
0 0.1 0.5964732195846044 0.28943705558776855 11.500351905822754 0.2285714285714286 1.0
0 0.1 0.5195363502423698 0.3461036682128906 11.846455574035645 0.2222222222222222 1.0
0 0.1 0.4525232824553942 0.539496898651123 12.385952472686768 0.20512820512820512 1.0
0 0.1 0.3941539818506903 0.790977954864502 13.17693042755127 0.19999999999999998 1.0
0 0.1 0.34331352094368267 0.26547884941101074 13.44240927696228 0.19512195121951217 1.0
0 0.1 0.2990307826127625 0.3121302127838135 13.754539489746094 0.19047619047619047 1.0
0 0.1 0.2604599105337001 0.4426717758178711 14.197211265563965 0.18604651162790697 1.0
0 0.1 0.22686415225376097 0.156296968460083 14.353508234024048 0.18181818181818182 1.0
0 0.1 0.19760178628779224 0.07878494262695312 14.432293176651001 0.18181818181818182 1.0
0 0.1 0.17211386442601356 0.05392789840698242 14.486221075057983 0.18181818181818182 1.0
0 0.1 0.14991353511608546 1.0512080192565918 15.537429094314575 0.1739130434782609 1.0
0 0.01 28.211963230963963 0.0006000995635986328 15.538029193878174 0.0 1.0
0 0.01 24.573006681497752 0.009715080261230469 15.547744274139404 0.5714285714285715 1.0
0 0.01 21.403425646968028 0.006640911102294922 15.5543851852417 0.5714285714285715 1.0
0 0.01 18.642677119777133 0.0061168670654296875 15.560502052307129 0.5714285714285715 1.0
0 0.01 16.238027310431736 0.006169795989990234 15.56667184829712 0.5714285714285715 1.0
0 0.01 14.143544365449966 0.0062770843505859375 15.572948932647705 0.5714285714285715 1.0
0 0.01 12.319221010851523 0.0057108402252197266 15.578659772872925 0.5714285714285715 1.0
0 0.01 10.730210362611421 0.005257844924926758 15.583917617797852 0.5714285714285715 1.0
0 0.01 9.346160307090315 0.007651090621948242 15.5915687084198 0.7499999999999999 1.0
0 0.01 8.140633737265514 0.00568389892578125 15.597252607345581 0.7499999999999999 1.0
0 0.01 7.090603570541246 0.005618095397949219 15.60287070274353 0.7499999999999999 1.0
0 0.01 6.176012902339531 0.005605220794677734 15.608475923538208 0.7499999999999999 1.0
0 0.01 5.379391893848717 0.005628824234008789 15.614104747772217 0.7499999999999999 1.0
0 0.01 4.685524076001097 0.0051059722900390625 15.619210720062256 0.7499999999999999 1.0
0 0.01 4.081155695663349 0.0050678253173828125 15.624278545379639 0.7499999999999999 1.0
0 0.01 3.554742552184356 0.005148887634277344 15.629427433013916 0.7499999999999999 1.0
0 0.01 3.09622948855821 0.0036339759826660156 15.633061408996582 0.7499999999999999 1.0
0 0.01 2.6968583252045994 0.003607034683227539 15.63666844367981 0.7499999999999999 1.0
0 0.01 2.349000567658869 0.0049932003021240234 15.641661643981934 0.7499999999999999 1.0
0 0.01 2.046011692676912 0.009268999099731445 15.650930643081665 0.7272727272727272 1.0
0 0.01 1.7821042294352372 0.005495786666870117 15.656426429748535 0.7272727272727272 1.0
0 0.01 1.5522372115164986 0.005248069763183594 15.661674499511719 0.7272727272727272 1.0
0 0.01 1.3520198880735976 0.01634693145751953 15.678021430969238 0.6153846153846154 1.0
0 0.01 1.1776278549337647 0.010507822036743164 15.688529253005981 0.6153846153846154 1.0
0 0.01 1.0257300036406054 0.023669958114624023 15.712199211120605 0.4210526315789473 1.0
0 0.01 0.8934248930683893 0.011250972747802734 15.723450183868408 0.4210526315789473 1.0
0 0.01 0.7781853282259436 0.010168790817260742 15.733618974685669 0.4210526315789473 1.0
0 0.01 0.6778100876351608 0.010985136032104492 15.744604110717773 0.4210526315789473 1.0
0 0.01 0.590381877216004 0.026971101760864258 15.771575212478638 0.3636363636363636 1.0
0 0.01 0.5142307075440048 0.019232988357543945 15.790808200836182 0.3636363636363636 1.0
0 0.01 0.44790199493955546 0.04198026657104492 15.832788467407227 0.3076923076923077 1.0
0 0.01 0.39012877707943217 0.03809404373168945 15.870882511138916 0.2962962962962963 1.0
0 0.01 0.33980751241358653 0.04498004913330078 15.915862560272217 0.2857142857142857 1.0
0 0.01 0.2959770011254507 0.023120880126953125 15.93898344039917 0.2857142857142857 1.0
0 0.01 0.2578000249994245 0.022516965866088867 15.961500406265259 0.2857142857142857 1.0
0 0.01 0.22454735549379537 0.0469970703125 16.00849747657776 0.25806451612903225 1.0
0 0.01 0.19558382455304058 0.03107285499572754 16.039570331573486 0.25806451612903225 1.0
0 0.01 0.1703561920944177 0.03000807762145996 16.069578409194946 0.25806451612903225 1.0
0 0.01 0.14838257842248037 0.028966903686523438 16.09854531288147 0.25806451612903225 1.0
0 0.01 0.12924325971726744 0.027801990509033203 16.126347303390503 0.25806451612903225 1.0
0 0.01 0.1125726507783501 0.02668285369873047 16.153030157089233 0.25806451612903225 1.0
0 0.01 0.09805232188500161 0.021289825439453125 16.174319982528687 0.25806451612903225 1.0
0 0.01 0.08540491638568569 0.1766362190246582 16.350956201553345 0.2105263157894737 1.0
0 0.01 0.07438885283512764 0.20182394981384277 16.552780151367188 0.21621621621621623 1.0
0 0.01 0.06479371048308594 0.05283617973327637 16.605616331100464 0.21621621621621623 1.0
0 0.01 0.056436209971818335 0.05043315887451172 16.656049489974976 0.21621621621621623 1.0
0 0.01 0.049156712468482675 0.10247015953063965 16.758519649505615 0.2105263157894737 1.0
0 0.01 0.0428161703614703 0.03267478942871094 16.791194438934326 0.2105263157894737 1.0
0 0.01 0.03729347127511503 0.10178804397583008 16.892982482910156 0.20512820512820512 1.0
0 0.01 0.032483124670098805 0.10880875587463379 17.00179123878479 0.19999999999999998 1.0
