[216.40736058 188.4937774  164.18066384 143.00360867 124.55810333
 108.49181534  94.49785828  82.30892987  71.69220614  62.44489425
  54.39035884  47.37474809  41.26405496  35.94155748  31.30558923
  27.26759733  23.75045104  20.68696841  18.01863304  15.69447636
  13.67010404  11.906848    10.37102782   9.03330739   7.86813455
   6.85325305   5.96927734   5.19932239   4.52868107   3.94454329
   3.43575127   2.99258645   2.60658382   2.27037024   1.9775236
   1.72245016   1.5002777    1.30676244   1.138208     0.99139477
   0.86351843   0.75213639   0.65512111   0.57061946   0.49701737
   0.43290895   0.37706963   0.32843281   0.28606948   0.24917044]0 1 312.2098259152708 0.0012159347534179688 0.0012159347534179688 0.0 1.0
0 1 271.93903789811014 0.0012259483337402344 0.002441883087158203 0.0 1.0
0 1 236.8626295349813 0.03893709182739258 0.04137897491455078 0.33333333333333337 1.0
0 1 206.31059705097118 0.02971482276916504 0.07109379768371582 0.5714285714285715 1.0
0 1 179.69935797424765 0.019429683685302734 0.09052348136901855 0.5714285714285715 1.0
0 1 156.52060397255676 0.016131877899169922 0.10665535926818848 0.5714285714285715 1.0
0 1 136.33159152101595 0.014286994934082031 0.12094235420227051 0.5714285714285715 1.0
0 1 118.74668494067365 0.035054683685302734 0.15599703788757324 0.7499999999999999 1.0
0 1 103.42999026917344 0.019630908966064453 0.1756279468536377 0.7499999999999999 1.0
0 1 90.08893926113359 0.015382051467895508 0.1910099983215332 0.7499999999999999 1.0
0 1 78.46870096453189 0.010557174682617188 0.2015671730041504 0.7499999999999999 1.0
0 1 68.34731412713553 0.011485099792480469 0.21305227279663086 0.7499999999999999 1.0
0 1 59.53144745577994 0.014636039733886719 0.22768831253051758 0.6666666666666665 1.0
0 1 51.85270674408604 0.017838001251220703 0.24552631378173828 0.7272727272727272 1.0
0 1 45.16441833008278 0.014065742492675781 0.25959205627441406 0.7272727272727272 1.0
0 1 39.33882744370648 0.015356779098510742 0.2749488353729248 0.6153846153846154 1.0
0 1 34.26465792907022 0.032860755920410156 0.30780959129333496 0.47058823529411764 1.0
0 1 29.84498672911064 0.0347139835357666 0.34252357482910156 0.3636363636363636 1.0
0 1 25.99539253258091 0.048063039779663086 0.39058661460876465 0.3076923076923077 1.0
0 1 22.642343220204207 0.13290715217590332 0.523493766784668 0.26666666666666666 1.0
0 1 19.721791308170232 0.1556861400604248 0.6791799068450928 0.27586206896551724 1.0
0 1 17.177950560167822 0.20758914947509766 0.8867690563201904 0.26666666666666666 1.0
0 1 14.962230399696251 0.17288517951965332 1.0596542358398438 0.24242424242424243 1.0
0 1 13.03230776858211 0.1359560489654541 1.1956102848052979 0.2222222222222222 1.0
0 1 11.351318703025308 0.15636610984802246 1.3519763946533203 0.2222222222222222 1.0
0 1 9.887154185253786 0.13457012176513672 1.486546516418457 0.21621621621621623 1.0
0 1 8.611846820663045 0.13285279273986816 1.6193993091583252 0.20512820512820512 1.0
0 1 7.501036625197576 0.16080713272094727 1.7802064418792725 0.19999999999999998 1.0
0 1 6.53350571883761 0.13201618194580078 1.9122226238250732 0.20512820512820512 1.0
0 1 5.69077303724795 0.16086196899414062 2.073084592819214 0.18604651162790697 1.0
0 1 4.956741320068812 0.13893508911132812 2.212019681930542 0.1777777777777778 1.0
0 1 4.317389632878279 0.17540383338928223 2.387423515319824 0.16666666666666666 1.0
0 1 3.7605055496069455 1.2405171394348145 3.6279406547546387 0.1702127659574468 1.0
0 1 3.2754518797500736 0.2792370319366455 3.907177686691284 0.1702127659574468 1.0
0 1 2.8529634845718124 0.17663192749023438 4.0838096141815186 0.16666666666666666 1.0
0 1 2.4849703012340436 0.1913461685180664 4.275155782699585 0.163265306122449 1.0
0 1 2.1644431943866964 0.22723817825317383 4.502393960952759 0.163265306122449 1.0
0 1 1.8852596907900219 0.11462807655334473 4.6170220375061035 0.163265306122449 1.0
0 1 1.6420870323301746 0.1053309440612793 4.722352981567383 0.163265306122449 1.0
0 1 1.4302803135927475 0.1013481616973877 4.8237011432647705 0.163265306122449 1.0
0 1 1.2457937582930971 0.09962105751037598 4.9233222007751465 0.163265306122449 1.0
0 1 1.0851034398309916 0.5417041778564453 5.465026378631592 0.1568627450980392 1.0
0 1 0.945139969834425 0.4749479293823242 5.939974308013916 0.1568627450980392 1.0
0 1 0.823229868958621 0.6734392642974854 6.613413572311401 0.1568627450980392 1.0
0 1 0.7170445000483404 1.3631608486175537 7.976574420928955 0.15384615384615383 1.0
0 1 0.624555588222246 1.2329611778259277 9.209535598754883 0.1509433962264151 1.0
0 1 0.5439964782567033 0.902616024017334 10.112151622772217 0.1509433962264151 1.0
0 1 0.4738283892360109 0.8074178695678711 10.919569492340088 0.1509433962264151 1.0
0 1 0.4127110218901976 0.8356039524078369 11.755173444747925 0.1481481481481481 1.0
0 1 0.3594769571833539 0.8028810024261475 12.558054447174072 0.1481481481481481 1.0
0 0.1 130.20161032759302 0.0011670589447021484 12.559221506118774 0.0 1.0
0 0.1 113.40738729625762 0.0011568069458007812 12.560378313064575 0.0 1.0
0 0.1 98.77938883400856 0.0011568069458007812 12.561535120010376 0.0 1.0
0 0.1 86.03820166433057 0.0012137889862060547 12.562748908996582 0.0 1.0
0 0.1 74.9404529934022 0.0011930465698242188 12.563941955566406 0.0 1.0
0 0.1 65.27416178184274 0.0011539459228515625 12.565095901489258 0.0 1.0
0 0.1 56.854689638682785 0.001177072525024414 12.566272974014282 0.0 1.0
0 0.1 49.52121399451067 0.0011546611785888672 12.567427635192871 0.0 1.0
0 0.1 43.13365618693992 0.001177072525024414 12.568604707717896 0.0 1.0
0 0.1 37.570005780944214 0.0012166500091552734 12.56982135772705 0.0 1.0
0 0.1 32.7239900151928 0.0011699199676513672 12.570991277694702 0.0 1.0
0 0.1 28.503043857863506 0.0012469291687011719 12.572238206863403 0.0 1.0
0 0.1 24.826541897430772 0.017549991607666016 12.58978819847107 0.5714285714285715 1.0
0 0.1 21.624258295306348 0.008147954940795898 12.597936153411865 0.5714285714285715 1.0
0 0.1 18.835025383479486 0.008176088333129883 12.606112241744995 0.5714285714285715 1.0
0 0.1 16.405565284674683 0.008233070373535156 12.61434531211853 0.5714285714285715 1.0
0 0.1 14.289472237493916 0.008299112319946289 12.622644424438477 0.5714285714285715 1.0
0 0.1 12.446326187665905 0.006948947906494141 12.62959337234497 0.5714285714285715 1.0
0 0.1 10.840920713874212 0.013892889022827148 12.643486261367798 0.7499999999999999 1.0
0 0.1 9.44259054057033 0.008267879486083984 12.651754140853882 0.7499999999999999 1.0
0 0.1 8.224625792416147 0.00811004638671875 12.6598641872406 0.7499999999999999 1.0
0 0.1 7.163761801874259 0.008051872253417969 12.667916059494019 0.7499999999999999 1.0
0 0.1 6.239734724625884 0.00695490837097168 12.67487096786499 0.7499999999999999 1.0
0 0.1 5.43489447450858 0.022470951080322266 12.697341918945312 0.7272727272727272 1.0
0 0.1 4.733867584541418 0.013199090957641602 12.710541009902954 0.7272727272727272 1.0
0 0.1 4.123263554256632 0.010539054870605469 12.72108006477356 0.7272727272727272 1.0
0 0.1 3.591419074200402 0.03717398643493652 12.758254051208496 0.5714285714285714 1.0
0 0.1 3.128175241967003 0.07585692405700684 12.834110975265503 0.4444444444444444 1.0
0 0.1 2.7246835143108377 0.04802393913269043 12.882134914398193 0.4 1.0
0 0.1 2.373236688776134 0.08301210403442383 12.965147018432617 0.3636363636363636 1.0
0 0.1 2.0671216863796724 0.13665413856506348 13.10180115699768 0.32000000000000006 1.0
0 0.1 1.8004913233094775 0.048362016677856445 13.150163173675537 0.32000000000000006 1.0
0 0.1 1.5682526223167341 0.16354703903198242 13.31371021270752 0.2962962962962963 1.0
0 0.1 1.3659695304072161 0.11769604682922363 13.431406259536743 0.27586206896551724 1.0
0 0.1 1.1897781846170337 0.08528494834899902 13.516691207885742 0.26666666666666666 1.0
0 0.1 1.036313107341863 0.16489505767822266 13.681586265563965 0.25806451612903225 1.0
0 0.1 0.9026429214570189 0.15830397605895996 13.839890241622925 0.24242424242424243 1.0
0 0.1 0.786214357305898 0.10926604270935059 13.949156284332275 0.2352941176470588 1.0
0 0.1 0.6848034820193963 0.34445786476135254 14.293614149093628 0.2285714285714286 1.0
0 0.1 0.5964732195846044 0.13970589637756348 14.433320045471191 0.2285714285714286 1.0
0 0.1 0.5195363502423698 0.16418790817260742 14.597507953643799 0.21621621621621623 1.0
0 0.1 0.4525232824553942 0.17766308784484863 14.775171041488647 0.20512820512820512 1.0
0 0.1 0.3941539818506903 0.3094627857208252 15.084633827209473 0.19999999999999998 1.0
0 0.1 0.34331352094368267 0.7889158725738525 15.873549699783325 0.19512195121951217 1.0
0 0.1 0.2990307826127625 0.2049570083618164 16.07850670814514 0.2105263157894737 1.0
0 0.1 0.2604599105337001 0.15101170539855957 16.2295184135437 0.19999999999999998 1.0
0 0.1 0.22686415225376097 0.13147473335266113 16.360993146896362 0.19999999999999998 1.0
0 0.1 0.19760178628779224 0.1449589729309082 16.50595211982727 0.19512195121951217 1.0
0 0.1 0.17211386442601356 0.26584601402282715 16.771798133850098 0.18604651162790697 1.0
0 0.1 0.14991353511608546 0.3805880546569824 17.15238618850708 0.18181818181818182 1.0
0 0.01 28.211963230963963 0.001168966293334961 17.153555154800415 0.0 1.0
0 0.01 24.573006681497752 0.0011601448059082031 17.154715299606323 0.0 1.0
0 0.01 21.403425646968028 0.0011568069458007812 17.155872106552124 0.0 1.0
0 0.01 18.642677119777133 0.0012249946594238281 17.157097101211548 0.0 1.0
0 0.01 16.238027310431736 0.0012660026550292969 17.158363103866577 0.0 1.0
0 0.01 14.143544365449966 0.0011630058288574219 17.159526109695435 0.0 1.0
0 0.01 12.319221010851523 0.0011718273162841797 17.16069793701172 0.0 1.0
0 0.01 10.730210362611421 0.0011572837829589844 17.161855220794678 0.0 1.0
0 0.01 9.346160307090315 0.001154184341430664 17.16300940513611 0.0 1.0
0 0.01 8.140633737265514 0.0011701583862304688 17.16417956352234 0.0 1.0
0 0.01 7.090603570541246 0.001180887222290039 17.16536045074463 0.0 1.0
0 0.01 6.176012902339531 0.0011708736419677734 17.166531324386597 0.0 1.0
0 0.01 5.379391893848717 0.001203775405883789 17.16773509979248 0.0 1.0
0 0.01 4.685524076001097 0.0011610984802246094 17.168896198272705 0.0 1.0
0 0.01 4.081155695663349 0.0011630058288574219 17.170059204101562 0.0 1.0
0 0.01 3.554742552184356 0.0012340545654296875 17.171293258666992 0.0 1.0
0 0.01 3.09622948855821 0.0011761188507080078 17.1724693775177 0.0 1.0
0 0.01 2.6968583252045994 0.0011661052703857422 17.173635482788086 0.0 1.0
0 0.01 2.349000567658869 0.011739253997802734 17.18537473678589 0.5714285714285715 1.0
0 0.01 2.046011692676912 0.005899906158447266 17.191274642944336 0.5714285714285715 1.0
0 0.01 1.7821042294352372 0.00586390495300293 17.19713854789734 0.5714285714285715 1.0
0 0.01 1.5522372115164986 0.005817890167236328 17.202956438064575 0.5714285714285715 1.0
0 0.01 1.3520198880735976 0.006042003631591797 17.208998441696167 0.5714285714285715 1.0
0 0.01 1.1776278549337647 0.006064891815185547 17.215063333511353 0.5714285714285715 1.0
0 0.01 1.0257300036406054 0.010533809661865234 17.225597143173218 0.7499999999999999 1.0
0 0.01 0.8934248930683893 0.005885124206542969 17.23148226737976 0.7499999999999999 1.0
0 0.01 0.7781853282259436 0.00591588020324707 17.237398147583008 0.7499999999999999 1.0
0 0.01 0.6778100876351608 0.005735874176025391 17.243134021759033 0.7499999999999999 1.0
0 0.01 0.590381877216004 0.0059511661529541016 17.249085187911987 0.7499999999999999 1.0
0 0.01 0.5142307075440048 0.012969255447387695 17.262054443359375 0.7272727272727272 1.0
0 0.01 0.44790199493955546 0.007147073745727539 17.269201517105103 0.7272727272727272 1.0
0 0.01 0.39012877707943217 0.026773929595947266 17.29597544670105 0.5000000000000001 1.0
0 0.01 0.33980751241358653 0.03869199752807617 17.334667444229126 0.4 1.0
0 0.01 0.2959770011254507 0.018419981002807617 17.353087425231934 0.4 1.0
0 0.01 0.2578000249994245 0.018564224243164062 17.371651649475098 0.4 1.0
0 0.01 0.22454735549379537 0.06142306327819824 17.433074712753296 0.2857142857142857 1.0
0 0.01 0.19558382455304058 0.035440921783447266 17.468515634536743 0.2857142857142857 1.0
0 0.01 0.1703561920944177 0.06499004364013672 17.53350567817688 0.25 1.0
0 0.01 0.14838257842248037 0.032135963439941406 17.56564164161682 0.25 1.0
0 0.01 0.12924325971726744 0.07054877281188965 17.63619041442871 0.2352941176470588 1.0
0 0.01 0.1125726507783501 0.06378483772277832 17.69997525215149 0.2222222222222222 1.0
0 0.01 0.09805232188500161 0.131148099899292 17.83112335205078 0.2222222222222222 1.0
0 0.01 0.08540491638568569 0.09993219375610352 17.931055545806885 0.21621621621621623 1.0
0 0.01 0.07438885283512764 0.047971248626708984 17.979026794433594 0.21621621621621623 1.0
0 0.01 0.06479371048308594 0.04680180549621582 18.02582859992981 0.21621621621621623 1.0
0 0.01 0.056436209971818335 0.08297872543334961 18.10880732536316 0.2105263157894737 1.0
0 0.01 0.049156712468482675 0.08751702308654785 18.196324348449707 0.20512820512820512 1.0
0 0.01 0.0428161703614703 0.053688764572143555 18.25001311302185 0.20512820512820512 1.0
0 0.01 0.03729347127511503 0.051481008529663086 18.301494121551514 0.20512820512820512 1.0
0 0.01 0.032483124670098805 0.07492232322692871 18.376416444778442 0.19999999999999998 1.0
