[216.40736058 188.4937774  164.18066384 143.00360867 124.55810333
 108.49181534  94.49785828  82.30892987  71.69220614  62.44489425
  54.39035884  47.37474809  41.26405496  35.94155748  31.30558923
  27.26759733  23.75045104  20.68696841  18.01863304  15.69447636
  13.67010404  11.906848    10.37102782   9.03330739   7.86813455
   6.85325305   5.96927734   5.19932239   4.52868107   3.94454329
   3.43575127   2.99258645   2.60658382   2.27037024   1.9775236
   1.72245016   1.5002777    1.30676244   1.138208     0.99139477
   0.86351843   0.75213639   0.65512111   0.57061946   0.49701737
   0.43290895   0.37706963   0.32843281   0.28606948   0.24917044]0 1 312.2098259152708 0.001184225082397461 0.001184225082397461 0.0 1.0
0 1 271.93903789811014 0.0011668205261230469 0.002351045608520508 0.0 1.0
0 1 236.8626295349813 0.03412890434265137 0.036479949951171875 0.33333333333333337 1.0
0 1 206.31059705097118 0.027320146560668945 0.06380009651184082 0.5714285714285715 1.0
0 1 179.69935797424765 0.01985001564025879 0.08365011215209961 0.5714285714285715 1.0
0 1 156.52060397255676 0.014332056045532227 0.09798216819763184 0.5714285714285715 1.0
0 1 136.33159152101595 0.011900901794433594 0.10988306999206543 0.5714285714285715 1.0
0 1 118.74668494067365 0.028474807739257812 0.13835787773132324 0.7499999999999999 1.0
0 1 103.42999026917344 0.01765298843383789 0.15601086616516113 0.7499999999999999 1.0
0 1 90.08893926113359 0.012855052947998047 0.16886591911315918 0.7499999999999999 1.0
0 1 78.46870096453189 0.00824284553527832 0.1771087646484375 0.7499999999999999 1.0
0 1 68.34731412713553 0.009617805480957031 0.18672657012939453 0.7499999999999999 1.0
0 1 59.53144745577994 0.013038158416748047 0.19976472854614258 0.6666666666666665 1.0
0 1 51.85270674408604 0.015141010284423828 0.2149057388305664 0.7272727272727272 1.0
0 1 45.16441833008278 0.011854887008666992 0.2267606258392334 0.7272727272727272 1.0
0 1 39.33882744370648 0.011775970458984375 0.23853659629821777 0.6153846153846154 1.0
0 1 34.26465792907022 0.027108192443847656 0.26564478874206543 0.47058823529411764 1.0
0 1 29.84498672911064 0.027901887893676758 0.2935466766357422 0.3636363636363636 1.0
0 1 25.99539253258091 0.03466796875 0.3282146453857422 0.3076923076923077 1.0
0 1 22.642343220204207 0.10209512710571289 0.4303097724914551 0.26666666666666666 1.0
0 1 19.721791308170232 0.11365985870361328 0.5439696311950684 0.27586206896551724 1.0
0 1 17.177950560167822 0.17238306999206543 0.7163527011871338 0.26666666666666666 1.0
0 1 14.962230399696251 0.13789796829223633 0.8542506694793701 0.24242424242424243 1.0
0 1 13.03230776858211 0.11160492897033691 0.965855598449707 0.2222222222222222 1.0
0 1 11.351318703025308 0.11862015724182129 1.0844757556915283 0.2222222222222222 1.0
0 1 9.887154185253786 0.10974001884460449 1.1942157745361328 0.21621621621621623 1.0
0 1 8.611846820663045 0.10687613487243652 1.3010919094085693 0.20512820512820512 1.0
0 1 7.501036625197576 0.12477612495422363 1.425868034362793 0.19999999999999998 1.0
0 1 6.53350571883761 0.10161900520324707 1.52748703956604 0.20512820512820512 1.0
0 1 5.69077303724795 0.12368202209472656 1.6511690616607666 0.18604651162790697 1.0
0 1 4.956741320068812 0.10340213775634766 1.7545711994171143 0.1777777777777778 1.0
0 1 4.317389632878279 0.12519216537475586 1.8797633647918701 0.16666666666666666 1.0
0 1 3.7605055496069455 1.0646400451660156 2.9444034099578857 0.1702127659574468 1.0
0 1 3.2754518797500736 0.22742295265197754 3.1718263626098633 0.1702127659574468 1.0
0 1 2.8529634845718124 0.10954999923706055 3.281376361846924 0.16666666666666666 1.0
0 1 2.4849703012340436 0.12635087966918945 3.4077272415161133 0.163265306122449 1.0
0 1 2.1644431943866964 0.1749739646911621 3.5827012062072754 0.163265306122449 1.0
0 1 1.8852596907900219 0.07782983779907227 3.6605310440063477 0.163265306122449 1.0
0 1 1.6420870323301746 0.07556414604187012 3.7360951900482178 0.163265306122449 1.0
0 1 1.4302803135927475 0.07204294204711914 3.808138132095337 0.163265306122449 1.0
0 1 1.2457937582930971 0.06954789161682129 3.877686023712158 0.163265306122449 1.0
0 1 1.0851034398309916 0.3837130069732666 4.261399030685425 0.1568627450980392 1.0
0 1 0.945139969834425 0.33243393898010254 4.593832969665527 0.1568627450980392 1.0
0 1 0.823229868958621 0.5590379238128662 5.1528708934783936 0.1568627450980392 1.0
0 1 0.7170445000483404 1.1037790775299072 6.256649971008301 0.15384615384615383 1.0
0 1 0.624555588222246 0.9148409366607666 7.171490907669067 0.1509433962264151 1.0
0 1 0.5439964782567033 0.5973231792449951 7.7688140869140625 0.1509433962264151 1.0
0 1 0.4738283892360109 0.5225808620452881 8.29139494895935 0.1509433962264151 1.0
0 1 0.4127110218901976 0.5276439189910889 8.81903886795044 0.1481481481481481 1.0
0 1 0.3594769571833539 0.5128178596496582 9.331856727600098 0.1481481481481481 1.0
0 0.1 130.20161032759302 0.0011661052703857422 9.333022832870483 0.0 1.0
0 0.1 113.40738729625762 0.0011661052703857422 9.33418893814087 0.0 1.0
0 0.1 98.77938883400856 0.0011620521545410156 9.33535099029541 0.0 1.0
0 0.1 86.03820166433057 0.0013089179992675781 9.336659908294678 0.0 1.0
0 0.1 74.9404529934022 0.0011949539184570312 9.337854862213135 0.0 1.0
0 0.1 65.27416178184274 0.001171112060546875 9.339025974273682 0.0 1.0
0 0.1 56.854689638682785 0.0011630058288574219 9.340188980102539 0.0 1.0
0 0.1 49.52121399451067 0.0011568069458007812 9.34134578704834 0.0 1.0
0 0.1 43.13365618693992 0.0011658668518066406 9.342511653900146 0.0 1.0
0 0.1 37.570005780944214 0.0013370513916015625 9.343848705291748 0.0 1.0
0 0.1 32.7239900151928 0.0011739730834960938 9.345022678375244 0.0 1.0
0 0.1 28.503043857863506 0.0011610984802246094 9.346183776855469 0.0 1.0
0 0.1 24.826541897430772 0.016442060470581055 9.36262583732605 0.5714285714285715 1.0
0 0.1 21.624258295306348 0.007282257080078125 9.369908094406128 0.5714285714285715 1.0
0 0.1 18.835025383479486 0.007211923599243164 9.377120018005371 0.5714285714285715 1.0
0 0.1 16.405565284674683 0.007166147232055664 9.384286165237427 0.5714285714285715 1.0
0 0.1 14.289472237493916 0.007333278656005859 9.391619443893433 0.5714285714285715 1.0
0 0.1 12.446326187665905 0.006014108657836914 9.39763355255127 0.5714285714285715 1.0
0 0.1 10.840920713874212 0.011777877807617188 9.409411430358887 0.7499999999999999 1.0
0 0.1 9.44259054057033 0.0070760250091552734 9.416487455368042 0.7499999999999999 1.0
0 0.1 8.224625792416147 0.006078004837036133 9.422565460205078 0.7499999999999999 1.0
0 0.1 7.163761801874259 0.006115913391113281 9.428681373596191 0.7499999999999999 1.0
0 0.1 6.239734724625884 0.0058062076568603516 9.434487581253052 0.7499999999999999 1.0
0 0.1 5.43489447450858 0.018655061721801758 9.453142642974854 0.7272727272727272 1.0
0 0.1 4.733867584541418 0.010612010955810547 9.463754653930664 0.7272727272727272 1.0
0 0.1 4.123263554256632 0.00935506820678711 9.473109722137451 0.7272727272727272 1.0
0 0.1 3.591419074200402 0.03365921974182129 9.506768941879272 0.5714285714285714 1.0
0 0.1 3.128175241967003 0.06826090812683105 9.575029850006104 0.4444444444444444 1.0
0 0.1 2.7246835143108377 0.041610002517700195 9.616639852523804 0.4 1.0
0 0.1 2.373236688776134 0.07241678237915039 9.689056634902954 0.3636363636363636 1.0
0 0.1 2.0671216863796724 0.1175539493560791 9.806610584259033 0.32000000000000006 1.0
0 0.1 1.8004913233094775 0.036887168884277344 9.84349775314331 0.32000000000000006 1.0
0 0.1 1.5682526223167341 0.1423039436340332 9.985801696777344 0.2962962962962963 1.0
0 0.1 1.3659695304072161 0.09434103965759277 10.080142736434937 0.27586206896551724 1.0
0 0.1 1.1897781846170337 0.06870102882385254 10.148843765258789 0.26666666666666666 1.0
0 0.1 1.036313107341863 0.13130617141723633 10.280149936676025 0.25806451612903225 1.0
0 0.1 0.9026429214570189 0.13253307342529297 10.412683010101318 0.24242424242424243 1.0
0 0.1 0.786214357305898 0.0862729549407959 10.498955965042114 0.2352941176470588 1.0
0 0.1 0.6848034820193963 0.2689239978790283 10.767879962921143 0.2285714285714286 1.0
0 0.1 0.5964732195846044 0.1066431999206543 10.874523162841797 0.2285714285714286 1.0
0 0.1 0.5195363502423698 0.12411904335021973 10.998642206192017 0.21621621621621623 1.0
0 0.1 0.4525232824553942 0.13496780395507812 11.133610010147095 0.20512820512820512 1.0
0 0.1 0.3941539818506903 0.237962007522583 11.371572017669678 0.19999999999999998 1.0
0 0.1 0.34331352094368267 0.6394138336181641 12.010985851287842 0.19512195121951217 1.0
0 0.1 0.2990307826127625 0.17619991302490234 12.187185764312744 0.2105263157894737 1.0
0 0.1 0.2604599105337001 0.10994696617126465 12.297132730484009 0.19999999999999998 1.0
0 0.1 0.22686415225376097 0.09416079521179199 12.3912935256958 0.19999999999999998 1.0
0 0.1 0.19760178628779224 0.10473132133483887 12.49602484703064 0.19512195121951217 1.0
0 0.1 0.17211386442601356 0.16411089897155762 12.660135746002197 0.18604651162790697 1.0
0 0.1 0.14991353511608546 0.2867748737335205 12.946910619735718 0.18181818181818182 1.0
0 0.01 28.211963230963963 0.0011677742004394531 12.948078393936157 0.0 1.0
0 0.01 24.573006681497752 0.0011577606201171875 12.949236154556274 0.0 1.0
0 0.01 21.403425646968028 0.0011599063873291016 12.950396060943604 0.0 1.0
0 0.01 18.642677119777133 0.001249074935913086 12.951645135879517 0.0 1.0
0 0.01 16.238027310431736 0.0011987686157226562 12.95284390449524 0.0 1.0
0 0.01 14.143544365449966 0.001171112060546875 12.954015016555786 0.0 1.0
0 0.01 12.319221010851523 0.0011620521545410156 12.955177068710327 0.0 1.0
0 0.01 10.730210362611421 0.0011589527130126953 12.95633602142334 0.0 1.0
0 0.01 9.346160307090315 0.0012171268463134766 12.957553148269653 0.0 1.0
0 0.01 8.140633737265514 0.00116729736328125 12.958720445632935 0.0 1.0
0 0.01 7.090603570541246 0.0011801719665527344 12.959900617599487 0.0 1.0
0 0.01 6.176012902339531 0.0011539459228515625 12.961054563522339 0.0 1.0
0 0.01 5.379391893848717 0.0011792182922363281 12.962233781814575 0.0 1.0
0 0.01 4.685524076001097 0.001216888427734375 12.96345067024231 0.0 1.0
0 0.01 4.081155695663349 0.0012049674987792969 12.964655637741089 0.0 1.0
0 0.01 3.554742552184356 0.0011680126190185547 12.965823650360107 0.0 1.0
0 0.01 3.09622948855821 0.0011548995971679688 12.966978549957275 0.0 1.0
0 0.01 2.6968583252045994 0.0012309551239013672 12.968209505081177 0.0 1.0
0 0.01 2.349000567658869 0.010735034942626953 12.978944540023804 0.5714285714285715 1.0
0 0.01 2.046011692676912 0.004770040512084961 12.983714580535889 0.5714285714285715 1.0
0 0.01 1.7821042294352372 0.004606962203979492 12.988321542739868 0.5714285714285715 1.0
0 0.01 1.5522372115164986 0.0048139095306396484 12.993135452270508 0.5714285714285715 1.0
0 0.01 1.3520198880735976 0.004595041275024414 12.997730493545532 0.5714285714285715 1.0
0 0.01 1.1776278549337647 0.004815101623535156 13.002545595169067 0.5714285714285715 1.0
0 0.01 1.0257300036406054 0.009998798370361328 13.012544393539429 0.7499999999999999 1.0
0 0.01 0.8934248930683893 0.004892110824584961 13.017436504364014 0.7499999999999999 1.0
0 0.01 0.7781853282259436 0.005110979080200195 13.022547483444214 0.7499999999999999 1.0
0 0.01 0.6778100876351608 0.005149126052856445 13.02769660949707 0.7499999999999999 1.0
0 0.01 0.590381877216004 0.004743814468383789 13.032440423965454 0.7499999999999999 1.0
0 0.01 0.5142307075440048 0.012023210525512695 13.044463634490967 0.7272727272727272 1.0
0 0.01 0.44790199493955546 0.005998134613037109 13.050461769104004 0.7272727272727272 1.0
0 0.01 0.39012877707943217 0.024919748306274414 13.075381517410278 0.5000000000000001 1.0
0 0.01 0.33980751241358653 0.0345606803894043 13.109942197799683 0.4 1.0
0 0.01 0.2959770011254507 0.014055967330932617 13.123998165130615 0.4 1.0
0 0.01 0.2578000249994245 0.014167070388793945 13.13816523551941 0.4 1.0
0 0.01 0.22454735549379537 0.05281686782836914 13.190982103347778 0.2857142857142857 1.0
0 0.01 0.19558382455304058 0.02745819091796875 13.218440294265747 0.2857142857142857 1.0
0 0.01 0.1703561920944177 0.05280900001525879 13.271249294281006 0.25 1.0
0 0.01 0.14838257842248037 0.02465200424194336 13.29590129852295 0.25 1.0
0 0.01 0.12924325971726744 0.059882402420043945 13.355783700942993 0.2352941176470588 1.0
0 0.01 0.1125726507783501 0.05245685577392578 13.408240556716919 0.2222222222222222 1.0
0 0.01 0.09805232188500161 0.11859393119812012 13.526834487915039 0.2222222222222222 1.0
0 0.01 0.08540491638568569 0.08336591720581055 13.61020040512085 0.21621621621621623 1.0
0 0.01 0.07438885283512764 0.03145909309387207 13.641659498214722 0.21621621621621623 1.0
0 0.01 0.06479371048308594 0.03025674819946289 13.671916246414185 0.21621621621621623 1.0
0 0.01 0.056436209971818335 0.06666803359985352 13.738584280014038 0.2105263157894737 1.0
0 0.01 0.049156712468482675 0.07013607025146484 13.808720350265503 0.20512820512820512 1.0
0 0.01 0.0428161703614703 0.037065982818603516 13.845786333084106 0.20512820512820512 1.0
0 0.01 0.03729347127511503 0.03590703010559082 13.881693363189697 0.20512820512820512 1.0
0 0.01 0.032483124670098805 0.05967593193054199 13.94136929512024 0.19999999999999998 1.0
