[216.40736058 188.4937774  164.18066384 143.00360867 124.55810333
 108.49181534  94.49785828  82.30892987  71.69220614  62.44489425
  54.39035884  47.37474809  41.26405496  35.94155748  31.30558923
  27.26759733  23.75045104  20.68696841  18.01863304  15.69447636
  13.67010404  11.906848    10.37102782   9.03330739   7.86813455
   6.85325305   5.96927734   5.19932239   4.52868107   3.94454329
   3.43575127   2.99258645   2.60658382   2.27037024   1.9775236
   1.72245016   1.5002777    1.30676244   1.138208     0.99139477
   0.86351843   0.75213639   0.65512111   0.57061946   0.49701737
   0.43290895   0.37706963   0.32843281   0.28606948   0.24917044]0 1 312.2098259152708 0.000640869140625 0.000640869140625 0.0 1.0
0 1 271.93903789811014 0.0006580352783203125 0.0012989044189453125 0.0 1.0
0 1 236.8626295349813 0.008856773376464844 0.010155677795410156 0.33333333333333337 1.0
0 1 206.31059705097118 0.007570028305053711 0.017725706100463867 0.5714285714285715 1.0
0 1 179.69935797424765 0.0046536922454833984 0.022379398345947266 0.5714285714285715 1.0
0 1 156.52060397255676 0.004015922546386719 0.026395320892333984 0.5714285714285715 1.0
0 1 136.33159152101595 0.003789186477661133 0.030184507369995117 0.5714285714285715 1.0
0 1 118.74668494067365 0.008633852005004883 0.038818359375 0.7499999999999999 1.0
0 1 103.42999026917344 0.005422115325927734 0.044240474700927734 0.7499999999999999 1.0
0 1 90.08893926113359 0.004621028900146484 0.04886150360107422 0.7499999999999999 1.0
0 1 78.46870096453189 0.0037512779235839844 0.0526127815246582 0.7499999999999999 1.0
0 1 68.34731412713553 0.004414081573486328 0.05702686309814453 0.7499999999999999 1.0
0 1 59.53144745577994 0.006648063659667969 0.0636749267578125 0.6666666666666665 1.0
0 1 51.85270674408604 0.009057044982910156 0.07273197174072266 0.7272727272727272 1.0
0 1 45.16441833008278 0.009071111679077148 0.0818030834197998 0.7272727272727272 1.0
0 1 39.33882744370648 0.009759902954101562 0.09156298637390137 0.6153846153846154 1.0
0 1 34.26465792907022 0.01732611656188965 0.10888910293579102 0.47058823529411764 1.0
0 1 29.84498672911064 0.020885944366455078 0.1297750473022461 0.3636363636363636 1.0
0 1 25.99539253258091 0.026211023330688477 0.15598607063293457 0.3076923076923077 1.0
0 1 22.642343220204207 0.07136893272399902 0.2273550033569336 0.26666666666666666 1.0
0 1 19.721791308170232 0.08285808563232422 0.3102130889892578 0.27586206896551724 1.0
0 1 17.177950560167822 0.14272308349609375 0.45293617248535156 0.26666666666666666 1.0
0 1 14.962230399696251 0.11379885673522949 0.566735029220581 0.24242424242424243 1.0
0 1 13.03230776858211 0.10330605506896973 0.6700410842895508 0.2222222222222222 1.0
0 1 11.351318703025308 0.10742497444152832 0.7774660587310791 0.2222222222222222 1.0
0 1 9.887154185253786 0.09780287742614746 0.8752689361572266 0.21621621621621623 1.0
0 1 8.611846820663045 0.09660792350769043 0.971876859664917 0.20512820512820512 1.0
0 1 7.501036625197576 0.1248171329498291 1.096693992614746 0.19999999999999998 1.0
0 1 6.53350571883761 0.10790300369262695 1.204596996307373 0.20512820512820512 1.0
0 1 5.69077303724795 0.13001203536987305 1.334609031677246 0.18604651162790697 1.0
0 1 4.956741320068812 0.11113762855529785 1.445746660232544 0.1777777777777778 1.0
0 1 4.317389632878279 0.14269399642944336 1.5884406566619873 0.16666666666666666 1.0
0 1 3.7605055496069455 1.1418039798736572 2.7302446365356445 0.1702127659574468 1.0
0 1 3.2754518797500736 0.25463390350341797 2.9848785400390625 0.1702127659574468 1.0
0 1 2.8529634845718124 0.1335008144378662 3.1183793544769287 0.16666666666666666 1.0
0 1 2.4849703012340436 0.15495705604553223 3.273336410522461 0.163265306122449 1.0
0 1 2.1644431943866964 0.20197510719299316 3.475311517715454 0.163265306122449 1.0
0 1 1.8852596907900219 0.10410499572753906 3.579416513442993 0.163265306122449 1.0
0 1 1.6420870323301746 0.09709000587463379 3.676506519317627 0.163265306122449 1.0
0 1 1.4302803135927475 0.09527993202209473 3.7717864513397217 0.163265306122449 1.0
0 1 1.2457937582930971 0.09474706649780273 3.8665335178375244 0.163265306122449 1.0
0 1 1.0851034398309916 0.5036520957946777 4.370185613632202 0.1568627450980392 1.0
0 1 0.945139969834425 0.45242881774902344 4.822614431381226 0.1568627450980392 1.0
0 1 0.823229868958621 0.6755537986755371 5.498168230056763 0.1568627450980392 1.0
0 1 0.7170445000483404 1.3593919277191162 6.857560157775879 0.15384615384615383 1.0
0 1 0.624555588222246 1.25233793258667 8.109898090362549 0.1509433962264151 1.0
0 1 0.5439964782567033 0.9006848335266113 9.01058292388916 0.1509433962264151 1.0
0 1 0.4738283892360109 0.8219180107116699 9.83250093460083 0.1509433962264151 1.0
0 1 0.4127110218901976 0.8489959239959717 10.681496858596802 0.1481481481481481 1.0
0 1 0.3594769571833539 0.8339409828186035 11.515437841415405 0.1481481481481481 1.0
0 0.1 130.20161032759302 0.0006358623504638672 11.51607370376587 0.0 1.0
0 0.1 113.40738729625762 0.0006508827209472656 11.516724586486816 0.0 1.0
0 0.1 98.77938883400856 0.0006241798400878906 11.517348766326904 0.0 1.0
0 0.1 86.03820166433057 0.0006270408630371094 11.517975807189941 0.0 1.0
0 0.1 74.9404529934022 0.0006449222564697266 11.518620729446411 0.0 1.0
0 0.1 65.27416178184274 0.0006649494171142578 11.519285678863525 0.0 1.0
0 0.1 56.854689638682785 0.0006568431854248047 11.51994252204895 0.0 1.0
0 0.1 49.52121399451067 0.0006349086761474609 11.520577430725098 0.0 1.0
0 0.1 43.13365618693992 0.0006620883941650391 11.521239519119263 0.0 1.0
0 0.1 37.570005780944214 0.00063323974609375 11.521872758865356 0.0 1.0
0 0.1 32.7239900151928 0.0007429122924804688 11.522615671157837 0.0 1.0
0 0.1 28.503043857863506 0.0006711483001708984 11.523286819458008 0.0 1.0
0 0.1 24.826541897430772 0.007626056671142578 11.53091287612915 0.5714285714285715 1.0
0 0.1 21.624258295306348 0.0019829273223876953 11.532895803451538 0.5714285714285715 1.0
0 0.1 18.835025383479486 0.0019719600677490234 11.534867763519287 0.5714285714285715 1.0
0 0.1 16.405565284674683 0.00209808349609375 11.53696584701538 0.5714285714285715 1.0
0 0.1 14.289472237493916 0.0020749568939208984 11.539040803909302 0.5714285714285715 1.0
0 0.1 12.446326187665905 0.002118825912475586 11.541159629821777 0.5714285714285715 1.0
0 0.1 10.840920713874212 0.006993770599365234 11.548153400421143 0.7499999999999999 1.0
0 0.1 9.44259054057033 0.0025017261505126953 11.550655126571655 0.7499999999999999 1.0
0 0.1 8.224625792416147 0.002665996551513672 11.553321123123169 0.7499999999999999 1.0
0 0.1 7.163761801874259 0.0031633377075195312 11.556484460830688 0.7499999999999999 1.0
0 0.1 6.239734724625884 0.0029790401458740234 11.559463500976562 0.7499999999999999 1.0
0 0.1 5.43489447450858 0.012883901596069336 11.572347402572632 0.7272727272727272 1.0
0 0.1 4.733867584541418 0.006620883941650391 11.578968286514282 0.7272727272727272 1.0
0 0.1 4.123263554256632 0.006334066390991211 11.585302352905273 0.7272727272727272 1.0
0 0.1 3.591419074200402 0.02801060676574707 11.61331295967102 0.5714285714285714 1.0
0 0.1 3.128175241967003 0.06415390968322754 11.677466869354248 0.4444444444444444 1.0
0 0.1 2.7246835143108377 0.033476829528808594 11.710943698883057 0.4 1.0
0 0.1 2.373236688776134 0.062419891357421875 11.773363590240479 0.3636363636363636 1.0
0 0.1 2.0671216863796724 0.09726881980895996 11.870632410049438 0.32000000000000006 1.0
0 0.1 1.8004913233094775 0.02937006950378418 11.900002479553223 0.32000000000000006 1.0
0 0.1 1.5682526223167341 0.12621784210205078 12.026220321655273 0.2962962962962963 1.0
0 0.1 1.3659695304072161 0.08248305320739746 12.108703374862671 0.27586206896551724 1.0
0 0.1 1.1897781846170337 0.05787229537963867 12.16657567024231 0.26666666666666666 1.0
0 0.1 1.036313107341863 0.11490392684936523 12.281479597091675 0.25806451612903225 1.0
0 0.1 0.9026429214570189 0.1359691619873047 12.41744875907898 0.24242424242424243 1.0
0 0.1 0.786214357305898 0.0830237865447998 12.50047254562378 0.2352941176470588 1.0
0 0.1 0.6848034820193963 0.2291550636291504 12.72962760925293 0.2285714285714286 1.0
0 0.1 0.5964732195846044 0.09837889671325684 12.828006505966187 0.2285714285714286 1.0
0 0.1 0.5195363502423698 0.1234598159790039 12.95146632194519 0.21621621621621623 1.0
0 0.1 0.4525232824553942 0.13270211219787598 13.084168434143066 0.20512820512820512 1.0
0 0.1 0.3941539818506903 0.23975777626037598 13.323926210403442 0.19999999999999998 1.0
0 0.1 0.34331352094368267 0.6719610691070557 13.995887279510498 0.19512195121951217 1.0
0 0.1 0.2990307826127625 0.19179201126098633 14.187679290771484 0.2105263157894737 1.0
0 0.1 0.2604599105337001 0.12728595733642578 14.31496524810791 0.19999999999999998 1.0
0 0.1 0.22686415225376097 0.11247587203979492 14.427441120147705 0.19999999999999998 1.0
0 0.1 0.19760178628779224 0.12270689010620117 14.550148010253906 0.19512195121951217 1.0
0 0.1 0.17211386442601356 0.2278289794921875 14.777976989746094 0.18604651162790697 1.0
0 0.1 0.14991353511608546 0.34494709968566895 15.122924089431763 0.18181818181818182 1.0
0 0.01 28.211963230963963 0.0006279945373535156 15.123552083969116 0.0 1.0
0 0.01 24.573006681497752 0.0006351470947265625 15.124187231063843 0.0 1.0
0 0.01 21.403425646968028 0.0006170272827148438 15.124804258346558 0.0 1.0
0 0.01 18.642677119777133 0.0006279945373535156 15.125432252883911 0.0 1.0
0 0.01 16.238027310431736 0.0006201267242431641 15.126052379608154 0.0 1.0
0 0.01 14.143544365449966 0.0006501674652099609 15.126702547073364 0.0 1.0
0 0.01 12.319221010851523 0.000698089599609375 15.127400636672974 0.0 1.0
0 0.01 10.730210362611421 0.000637054443359375 15.128037691116333 0.0 1.0
0 0.01 9.346160307090315 0.0006690025329589844 15.128706693649292 0.0 1.0
0 0.01 8.140633737265514 0.0006589889526367188 15.129365682601929 0.0 1.0
0 0.01 7.090603570541246 0.0006229877471923828 15.129988670349121 0.0 1.0
0 0.01 6.176012902339531 0.0006346702575683594 15.13062334060669 0.0 1.0
0 0.01 5.379391893848717 0.0006151199340820312 15.131238460540771 0.0 1.0
0 0.01 4.685524076001097 0.0006361007690429688 15.131874561309814 0.0 1.0
0 0.01 4.081155695663349 0.0006480216979980469 15.132522583007812 0.0 1.0
0 0.01 3.554742552184356 0.0006330013275146484 15.133155584335327 0.0 1.0
0 0.01 3.09622948855821 0.0007486343383789062 15.133904218673706 0.0 1.0
0 0.01 2.6968583252045994 0.0006537437438964844 15.134557962417603 0.0 1.0
0 0.01 2.349000567658869 0.0068738460540771484 15.14143180847168 0.5714285714285715 1.0
0 0.01 2.046011692676912 0.0015370845794677734 15.142968893051147 0.5714285714285715 1.0
0 0.01 1.7821042294352372 0.0016582012176513672 15.144627094268799 0.5714285714285715 1.0
0 0.01 1.5522372115164986 0.0016491413116455078 15.146276235580444 0.5714285714285715 1.0
0 0.01 1.3520198880735976 0.0016350746154785156 15.147911310195923 0.5714285714285715 1.0
0 0.01 1.1776278549337647 0.0019178390502929688 15.149829149246216 0.5714285714285715 1.0
0 0.01 1.0257300036406054 0.0055501461029052734 15.155379295349121 0.7499999999999999 1.0
0 0.01 0.8934248930683893 0.002048015594482422 15.157427310943604 0.7499999999999999 1.0
0 0.01 0.7781853282259436 0.0027277469635009766 15.160155057907104 0.7499999999999999 1.0
0 0.01 0.6778100876351608 0.0026738643646240234 15.162828922271729 0.7499999999999999 1.0
0 0.01 0.590381877216004 0.003000020980834961 15.165828943252563 0.7499999999999999 1.0
0 0.01 0.5142307075440048 0.008938074111938477 15.174767017364502 0.7272727272727272 1.0
0 0.01 0.44790199493955546 0.0037927627563476562 15.17855978012085 0.7272727272727272 1.0
0 0.01 0.39012877707943217 0.02522897720336914 15.203788757324219 0.5000000000000001 1.0
0 0.01 0.33980751241358653 0.029299020767211914 15.23308777809143 0.4 1.0
0 0.01 0.2959770011254507 0.009466171264648438 15.242553949356079 0.4 1.0
0 0.01 0.2578000249994245 0.011235713958740234 15.25378966331482 0.4 1.0
0 0.01 0.22454735549379537 0.04848313331604004 15.30227279663086 0.2857142857142857 1.0
0 0.01 0.19558382455304058 0.020513057708740234 15.3227858543396 0.2857142857142857 1.0
0 0.01 0.1703561920944177 0.048182010650634766 15.370967864990234 0.25 1.0
0 0.01 0.14838257842248037 0.020131826400756836 15.391099691390991 0.25 1.0
0 0.01 0.12924325971726744 0.05866098403930664 15.449760675430298 0.2352941176470588 1.0
0 0.01 0.1125726507783501 0.05068612098693848 15.500446796417236 0.2222222222222222 1.0
0 0.01 0.09805232188500161 0.12164497375488281 15.62209177017212 0.2222222222222222 1.0
0 0.01 0.08540491638568569 0.0758509635925293 15.697942733764648 0.21621621621621623 1.0
0 0.01 0.07438885283512764 0.0283811092376709 15.72632384300232 0.21621621621621623 1.0
0 0.01 0.06479371048308594 0.028941869735717773 15.755265712738037 0.21621621621621623 1.0
0 0.01 0.056436209971818335 0.06652593612670898 15.821791648864746 0.2105263157894737 1.0
0 0.01 0.049156712468482675 0.07219481468200684 15.893986463546753 0.20512820512820512 1.0
0 0.01 0.0428161703614703 0.0389249324798584 15.932911396026611 0.20512820512820512 1.0
0 0.01 0.03729347127511503 0.03887796401977539 15.971789360046387 0.20512820512820512 1.0
0 0.01 0.032483124670098805 0.06653165817260742 16.038321018218994 0.19999999999999998 1.0
