[216.40736058 188.4937774  164.18066384 143.00360867 124.55810333
 108.49181534  94.49785828  82.30892987  71.69220614  62.44489425
  54.39035884  47.37474809  41.26405496  35.94155748  31.30558923
  27.26759733  23.75045104  20.68696841  18.01863304  15.69447636
  13.67010404  11.906848    10.37102782   9.03330739   7.86813455
   6.85325305   5.96927734   5.19932239   4.52868107   3.94454329
   3.43575127   2.99258645   2.60658382   2.27037024   1.9775236
   1.72245016   1.5002777    1.30676244   1.138208     0.99139477
   0.86351843   0.75213639   0.65512111   0.57061946   0.49701737
   0.43290895   0.37706963   0.32843281   0.28606948   0.24917044]0 1 312.2098259152708 0.0006489753723144531 0.0006489753723144531 0.0 1.0
0 1 271.93903789811014 0.0006401538848876953 0.0012891292572021484 0.0 1.0
0 1 236.8626295349813 0.0062830448150634766 0.007572174072265625 0.33333333333333337 1.0
0 1 206.31059705097118 0.005352973937988281 0.012925148010253906 0.5714285714285715 1.0
0 1 179.69935797424765 0.0038399696350097656 0.016765117645263672 0.5714285714285715 1.0
0 1 156.52060397255676 0.0028066635131835938 0.019571781158447266 0.5714285714285715 1.0
0 1 136.33159152101595 0.0026268959045410156 0.02219867706298828 0.5714285714285715 1.0
0 1 118.74668494067365 0.00577998161315918 0.02797865867614746 0.7499999999999999 1.0
0 1 103.42999026917344 0.0037801265716552734 0.031758785247802734 0.7499999999999999 1.0
0 1 90.08893926113359 0.0033600330352783203 0.035118818283081055 0.7499999999999999 1.0
0 1 78.46870096453189 0.0028738975524902344 0.03799271583557129 0.7499999999999999 1.0
0 1 68.34731412713553 0.0033087730407714844 0.04130148887634277 0.7499999999999999 1.0
0 1 59.53144745577994 0.004094839096069336 0.04539632797241211 0.6666666666666665 1.0
0 1 51.85270674408604 0.0061419010162353516 0.05153822898864746 0.7272727272727272 1.0
0 1 45.16441833008278 0.006721019744873047 0.05825924873352051 0.7272727272727272 1.0
0 1 39.33882744370648 0.0062999725341796875 0.0645592212677002 0.6153846153846154 1.0
0 1 34.26465792907022 0.013210296630859375 0.07776951789855957 0.47058823529411764 1.0
0 1 29.84498672911064 0.015388011932373047 0.09315752983093262 0.3636363636363636 1.0
0 1 25.99539253258091 0.018097877502441406 0.11125540733337402 0.3076923076923077 1.0
0 1 22.642343220204207 0.04509997367858887 0.1563553810119629 0.26666666666666666 1.0
0 1 19.721791308170232 0.049054861068725586 0.20541024208068848 0.27586206896551724 1.0
0 1 17.177950560167822 0.10838508605957031 0.3137953281402588 0.26666666666666666 1.0
0 1 14.962230399696251 0.08237791061401367 0.39617323875427246 0.24242424242424243 1.0
0 1 13.03230776858211 0.08243298530578613 0.4786062240600586 0.2222222222222222 1.0
0 1 11.351318703025308 0.07065320014953613 0.5492594242095947 0.2222222222222222 1.0
0 1 9.887154185253786 0.07192277908325195 0.6211822032928467 0.21621621621621623 1.0
0 1 8.611846820663045 0.06978321075439453 0.6909654140472412 0.20512820512820512 1.0
0 1 7.501036625197576 0.0796961784362793 0.7706615924835205 0.19999999999999998 1.0
0 1 6.53350571883761 0.0682990550994873 0.8389606475830078 0.20512820512820512 1.0
0 1 5.69077303724795 0.0804750919342041 0.9194357395172119 0.18604651162790697 1.0
0 1 4.956741320068812 0.06468391418457031 0.9841196537017822 0.1777777777777778 1.0
0 1 4.317389632878279 0.07918286323547363 1.0633025169372559 0.1702127659574468 1.0
0 1 3.7605055496069455 0.9139738082885742 1.97727632522583 0.1702127659574468 1.0
0 1 3.2754518797500736 0.18151593208312988 2.15879225730896 0.1702127659574468 1.0
0 1 2.8529634845718124 0.04256582260131836 2.2013580799102783 0.16666666666666666 1.0
0 1 2.4849703012340436 0.05897378921508789 2.260331869125366 0.163265306122449 1.0
0 1 2.1644431943866964 0.12846708297729492 2.388798952102661 0.163265306122449 1.0
0 1 1.8852596907900219 0.05384397506713867 2.4426429271698 0.163265306122449 1.0
0 1 1.6420870323301746 0.051042795181274414 2.493685722351074 0.163265306122449 1.0
0 1 1.4302803135927475 0.04890871047973633 2.5425944328308105 0.163265306122449 1.0
0 1 1.2457937582930971 0.04572129249572754 2.588315725326538 0.163265306122449 1.0
0 1 1.0851034398309916 0.23615813255310059 2.8244738578796387 0.1568627450980392 1.0
0 1 0.945139969834425 0.2052459716796875 3.029719829559326 0.1568627450980392 1.0
0 1 0.823229868958621 0.48998022079467773 3.519700050354004 0.1568627450980392 1.0
0 1 0.7170445000483404 0.14200377464294434 3.6617038249969482 0.1481481481481481 1.0
0 1 0.624555588222246 1.4574477672576904 5.119151592254639 0.15384615384615383 1.0
0 1 0.5439964782567033 0.15387892723083496 5.273030519485474 0.1481481481481481 1.0
0 1 0.4738283892360109 1.1179399490356445 6.390970468521118 0.1509433962264151 1.0
0 1 0.4127110218901976 0.30489397048950195 6.69586443901062 0.14545454545454545 1.0
0 1 0.3594769571833539 0.35935187339782715 7.055216312408447 0.1481481481481481 1.0
0 0.1 130.20161032759302 0.0006721019744873047 7.055888414382935 0.0 1.0
0 0.1 113.40738729625762 0.0006420612335205078 7.056530475616455 0.0 1.0
0 0.1 98.77938883400856 0.0006337165832519531 7.057164192199707 0.0 1.0
0 0.1 86.03820166433057 0.0006279945373535156 7.0577921867370605 0.0 1.0
0 0.1 74.9404529934022 0.0006489753723144531 7.058441162109375 0.0 1.0
0 0.1 65.27416178184274 0.0006442070007324219 7.059085369110107 0.0 1.0
0 0.1 56.854689638682785 0.0006649494171142578 7.059750318527222 0.0 1.0
0 0.1 49.52121399451067 0.0006320476531982422 7.06038236618042 0.0 1.0
0 0.1 43.13365618693992 0.0006749629974365234 7.0610573291778564 0.0 1.0
0 0.1 37.570005780944214 0.0006611347198486328 7.061718463897705 0.0 1.0
0 0.1 32.7239900151928 0.0006499290466308594 7.062368392944336 0.0 1.0
0 0.1 28.503043857863506 0.0007443428039550781 7.063112735748291 0.0 1.0
0 0.1 24.826541897430772 0.007258892059326172 7.070371627807617 0.5714285714285715 1.0
0 0.1 21.624258295306348 0.001577138900756836 7.071948766708374 0.5714285714285715 1.0
0 0.1 18.835025383479486 0.0015151500701904297 7.0734639167785645 0.5714285714285715 1.0
0 0.1 16.405565284674683 0.0017268657684326172 7.075190782546997 0.5714285714285715 1.0
0 0.1 14.289472237493916 0.001402139663696289 7.076592922210693 0.5714285714285715 1.0
0 0.1 12.446326187665905 0.0016028881072998047 7.078195810317993 0.5714285714285715 1.0
0 0.1 10.840920713874212 0.006193876266479492 7.084389686584473 0.7499999999999999 1.0
0 0.1 9.44259054057033 0.0017139911651611328 7.086103677749634 0.7499999999999999 1.0
0 0.1 8.224625792416147 0.0021140575408935547 7.088217735290527 0.7499999999999999 1.0
0 0.1 7.163761801874259 0.0023839473724365234 7.090601682662964 0.7499999999999999 1.0
0 0.1 6.239734724625884 0.002427339553833008 7.093029022216797 0.7499999999999999 1.0
0 0.1 5.43489447450858 0.011400938034057617 7.1044299602508545 0.7272727272727272 1.0
0 0.1 4.733867584541418 0.00458526611328125 7.109015226364136 0.7272727272727272 1.0
0 0.1 4.123263554256632 0.00493621826171875 7.1139514446258545 0.7272727272727272 1.0
0 0.1 3.591419074200402 0.02565288543701172 7.139604330062866 0.5714285714285714 1.0
0 0.1 3.128175241967003 0.05948305130004883 7.199087381362915 0.4444444444444444 1.0
0 0.1 2.7246835143108377 0.028023958206176758 7.227111339569092 0.4 1.0
0 0.1 2.373236688776134 0.053054094314575195 7.280165433883667 0.3636363636363636 1.0
0 0.1 2.0671216863796724 0.08240628242492676 7.362571716308594 0.32000000000000006 1.0
0 0.1 1.8004913233094775 0.019199848175048828 7.381771564483643 0.32000000000000006 1.0
0 0.1 1.5682526223167341 0.10811185836791992 7.4898834228515625 0.2962962962962963 1.0
0 0.1 1.3659695304072161 0.062062978744506836 7.551946401596069 0.27586206896551724 1.0
0 0.1 1.1897781846170337 0.04313778877258301 7.595084190368652 0.26666666666666666 1.0
0 0.1 1.036313107341863 0.08159685134887695 7.676681041717529 0.25806451612903225 1.0
0 0.1 0.9026429214570189 0.11466622352600098 7.79134726524353 0.24242424242424243 1.0
0 0.1 0.786214357305898 0.059262990951538086 7.850610256195068 0.2352941176470588 1.0
0 0.1 0.6848034820193963 0.15377211570739746 8.004382371902466 0.2285714285714286 1.0
0 0.1 0.5964732195846044 0.06477093696594238 8.069153308868408 0.2285714285714286 1.0
0 0.1 0.5195363502423698 0.08073592185974121 8.14988923072815 0.21621621621621623 1.0
0 0.1 0.4525232824553942 0.08383703231811523 8.233726263046265 0.20512820512820512 1.0
0 0.1 0.3941539818506903 0.15825986862182617 8.39198613166809 0.19999999999999998 1.0
0 0.1 0.34331352094368267 0.49002909660339355 8.882015228271484 0.19512195121951217 1.0
0 0.1 0.2990307826127625 0.15299105644226074 9.035006284713745 0.2105263157894737 1.0
0 0.1 0.2604599105337001 0.06732392311096191 9.102330207824707 0.19999999999999998 1.0
0 0.1 0.22686415225376097 0.06042313575744629 9.162753343582153 0.19999999999999998 1.0
0 0.1 0.19760178628779224 0.06974291801452637 9.23249626159668 0.19512195121951217 1.0
0 0.1 0.17211386442601356 0.08734488487243652 9.319841146469116 0.18604651162790697 1.0
0 0.1 0.14991353511608546 0.20210719108581543 9.521948337554932 0.18181818181818182 1.0
0 0.01 28.211963230963963 0.0006630420684814453 9.522611379623413 0.0 1.0
0 0.01 24.573006681497752 0.0006289482116699219 9.523240327835083 0.0 1.0
0 0.01 21.403425646968028 0.0006208419799804688 9.523861169815063 0.0 1.0
0 0.01 18.642677119777133 0.0006272792816162109 9.52448844909668 0.0 1.0
0 0.01 16.238027310431736 0.0006470680236816406 9.525135517120361 0.0 1.0
0 0.01 14.143544365449966 0.0006411075592041016 9.525776624679565 0.0 1.0
0 0.01 12.319221010851523 0.0006520748138427734 9.526428699493408 0.0 1.0
0 0.01 10.730210362611421 0.0006668567657470703 9.527095556259155 0.0 1.0
0 0.01 9.346160307090315 0.0006461143493652344 9.52774167060852 0.0 1.0
0 0.01 8.140633737265514 0.0006351470947265625 9.528376817703247 0.0 1.0
0 0.01 7.090603570541246 0.0006170272827148438 9.528993844985962 0.0 1.0
0 0.01 6.176012902339531 0.0006289482116699219 9.529622793197632 0.0 1.0
0 0.01 5.379391893848717 0.0006239414215087891 9.53024673461914 0.0 1.0
0 0.01 4.685524076001097 0.0006260871887207031 9.530872821807861 0.0 1.0
0 0.01 4.081155695663349 0.0006148815155029297 9.531487703323364 0.0 1.0
0 0.01 3.554742552184356 0.0006868839263916016 9.532174587249756 0.0 1.0
0 0.01 3.09622948855821 0.0006520748138427734 9.532826662063599 0.0 1.0
0 0.01 2.6968583252045994 0.0006659030914306641 9.53349256515503 0.0 1.0
0 0.01 2.349000567658869 0.0059850215911865234 9.539477586746216 0.5714285714285715 1.0
0 0.01 2.046011692676912 0.001085042953491211 9.540562629699707 0.5714285714285715 1.0
0 0.01 1.7821042294352372 0.001081705093383789 9.54164433479309 0.5714285714285715 1.0
0 0.01 1.5522372115164986 0.0011379718780517578 9.542782306671143 0.5714285714285715 1.0
0 0.01 1.3520198880735976 0.0011599063873291016 9.543942213058472 0.5714285714285715 1.0
0 0.01 1.1776278549337647 0.001466989517211914 9.545409202575684 0.5714285714285715 1.0
0 0.01 1.0257300036406054 0.005282878875732422 9.550692081451416 0.7499999999999999 1.0
0 0.01 0.8934248930683893 0.0016689300537109375 9.552361011505127 0.7499999999999999 1.0
0 0.01 0.7781853282259436 0.0018999576568603516 9.554260969161987 0.7499999999999999 1.0
0 0.01 0.6778100876351608 0.002311229705810547 9.556572198867798 0.7499999999999999 1.0
0 0.01 0.590381877216004 0.002216815948486328 9.558789014816284 0.7499999999999999 1.0
0 0.01 0.5142307075440048 0.00733637809753418 9.566125392913818 0.7272727272727272 1.0
0 0.01 0.44790199493955546 0.002924680709838867 9.569050073623657 0.7272727272727272 1.0
0 0.01 0.39012877707943217 0.021161794662475586 9.590211868286133 0.5000000000000001 1.0
0 0.01 0.33980751241358653 0.025990724563598633 9.616202592849731 0.4 1.0
0 0.01 0.2959770011254507 0.005936145782470703 9.622138738632202 0.4 1.0
0 0.01 0.2578000249994245 0.006997346878051758 9.629136085510254 0.4 1.0
0 0.01 0.22454735549379537 0.04058098793029785 9.669717073440552 0.2857142857142857 1.0
0 0.01 0.19558382455304058 0.012063980102539062 9.68178105354309 0.2857142857142857 1.0
0 0.01 0.1703561920944177 0.03877615928649902 9.72055721282959 0.25 1.0
0 0.01 0.14838257842248037 0.012342214584350586 9.73289942741394 0.25 1.0
0 0.01 0.12924325971726744 0.04771995544433594 9.780619382858276 0.2352941176470588 1.0
0 0.01 0.1125726507783501 0.04057908058166504 9.821198463439941 0.2222222222222222 1.0
0 0.01 0.09805232188500161 0.11014008522033691 9.931338548660278 0.2222222222222222 1.0
0 0.01 0.08540491638568569 0.058886051177978516 9.990224599838257 0.21621621621621623 1.0
0 0.01 0.07438885283512764 0.012177228927612305 10.00240182876587 0.21621621621621623 1.0
0 0.01 0.06479371048308594 0.012078046798706055 10.014479875564575 0.21621621621621623 1.0
0 0.01 0.056436209971818335 0.049612998962402344 10.064092874526978 0.2105263157894737 1.0
0 0.01 0.049156712468482675 0.05165982246398926 10.115752696990967 0.20512820512820512 1.0
0 0.01 0.0428161703614703 0.021142959594726562 10.136895656585693 0.20512820512820512 1.0
0 0.01 0.03729347127511503 0.020049095153808594 10.156944751739502 0.20512820512820512 1.0
0 0.01 0.032483124670098805 0.04579615592956543 10.202740907669067 0.19999999999999998 1.0
