[216.40736058 188.4937774  164.18066384 143.00360867 124.55810333
 108.49181534  94.49785828  82.30892987  71.69220614  62.44489425
  54.39035884  47.37474809  41.26405496  35.94155748  31.30558923
  27.26759733  23.75045104  20.68696841  18.01863304  15.69447636
  13.67010404  11.906848    10.37102782   9.03330739   7.86813455
   6.85325305   5.96927734   5.19932239   4.52868107   3.94454329
   3.43575127   2.99258645   2.60658382   2.27037024   1.9775236
   1.72245016   1.5002777    1.30676244   1.138208     0.99139477
   0.86351843   0.75213639   0.65512111   0.57061946   0.49701737
   0.43290895   0.37706963   0.32843281   0.28606948   0.24917044]0 1 312.2098259152708 0.0006427764892578125 0.0006427764892578125 0.0 1.0
0 1 271.93903789811014 0.0006380081176757812 0.0012807846069335938 0.0 1.0
0 1 236.8626295349813 0.007424116134643555 0.008704900741577148 0.33333333333333337 1.0
0 1 206.31059705097118 0.006805896759033203 0.015510797500610352 0.5714285714285715 1.0
0 1 179.69935797424765 0.004218101501464844 0.019728899002075195 0.5714285714285715 1.0
0 1 156.52060397255676 0.0036492347717285156 0.02337813377380371 0.5714285714285715 1.0
0 1 136.33159152101595 0.0029799938201904297 0.02635812759399414 0.5714285714285715 1.0
0 1 118.74668494067365 0.007200002670288086 0.03355813026428223 0.7499999999999999 1.0
0 1 103.42999026917344 0.004673004150390625 0.03823113441467285 0.7499999999999999 1.0
0 1 90.08893926113359 0.0043392181396484375 0.04257035255432129 0.7499999999999999 1.0
0 1 78.46870096453189 0.0030663013458251953 0.045636653900146484 0.7499999999999999 1.0
0 1 68.34731412713553 0.0038242340087890625 0.04946088790893555 0.7499999999999999 1.0
0 1 59.53144745577994 0.0051877498626708984 0.054648637771606445 0.6666666666666665 1.0
0 1 51.85270674408604 0.007699012756347656 0.0623476505279541 0.7272727272727272 1.0
0 1 45.16441833008278 0.008028984069824219 0.07037663459777832 0.7272727272727272 1.0
0 1 39.33882744370648 0.008511066436767578 0.0788877010345459 0.6153846153846154 1.0
0 1 34.26465792907022 0.015366077423095703 0.0942537784576416 0.47058823529411764 1.0
0 1 29.84498672911064 0.01812577247619629 0.11237955093383789 0.3636363636363636 1.0
0 1 25.99539253258091 0.021947860717773438 0.13432741165161133 0.3076923076923077 1.0
0 1 22.642343220204207 0.05824780464172363 0.19257521629333496 0.26666666666666666 1.0
0 1 19.721791308170232 0.06857919692993164 0.2611544132232666 0.27586206896551724 1.0
0 1 17.177950560167822 0.1265571117401123 0.3877115249633789 0.26666666666666666 1.0
0 1 14.962230399696251 0.09856915473937988 0.4862806797027588 0.24242424242424243 1.0
0 1 13.03230776858211 0.09129905700683594 0.5775797367095947 0.2222222222222222 1.0
0 1 11.351318703025308 0.09082794189453125 0.668407678604126 0.2222222222222222 1.0
0 1 9.887154185253786 0.08417677879333496 0.7525844573974609 0.21621621621621623 1.0
0 1 8.611846820663045 0.08287477493286133 0.8354592323303223 0.20512820512820512 1.0
0 1 7.501036625197576 0.09807991981506348 0.9335391521453857 0.19999999999999998 1.0
0 1 6.53350571883761 0.08733201026916504 1.0208711624145508 0.20512820512820512 1.0
0 1 5.69077303724795 0.10783004760742188 1.1287012100219727 0.18604651162790697 1.0
0 1 4.956741320068812 0.08967328071594238 1.218374490737915 0.1777777777777778 1.0
0 1 4.317389632878279 0.11197376251220703 1.330348253250122 0.16666666666666666 1.0
0 1 3.7605055496069455 1.034125804901123 2.364474058151245 0.1702127659574468 1.0
0 1 3.2754518797500736 0.21847796440124512 2.5829520225524902 0.1702127659574468 1.0
0 1 2.8529634845718124 0.0942540168762207 2.677206039428711 0.16666666666666666 1.0
0 1 2.4849703012340436 0.1147000789642334 2.7919061183929443 0.163265306122449 1.0
0 1 2.1644431943866964 0.16988396644592285 2.961790084838867 0.163265306122449 1.0
0 1 1.8852596907900219 0.0792241096496582 3.0410141944885254 0.163265306122449 1.0
0 1 1.6420870323301746 0.07767868041992188 3.1186928749084473 0.163265306122449 1.0
0 1 1.4302803135927475 0.073760986328125 3.1924538612365723 0.163265306122449 1.0
0 1 1.2457937582930971 0.07133007049560547 3.2637839317321777 0.163265306122449 1.0
0 1 1.0851034398309916 0.38600587844848633 3.649789810180664 0.1568627450980392 1.0
0 1 0.945139969834425 0.3375852108001709 3.987375020980835 0.1568627450980392 1.0
0 1 0.823229868958621 0.5838570594787598 4.571232080459595 0.1568627450980392 1.0
0 1 0.7170445000483404 1.1568262577056885 5.728058338165283 0.15384615384615383 1.0
0 1 0.624555588222246 0.964353084564209 6.692411422729492 0.1509433962264151 1.0
0 1 0.5439964782567033 0.6290011405944824 7.321412563323975 0.1509433962264151 1.0
0 1 0.4738283892360109 0.5597429275512695 7.881155490875244 0.1509433962264151 1.0
0 1 0.4127110218901976 0.5572779178619385 8.438433408737183 0.1481481481481481 1.0
0 1 0.3594769571833539 0.5433118343353271 8.98174524307251 0.1481481481481481 1.0
0 0.1 130.20161032759302 0.00067901611328125 8.982424259185791 0.0 1.0
0 0.1 113.40738729625762 0.0006418228149414062 8.983066082000732 0.0 1.0
0 0.1 98.77938883400856 0.0006277561187744141 8.983693838119507 0.0 1.0
0 0.1 86.03820166433057 0.0006327629089355469 8.984326601028442 0.0 1.0
0 0.1 74.9404529934022 0.0006573200225830078 8.984983921051025 0.0 1.0
0 0.1 65.27416178184274 0.0006530284881591797 8.985636949539185 0.0 1.0
0 0.1 56.854689638682785 0.0007207393646240234 8.986357688903809 0.0 1.0
0 0.1 49.52121399451067 0.0006349086761474609 8.986992597579956 0.0 1.0
0 0.1 43.13365618693992 0.0006771087646484375 8.987669706344604 0.0 1.0
0 0.1 37.570005780944214 0.0006380081176757812 8.98830771446228 0.0 1.0
0 0.1 32.7239900151928 0.0006351470947265625 8.988942861557007 0.0 1.0
0 0.1 28.503043857863506 0.0006310939788818359 8.989573955535889 0.0 1.0
0 0.1 24.826541897430772 0.007582902908325195 8.997156858444214 0.5714285714285715 1.0
0 0.1 21.624258295306348 0.0017547607421875 8.998911619186401 0.5714285714285715 1.0
0 0.1 18.835025383479486 0.0017609596252441406 9.000672578811646 0.5714285714285715 1.0
0 0.1 16.405565284674683 0.0018410682678222656 9.002513647079468 0.5714285714285715 1.0
0 0.1 14.289472237493916 0.0018579959869384766 9.004371643066406 0.5714285714285715 1.0
0 0.1 12.446326187665905 0.0018308162689208984 9.006202459335327 0.5714285714285715 1.0
0 0.1 10.840920713874212 0.006108760833740234 9.012311220169067 0.7499999999999999 1.0
0 0.1 9.44259054057033 0.0022308826446533203 9.01454210281372 0.7499999999999999 1.0
0 0.1 8.224625792416147 0.002176046371459961 9.01671814918518 0.7499999999999999 1.0
0 0.1 7.163761801874259 0.002541065216064453 9.019259214401245 0.7499999999999999 1.0
0 0.1 6.239734724625884 0.002964019775390625 9.022223234176636 0.7499999999999999 1.0
0 0.1 5.43489447450858 0.012120962142944336 9.03434419631958 0.7272727272727272 1.0
0 0.1 4.733867584541418 0.005460023880004883 9.039804220199585 0.7272727272727272 1.0
0 0.1 4.123263554256632 0.006087779998779297 9.045892000198364 0.7272727272727272 1.0
0 0.1 3.591419074200402 0.026974916458129883 9.072866916656494 0.5714285714285714 1.0
0 0.1 3.128175241967003 0.06261825561523438 9.135485172271729 0.4444444444444444 1.0
0 0.1 2.7246835143108377 0.030744075775146484 9.166229248046875 0.4 1.0
0 0.1 2.373236688776134 0.05702614784240723 9.223255395889282 0.3636363636363636 1.0
0 0.1 2.0671216863796724 0.0899970531463623 9.313252449035645 0.32000000000000006 1.0
0 0.1 1.8004913233094775 0.02475905418395996 9.338011503219604 0.32000000000000006 1.0
0 0.1 1.5682526223167341 0.1163017749786377 9.454313278198242 0.2962962962962963 1.0
0 0.1 1.3659695304072161 0.07222700119018555 9.526540279388428 0.27586206896551724 1.0
0 0.1 1.1897781846170337 0.05026888847351074 9.576809167861938 0.26666666666666666 1.0
0 0.1 1.036313107341863 0.10550403594970703 9.682313203811646 0.25806451612903225 1.0
0 0.1 0.9026429214570189 0.12438702583312988 9.806700229644775 0.24242424242424243 1.0
0 0.1 0.786214357305898 0.0719900131225586 9.878690242767334 0.2352941176470588 1.0
0 0.1 0.6848034820193963 0.18947887420654297 10.068169116973877 0.2285714285714286 1.0
0 0.1 0.5964732195846044 0.0816183090209961 10.149787425994873 0.2285714285714286 1.0
0 0.1 0.5195363502423698 0.10231804847717285 10.252105474472046 0.21621621621621623 1.0
0 0.1 0.4525232824553942 0.1094820499420166 10.361587524414062 0.20512820512820512 1.0
0 0.1 0.3941539818506903 0.19909310340881348 10.560680627822876 0.19999999999999998 1.0
0 0.1 0.34331352094368267 0.5895121097564697 11.150192737579346 0.19512195121951217 1.0
0 0.1 0.2990307826127625 0.17503023147583008 11.325222969055176 0.2105263157894737 1.0
0 0.1 0.2604599105337001 0.10175895690917969 11.426981925964355 0.19999999999999998 1.0
0 0.1 0.22686415225376097 0.09197688102722168 11.518958806991577 0.19999999999999998 1.0
0 0.1 0.19760178628779224 0.10097789764404297 11.61993670463562 0.19512195121951217 1.0
0 0.1 0.17211386442601356 0.16444182395935059 11.78437852859497 0.18604651162790697 1.0
0 0.1 0.14991353511608546 0.2945888042449951 12.078967332839966 0.18181818181818182 1.0
0 0.01 28.211963230963963 0.0006830692291259766 12.079650402069092 0.0 1.0
0 0.01 24.573006681497752 0.0006442070007324219 12.080294609069824 0.0 1.0
0 0.01 21.403425646968028 0.0006210803985595703 12.080915689468384 0.0 1.0
0 0.01 18.642677119777133 0.0006320476531982422 12.081547737121582 0.0 1.0
0 0.01 16.238027310431736 0.0006504058837890625 12.082198143005371 0.0 1.0
0 0.01 14.143544365449966 0.0006530284881591797 12.08285117149353 0.0 1.0
0 0.01 12.319221010851523 0.0006406307220458984 12.083491802215576 0.0 1.0
0 0.01 10.730210362611421 0.0006642341613769531 12.084156036376953 0.0 1.0
0 0.01 9.346160307090315 0.0006320476531982422 12.084788084030151 0.0 1.0
0 0.01 8.140633737265514 0.0006780624389648438 12.085466146469116 0.0 1.0
0 0.01 7.090603570541246 0.000659942626953125 12.08612608909607 0.0 1.0
0 0.01 6.176012902339531 0.0006349086761474609 12.086760997772217 0.0 1.0
0 0.01 5.379391893848717 0.0006263256072998047 12.087387323379517 0.0 1.0
0 0.01 4.685524076001097 0.0006380081176757812 12.088025331497192 0.0 1.0
0 0.01 4.081155695663349 0.0006389617919921875 12.088664293289185 0.0 1.0
0 0.01 3.554742552184356 0.0006709098815917969 12.089335203170776 0.0 1.0
0 0.01 3.09622948855821 0.0006301403045654297 12.089965343475342 0.0 1.0
0 0.01 2.6968583252045994 0.0006558895111083984 12.09062123298645 0.0 1.0
0 0.01 2.349000567658869 0.0063021183013916016 12.096923351287842 0.5714285714285715 1.0
0 0.01 2.046011692676912 0.001352071762084961 12.098275423049927 0.5714285714285715 1.0
0 0.01 1.7821042294352372 0.001402139663696289 12.099677562713623 0.5714285714285715 1.0
0 0.01 1.5522372115164986 0.0013623237609863281 12.10103988647461 0.5714285714285715 1.0
0 0.01 1.3520198880735976 0.0014569759368896484 12.102496862411499 0.5714285714285715 1.0
0 0.01 1.1776278549337647 0.0016338825225830078 12.104130744934082 0.5714285714285715 1.0
0 0.01 1.0257300036406054 0.005495786666870117 12.109626531600952 0.7499999999999999 1.0
0 0.01 0.8934248930683893 0.00189208984375 12.111518621444702 0.7499999999999999 1.0
0 0.01 0.7781853282259436 0.0021691322326660156 12.113687753677368 0.7499999999999999 1.0
0 0.01 0.6778100876351608 0.0025298595428466797 12.116217613220215 0.7499999999999999 1.0
0 0.01 0.590381877216004 0.002463102340698242 12.118680715560913 0.7499999999999999 1.0
0 0.01 0.5142307075440048 0.008176803588867188 12.12685751914978 0.7272727272727272 1.0
0 0.01 0.44790199493955546 0.003651857376098633 12.130509376525879 0.7272727272727272 1.0
0 0.01 0.39012877707943217 0.024144887924194336 12.154654264450073 0.5000000000000001 1.0
0 0.01 0.33980751241358653 0.027170896530151367 12.181825160980225 0.4 1.0
0 0.01 0.2959770011254507 0.008045196533203125 12.189870357513428 0.4 1.0
0 0.01 0.2578000249994245 0.009528160095214844 12.199398517608643 0.4 1.0
0 0.01 0.22454735549379537 0.04478597640991211 12.244184494018555 0.2857142857142857 1.0
0 0.01 0.19558382455304058 0.016689062118530273 12.260873556137085 0.2857142857142857 1.0
0 0.01 0.1703561920944177 0.04340791702270508 12.30428147315979 0.25 1.0
0 0.01 0.14838257842248037 0.016797304153442383 12.321078777313232 0.25 1.0
0 0.01 0.12924325971726744 0.053133249282836914 12.37421202659607 0.2352941176470588 1.0
0 0.01 0.1125726507783501 0.044220924377441406 12.41843295097351 0.2222222222222222 1.0
0 0.01 0.09805232188500161 0.11599993705749512 12.534432888031006 0.2222222222222222 1.0
0 0.01 0.08540491638568569 0.06729388236999512 12.601726770401001 0.21621621621621623 1.0
0 0.01 0.07438885283512764 0.020190000534057617 12.621916770935059 0.21621621621621623 1.0
0 0.01 0.06479371048308594 0.020461082458496094 12.642377853393555 0.21621621621621623 1.0
0 0.01 0.056436209971818335 0.05835700035095215 12.700734853744507 0.2105263157894737 1.0
0 0.01 0.049156712468482675 0.06307125091552734 12.763806104660034 0.20512820512820512 1.0
0 0.01 0.0428161703614703 0.030766010284423828 12.794572114944458 0.20512820512820512 1.0
0 0.01 0.03729347127511503 0.031052112579345703 12.825624227523804 0.20512820512820512 1.0
0 0.01 0.032483124670098805 0.05806088447570801 12.883685111999512 0.19999999999999998 1.0
