[216.40736058 188.4937774  164.18066384 143.00360867 124.55810333
 108.49181534  94.49785828  82.30892987  71.69220614  62.44489425
  54.39035884  47.37474809  41.26405496  35.94155748  31.30558923
  27.26759733  23.75045104  20.68696841  18.01863304  15.69447636
  13.67010404  11.906848    10.37102782   9.03330739   7.86813455
   6.85325305   5.96927734   5.19932239   4.52868107   3.94454329
   3.43575127   2.99258645   2.60658382   2.27037024   1.9775236
   1.72245016   1.5002777    1.30676244   1.138208     0.99139477
   0.86351843   0.75213639   0.65512111   0.57061946   0.49701737
   0.43290895   0.37706963   0.32843281   0.28606948   0.24917044]0 1 312.2098259152708 0.0011878013610839844 0.0011878013610839844 0.0 1.0
0 1 271.93903789811014 0.0011758804321289062 0.0023636817932128906 0.0 1.0
0 1 236.8626295349813 0.026717185974121094 0.029080867767333984 0.33333333333333337 1.0
0 1 206.31059705097118 0.021924257278442383 0.05100512504577637 0.5714285714285715 1.0
0 1 179.69935797424765 0.013731002807617188 0.06473612785339355 0.5714285714285715 1.0
0 1 156.52060397255676 0.011518001556396484 0.07625412940979004 0.5714285714285715 1.0
0 1 136.33159152101595 0.010299921035766602 0.08655405044555664 0.5714285714285715 1.0
0 1 118.74668494067365 0.021682024002075195 0.10823607444763184 0.7499999999999999 1.0
0 1 103.42999026917344 0.014198064804077148 0.12243413925170898 0.7499999999999999 1.0
0 1 90.08893926113359 0.00943899154663086 0.13187313079833984 0.7499999999999999 1.0
0 1 78.46870096453189 0.007266044616699219 0.13913917541503906 0.7499999999999999 1.0
0 1 68.34731412713553 0.007214784622192383 0.14635396003723145 0.7499999999999999 1.0
0 1 59.53144745577994 0.008430957794189453 0.1547849178314209 0.6666666666666665 1.0
0 1 51.85270674408604 0.010810136795043945 0.16559505462646484 0.7272727272727272 1.0
0 1 45.16441833008278 0.009432077407836914 0.17502713203430176 0.7272727272727272 1.0
0 1 39.33882744370648 0.00825810432434082 0.18328523635864258 0.6153846153846154 1.0
0 1 34.26465792907022 0.021040916442871094 0.20432615280151367 0.47058823529411764 1.0
0 1 29.84498672911064 0.021152973175048828 0.2254791259765625 0.3636363636363636 1.0
0 1 25.99539253258091 0.02432990074157715 0.24980902671813965 0.3076923076923077 1.0
0 1 22.642343220204207 0.07143974304199219 0.32124876976013184 0.26666666666666666 1.0
0 1 19.721791308170232 0.07618093490600586 0.3974297046661377 0.27586206896551724 1.0
0 1 17.177950560167822 0.13477683067321777 0.5322065353393555 0.26666666666666666 1.0
0 1 14.962230399696251 0.10627508163452148 0.638481616973877 0.24242424242424243 1.0
0 1 13.03230776858211 0.09222793579101562 0.7307095527648926 0.2222222222222222 1.0
0 1 11.351318703025308 0.08370089530944824 0.8144104480743408 0.2222222222222222 1.0
0 1 9.887154185253786 0.0787818431854248 0.8931922912597656 0.21621621621621623 1.0
0 1 8.611846820663045 0.07681894302368164 0.9700112342834473 0.20512820512820512 1.0
0 1 7.501036625197576 0.08635187149047852 1.0563631057739258 0.19999999999999998 1.0
0 1 6.53350571883761 0.07006430625915527 1.126427412033081 0.20512820512820512 1.0
0 1 5.69077303724795 0.0845797061920166 1.2110071182250977 0.18604651162790697 1.0
0 1 4.956741320068812 0.06707024574279785 1.2780773639678955 0.1777777777777778 1.0
0 1 4.317389632878279 0.07996916770935059 1.358046531677246 0.1702127659574468 1.0
0 1 3.7605055496069455 0.8857889175415039 2.24383544921875 0.1702127659574468 1.0
0 1 3.2754518797500736 0.17372393608093262 2.4175593852996826 0.1702127659574468 1.0
0 1 2.8529634845718124 0.042942047119140625 2.4605014324188232 0.16666666666666666 1.0
0 1 2.4849703012340436 0.05418586730957031 2.5146872997283936 0.163265306122449 1.0
0 1 2.1644431943866964 0.11961674690246582 2.6343040466308594 0.163265306122449 1.0
0 1 1.8852596907900219 0.05100297927856445 2.685307025909424 0.163265306122449 1.0
0 1 1.6420870323301746 0.05125713348388672 2.7365641593933105 0.163265306122449 1.0
0 1 1.4302803135927475 0.04671192169189453 2.783276081085205 0.163265306122449 1.0
0 1 1.2457937582930971 0.04372811317443848 2.8270041942596436 0.163265306122449 1.0
0 1 1.0851034398309916 0.2238469123840332 3.0508511066436768 0.1568627450980392 1.0
0 1 0.945139969834425 0.1943979263305664 3.245249032974243 0.1568627450980392 1.0
0 1 0.823229868958621 0.46460509300231934 3.7098541259765625 0.1568627450980392 1.0
0 1 0.7170445000483404 0.1363379955291748 3.8461921215057373 0.1481481481481481 1.0
0 1 0.624555588222246 1.3739309310913086 5.220123052597046 0.15384615384615383 1.0
0 1 0.5439964782567033 0.14621996879577637 5.366343021392822 0.1481481481481481 1.0
0 1 0.4738283892360109 1.0598549842834473 6.4261980056762695 0.1509433962264151 1.0
0 1 0.4127110218901976 0.2682149410247803 6.69441294670105 0.14545454545454545 1.0
0 1 0.3594769571833539 0.3410520553588867 7.0354650020599365 0.1481481481481481 1.0
0 0.1 130.20161032759302 0.0011968612670898438 7.036661863327026 0.0 1.0
0 0.1 113.40738729625762 0.0011680126190185547 7.037829875946045 0.0 1.0
0 0.1 98.77938883400856 0.00115203857421875 7.038981914520264 0.0 1.0
0 0.1 86.03820166433057 0.001230001449584961 7.040211915969849 0.0 1.0
0 0.1 74.9404529934022 0.0012500286102294922 7.041461944580078 0.0 1.0
0 0.1 65.27416178184274 0.0011680126190185547 7.042629957199097 0.0 1.0
0 0.1 56.854689638682785 0.0011739730834960938 7.043803930282593 0.0 1.0
0 0.1 49.52121399451067 0.0011608600616455078 7.044964790344238 0.0 1.0
0 0.1 43.13365618693992 0.0011799335479736328 7.046144723892212 0.0 1.0
0 0.1 37.570005780944214 0.0011858940124511719 7.047330617904663 0.0 1.0
0 0.1 32.7239900151928 0.001154184341430664 7.048484802246094 0.0 1.0
0 0.1 28.503043857863506 0.0011758804321289062 7.049660682678223 0.0 1.0
0 0.1 24.826541897430772 0.015435934066772461 7.065096616744995 0.5714285714285715 1.0
0 0.1 21.624258295306348 0.006062746047973633 7.071159362792969 0.5714285714285715 1.0
0 0.1 18.835025383479486 0.005926370620727539 7.077085733413696 0.5714285714285715 1.0
0 0.1 16.405565284674683 0.0058307647705078125 7.082916498184204 0.5714285714285715 1.0
0 0.1 14.289472237493916 0.004621744155883789 7.087538242340088 0.5714285714285715 1.0
0 0.1 12.446326187665905 0.004910707473754883 7.092448949813843 0.5714285714285715 1.0
0 0.1 10.840920713874212 0.01052999496459961 7.102978944778442 0.7499999999999999 1.0
0 0.1 9.44259054057033 0.00493168830871582 7.107910633087158 0.7499999999999999 1.0
0 0.1 8.224625792416147 0.004630088806152344 7.1125407218933105 0.7499999999999999 1.0
0 0.1 7.163761801874259 0.004911899566650391 7.117452621459961 0.7499999999999999 1.0
0 0.1 6.239734724625884 0.004971981048583984 7.122424602508545 0.7499999999999999 1.0
0 0.1 5.43489447450858 0.016018152236938477 7.138442754745483 0.7272727272727272 1.0
0 0.1 4.733867584541418 0.008270263671875 7.146713018417358 0.7272727272727272 1.0
0 0.1 4.123263554256632 0.007130146026611328 7.15384316444397 0.7272727272727272 1.0
0 0.1 3.591419074200402 0.029211997985839844 7.18305516242981 0.5714285714285714 1.0
0 0.1 3.128175241967003 0.06314420700073242 7.246199369430542 0.4444444444444444 1.0
0 0.1 2.7246835143108377 0.03350710868835449 7.2797064781188965 0.4 1.0
0 0.1 2.373236688776134 0.06106877326965332 7.34077525138855 0.3636363636363636 1.0
0 0.1 2.0671216863796724 0.09995436668395996 7.44072961807251 0.32000000000000006 1.0
0 0.1 1.8004913233094775 0.024485111236572266 7.465214729309082 0.32000000000000006 1.0
0 0.1 1.5682526223167341 0.12179899215698242 7.5870137214660645 0.2962962962962963 1.0
0 0.1 1.3659695304072161 0.07222390174865723 7.659237623214722 0.27586206896551724 1.0
0 0.1 1.1897781846170337 0.05178117752075195 7.711018800735474 0.26666666666666666 1.0
0 0.1 1.036313107341863 0.09912872314453125 7.810147523880005 0.25806451612903225 1.0
0 0.1 0.9026429214570189 0.11413908004760742 7.924286603927612 0.24242424242424243 1.0
0 0.1 0.786214357305898 0.06340789794921875 7.987694501876831 0.2352941176470588 1.0
0 0.1 0.6848034820193963 0.19077730178833008 8.178471803665161 0.2285714285714286 1.0
0 0.1 0.5964732195846044 0.07419013977050781 8.252661943435669 0.2285714285714286 1.0
0 0.1 0.5195363502423698 0.08448314666748047 8.33714509010315 0.21621621621621623 1.0
0 0.1 0.4525232824553942 0.09047341346740723 8.427618503570557 0.20512820512820512 1.0
0 0.1 0.3941539818506903 0.16234111785888672 8.589959621429443 0.19999999999999998 1.0
0 0.1 0.34331352094368267 0.4828040599822998 9.072763681411743 0.19512195121951217 1.0
0 0.1 0.2990307826127625 0.14432477951049805 9.217088460922241 0.2105263157894737 1.0
0 0.1 0.2604599105337001 0.06432199478149414 9.281410455703735 0.19999999999999998 1.0
0 0.1 0.22686415225376097 0.05743002891540527 9.33884048461914 0.19999999999999998 1.0
0 0.1 0.19760178628779224 0.06637191772460938 9.40521240234375 0.19512195121951217 1.0
0 0.1 0.17211386442601356 0.08238983154296875 9.487602233886719 0.18604651162790697 1.0
0 0.1 0.14991353511608546 0.19316935539245605 9.680771589279175 0.18181818181818182 1.0
0 0.01 28.211963230963963 0.0011601448059082031 9.681931734085083 0.0 1.0
0 0.01 24.573006681497752 0.0011682510375976562 9.68309998512268 0.0 1.0
0 0.01 21.403425646968028 0.0011587142944335938 9.684258699417114 0.0 1.0
0 0.01 18.642677119777133 0.0012621879577636719 9.685520887374878 0.0 1.0
0 0.01 16.238027310431736 0.0012400150299072266 9.686760902404785 0.0 1.0
0 0.01 14.143544365449966 0.0011739730834960938 9.687934875488281 0.0 1.0
0 0.01 12.319221010851523 0.0011730194091796875 9.689107894897461 0.0 1.0
0 0.01 10.730210362611421 0.0011680126190185547 9.69027590751648 0.0 1.0
0 0.01 9.346160307090315 0.0011560916900634766 9.691431999206543 0.0 1.0
0 0.01 8.140633737265514 0.0012400150299072266 9.69267201423645 0.0 1.0
0 0.01 7.090603570541246 0.0011568069458007812 9.693828821182251 0.0 1.0
0 0.01 6.176012902339531 0.0012431144714355469 9.695071935653687 0.0 1.0
0 0.01 5.379391893848717 0.0011851787567138672 9.6962571144104 0.0 1.0
0 0.01 4.685524076001097 0.0011661052703857422 9.697423219680786 0.0 1.0
0 0.01 4.081155695663349 0.0011928081512451172 9.698616027832031 0.0 1.0
0 0.01 3.554742552184356 0.0012240409851074219 9.699840068817139 0.0 1.0
0 0.01 3.09622948855821 0.0011570453643798828 9.700997114181519 0.0 1.0
0 0.01 2.6968583252045994 0.0011830329895019531 9.70218014717102 0.0 1.0
0 0.01 2.349000567658869 0.009750127792358398 9.711930274963379 0.5714285714285715 1.0
0 0.01 2.046011692676912 0.0034809112548828125 9.715411186218262 0.5714285714285715 1.0
0 0.01 1.7821042294352372 0.003609895706176758 9.719021081924438 0.5714285714285715 1.0
0 0.01 1.5522372115164986 0.0034639835357666016 9.722485065460205 0.5714285714285715 1.0
0 0.01 1.3520198880735976 0.003690958023071289 9.726176023483276 0.5714285714285715 1.0
0 0.01 1.1776278549337647 0.0035271644592285156 9.729703187942505 0.5714285714285715 1.0
0 0.01 1.0257300036406054 0.008278131484985352 9.73798131942749 0.7499999999999999 1.0
0 0.01 0.8934248930683893 0.0035560131072998047 9.74153733253479 0.7499999999999999 1.0
0 0.01 0.7781853282259436 0.00351715087890625 9.745054483413696 0.7499999999999999 1.0
0 0.01 0.6778100876351608 0.003574848175048828 9.748629331588745 0.7499999999999999 1.0
0 0.01 0.590381877216004 0.003465414047241211 9.752094745635986 0.7499999999999999 1.0
0 0.01 0.5142307075440048 0.009418010711669922 9.761512756347656 0.7272727272727272 1.0
0 0.01 0.44790199493955546 0.004773139953613281 9.76628589630127 0.7272727272727272 1.0
0 0.01 0.39012877707943217 0.02118706703186035 9.78747296333313 0.5000000000000001 1.0
0 0.01 0.33980751241358653 0.031019210815429688 9.81849217414856 0.4 1.0
0 0.01 0.2959770011254507 0.009318828582763672 9.827811002731323 0.4 1.0
0 0.01 0.2578000249994245 0.009508848190307617 9.83731985092163 0.4 1.0
0 0.01 0.22454735549379537 0.04644894599914551 9.883768796920776 0.2857142857142857 1.0
0 0.01 0.19558382455304058 0.01735687255859375 9.90112566947937 0.2857142857142857 1.0
0 0.01 0.1703561920944177 0.04298591613769531 9.944111585617065 0.25 1.0
0 0.01 0.14838257842248037 0.016331911087036133 9.960443496704102 0.25 1.0
0 0.01 0.12924325971726744 0.04823613166809082 10.008679628372192 0.2352941176470588 1.0
0 0.01 0.1125726507783501 0.040834665298461914 10.049514293670654 0.2222222222222222 1.0
0 0.01 0.09805232188500161 0.10854101181030273 10.158055305480957 0.2222222222222222 1.0
0 0.01 0.08540491638568569 0.06476616859436035 10.222821474075317 0.21621621621621623 1.0
0 0.01 0.07438885283512764 0.015236139297485352 10.238057613372803 0.21621621621621623 1.0
0 0.01 0.06479371048308594 0.01409602165222168 10.252153635025024 0.21621621621621623 1.0
0 0.01 0.056436209971818335 0.04998517036437988 10.302138805389404 0.2105263157894737 1.0
0 0.01 0.049156712468482675 0.051657915115356445 10.35379672050476 0.20512820512820512 1.0
0 0.01 0.0428161703614703 0.021047115325927734 10.374843835830688 0.20512820512820512 1.0
0 0.01 0.03729347127511503 0.019506216049194336 10.394350051879883 0.20512820512820512 1.0
0 0.01 0.032483124670098805 0.0440671443939209 10.438417196273804 0.19999999999999998 1.0
