[216.40736058 188.4937774  164.18066384 143.00360867 124.55810333
 108.49181534  94.49785828  82.30892987  71.69220614  62.44489425
  54.39035884  47.37474809  41.26405496  35.94155748  31.30558923
  27.26759733  23.75045104  20.68696841  18.01863304  15.69447636
  13.67010404  11.906848    10.37102782   9.03330739   7.86813455
   6.85325305   5.96927734   5.19932239   4.52868107   3.94454329
   3.43575127   2.99258645   2.60658382   2.27037024   1.9775236
   1.72245016   1.5002777    1.30676244   1.138208     0.99139477
   0.86351843   0.75213639   0.65512111   0.57061946   0.49701737
   0.43290895   0.37706963   0.32843281   0.28606948   0.24917044]0 1 312.2098259152708 0.0011970996856689453 0.0011970996856689453 0.0 1.0
0 1 271.93903789811014 0.0011639595031738281 0.0023610591888427734 0.0 1.0
0 1 236.8626295349813 0.026485919952392578 0.02884697914123535 0.33333333333333337 1.0
0 1 206.31059705097118 0.021691083908081055 0.050538063049316406 0.5714285714285715 1.0
0 1 179.69935797424765 0.013762712478637695 0.0643007755279541 0.5714285714285715 1.0
0 1 156.52060397255676 0.011632204055786133 0.07593297958374023 0.5714285714285715 1.0
0 1 136.33159152101595 0.010329961776733398 0.08626294136047363 0.5714285714285715 1.0
0 1 118.74668494067365 0.021883010864257812 0.10814595222473145 0.7499999999999999 1.0
0 1 103.42999026917344 0.014304161071777344 0.12245011329650879 0.7499999999999999 1.0
0 1 90.08893926113359 0.009434700012207031 0.13188481330871582 0.7499999999999999 1.0
0 1 78.46870096453189 0.007046222686767578 0.1389310359954834 0.7499999999999999 1.0
0 1 68.34731412713553 0.007113218307495117 0.14604425430297852 0.7499999999999999 1.0
0 1 59.53144745577994 0.00819087028503418 0.1542351245880127 0.6666666666666665 1.0
0 1 51.85270674408604 0.010480880737304688 0.16471600532531738 0.7272727272727272 1.0
0 1 45.16441833008278 0.009365081787109375 0.17408108711242676 0.7272727272727272 1.0
0 1 39.33882744370648 0.008306026458740234 0.182387113571167 0.6153846153846154 1.0
0 1 34.26465792907022 0.020898103713989258 0.20328521728515625 0.47058823529411764 1.0
0 1 29.84498672911064 0.021399736404418945 0.2246849536895752 0.3636363636363636 1.0
0 1 25.99539253258091 0.024977922439575195 0.2496628761291504 0.3076923076923077 1.0
0 1 22.642343220204207 0.0718531608581543 0.3215160369873047 0.26666666666666666 1.0
0 1 19.721791308170232 0.07576870918273926 0.39728474617004395 0.27586206896551724 1.0
0 1 17.177950560167822 0.13272500038146973 0.5300097465515137 0.26666666666666666 1.0
0 1 14.962230399696251 0.10558819770812988 0.6355979442596436 0.24242424242424243 1.0
0 1 13.03230776858211 0.0925130844116211 0.7281110286712646 0.2222222222222222 1.0
0 1 11.351318703025308 0.08404397964477539 0.81215500831604 0.2222222222222222 1.0
0 1 9.887154185253786 0.07828187942504883 0.8904368877410889 0.21621621621621623 1.0
0 1 8.611846820663045 0.0769200325012207 0.9673569202423096 0.20512820512820512 1.0
0 1 7.501036625197576 0.08658695220947266 1.0539438724517822 0.19999999999999998 1.0
0 1 6.53350571883761 0.06986618041992188 1.123810052871704 0.20512820512820512 1.0
0 1 5.69077303724795 0.08524179458618164 1.2090518474578857 0.18604651162790697 1.0
0 1 4.956741320068812 0.06723403930664062 1.2762858867645264 0.1777777777777778 1.0
0 1 4.317389632878279 0.08070707321166992 1.3569929599761963 0.1702127659574468 1.0
0 1 3.7605055496069455 0.9119269847869873 2.2689199447631836 0.1702127659574468 1.0
0 1 3.2754518797500736 0.17681503295898438 2.445734977722168 0.1702127659574468 1.0
0 1 2.8529634845718124 0.04134988784790039 2.4870848655700684 0.16666666666666666 1.0
0 1 2.4849703012340436 0.054231882095336914 2.5413167476654053 0.163265306122449 1.0
0 1 2.1644431943866964 0.12118911743164062 2.662505865097046 0.163265306122449 1.0
0 1 1.8852596907900219 0.05182504653930664 2.7143309116363525 0.163265306122449 1.0
0 1 1.6420870323301746 0.04889392852783203 2.7632248401641846 0.163265306122449 1.0
0 1 1.4302803135927475 0.04631328582763672 2.8095381259918213 0.163265306122449 1.0
0 1 1.2457937582930971 0.04400515556335449 2.853543281555176 0.163265306122449 1.0
0 1 1.0851034398309916 0.2247018814086914 3.078245162963867 0.1568627450980392 1.0
0 1 0.945139969834425 0.19648981094360352 3.2747349739074707 0.1568627450980392 1.0
0 1 0.823229868958621 0.46738290786743164 3.7421178817749023 0.1568627450980392 1.0
0 1 0.7170445000483404 0.13462281227111816 3.8767406940460205 0.1481481481481481 1.0
0 1 0.624555588222246 1.371480941772461 5.2482216358184814 0.15384615384615383 1.0
0 1 0.5439964782567033 0.14638209342956543 5.394603729248047 0.1481481481481481 1.0
0 1 0.4738283892360109 1.0631968975067139 6.457800626754761 0.1509433962264151 1.0
0 1 0.4127110218901976 0.2684800624847412 6.726280689239502 0.14545454545454545 1.0
0 1 0.3594769571833539 0.3415491580963135 7.067829847335815 0.1481481481481481 1.0
0 0.1 130.20161032759302 0.0011589527130126953 7.068988800048828 0.0 1.0
0 0.1 113.40738729625762 0.0011649131774902344 7.070153713226318 0.0 1.0
0 0.1 98.77938883400856 0.0011620521545410156 7.071315765380859 0.0 1.0
0 0.1 86.03820166433057 0.0012290477752685547 7.072544813156128 0.0 1.0
0 0.1 74.9404529934022 0.0012180805206298828 7.073762893676758 0.0 1.0
0 0.1 65.27416178184274 0.001171112060546875 7.074934005737305 0.0 1.0
0 0.1 56.854689638682785 0.0012049674987792969 7.076138973236084 0.0 1.0
0 0.1 49.52121399451067 0.0012080669403076172 7.077347040176392 0.0 1.0
0 0.1 43.13365618693992 0.0012269020080566406 7.078573942184448 0.0 1.0
0 0.1 37.570005780944214 0.0012249946594238281 7.079798936843872 0.0 1.0
0 0.1 32.7239900151928 0.0013129711151123047 7.081111907958984 0.0 1.0
0 0.1 28.503043857863506 0.0012249946594238281 7.082336902618408 0.0 1.0
0 0.1 24.826541897430772 0.016319990158081055 7.098656892776489 0.5714285714285715 1.0
0 0.1 21.624258295306348 0.005787849426269531 7.104444742202759 0.5714285714285715 1.0
0 0.1 18.835025383479486 0.005780935287475586 7.110225677490234 0.5714285714285715 1.0
0 0.1 16.405565284674683 0.005980968475341797 7.116206645965576 0.5714285714285715 1.0
0 0.1 14.289472237493916 0.004789829254150391 7.120996475219727 0.5714285714285715 1.0
0 0.1 12.446326187665905 0.004901885986328125 7.125898361206055 0.5714285714285715 1.0
0 0.1 10.840920713874212 0.010601997375488281 7.136500358581543 0.7499999999999999 1.0
0 0.1 9.44259054057033 0.004915952682495117 7.141416311264038 0.7499999999999999 1.0
0 0.1 8.224625792416147 0.0046482086181640625 7.146064519882202 0.7499999999999999 1.0
0 0.1 7.163761801874259 0.004766941070556641 7.150831460952759 0.7499999999999999 1.0
0 0.1 6.239734724625884 0.004764080047607422 7.155595541000366 0.7499999999999999 1.0
0 0.1 5.43489447450858 0.015542984008789062 7.171138525009155 0.7272727272727272 1.0
0 0.1 4.733867584541418 0.008359909057617188 7.1794984340667725 0.7272727272727272 1.0
0 0.1 4.123263554256632 0.007089853286743164 7.186588287353516 0.7272727272727272 1.0
0 0.1 3.591419074200402 0.029329776763916016 7.215918064117432 0.5714285714285714 1.0
0 0.1 3.128175241967003 0.06307697296142578 7.278995037078857 0.4444444444444444 1.0
0 0.1 2.7246835143108377 0.03381705284118652 7.312812089920044 0.4 1.0
0 0.1 2.373236688776134 0.06234908103942871 7.375161170959473 0.3636363636363636 1.0
0 0.1 2.0671216863796724 0.09792304039001465 7.473084211349487 0.32000000000000006 1.0
0 0.1 1.8004913233094775 0.024699926376342773 7.49778413772583 0.32000000000000006 1.0
0 0.1 1.5682526223167341 0.12165665626525879 7.619440793991089 0.2962962962962963 1.0
0 0.1 1.3659695304072161 0.07197713851928711 7.691417932510376 0.27586206896551724 1.0
0 0.1 1.1897781846170337 0.05158591270446777 7.743003845214844 0.26666666666666666 1.0
0 0.1 1.036313107341863 0.09857606887817383 7.841579914093018 0.25806451612903225 1.0
0 0.1 0.9026429214570189 0.11405682563781738 7.955636739730835 0.24242424242424243 1.0
0 0.1 0.786214357305898 0.06316208839416504 8.018798828125 0.2352941176470588 1.0
0 0.1 0.6848034820193963 0.19041991233825684 8.209218740463257 0.2285714285714286 1.0
0 0.1 0.5964732195846044 0.07690095901489258 8.28611969947815 0.2285714285714286 1.0
0 0.1 0.5195363502423698 0.0843651294708252 8.370484828948975 0.21621621621621623 1.0
0 0.1 0.4525232824553942 0.09047818183898926 8.460963010787964 0.20512820512820512 1.0
0 0.1 0.3941539818506903 0.16220903396606445 8.623172044754028 0.19999999999999998 1.0
0 0.1 0.34331352094368267 0.480334997177124 9.103507041931152 0.19512195121951217 1.0
0 0.1 0.2990307826127625 0.1439507007598877 9.24745774269104 0.2105263157894737 1.0
0 0.1 0.2604599105337001 0.06431293487548828 9.311770677566528 0.19999999999999998 1.0
0 0.1 0.22686415225376097 0.058812856674194336 9.370583534240723 0.19999999999999998 1.0
0 0.1 0.19760178628779224 0.06690120697021484 9.437484741210938 0.19512195121951217 1.0
0 0.1 0.17211386442601356 0.08263611793518066 9.520120859146118 0.18604651162790697 1.0
0 0.1 0.14991353511608546 0.19309401512145996 9.713214874267578 0.18181818181818182 1.0
0 0.01 28.211963230963963 0.0011782646179199219 9.714393138885498 0.0 1.0
0 0.01 24.573006681497752 0.0011749267578125 9.71556806564331 0.0 1.0
0 0.01 21.403425646968028 0.0011680126190185547 9.716736078262329 0.0 1.0
0 0.01 18.642677119777133 0.0012390613555908203 9.71797513961792 0.0 1.0
0 0.01 16.238027310431736 0.0012891292572021484 9.719264268875122 0.0 1.0
0 0.01 14.143544365449966 0.0011739730834960938 9.720438241958618 0.0 1.0
0 0.01 12.319221010851523 0.0011620521545410156 9.72160029411316 0.0 1.0
0 0.01 10.730210362611421 0.001196146011352539 9.722796440124512 0.0 1.0
0 0.01 9.346160307090315 0.0011668205261230469 9.723963260650635 0.0 1.0
0 0.01 8.140633737265514 0.001220703125 9.725183963775635 0.0 1.0
0 0.01 7.090603570541246 0.0011720657348632812 9.726356029510498 0.0 1.0
0 0.01 6.176012902339531 0.001191854476928711 9.727547883987427 0.0 1.0
0 0.01 5.379391893848717 0.0011792182922363281 9.728727102279663 0.0 1.0
0 0.01 4.685524076001097 0.001168966293334961 9.729896068572998 0.0 1.0
0 0.01 4.081155695663349 0.0012540817260742188 9.731150150299072 0.0 1.0
0 0.01 3.554742552184356 0.0011720657348632812 9.732322216033936 0.0 1.0
0 0.01 3.09622948855821 0.0011551380157470703 9.733477354049683 0.0 1.0
0 0.01 2.6968583252045994 0.001157999038696289 9.734635353088379 0.0 1.0
0 0.01 2.349000567658869 0.009447813034057617 9.744083166122437 0.5714285714285715 1.0
0 0.01 2.046011692676912 0.0036208629608154297 9.747704029083252 0.5714285714285715 1.0
0 0.01 1.7821042294352372 0.0036270618438720703 9.751331090927124 0.5714285714285715 1.0
0 0.01 1.5522372115164986 0.0036411285400390625 9.754972219467163 0.5714285714285715 1.0
0 0.01 1.3520198880735976 0.0037047863006591797 9.758677005767822 0.5714285714285715 1.0
0 0.01 1.1776278549337647 0.0034818649291992188 9.762158870697021 0.5714285714285715 1.0
0 0.01 1.0257300036406054 0.00828409194946289 9.770442962646484 0.7499999999999999 1.0
0 0.01 0.8934248930683893 0.0037140846252441406 9.774157047271729 0.7499999999999999 1.0
0 0.01 0.7781853282259436 0.003422975540161133 9.77758002281189 0.7499999999999999 1.0
0 0.01 0.6778100876351608 0.0035190582275390625 9.781099081039429 0.7499999999999999 1.0
0 0.01 0.590381877216004 0.003506898880004883 9.784605979919434 0.7499999999999999 1.0
0 0.01 0.5142307075440048 0.009470939636230469 9.794076919555664 0.7272727272727272 1.0
0 0.01 0.44790199493955546 0.004715919494628906 9.798792839050293 0.7272727272727272 1.0
0 0.01 0.39012877707943217 0.021389245986938477 9.820182085037231 0.5000000000000001 1.0
0 0.01 0.33980751241358653 0.031005144119262695 9.851187229156494 0.4 1.0
0 0.01 0.2959770011254507 0.009277105331420898 9.860464334487915 0.4 1.0
0 0.01 0.2578000249994245 0.009401082992553711 9.869865417480469 0.4 1.0
0 0.01 0.22454735549379537 0.04402470588684082 9.91389012336731 0.2857142857142857 1.0
0 0.01 0.19558382455304058 0.017327070236206055 9.931217193603516 0.2857142857142857 1.0
0 0.01 0.1703561920944177 0.04270172119140625 9.973918914794922 0.25 1.0
0 0.01 0.14838257842248037 0.016234159469604492 9.990153074264526 0.25 1.0
0 0.01 0.12924325971726744 0.04806089401245117 10.038213968276978 0.2352941176470588 1.0
0 0.01 0.1125726507783501 0.04012894630432129 10.078342914581299 0.2222222222222222 1.0
0 0.01 0.09805232188500161 0.10865211486816406 10.186995029449463 0.2222222222222222 1.0
0 0.01 0.08540491638568569 0.06486129760742188 10.251856327056885 0.21621621621621623 1.0
0 0.01 0.07438885283512764 0.015644073486328125 10.267500400543213 0.21621621621621623 1.0
0 0.01 0.06479371048308594 0.014700174331665039 10.282200574874878 0.21621621621621623 1.0
0 0.01 0.056436209971818335 0.04998302459716797 10.332183599472046 0.2105263157894737 1.0
0 0.01 0.049156712468482675 0.05160808563232422 10.38379168510437 0.20512820512820512 1.0
0 0.01 0.0428161703614703 0.02101898193359375 10.404810667037964 0.20512820512820512 1.0
0 0.01 0.03729347127511503 0.019629955291748047 10.424440622329712 0.20512820512820512 1.0
0 0.01 0.032483124670098805 0.054483890533447266 10.47892451286316 0.19999999999999998 1.0
