[216.40736058 188.4937774  164.18066384 143.00360867 124.55810333
 108.49181534  94.49785828  82.30892987  71.69220614  62.44489425
  54.39035884  47.37474809  41.26405496  35.94155748  31.30558923
  27.26759733  23.75045104  20.68696841  18.01863304  15.69447636
  13.67010404  11.906848    10.37102782   9.03330739   7.86813455
   6.85325305   5.96927734   5.19932239   4.52868107   3.94454329
   3.43575127   2.99258645   2.60658382   2.27037024   1.9775236
   1.72245016   1.5002777    1.30676244   1.138208     0.99139477
   0.86351843   0.75213639   0.65512111   0.57061946   0.49701737
   0.43290895   0.37706963   0.32843281   0.28606948   0.24917044]0 1 312.2098259152708 0.006623983383178711 0.006623983383178711 0.0 1.0
0 1 271.93903789811014 0.006412982940673828 0.013036966323852539 0.0 1.0
0 1 236.8626295349813 0.006415843963623047 0.019452810287475586 0.33333333333333337 1.0
0 1 206.31059705097118 0.0578761100769043 0.07732892036437988 0.5714285714285715 1.0
0 1 179.69935797424765 0.050644874572753906 0.1279737949371338 0.5714285714285715 1.0
0 1 156.52060397255676 0.04432988166809082 0.1723036766052246 0.5714285714285715 1.0
0 1 136.33159152101595 0.04422879219055176 0.21653246879577637 0.5714285714285715 1.0
0 1 118.74668494067365 0.05720090866088867 0.27373337745666504 0.7499999999999999 1.0
0 1 103.42999026917344 0.051275014877319336 0.3250083923339844 0.7499999999999999 1.0
0 1 90.08893926113359 0.050913095474243164 0.37592148780822754 0.7499999999999999 1.0
0 1 78.46870096453189 0.04458904266357422 0.42051053047180176 0.7499999999999999 1.0
0 1 68.34731412713553 0.04462695121765137 0.4651374816894531 0.7499999999999999 1.0
0 1 59.53144745577994 0.05293393135070801 0.5180714130401611 0.6666666666666665 1.0
0 1 51.85270674408604 0.05696821212768555 0.5750396251678467 0.7272727272727272 1.0
0 1 45.16441833008278 0.05185723304748535 0.626896858215332 0.7272727272727272 1.0
0 1 39.33882744370648 0.07226705551147461 0.6991639137268066 0.6153846153846154 1.0
0 1 34.26465792907022 0.1253209114074707 0.8244848251342773 0.47058823529411764 1.0
0 1 29.84498672911064 0.1410219669342041 0.9655067920684814 0.3636363636363636 1.0
0 1 25.99539253258091 0.19024205207824707 1.1557488441467285 0.3076923076923077 1.0
0 1 22.642343220204207 0.5850679874420166 1.7408168315887451 0.26666666666666666 1.0
0 1 19.721791308170232 0.7047548294067383 2.4455716609954834 0.27586206896551724 1.0
0 1 17.177950560167822 1.0395431518554688 3.485114812850952 0.26666666666666666 1.0
0 1 14.962230399696251 0.8327858448028564 4.317900657653809 0.24242424242424243 1.0
0 1 13.03230776858211 0.6457390785217285 4.963639736175537 0.2222222222222222 1.0
0 1 11.351318703025308 0.7761499881744385 5.739789724349976 0.2222222222222222 1.0
0 1 9.887154185253786 0.6622471809387207 6.402036905288696 0.21621621621621623 1.0
0 1 8.611846820663045 0.6640040874481201 7.066040992736816 0.20512820512820512 1.0
0 1 7.501036625197576 0.8383438587188721 7.9043848514556885 0.19999999999999998 1.0
0 1 6.53350571883761 0.6927590370178223 8.59714388847351 0.20512820512820512 1.0
0 1 5.69077303724795 0.8463201522827148 9.443464040756226 0.18604651162790697 1.0
0 1 4.956741320068812 0.7346580028533936 10.17812204360962 0.1777777777777778 1.0
0 1 4.317389632878279 0.9460909366607666 11.124212980270386 0.16666666666666666 1.0
0 1 3.7605055496069455 6.6631388664245605 17.787351846694946 0.1702127659574468 1.0
0 1 3.2754518797500736 1.5034520626068115 19.290803909301758 0.1702127659574468 1.0
0 1 2.8529634845718124 0.9420697689056396 20.232873678207397 0.16666666666666666 1.0
0 1 2.4849703012340436 1.0705769062042236 21.30345058441162 0.163265306122449 1.0
0 1 2.1644431943866964 1.2564871311187744 22.559937715530396 0.163265306122449 1.0
0 1 1.8852596907900219 0.6365129947662354 23.19645071029663 0.163265306122449 1.0
0 1 1.6420870323301746 0.5882527828216553 23.784703493118286 0.163265306122449 1.0
0 1 1.4302803135927475 0.5976099967956543 24.38231348991394 0.163265306122449 1.0
0 1 1.2457937582930971 0.5749969482421875 24.957310438156128 0.163265306122449 1.0
0 1 1.0851034398309916 3.072917938232422 28.03022837638855 0.1568627450980392 1.0
0 1 0.945139969834425 2.733398675918579 30.76362705230713 0.1568627450980392 1.0
0 1 0.823229868958621 3.8440561294555664 34.607683181762695 0.1568627450980392 1.0
0 1 0.7170445000483404 7.847666025161743 42.45534920692444 0.15384615384615383 1.0
0 1 0.624555588222246 7.079965114593506 49.535314321517944 0.1509433962264151 1.0
0 1 0.5439964782567033 4.99315881729126 54.528473138809204 0.1509433962264151 1.0
0 1 0.4738283892360109 4.4702019691467285 58.99867510795593 0.1509433962264151 1.0
0 1 0.4127110218901976 4.71408486366272 63.71275997161865 0.1481481481481481 1.0
0 1 0.3594769571833539 4.457659959793091 68.17041993141174 0.1481481481481481 1.0
0 0.1 130.20161032759302 0.006352901458740234 68.17677283287048 0.0 1.0
0 0.1 113.40738729625762 0.0066568851470947266 68.18342971801758 0.0 1.0
0 0.1 98.77938883400856 0.006437778472900391 68.18986749649048 0.0 1.0
0 0.1 86.03820166433057 0.006577730178833008 68.19644522666931 0.0 1.0
0 0.1 74.9404529934022 0.00662994384765625 68.20307517051697 0.0 1.0
0 0.1 65.27416178184274 0.006492137908935547 68.2095673084259 0.0 1.0
0 0.1 56.854689638682785 0.006630897521972656 68.21619820594788 0.0 1.0
0 0.1 49.52121399451067 0.05102396011352539 68.2672221660614 0.5714285714285715 1.0
0 0.1 43.13365618693992 0.038230180740356445 68.30545234680176 0.5714285714285715 1.0
0 0.1 37.570005780944214 0.03803586959838867 68.34348821640015 0.5714285714285715 1.0
0 0.1 32.7239900151928 0.037969112396240234 68.38145732879639 0.5714285714285715 1.0
0 0.1 28.503043857863506 0.03798198699951172 68.4194393157959 0.5714285714285715 1.0
0 0.1 24.826541897430772 0.038374900817871094 68.45781421661377 0.5714285714285715 1.0
0 0.1 21.624258295306348 0.05064678192138672 68.50846099853516 0.7499999999999999 1.0
0 0.1 18.835025383479486 0.04618692398071289 68.55464792251587 0.7499999999999999 1.0
0 0.1 16.405565284674683 0.044152021408081055 68.59879994392395 0.7499999999999999 1.0
0 0.1 14.289472237493916 0.07402801513671875 68.67282795906067 0.7499999999999999 1.0
0 0.1 12.446326187665905 0.038552045822143555 68.71138000488281 0.7499999999999999 1.0
0 0.1 10.840920713874212 0.03818178176879883 68.74956178665161 0.7499999999999999 1.0
0 0.1 9.44259054057033 0.03821277618408203 68.7877745628357 0.7499999999999999 1.0
0 0.1 8.224625792416147 0.03818488121032715 68.82595944404602 0.7499999999999999 1.0
0 0.1 7.163761801874259 0.051229000091552734 68.87718844413757 0.888888888888889 1.0
0 0.1 6.239734724625884 0.06348276138305664 68.94067120552063 0.7272727272727272 1.0
0 0.1 5.43489447450858 0.05103421211242676 68.99170541763306 0.7272727272727272 1.0
0 0.1 4.733867584541418 0.050608158111572266 69.04231357574463 0.7272727272727272 1.0
0 0.1 4.123263554256632 0.10121917724609375 69.14353275299072 0.6153846153846154 1.0
0 0.1 3.591419074200402 0.08201718330383301 69.22554993629456 0.5333333333333333 1.0
0 0.1 3.128175241967003 0.23424625396728516 69.45979619026184 0.4210526315789473 1.0
0 0.1 2.7246835143108377 0.19583988189697266 69.65563607215881 0.38095238095238093 1.0
0 0.1 2.373236688776134 0.1265268325805664 69.78216290473938 0.38095238095238093 1.0
0 0.1 2.0671216863796724 0.43675971031188965 70.21892261505127 0.3333333333333333 1.0
0 0.1 1.8004913233094775 0.4012789726257324 70.620201587677 0.3076923076923077 1.0
0 0.1 1.5682526223167341 0.3862590789794922 71.0064606666565 0.2857142857142857 1.0
0 0.1 1.3659695304072161 0.48094797134399414 71.48740863800049 0.2962962962962963 1.0
0 0.1 1.1897781846170337 0.4183230400085449 71.90573167800903 0.26666666666666666 1.0
0 0.1 1.036313107341863 0.28095316886901855 72.18668484687805 0.26666666666666666 1.0
0 0.1 0.9026429214570189 0.8507070541381836 73.03739190101624 0.24242424242424243 1.0
0 0.1 0.786214357305898 0.7069828510284424 73.74437475204468 0.2352941176470588 1.0
0 0.1 0.6848034820193963 0.5003178119659424 74.24469256401062 0.2222222222222222 1.0
0 0.1 0.5964732195846044 1.2786061763763428 75.52329874038696 0.21621621621621623 1.0
0 0.1 0.5195363502423698 3.2558438777923584 78.77914261817932 0.19999999999999998 1.0
0 0.1 0.4525232824553942 5.304512977600098 84.08365559577942 0.19512195121951217 1.0
0 0.1 0.3941539818506903 1.562849998474121 85.64650559425354 0.19512195121951217 1.0
0 0.1 0.34331352094368267 1.380324125289917 87.02682971954346 0.19047619047619047 1.0
0 0.1 0.2990307826127625 7.880873918533325 94.90770363807678 0.25 1.0
0 0.1 0.2604599105337001 0.8914010524749756 95.79910469055176 0.25 1.0
0 0.1 0.22686415225376097 0.7037649154663086 96.50286960601807 0.24390243902439027 1.0
0 0.1 0.19760178628779224 0.8399388790130615 97.34280848503113 0.24390243902439027 1.0
0 0.1 0.17211386442601356 0.6642768383026123 98.00708532333374 0.24390243902439027 1.0
0 0.1 0.14991353511608546 0.5560131072998047 98.56309843063354 0.24390243902439027 1.0
0 0.01 28.211963230963963 0.006412982940673828 98.56951141357422 0.33333333333333337 1.0
0 0.01 24.573006681497752 0.04703807830810547 98.61654949188232 0.5714285714285715 1.0
0 0.01 21.403425646968028 0.04024505615234375 98.65679454803467 0.5714285714285715 1.0
0 0.01 18.642677119777133 0.04292607307434082 98.69972062110901 0.5714285714285715 1.0
0 0.01 16.238027310431736 0.038485050201416016 98.73820567131042 0.5714285714285715 1.0
0 0.01 14.143544365449966 0.038101911544799805 98.77630758285522 0.5714285714285715 1.0
0 0.01 12.319221010851523 0.038205862045288086 98.81451344490051 0.5714285714285715 1.0
0 0.01 10.730210362611421 0.03192305564880371 98.84643650054932 0.5714285714285715 1.0
0 0.01 9.346160307090315 0.05051898956298828 98.8969554901123 0.7499999999999999 1.0
0 0.01 8.140633737265514 0.03801989555358887 98.9349753856659 0.7499999999999999 1.0
0 0.01 7.090603570541246 0.03795003890991211 98.9729254245758 0.7499999999999999 1.0
0 0.01 6.176012902339531 0.03830409049987793 99.01122951507568 0.7499999999999999 1.0
0 0.01 5.379391893848717 0.03807687759399414 99.04930639266968 0.7499999999999999 1.0
0 0.01 4.685524076001097 0.037863969802856445 99.08717036247253 0.7499999999999999 1.0
0 0.01 4.081155695663349 0.03798508644104004 99.12515544891357 0.7499999999999999 1.0
0 0.01 3.554742552184356 0.038221120834350586 99.16337656974792 0.7499999999999999 1.0
0 0.01 3.09622948855821 0.05216383934020996 99.21554040908813 0.7499999999999999 1.0
0 0.01 2.6968583252045994 0.05187678337097168 99.2674171924591 0.888888888888889 1.0
0 0.01 2.349000567658869 0.032531023025512695 99.29994821548462 0.888888888888889 1.0
0 0.01 2.046011692676912 0.0577239990234375 99.35767221450806 0.7272727272727272 1.0
0 0.01 1.7821042294352372 0.04504227638244629 99.4027144908905 0.7272727272727272 1.0
0 0.01 1.5522372115164986 0.08921694755554199 99.49193143844604 0.6666666666666666 1.0
0 0.01 1.3520198880735976 0.08309698104858398 99.57502841949463 0.5714285714285714 1.0
0 0.01 1.1776278549337647 0.11627817153930664 99.69130659103394 0.5000000000000001 1.0
0 0.01 1.0257300036406054 0.13075709342956543 99.8220636844635 0.47058823529411764 1.0
0 0.01 0.8934248930683893 0.12964987754821777 99.95171356201172 0.4444444444444444 1.0
0 0.01 0.7781853282259436 0.10434484481811523 100.05605840682983 0.4444444444444444 1.0
0 0.01 0.6778100876351608 0.16588687896728516 100.22194528579712 0.3478260869565218 1.0
0 0.01 0.590381877216004 0.12139892578125 100.34334421157837 0.3478260869565218 1.0
0 0.01 0.5142307075440048 0.11644911766052246 100.45979332923889 0.3478260869565218 1.0
0 0.01 0.44790199493955546 0.22239995002746582 100.68219327926636 0.32000000000000006 1.0
0 0.01 0.39012877707943217 0.15274477005004883 100.8349380493164 0.32000000000000006 1.0
0 0.01 0.33980751241358653 0.1483628749847412 100.98330092430115 0.32000000000000006 1.0
0 0.01 0.2959770011254507 0.14749908447265625 101.1308000087738 0.32000000000000006 1.0
0 0.01 0.2578000249994245 0.1845870018005371 101.31538701057434 0.2962962962962963 1.0
0 0.01 0.22454735549379537 0.17220592498779297 101.48759293556213 0.2857142857142857 1.0
0 0.01 0.19558382455304058 0.14035511016845703 101.62794804573059 0.2857142857142857 1.0
0 0.01 0.1703561920944177 0.5435383319854736 102.17148637771606 0.24242424242424243 1.0
0 0.01 0.14838257842248037 0.3248729705810547 102.49635934829712 0.24242424242424243 1.0
0 0.01 0.12924325971726744 0.3005259037017822 102.7968852519989 0.24242424242424243 1.0
0 0.01 0.1125726507783501 0.28153395652770996 103.07841920852661 0.24242424242424243 1.0
0 0.01 0.09805232188500161 0.36532092094421387 103.44374012947083 0.2352941176470588 1.0
0 0.01 0.08540491638568569 0.24269795417785645 103.68643808364868 0.2352941176470588 1.0
0 0.01 0.07438885283512764 0.4741029739379883 104.16054105758667 0.2222222222222222 1.0
0 0.01 0.06479371048308594 0.4860861301422119 104.64662718772888 0.2105263157894737 1.0
0 0.01 0.056436209971818335 0.5179891586303711 105.16461634635925 0.20512820512820512 1.0
0 0.01 0.049156712468482675 0.3369882106781006 105.50160455703735 0.20512820512820512 1.0
0 0.01 0.0428161703614703 0.89646315574646 106.39806771278381 0.19047619047619047 1.0
0 0.01 0.03729347127511503 0.5245571136474609 106.92262482643127 0.19047619047619047 1.0
0 0.01 0.032483124670098805 0.8252639770507812 107.74788880348206 0.18181818181818182 1.0
