[216.40736058 188.4937774  164.18066384 143.00360867 124.55810333
 108.49181534  94.49785828  82.30892987  71.69220614  62.44489425
  54.39035884  47.37474809  41.26405496  35.94155748  31.30558923
  27.26759733  23.75045104  20.68696841  18.01863304  15.69447636
  13.67010404  11.906848    10.37102782   9.03330739   7.86813455
   6.85325305   5.96927734   5.19932239   4.52868107   3.94454329
   3.43575127   2.99258645   2.60658382   2.27037024   1.9775236
   1.72245016   1.5002777    1.30676244   1.138208     0.99139477
   0.86351843   0.75213639   0.65512111   0.57061946   0.49701737
   0.43290895   0.37706963   0.32843281   0.28606948   0.24917044]0 1 312.2098259152708 0.007238864898681641 0.007238864898681641 0.0 1.0
0 1 271.93903789811014 0.012054920196533203 0.019293785095214844 0.0 1.0
0 1 236.8626295349813 0.007032871246337891 0.026326656341552734 0.33333333333333337 1.0
0 1 206.31059705097118 0.0627279281616211 0.08905458450317383 0.5714285714285715 1.0
0 1 179.69935797424765 0.039563894271850586 0.12861847877502441 0.5714285714285715 1.0
0 1 156.52060397255676 0.03262591361999512 0.16124439239501953 0.5714285714285715 1.0
0 1 136.33159152101595 0.032379865646362305 0.19362425804138184 0.5714285714285715 1.0
0 1 118.74668494067365 0.038609981536865234 0.23223423957824707 0.7499999999999999 1.0
0 1 103.42999026917344 0.03311014175415039 0.26534438133239746 0.7499999999999999 1.0
0 1 90.08893926113359 0.03292989730834961 0.29827427864074707 0.7499999999999999 1.0
0 1 78.46870096453189 0.03369903564453125 0.3319733142852783 0.7499999999999999 1.0
0 1 68.34731412713553 0.03358101844787598 0.3655543327331543 0.7499999999999999 1.0
0 1 59.53144745577994 0.04134082794189453 0.40689516067504883 0.6666666666666665 1.0
0 1 51.85270674408604 0.03948807716369629 0.4463832378387451 0.7272727272727272 1.0
0 1 45.16441833008278 0.03859210014343262 0.48497533798217773 0.7272727272727272 1.0
0 1 39.33882744370648 0.04480409622192383 0.5297794342041016 0.6153846153846154 1.0
0 1 34.26465792907022 0.083740234375 0.6135196685791016 0.47058823529411764 1.0
0 1 29.84498672911064 0.08475685119628906 0.6982765197753906 0.3636363636363636 1.0
0 1 25.99539253258091 0.11225581169128418 0.8105323314666748 0.3076923076923077 1.0
0 1 22.642343220204207 0.322998046875 1.1335303783416748 0.26666666666666666 1.0
0 1 19.721791308170232 0.36685705184936523 1.50038743019104 0.27586206896551724 1.0
0 1 17.177950560167822 0.6516129970550537 2.1520004272460938 0.26666666666666666 1.0
0 1 14.962230399696251 0.5289878845214844 2.680988311767578 0.24242424242424243 1.0
0 1 13.03230776858211 0.4473841190338135 3.1283724308013916 0.2222222222222222 1.0
0 1 11.351318703025308 0.42761874198913574 3.5559911727905273 0.2222222222222222 1.0
0 1 9.887154185253786 0.4110112190246582 3.9670023918151855 0.21621621621621623 1.0
0 1 8.611846820663045 0.41862988471984863 4.385632276535034 0.20512820512820512 1.0
0 1 7.501036625197576 0.469573974609375 4.855206251144409 0.19999999999999998 1.0
0 1 6.53350571883761 0.3812289237976074 5.236435174942017 0.20512820512820512 1.0
0 1 5.69077303724795 0.44275617599487305 5.67919135093689 0.18604651162790697 1.0
0 1 4.956741320068812 0.373046875 6.05223822593689 0.1777777777777778 1.0
0 1 4.317389632878279 0.4341702461242676 6.486408472061157 0.1702127659574468 1.0
0 1 3.7605055496069455 4.912328004837036 11.398736476898193 0.1702127659574468 1.0
0 1 3.2754518797500736 0.9754807949066162 12.37421727180481 0.1702127659574468 1.0
0 1 2.8529634845718124 0.22640204429626465 12.600619316101074 0.16666666666666666 1.0
