[216.40736058 188.4937774  164.18066384 143.00360867 124.55810333
 108.49181534  94.49785828  82.30892987  71.69220614  62.44489425
  54.39035884  47.37474809  41.26405496  35.94155748  31.30558923
  27.26759733  23.75045104  20.68696841  18.01863304  15.69447636
  13.67010404  11.906848    10.37102782   9.03330739   7.86813455
   6.85325305   5.96927734   5.19932239   4.52868107   3.94454329
   3.43575127   2.99258645   2.60658382   2.27037024   1.9775236
   1.72245016   1.5002777    1.30676244   1.138208     0.99139477
   0.86351843   0.75213639   0.65512111   0.57061946   0.49701737
   0.43290895   0.37706963   0.32843281   0.28606948   0.24917044]0 1 312.2098259152708 0.006578922271728516 0.006578922271728516 0.0 1.0
0 1 271.93903789811014 0.006386995315551758 0.012965917587280273 0.0 1.0
0 1 236.8626295349813 0.006528139114379883 0.019494056701660156 0.33333333333333337 1.0
0 1 206.31059705097118 0.05147695541381836 0.07097101211547852 0.5714285714285715 1.0
0 1 179.69935797424765 0.04517722129821777 0.11614823341369629 0.5714285714285715 1.0
0 1 156.52060397255676 0.03997492790222168 0.15612316131591797 0.5714285714285715 1.0
0 1 136.33159152101595 0.03867292404174805 0.19479608535766602 0.5714285714285715 1.0
0 1 118.74668494067365 0.044558048248291016 0.23935413360595703 0.7499999999999999 1.0
0 1 103.42999026917344 0.04468488693237305 0.2840390205383301 0.7499999999999999 1.0
0 1 90.08893926113359 0.044703006744384766 0.32874202728271484 0.7499999999999999 1.0
0 1 78.46870096453189 0.038266897201538086 0.36700892448425293 0.7499999999999999 1.0
0 1 68.34731412713553 0.03856492042541504 0.40557384490966797 0.7499999999999999 1.0
0 1 59.53144745577994 0.04479622840881348 0.45037007331848145 0.6666666666666665 1.0
0 1 51.85270674408604 0.051177024841308594 0.50154709815979 0.7272727272727272 1.0
0 1 45.16441833008278 0.04439520835876465 0.5459423065185547 0.7272727272727272 1.0
0 1 39.33882744370648 0.05826401710510254 0.6042063236236572 0.6153846153846154 1.0
0 1 34.26465792907022 0.10732603073120117 0.7115323543548584 0.47058823529411764 1.0
0 1 29.84498672911064 0.11418700218200684 0.8257193565368652 0.3636363636363636 1.0
0 1 25.99539253258091 0.16246509552001953 0.9881844520568848 0.3076923076923077 1.0
0 1 22.642343220204207 0.45299577713012695 1.4411802291870117 0.26666666666666666 1.0
0 1 19.721791308170232 0.5193967819213867 1.9605770111083984 0.27586206896551724 1.0
0 1 17.177950560167822 0.803015947341919 2.7635929584503174 0.26666666666666666 1.0
0 1 14.962230399696251 0.6735689640045166 3.437161922454834 0.24242424242424243 1.0
0 1 13.03230776858211 0.5431160926818848 3.9802780151367188 0.2222222222222222 1.0
0 1 11.351318703025308 0.5864949226379395 4.566772937774658 0.2222222222222222 1.0
0 1 9.887154185253786 0.5248939990997314 5.09166693687439 0.21621621621621623 1.0
0 1 8.611846820663045 0.522467851638794 5.614134788513184 0.20512820512820512 1.0
0 1 7.501036625197576 0.635610818862915 6.249745607376099 0.19999999999999998 1.0
0 1 6.53350571883761 0.5217211246490479 6.7714667320251465 0.20512820512820512 1.0
0 1 5.69077303724795 0.6377091407775879 7.409175872802734 0.18604651162790697 1.0
0 1 4.956741320068812 0.546027660369873 7.955203533172607 0.1777777777777778 1.0
0 1 4.317389632878279 0.6624472141265869 8.617650747299194 0.16666666666666666 1.0
0 1 3.7605055496069455 5.681877136230469 14.299527883529663 0.1702127659574468 1.0
0 1 3.2754518797500736 1.205583095550537 15.5051109790802 0.1702127659574468 1.0
0 1 2.8529634845718124 0.5808289051055908 16.08593988418579 0.16666666666666666 1.0
0 1 2.4849703012340436 0.6980428695678711 16.783982753753662 0.163265306122449 1.0
0 1 2.1644431943866964 0.9510278701782227 17.735010623931885 0.163265306122449 1.0
0 1 1.8852596907900219 0.41907715797424316 18.154087781906128 0.163265306122449 1.0
0 1 1.6420870323301746 0.4038200378417969 18.557907819747925 0.163265306122449 1.0
0 1 1.4302803135927475 0.39057207107543945 18.948479890823364 0.163265306122449 1.0
0 1 1.2457937582930971 0.4390988349914551 19.38757872581482 0.163265306122449 1.0
0 1 1.0851034398309916 2.111193895339966 21.498772621154785 0.1568627450980392 1.0
0 1 0.945139969834425 1.779512643814087 23.278285264968872 0.1568627450980392 1.0
0 1 0.823229868958621 3.099452018737793 26.377737283706665 0.1568627450980392 1.0
0 1 0.7170445000483404 6.159846067428589 32.537583351135254 0.15384615384615383 1.0
0 1 0.624555588222246 5.063143014907837 37.60072636604309 0.1509433962264151 1.0
0 1 0.5439964782567033 3.3044052124023438 40.905131578445435 0.1509433962264151 1.0
0 1 0.4738283892360109 2.887655019760132 43.792786598205566 0.1509433962264151 1.0
0 1 0.4127110218901976 2.943213701248169 46.736000299453735 0.1481481481481481 1.0
0 1 0.3594769571833539 2.8508188724517822 49.58681917190552 0.1481481481481481 1.0
0 0.1 130.20161032759302 0.006290912628173828 49.59311008453369 0.0 1.0
0 0.1 113.40738729625762 0.006513833999633789 49.599623918533325 0.0 1.0
0 0.1 98.77938883400856 0.006498098373413086 49.60612201690674 0.0 1.0
0 0.1 86.03820166433057 0.006659984588623047 49.61278200149536 0.0 1.0
0 0.1 74.9404529934022 0.006508827209472656 49.619290828704834 0.0 1.0
0 0.1 65.27416178184274 0.006880044937133789 49.62617087364197 0.0 1.0
0 0.1 56.854689638682785 0.006670951843261719 49.63284182548523 0.0 1.0
0 0.1 49.52121399451067 0.045111894607543945 49.67795372009277 0.5714285714285715 1.0
0 0.1 43.13365618693992 0.03186678886413574 49.70982050895691 0.5714285714285715 1.0
0 0.1 37.570005780944214 0.03170299530029297 49.7415235042572 0.5714285714285715 1.0
0 0.1 32.7239900151928 0.03197002410888672 49.77349352836609 0.5714285714285715 1.0
0 0.1 28.503043857863506 0.032176971435546875 49.805670499801636 0.5714285714285715 1.0
0 0.1 24.826541897430772 0.03204083442687988 49.837711334228516 0.5714285714285715 1.0
0 0.1 21.624258295306348 0.04438591003417969 49.882097244262695 0.7499999999999999 1.0
0 0.1 18.835025383479486 0.03821611404418945 49.920313358306885 0.7499999999999999 1.0
0 0.1 16.405565284674683 0.03229379653930664 49.95260715484619 0.7499999999999999 1.0
0 0.1 14.289472237493916 0.031774044036865234 49.98438119888306 0.7499999999999999 1.0
0 0.1 12.446326187665905 0.03180813789367676 50.01618933677673 0.7499999999999999 1.0
0 0.1 10.840920713874212 0.031989097595214844 50.04817843437195 0.7499999999999999 1.0
0 0.1 9.44259054057033 0.031861066818237305 50.080039501190186 0.7499999999999999 1.0
0 0.1 8.224625792416147 0.032155752182006836 50.11219525337219 0.7499999999999999 1.0
0 0.1 7.163761801874259 0.04477882385253906 50.15697407722473 0.888888888888889 1.0
0 0.1 6.239734724625884 0.05744504928588867 50.21441912651062 0.7272727272727272 1.0
0 0.1 5.43489447450858 0.03841900825500488 50.252838134765625 0.7272727272727272 1.0
0 0.1 4.733867584541418 0.03824591636657715 50.2910840511322 0.7272727272727272 1.0
0 0.1 4.123263554256632 0.08231401443481445 50.37339806556702 0.6153846153846154 1.0
0 0.1 3.591419074200402 0.0759117603302002 50.44930982589722 0.5333333333333333 1.0
0 0.1 3.128175241967003 0.20284104347229004 50.65215086936951 0.4210526315789473 1.0
0 0.1 2.7246835143108377 0.17086195945739746 50.823012828826904 0.38095238095238093 1.0
0 0.1 2.373236688776134 0.10204696655273438 50.92505979537964 0.38095238095238093 1.0
0 0.1 2.0671216863796724 0.37561678886413574 51.300676584243774 0.3333333333333333 1.0
0 0.1 1.8004913233094775 0.33677005767822266 51.637446641922 0.3076923076923077 1.0
0 0.1 1.5682526223167341 0.30615925788879395 51.94360589981079 0.2857142857142857 1.0
0 0.1 1.3659695304072161 0.445389986038208 52.388995885849 0.2962962962962963 1.0
0 0.1 1.1897781846170337 0.32168006896972656 52.710675954818726 0.26666666666666666 1.0
0 0.1 1.036313107341863 0.21591925621032715 52.92659521102905 0.26666666666666666 1.0
0 0.1 0.9026429214570189 0.7376232147216797 53.66421842575073 0.24242424242424243 1.0
0 0.1 0.786214357305898 0.5650842189788818 54.229302644729614 0.2352941176470588 1.0
0 0.1 0.6848034820193963 0.3878660202026367 54.61716866493225 0.2222222222222222 1.0
0 0.1 0.5964732195846044 1.122209072113037 55.73937773704529 0.21621621621621623 1.0
0 0.1 0.5195363502423698 2.7336738109588623 58.47305154800415 0.19999999999999998 1.0
0 0.1 0.4525232824553942 4.233698129653931 62.70674967765808 0.19512195121951217 1.0
0 0.1 0.3941539818506903 1.078812837600708 63.78556251525879 0.19512195121951217 1.0
0 0.1 0.34331352094368267 0.996129035949707 64.7816915512085 0.19047619047619047 1.0
0 0.1 0.2990307826127625 7.408202171325684 72.18989372253418 0.25 1.0
0 0.1 0.2604599105337001 0.6556808948516846 72.84557461738586 0.25 1.0
0 0.1 0.22686415225376097 0.29525184631347656 73.14082646369934 0.24390243902439027 1.0
0 0.1 0.19760178628779224 0.6074879169464111 73.74831438064575 0.24390243902439027 1.0
0 0.1 0.17211386442601356 0.4623250961303711 74.21063947677612 0.24390243902439027 1.0
0 0.1 0.14991353511608546 0.36406707763671875 74.57470655441284 0.24390243902439027 1.0
0 0.01 28.211963230963963 0.006351947784423828 74.58105850219727 0.33333333333333337 1.0
0 0.01 24.573006681497752 0.03909611701965332 74.62015461921692 0.5714285714285715 1.0
0 0.01 21.403425646968028 0.0321650505065918 74.65231966972351 0.5714285714285715 1.0
0 0.01 18.642677119777133 0.032099008560180664 74.68441867828369 0.5714285714285715 1.0
0 0.01 16.238027310431736 0.03202104568481445 74.7164397239685 0.5714285714285715 1.0
0 0.01 14.143544365449966 0.03228497505187988 74.74872469902039 0.5714285714285715 1.0
0 0.01 12.319221010851523 0.032913923263549805 74.78163862228394 0.5714285714285715 1.0
0 0.01 10.730210362611421 0.03247785568237305 74.81411647796631 0.5714285714285715 1.0
0 0.01 9.346160307090315 0.04462695121765137 74.85874342918396 0.7499999999999999 1.0
0 0.01 8.140633737265514 0.03301119804382324 74.89175462722778 0.7499999999999999 1.0
0 0.01 7.090603570541246 0.03188776969909668 74.92364239692688 0.7499999999999999 1.0
0 0.01 6.176012902339531 0.03214287757873535 74.95578527450562 0.7499999999999999 1.0
0 0.01 5.379391893848717 0.03209376335144043 74.98787903785706 0.7499999999999999 1.0
0 0.01 4.685524076001097 0.03209710121154785 75.0199761390686 0.7499999999999999 1.0
0 0.01 4.081155695663349 0.03238725662231445 75.05236339569092 0.7499999999999999 1.0
0 0.01 3.554742552184356 0.03221416473388672 75.0845775604248 0.7499999999999999 1.0
0 0.01 3.09622948855821 0.03214907646179199 75.1167266368866 0.7499999999999999 1.0
0 0.01 2.6968583252045994 0.04503273963928223 75.16175937652588 0.888888888888889 1.0
0 0.01 2.349000567658869 0.026120901107788086 75.18788027763367 0.888888888888889 1.0
0 0.01 2.046011692676912 0.05127882957458496 75.23915910720825 0.7272727272727272 1.0
0 0.01 1.7821042294352372 0.03861403465270996 75.27777314186096 0.7272727272727272 1.0
0 0.01 1.5522372115164986 0.07691001892089844 75.35468316078186 0.6666666666666666 1.0
0 0.01 1.3520198880735976 0.07133698463439941 75.42602014541626 0.5714285714285714 1.0
0 0.01 1.1776278549337647 0.10232186317443848 75.5283420085907 0.5000000000000001 1.0
0 0.01 1.0257300036406054 0.1100459098815918 75.63838791847229 0.47058823529411764 1.0
0 0.01 0.8934248930683893 0.11035323143005371 75.74874114990234 0.4444444444444444 1.0
0 0.01 0.7781853282259436 0.0785517692565918 75.82729291915894 0.4444444444444444 1.0
0 0.01 0.6778100876351608 0.14133501052856445 75.9686279296875 0.3478260869565218 1.0
0 0.01 0.590381877216004 0.09624695777893066 76.06487488746643 0.3478260869565218 1.0
0 0.01 0.5142307075440048 0.0905756950378418 76.15545058250427 0.3478260869565218 1.0
0 0.01 0.44790199493955546 0.19129586219787598 76.34674644470215 0.32000000000000006 1.0
0 0.01 0.39012877707943217 0.12092781066894531 76.4676742553711 0.32000000000000006 1.0
0 0.01 0.33980751241358653 0.11547493934631348 76.58314919471741 0.32000000000000006 1.0
0 0.01 0.2959770011254507 0.11545109748840332 76.69860029220581 0.32000000000000006 1.0
0 0.01 0.2578000249994245 0.1556868553161621 76.85428714752197 0.2962962962962963 1.0
0 0.01 0.22454735549379537 0.14075016975402832 76.995037317276 0.2857142857142857 1.0
0 0.01 0.19558382455304058 0.10871100425720215 77.1037483215332 0.2857142857142857 1.0
0 0.01 0.1703561920944177 0.4468390941619873 77.55058741569519 0.24242424242424243 1.0
0 0.01 0.14838257842248037 0.23748517036437988 77.78807258605957 0.24242424242424243 1.0
0 0.01 0.12924325971726744 0.2214829921722412 78.00955557823181 0.24242424242424243 1.0
0 0.01 0.1125726507783501 0.1995830535888672 78.20913863182068 0.24242424242424243 1.0
0 0.01 0.09805232188500161 0.27986788749694824 78.48900651931763 0.2352941176470588 1.0
0 0.01 0.08540491638568569 0.16599678993225098 78.65500330924988 0.2352941176470588 1.0
0 0.01 0.07438885283512764 0.4287281036376953 79.08373141288757 0.2222222222222222 1.0
0 0.01 0.06479371048308594 0.39631009101867676 79.48004150390625 0.2105263157894737 1.0
0 0.01 0.056436209971818335 0.4094240665435791 79.88946557044983 0.20512820512820512 1.0
0 0.01 0.049156712468482675 0.23821711540222168 80.12768268585205 0.20512820512820512 1.0
0 0.01 0.0428161703614703 0.7289307117462158 80.85661339759827 0.19047619047619047 1.0
0 0.01 0.03729347127511503 0.3718869686126709 81.22850036621094 0.19047619047619047 1.0
0 0.01 0.032483124670098805 0.6514101028442383 81.87991046905518 0.18181818181818182 1.0
