[216.40736058 188.4937774  164.18066384 143.00360867 124.55810333
 108.49181534  94.49785828  82.30892987  71.69220614  62.44489425
  54.39035884  47.37474809  41.26405496  35.94155748  31.30558923
  27.26759733  23.75045104  20.68696841  18.01863304  15.69447636
  13.67010404  11.906848    10.37102782   9.03330739   7.86813455
   6.85325305   5.96927734   5.19932239   4.52868107   3.94454329
   3.43575127   2.99258645   2.60658382   2.27037024   1.9775236
   1.72245016   1.5002777    1.30676244   1.138208     0.99139477
   0.86351843   0.75213639   0.65512111   0.57061946   0.49701737
   0.43290895   0.37706963   0.32843281   0.28606948   0.24917044]0 1 312.2098259152708 0.0005042552947998047 0.0005042552947998047 0.0 1.0
0 1 271.93903789811014 0.0005240440368652344 0.001028299331665039 0.0 1.0
0 1 236.8626295349813 0.005209922790527344 0.006238222122192383 0.33333333333333337 1.0
0 1 206.31059705097118 0.025554895401000977 0.03179311752319336 0.5714285714285715 1.0
0 1 179.69935797424765 0.016256093978881836 0.048049211502075195 0.5714285714285715 1.0
0 1 156.52060397255676 0.013365983963012695 0.06141519546508789 0.5714285714285715 1.0
0 1 136.33159152101595 0.011784076690673828 0.07319927215576172 0.5714285714285715 1.0
0 1 118.74668494067365 0.011626005172729492 0.08482527732849121 0.7499999999999999 1.0
0 1 103.42999026917344 0.011185169219970703 0.09601044654846191 0.7499999999999999 1.0
0 1 90.08893926113359 0.010568857192993164 0.10657930374145508 0.7499999999999999 1.0
0 1 78.46870096453189 0.010048866271972656 0.11662817001342773 0.7499999999999999 1.0
0 1 68.34731412713553 0.010004997253417969 0.1266331672668457 0.7499999999999999 1.0
0 1 59.53144745577994 0.014892101287841797 0.1415252685546875 0.6666666666666665 1.0
0 1 51.85270674408604 0.010531902313232422 0.15205717086791992 0.7272727272727272 1.0
0 1 45.16441833008278 0.010829925537109375 0.1628870964050293 0.7272727272727272 1.0
0 1 39.33882744370648 0.014056921005249023 0.17694401741027832 0.6153846153846154 1.0
0 1 34.26465792907022 0.021075963973999023 0.19801998138427734 0.47058823529411764 1.0
0 1 29.84498672911064 0.034542083740234375 0.23256206512451172 0.3636363636363636 1.0
0 1 25.99539253258091 0.04200601577758789 0.2745680809020996 0.3076923076923077 1.0
0 1 22.642343220204207 0.11348271369934082 0.38805079460144043 0.26666666666666666 1.0
0 1 19.721791308170232 0.13932013511657715 0.5273709297180176 0.27586206896551724 1.0
0 1 17.177950560167822 0.20682978630065918 0.7342007160186768 0.26666666666666666 1.0
0 1 14.962230399696251 0.17895889282226562 0.9131596088409424 0.24242424242424243 1.0
0 1 13.03230776858211 0.1597599983215332 1.0729196071624756 0.2222222222222222 1.0
0 1 11.351318703025308 0.18801116943359375 1.2609307765960693 0.2222222222222222 1.0
0 1 9.887154185253786 0.15613603591918945 1.4170668125152588 0.21621621621621623 1.0
0 1 8.611846820663045 0.15206503868103027 1.569131851196289 0.20512820512820512 1.0
0 1 7.501036625197576 0.17514276504516602 1.744274616241455 0.19999999999999998 1.0
0 1 6.53350571883761 0.14299392700195312 1.8872685432434082 0.20512820512820512 1.0
0 1 5.69077303724795 0.19836020469665527 2.0856287479400635 0.18604651162790697 1.0
0 1 4.956741320068812 0.16696405410766602 2.2525928020477295 0.1777777777777778 1.0
0 1 4.317389632878279 0.21243786811828613 2.4650306701660156 0.16666666666666666 1.0
0 1 3.7605055496069455 1.8874461650848389 4.3524768352508545 0.1702127659574468 1.0
0 1 3.2754518797500736 0.4415299892425537 4.794006824493408 0.1702127659574468 1.0
0 1 2.8529634845718124 0.25394678115844727 5.0479536056518555 0.16666666666666666 1.0
0 1 2.4849703012340436 0.19353675842285156 5.241490364074707 0.163265306122449 1.0
0 1 2.1644431943866964 0.3526620864868164 5.594152450561523 0.163265306122449 1.0
0 1 1.8852596907900219 0.20074009895324707 5.7948925495147705 0.163265306122449 1.0
0 1 1.6420870323301746 0.18554186820983887 5.980434417724609 0.163265306122449 1.0
0 1 1.4302803135927475 0.1722278594970703 6.15266227722168 0.163265306122449 1.0
0 1 1.2457937582930971 0.15811491012573242 6.310777187347412 0.163265306122449 1.0
0 1 1.0851034398309916 0.7233409881591797 7.034118175506592 0.1568627450980392 1.0
0 1 0.945139969834425 0.6912789344787598 7.725397109985352 0.1568627450980392 1.0
0 1 0.823229868958621 0.9075901508331299 8.632987260818481 0.1568627450980392 1.0
0 1 0.7170445000483404 1.5288341045379639 10.161821365356445 0.15384615384615383 1.0
0 1 0.624555588222246 1.7150897979736328 11.876911163330078 0.1509433962264151 1.0
0 1 0.5439964782567033 1.1945269107818604 13.071438074111938 0.1509433962264151 1.0
0 1 0.4738283892360109 1.01096773147583 14.082405805587769 0.1509433962264151 1.0
0 1 0.4127110218901976 1.0233309268951416 15.10573673248291 0.1481481481481481 1.0
0 1 0.3594769571833539 1.0035479068756104 16.10928463935852 0.1481481481481481 1.0
0 0.1 130.20161032759302 0.0004918575286865234 16.109776496887207 0.0 1.0
0 0.1 113.40738729625762 0.0004730224609375 16.110249519348145 0.0 1.0
0 0.1 98.77938883400856 0.0005052089691162109 16.11075472831726 0.0 1.0
0 0.1 86.03820166433057 0.0005028247833251953 16.111257553100586 0.0 1.0
0 0.1 74.9404529934022 0.0006160736083984375 16.111873626708984 0.0 1.0
0 0.1 65.27416178184274 0.0005970001220703125 16.112470626831055 0.0 1.0
0 0.1 56.854689638682785 0.0006101131439208984 16.113080739974976 0.0 1.0
0 0.1 49.52121399451067 0.013886213302612305 16.126966953277588 0.5714285714285715 1.0
0 0.1 43.13365618693992 0.009897947311401367 16.13686490058899 0.5714285714285715 1.0
0 0.1 37.570005780944214 0.009512901306152344 16.14637780189514 0.5714285714285715 1.0
0 0.1 32.7239900151928 0.009200334548950195 16.155578136444092 0.5714285714285715 1.0
0 0.1 28.503043857863506 0.009011983871459961 16.16459012031555 0.5714285714285715 1.0
0 0.1 24.826541897430772 0.007921934127807617 16.17251205444336 0.5714285714285715 1.0
0 0.1 21.624258295306348 0.007437705993652344 16.17994976043701 0.5714285714285715 1.0
0 0.1 18.835025383479486 0.01045989990234375 16.190409660339355 0.7499999999999999 1.0
0 0.1 16.405565284674683 0.008632898330688477 16.199042558670044 0.7499999999999999 1.0
0 0.1 14.289472237493916 0.008318901062011719 16.207361459732056 0.7499999999999999 1.0
0 0.1 12.446326187665905 0.008130073547363281 16.21549153327942 0.7499999999999999 1.0
0 0.1 10.840920713874212 0.008020877838134766 16.223512411117554 0.7499999999999999 1.0
0 0.1 9.44259054057033 0.008162975311279297 16.231675386428833 0.7499999999999999 1.0
0 0.1 8.224625792416147 0.006497859954833984 16.238173246383667 0.7499999999999999 1.0
0 0.1 7.163761801874259 0.00929880142211914 16.247472047805786 0.7499999999999999 1.0
0 0.1 6.239734724625884 0.01203608512878418 16.25950813293457 0.7272727272727272 1.0
0 0.1 5.43489447450858 0.00933694839477539 16.268845081329346 0.7272727272727272 1.0
0 0.1 4.733867584541418 0.008461236953735352 16.27730631828308 0.7272727272727272 1.0
0 0.1 4.123263554256632 0.025517702102661133 16.302824020385742 0.6153846153846154 1.0
0 0.1 3.591419074200402 0.02182292938232422 16.324646949768066 0.5714285714285714 1.0
0 0.1 3.128175241967003 0.04579901695251465 16.37044596672058 0.4210526315789473 1.0
0 0.1 2.7246835143108377 0.022852659225463867 16.393298625946045 0.4210526315789473 1.0
0 0.1 2.373236688776134 0.0376739501953125 16.430972576141357 0.38095238095238093 1.0
0 0.1 2.0671216863796724 0.06493592262268066 16.495908498764038 0.3478260869565218 1.0
0 0.1 1.8004913233094775 0.14959478378295898 16.645503282546997 0.32000000000000006 1.0
0 0.1 1.5682526223167341 0.17856216430664062 16.824065446853638 0.2857142857142857 1.0
0 0.1 1.3659695304072161 0.13055801391601562 16.954623460769653 0.27586206896551724 1.0
0 0.1 1.1897781846170337 0.15660881996154785 17.1112322807312 0.25806451612903225 1.0
0 0.1 1.036313107341863 0.08106613159179688 17.192298412322998 0.25806451612903225 1.0
0 0.1 0.9026429214570189 0.10967326164245605 17.301971673965454 0.24242424242424243 1.0
0 0.1 0.786214357305898 0.13143181800842285 17.433403491973877 0.2352941176470588 1.0
0 0.1 0.6848034820193963 0.08061718940734863 17.514020681381226 0.2352941176470588 1.0
0 0.1 0.5964732195846044 0.3666229248046875 17.880643606185913 0.2285714285714286 1.0
0 0.1 0.5195363502423698 0.4805607795715332 18.361204385757446 0.2222222222222222 1.0
0 0.1 0.4525232824553942 0.6649107933044434 19.02611517906189 0.20512820512820512 1.0
0 0.1 0.3941539818506903 0.8912322521209717 19.91734743118286 0.19999999999999998 1.0
0 0.1 0.34331352094368267 0.42841386795043945 20.3457612991333 0.19512195121951217 1.0
0 0.1 0.2990307826127625 0.36321187019348145 20.708973169326782 0.19047619047619047 1.0
0 0.1 0.2604599105337001 0.6461331844329834 21.355106353759766 0.18181818181818182 1.0
0 0.1 0.22686415225376097 0.37792015075683594 21.7330265045166 0.18181818181818182 1.0
0 0.1 0.19760178628779224 0.16677403450012207 21.899800539016724 0.18181818181818182 1.0
0 0.1 0.17211386442601356 0.11509418487548828 22.014894723892212 0.18181818181818182 1.0
0 0.1 0.14991353511608546 1.9597430229187012 23.974637746810913 0.1739130434782609 1.0
0 0.01 28.211963230963963 0.0006117820739746094 23.975249528884888 0.0 1.0
0 0.01 24.573006681497752 0.012188911437988281 23.987438440322876 0.5714285714285715 1.0
0 0.01 21.403425646968028 0.008441686630249023 23.995880126953125 0.5714285714285715 1.0
0 0.01 18.642677119777133 0.008306026458740234 24.004186153411865 0.5714285714285715 1.0
0 0.01 16.238027310431736 0.008204936981201172 24.012391090393066 0.5714285714285715 1.0
0 0.01 14.143544365449966 0.00806879997253418 24.0204598903656 0.5714285714285715 1.0
0 0.01 12.319221010851523 0.00743865966796875 24.02789855003357 0.5714285714285715 1.0
0 0.01 10.730210362611421 0.00693511962890625 24.034833669662476 0.5714285714285715 1.0
0 0.01 9.346160307090315 0.009840250015258789 24.044673919677734 0.7499999999999999 1.0
0 0.01 8.140633737265514 0.00790095329284668 24.05257487297058 0.7499999999999999 1.0
0 0.01 7.090603570541246 0.007505178451538086 24.06008005142212 0.7499999999999999 1.0
0 0.01 6.176012902339531 0.007413148880004883 24.067493200302124 0.7499999999999999 1.0
0 0.01 5.379391893848717 0.007421016693115234 24.07491421699524 0.7499999999999999 1.0
0 0.01 4.685524076001097 0.00745701789855957 24.0823712348938 0.7499999999999999 1.0
0 0.01 4.081155695663349 0.006923198699951172 24.08929443359375 0.7499999999999999 1.0
0 0.01 3.554742552184356 0.007041215896606445 24.096335649490356 0.7499999999999999 1.0
0 0.01 3.09622948855821 0.005504131317138672 24.101839780807495 0.7499999999999999 1.0
0 0.01 2.6968583252045994 0.005220890045166016 24.10706067085266 0.7499999999999999 1.0
0 0.01 2.349000567658869 0.007375001907348633 24.11443567276001 0.7499999999999999 1.0
0 0.01 2.046011692676912 0.012245893478393555 24.126681566238403 0.7272727272727272 1.0
0 0.01 1.7821042294352372 0.007508039474487305 24.13418960571289 0.7272727272727272 1.0
0 0.01 1.5522372115164986 0.007642984390258789 24.14183259010315 0.7272727272727272 1.0
0 0.01 1.3520198880735976 0.020932912826538086 24.162765502929688 0.6153846153846154 1.0
0 0.01 1.1776278549337647 0.014719963073730469 24.177485466003418 0.6153846153846154 1.0
0 0.01 1.0257300036406054 0.0288999080657959 24.206385374069214 0.4210526315789473 1.0
0 0.01 0.8934248930683893 0.01629018783569336 24.222675561904907 0.4210526315789473 1.0
0 0.01 0.7781853282259436 0.015605926513671875 24.23828148841858 0.4210526315789473 1.0
0 0.01 0.6778100876351608 0.01570296287536621 24.253984451293945 0.4210526315789473 1.0
0 0.01 0.590381877216004 0.035814762115478516 24.289799213409424 0.3636363636363636 1.0
0 0.01 0.5142307075440048 0.029120922088623047 24.318920135498047 0.3636363636363636 1.0
0 0.01 0.44790199493955546 0.05672121047973633 24.375641345977783 0.3076923076923077 1.0
0 0.01 0.39012877707943217 0.05189990997314453 24.427541255950928 0.2962962962962963 1.0
0 0.01 0.33980751241358653 0.05220293998718262 24.47974419593811 0.2857142857142857 1.0
0 0.01 0.2959770011254507 0.03400993347167969 24.51375412940979 0.2857142857142857 1.0
0 0.01 0.2578000249994245 0.03357195854187012 24.54732608795166 0.2857142857142857 1.0
0 0.01 0.22454735549379537 0.06270384788513184 24.610029935836792 0.25806451612903225 1.0
0 0.01 0.19558382455304058 0.04492998123168945 24.65495991706848 0.25806451612903225 1.0
0 0.01 0.1703561920944177 0.04441976547241211 24.699379682540894 0.25806451612903225 1.0
0 0.01 0.14838257842248037 0.04274487495422363 24.742124557495117 0.25806451612903225 1.0
0 0.01 0.12924325971726744 0.04151010513305664 24.783634662628174 0.25806451612903225 1.0
0 0.01 0.1125726507783501 0.040795087814331055 24.824429750442505 0.25806451612903225 1.0
0 0.01 0.09805232188500161 0.03451704978942871 24.858946800231934 0.25806451612903225 1.0
0 0.01 0.08540491638568569 0.21198606491088867 25.070932865142822 0.2105263157894737 1.0
0 0.01 0.07438885283512764 0.2514681816101074 25.32240104675293 0.21621621621621623 1.0
0 0.01 0.06479371048308594 0.10439515113830566 25.426796197891235 0.21621621621621623 1.0
0 0.01 0.056436209971818335 0.08899188041687012 25.515788078308105 0.21621621621621623 1.0
0 0.01 0.049156712468482675 0.14184808731079102 25.657636165618896 0.2105263157894737 1.0
0 0.01 0.0428161703614703 0.07714605331420898 25.734782218933105 0.2105263157894737 1.0
0 0.01 0.03729347127511503 0.15150022506713867 25.886282444000244 0.20512820512820512 1.0
0 0.01 0.032483124670098805 0.16297483444213867 26.049257278442383 0.19999999999999998 1.0
