[216.40736058 188.4937774  164.18066384 143.00360867 124.55810333
 108.49181534  94.49785828  82.30892987  71.69220614  62.44489425
  54.39035884  47.37474809  41.26405496  35.94155748  31.30558923
  27.26759733  23.75045104  20.68696841  18.01863304  15.69447636
  13.67010404  11.906848    10.37102782   9.03330739   7.86813455
   6.85325305   5.96927734   5.19932239   4.52868107   3.94454329
   3.43575127   2.99258645   2.60658382   2.27037024   1.9775236
   1.72245016   1.5002777    1.30676244   1.138208     0.99139477
   0.86351843   0.75213639   0.65512111   0.57061946   0.49701737
   0.43290895   0.37706963   0.32843281   0.28606948   0.24917044]0 1 312.2098259152708 0.0005013942718505859 0.0005013942718505859 0.0 1.0
0 1 271.93903789811014 0.0005328655242919922 0.0010342597961425781 0.0 1.0
0 1 236.8626295349813 0.006277799606323242 0.00731205940246582 0.33333333333333337 1.0
0 1 206.31059705097118 0.02969813346862793 0.03701019287109375 0.5714285714285715 1.0
0 1 179.69935797424765 0.019322872161865234 0.056333065032958984 0.5714285714285715 1.0
0 1 156.52060397255676 0.015917062759399414 0.0722501277923584 0.5714285714285715 1.0
0 1 136.33159152101595 0.014294147491455078 0.08654427528381348 0.5714285714285715 1.0
0 1 118.74668494067365 0.013708114624023438 0.10025238990783691 0.7499999999999999 1.0
0 1 103.42999026917344 0.01268911361694336 0.11294150352478027 0.7499999999999999 1.0
0 1 90.08893926113359 0.012075185775756836 0.1250166893005371 0.7499999999999999 1.0
0 1 78.46870096453189 0.012077093124389648 0.13709378242492676 0.7499999999999999 1.0
0 1 68.34731412713553 0.011567831039428711 0.14866161346435547 0.7499999999999999 1.0
0 1 59.53144745577994 0.01801133155822754 0.166672945022583 0.6666666666666665 1.0
0 1 51.85270674408604 0.012510061264038086 0.1791830062866211 0.7272727272727272 1.0
0 1 45.16441833008278 0.013078927993774414 0.1922619342803955 0.7272727272727272 1.0
0 1 39.33882744370648 0.017438888549804688 0.2097008228302002 0.6153846153846154 1.0
0 1 34.26465792907022 0.026504993438720703 0.2362058162689209 0.47058823529411764 1.0
0 1 29.84498672911064 0.040801048278808594 0.2770068645477295 0.3636363636363636 1.0
0 1 25.99539253258091 0.053734779357910156 0.33074164390563965 0.3076923076923077 1.0
0 1 22.642343220204207 0.1470966339111328 0.47783827781677246 0.26666666666666666 1.0
0 1 19.721791308170232 0.1912229061126709 0.6690611839294434 0.27586206896551724 1.0
0 1 17.177950560167822 0.24832415580749512 0.9173853397369385 0.26666666666666666 1.0
0 1 14.962230399696251 0.22527194023132324 1.1426572799682617 0.24242424242424243 1.0
0 1 13.03230776858211 0.19237804412841797 1.3350353240966797 0.2222222222222222 1.0
0 1 11.351318703025308 0.23680686950683594 1.5718421936035156 0.2222222222222222 1.0
0 1 9.887154185253786 0.19339799880981445 1.76524019241333 0.21621621621621623 1.0
0 1 8.611846820663045 0.19765782356262207 1.9628980159759521 0.20512820512820512 1.0
0 1 7.501036625197576 0.22870922088623047 2.1916072368621826 0.19999999999999998 1.0
0 1 6.53350571883761 0.1894361972808838 2.3810434341430664 0.20512820512820512 1.0
0 1 5.69077303724795 0.257432222366333 2.6384756565093994 0.18604651162790697 1.0
0 1 4.956741320068812 0.23103690147399902 2.8695125579833984 0.1777777777777778 1.0
0 1 4.317389632878279 0.2996196746826172 3.1691322326660156 0.16666666666666666 1.0
0 1 3.7605055496069455 2.195797920227051 5.364930152893066 0.1702127659574468 1.0
0 1 3.2754518797500736 0.5232369899749756 5.888167142868042 0.1702127659574468 1.0
0 1 2.8529634845718124 0.36153531074523926 6.249702453613281 0.16666666666666666 1.0
0 1 2.4849703012340436 0.29661083221435547 6.546313285827637 0.163265306122449 1.0
0 1 2.1644431943866964 0.4399449825286865 6.986258268356323 0.163265306122449 1.0
0 1 1.8852596907900219 0.2903008460998535 7.276559114456177 0.163265306122449 1.0
0 1 1.6420870323301746 0.27239084243774414 7.548949956893921 0.163265306122449 1.0
0 1 1.4302803135927475 0.25005316734313965 7.7990031242370605 0.163265306122449 1.0
0 1 1.2457937582930971 0.2366349697113037 8.035638093948364 0.163265306122449 1.0
0 1 1.0851034398309916 1.0089950561523438 9.044633150100708 0.1568627450980392 1.0
0 1 0.945139969834425 0.982245922088623 10.026879072189331 0.1568627450980392 1.0
0 1 0.823229868958621 1.1282858848571777 11.155164957046509 0.1568627450980392 1.0
0 1 0.7170445000483404 1.9782631397247314 13.13342809677124 0.15384615384615383 1.0
0 1 0.624555588222246 2.4221911430358887 15.555619239807129 0.1509433962264151 1.0
0 1 0.5439964782567033 1.7984838485717773 17.354103088378906 0.1509433962264151 1.0
0 1 0.4738283892360109 1.5872650146484375 18.941368103027344 0.1509433962264151 1.0
0 1 0.4127110218901976 1.651111125946045 20.59247922897339 0.1481481481481481 1.0
0 1 0.3594769571833539 1.5826301574707031 22.175109386444092 0.1481481481481481 1.0
0 0.1 130.20161032759302 0.0004980564117431641 22.175607442855835 0.0 1.0
0 0.1 113.40738729625762 0.0004780292510986328 22.176085472106934 0.0 1.0
0 0.1 98.77938883400856 0.0005087852478027344 22.176594257354736 0.0 1.0
0 0.1 86.03820166433057 0.0005071163177490234 22.177101373672485 0.0 1.0
0 0.1 74.9404529934022 0.0005412101745605469 22.177642583847046 0.0 1.0
0 0.1 65.27416178184274 0.0005557537078857422 22.17819833755493 0.0 1.0
0 0.1 56.854689638682785 0.0006017684936523438 22.178800106048584 0.0 1.0
0 0.1 49.52121399451067 0.015942096710205078 22.19474220275879 0.5714285714285715 1.0
0 0.1 43.13365618693992 0.011899948120117188 22.206642150878906 0.5714285714285715 1.0
0 0.1 37.570005780944214 0.011267900466918945 22.217910051345825 0.5714285714285715 1.0
0 0.1 32.7239900151928 0.01070404052734375 22.22861409187317 0.5714285714285715 1.0
0 0.1 28.503043857863506 0.010263919830322266 22.23887801170349 0.5714285714285715 1.0
0 0.1 24.826541897430772 0.009226799011230469 22.24810481071472 0.5714285714285715 1.0
0 0.1 21.624258295306348 0.009224891662597656 22.25732970237732 0.5714285714285715 1.0
0 0.1 18.835025383479486 0.012232065200805664 22.269561767578125 0.7499999999999999 1.0
0 0.1 16.405565284674683 0.009731769561767578 22.279293537139893 0.7499999999999999 1.0
0 0.1 14.289472237493916 0.009687185287475586 22.288980722427368 0.7499999999999999 1.0
0 0.1 12.446326187665905 0.009684085845947266 22.298664808273315 0.7499999999999999 1.0
0 0.1 10.840920713874212 0.009193897247314453 22.30785870552063 0.7499999999999999 1.0
0 0.1 9.44259054057033 0.009202957153320312 22.31706166267395 0.7499999999999999 1.0
0 0.1 8.224625792416147 0.007661104202270508 22.32472276687622 0.7499999999999999 1.0
0 0.1 7.163761801874259 0.011044025421142578 22.335766792297363 0.7499999999999999 1.0
0 0.1 6.239734724625884 0.014274120330810547 22.350040912628174 0.7272727272727272 1.0
0 0.1 5.43489447450858 0.011062145233154297 22.361103057861328 0.7272727272727272 1.0
0 0.1 4.733867584541418 0.009536027908325195 22.370639085769653 0.7272727272727272 1.0
0 0.1 4.123263554256632 0.028390884399414062 22.399029970169067 0.6153846153846154 1.0
0 0.1 3.591419074200402 0.02552509307861328 22.42455506324768 0.5714285714285714 1.0
0 0.1 3.128175241967003 0.051805973052978516 22.47636103630066 0.4210526315789473 1.0
0 0.1 2.7246835143108377 0.028716087341308594 22.505077123641968 0.4210526315789473 1.0
0 0.1 2.373236688776134 0.04298591613769531 22.548063039779663 0.38095238095238093 1.0
0 0.1 2.0671216863796724 0.07847094535827637 22.62653398513794 0.3478260869565218 1.0
0 0.1 1.8004913233094775 0.16814208030700684 22.794676065444946 0.32000000000000006 1.0
0 0.1 1.5682526223167341 0.18394708633422852 22.978623151779175 0.2857142857142857 1.0
0 0.1 1.3659695304072161 0.1546950340270996 23.133318185806274 0.27586206896551724 1.0
0 0.1 1.1897781846170337 0.20522594451904297 23.338544130325317 0.25806451612903225 1.0
0 0.1 1.036313107341863 0.1020500659942627 23.44059419631958 0.25806451612903225 1.0
0 0.1 0.9026429214570189 0.14696598052978516 23.587560176849365 0.24242424242424243 1.0
0 0.1 0.786214357305898 0.16495418548583984 23.752514362335205 0.2352941176470588 1.0
0 0.1 0.6848034820193963 0.10501289367675781 23.857527256011963 0.2352941176470588 1.0
0 0.1 0.5964732195846044 0.44185900688171387 24.299386262893677 0.2285714285714286 1.0
0 0.1 0.5195363502423698 0.5836679935455322 24.88305425643921 0.2222222222222222 1.0
0 0.1 0.4525232824553942 0.6690070629119873 25.552061319351196 0.20512820512820512 1.0
0 0.1 0.3941539818506903 0.9708757400512695 26.522937059402466 0.19999999999999998 1.0
0 0.1 0.34331352094368267 0.5356607437133789 27.058597803115845 0.19512195121951217 1.0
0 0.1 0.2990307826127625 0.41260790824890137 27.471205711364746 0.19047619047619047 1.0
0 0.1 0.2604599105337001 1.307262897491455 28.7784686088562 0.18181818181818182 1.0
0 0.1 0.22686415225376097 0.6056711673736572 29.38413977622986 0.18181818181818182 1.0
0 0.1 0.19760178628779224 0.31890201568603516 29.703041791915894 0.18181818181818182 1.0
0 0.1 0.17211386442601356 0.2014141082763672 29.90445590019226 0.18181818181818182 1.0
0 0.1 0.14991353511608546 2.78165602684021 32.68611192703247 0.1739130434782609 1.0
0 0.01 28.211963230963963 0.0005800724029541016 32.686691999435425 0.0 1.0
0 0.01 24.573006681497752 0.01333308219909668 32.70002508163452 0.5714285714285715 1.0
0 0.01 21.403425646968028 0.009804964065551758 32.70983004570007 0.5714285714285715 1.0
0 0.01 18.642677119777133 0.009660005569458008 32.71949005126953 0.5714285714285715 1.0
0 0.01 16.238027310431736 0.009168863296508789 32.72865891456604 0.5714285714285715 1.0
0 0.01 14.143544365449966 0.00919795036315918 32.7378568649292 0.5714285714285715 1.0
0 0.01 12.319221010851523 0.009160995483398438 32.7470178604126 0.5714285714285715 1.0
0 0.01 10.730210362611421 0.008168935775756836 32.755186796188354 0.5714285714285715 1.0
0 0.01 9.346160307090315 0.011126041412353516 32.76631283760071 0.7499999999999999 1.0
0 0.01 8.140633737265514 0.009199142456054688 32.77551198005676 0.7499999999999999 1.0
0 0.01 7.090603570541246 0.009120941162109375 32.78463292121887 0.7499999999999999 1.0
0 0.01 6.176012902339531 0.008615970611572266 32.793248891830444 0.7499999999999999 1.0
0 0.01 5.379391893848717 0.008615970611572266 32.80186486244202 0.7499999999999999 1.0
0 0.01 4.685524076001097 0.008618831634521484 32.81048369407654 0.7499999999999999 1.0
0 0.01 4.081155695663349 0.008641958236694336 32.81912565231323 0.7499999999999999 1.0
0 0.01 3.554742552184356 0.00812077522277832 32.82724642753601 0.7499999999999999 1.0
0 0.01 3.09622948855821 0.007154941558837891 32.83440136909485 0.7499999999999999 1.0
0 0.01 2.6968583252045994 0.006671905517578125 32.84107327461243 0.7499999999999999 1.0
0 0.01 2.349000567658869 0.009244203567504883 32.85031747817993 0.7499999999999999 1.0
0 0.01 2.046011692676912 0.012651920318603516 32.862969398498535 0.7272727272727272 1.0
0 0.01 1.7821042294352372 0.009413957595825195 32.87238335609436 0.7272727272727272 1.0
0 0.01 1.5522372115164986 0.009428977966308594 32.88181233406067 0.7272727272727272 1.0
0 0.01 1.3520198880735976 0.023845195770263672 32.90565752983093 0.6153846153846154 1.0
0 0.01 1.1776278549337647 0.01739811897277832 32.92305564880371 0.6153846153846154 1.0
0 0.01 1.0257300036406054 0.03284192085266113 32.95589756965637 0.4210526315789473 1.0
0 0.01 0.8934248930683893 0.020798206329345703 32.97669577598572 0.4210526315789473 1.0
0 0.01 0.7781853282259436 0.019617080688476562 32.996312856674194 0.4210526315789473 1.0
0 0.01 0.6778100876351608 0.021239042282104492 33.0175518989563 0.4210526315789473 1.0
0 0.01 0.590381877216004 0.04210996627807617 33.059661865234375 0.3636363636363636 1.0
0 0.01 0.5142307075440048 0.037550926208496094 33.09721279144287 0.3636363636363636 1.0
0 0.01 0.44790199493955546 0.06895804405212402 33.166170835494995 0.3076923076923077 1.0
0 0.01 0.39012877707943217 0.06125187873840332 33.2274227142334 0.2962962962962963 1.0
0 0.01 0.33980751241358653 0.06024479866027832 33.28766751289368 0.2857142857142857 1.0
0 0.01 0.2959770011254507 0.04300999641418457 33.33067750930786 0.2857142857142857 1.0
0 0.01 0.2578000249994245 0.041769981384277344 33.37244749069214 0.2857142857142857 1.0
0 0.01 0.22454735549379537 0.0737757682800293 33.44622325897217 0.25806451612903225 1.0
0 0.01 0.19558382455304058 0.05789899826049805 33.504122257232666 0.25806451612903225 1.0
0 0.01 0.1703561920944177 0.0559239387512207 33.56004619598389 0.25806451612903225 1.0
0 0.01 0.14838257842248037 0.0546412467956543 33.61468744277954 0.25806451612903225 1.0
0 0.01 0.12924325971726744 0.05400419235229492 33.668691635131836 0.25806451612903225 1.0
0 0.01 0.1125726507783501 0.052574872970581055 33.72126650810242 0.25806451612903225 1.0
0 0.01 0.09805232188500161 0.045159101486206055 33.76642560958862 0.25806451612903225 1.0
0 0.01 0.08540491638568569 0.24941802024841309 34.015843629837036 0.2105263157894737 1.0
0 0.01 0.07438885283512764 0.2865781784057617 34.3024218082428 0.21621621621621623 1.0
0 0.01 0.06479371048308594 0.12775397300720215 34.43017578125 0.21621621621621623 1.0
0 0.01 0.056436209971818335 0.12618303298950195 34.5563588142395 0.21621621621621623 1.0
0 0.01 0.049156712468482675 0.18012785911560059 34.7364866733551 0.2105263157894737 1.0
0 0.01 0.0428161703614703 0.10917925834655762 34.84566593170166 0.2105263157894737 1.0
0 0.01 0.03729347127511503 0.19317126274108887 35.03883719444275 0.20512820512820512 1.0
0 0.01 0.032483124670098805 0.20087695121765137 35.2397141456604 0.19999999999999998 1.0
