[216.40736058 188.4937774  164.18066384 143.00360867 124.55810333
 108.49181534  94.49785828  82.30892987  71.69220614  62.44489425
  54.39035884  47.37474809  41.26405496  35.94155748  31.30558923
  27.26759733  23.75045104  20.68696841  18.01863304  15.69447636
  13.67010404  11.906848    10.37102782   9.03330739   7.86813455
   6.85325305   5.96927734   5.19932239   4.52868107   3.94454329
   3.43575127   2.99258645   2.60658382   2.27037024   1.9775236
   1.72245016   1.5002777    1.30676244   1.138208     0.99139477
   0.86351843   0.75213639   0.65512111   0.57061946   0.49701737
   0.43290895   0.37706963   0.32843281   0.28606948   0.24917044]0 1 312.2098259152708 0.0005180835723876953 0.0005180835723876953 0.0 1.0
0 1 271.93903789811014 0.0005488395690917969 0.0010669231414794922 0.0 1.0
0 1 236.8626295349813 0.004859209060668945 0.0059261322021484375 0.33333333333333337 1.0
0 1 206.31059705097118 0.021324872970581055 0.027251005172729492 0.5714285714285715 1.0
0 1 179.69935797424765 0.013278007507324219 0.04052901268005371 0.5714285714285715 1.0
0 1 156.52060397255676 0.011227846145629883 0.051756858825683594 0.5714285714285715 1.0
0 1 136.33159152101595 0.00960993766784668 0.06136679649353027 0.5714285714285715 1.0
0 1 118.74668494067365 0.00964212417602539 0.07100892066955566 0.7499999999999999 1.0
0 1 103.42999026917344 0.00906991958618164 0.0800788402557373 0.7499999999999999 1.0
0 1 90.08893926113359 0.008445024490356445 0.08852386474609375 0.7499999999999999 1.0
0 1 78.46870096453189 0.007937908172607422 0.09646177291870117 0.7499999999999999 1.0
0 1 68.34731412713553 0.007922172546386719 0.10438394546508789 0.7499999999999999 1.0
0 1 59.53144745577994 0.01113271713256836 0.11551666259765625 0.6666666666666665 1.0
0 1 51.85270674408604 0.008184194564819336 0.12370085716247559 0.7272727272727272 1.0
0 1 45.16441833008278 0.008699893951416016 0.1324007511138916 0.7272727272727272 1.0
0 1 39.33882744370648 0.011337995529174805 0.1437387466430664 0.6153846153846154 1.0
0 1 34.26465792907022 0.015535116195678711 0.15927386283874512 0.47058823529411764 1.0
0 1 29.84498672911064 0.025786161422729492 0.1850600242614746 0.3636363636363636 1.0
0 1 25.99539253258091 0.028377056121826172 0.21343708038330078 0.3076923076923077 1.0
0 1 22.642343220204207 0.07732701301574707 0.29076409339904785 0.26666666666666666 1.0
0 1 19.721791308170232 0.0968468189239502 0.38761091232299805 0.27586206896551724 1.0
0 1 17.177950560167822 0.160552978515625 0.548163890838623 0.26666666666666666 1.0
0 1 14.962230399696251 0.13928794860839844 0.6874518394470215 0.24242424242424243 1.0
0 1 13.03230776858211 0.12192773818969727 0.8093795776367188 0.2222222222222222 1.0
0 1 11.351318703025308 0.13523030281066895 0.9446098804473877 0.2222222222222222 1.0
0 1 9.887154185253786 0.11450815200805664 1.0591180324554443 0.21621621621621623 1.0
0 1 8.611846820663045 0.1206510066986084 1.1797690391540527 0.20512820512820512 1.0
0 1 7.501036625197576 0.12226390838623047 1.3020329475402832 0.19999999999999998 1.0
0 1 6.53350571883761 0.10042905807495117 1.4024620056152344 0.20512820512820512 1.0
0 1 5.69077303724795 0.1329972743988037 1.535459280014038 0.18604651162790697 1.0
0 1 4.956741320068812 0.11223077774047852 1.6476900577545166 0.1777777777777778 1.0
0 1 4.317389632878279 0.13622021675109863 1.7839102745056152 0.1702127659574468 1.0
0 1 3.7605055496069455 1.5658910274505615 3.3498013019561768 0.1702127659574468 1.0
0 1 3.2754518797500736 0.34018898010253906 3.689990282058716 0.1702127659574468 1.0
0 1 2.8529634845718124 0.12822914123535156 3.8182194232940674 0.16666666666666666 1.0
0 1 2.4849703012340436 0.08832526206970215 3.9065446853637695 0.163265306122449 1.0
0 1 2.1644431943866964 0.2544248104095459 4.160969495773315 0.163265306122449 1.0
0 1 1.8852596907900219 0.10775589942932129 4.268725395202637 0.163265306122449 1.0
0 1 1.6420870323301746 0.09484601020812988 4.363571405410767 0.163265306122449 1.0
0 1 1.4302803135927475 0.08153510093688965 4.445106506347656 0.163265306122449 1.0
0 1 1.2457937582930971 0.07946515083312988 4.524571657180786 0.163265306122449 1.0
0 1 1.0851034398309916 0.39455485343933105 4.919126510620117 0.1568627450980392 1.0
0 1 0.945139969834425 0.39539194107055664 5.314518451690674 0.1568627450980392 1.0
0 1 0.823229868958621 0.6967689990997314 6.011287450790405 0.1568627450980392 1.0
0 1 0.7170445000483404 1.023139238357544 7.034426689147949 0.1509433962264151 1.0
0 1 0.624555588222246 1.0971159934997559 8.131542682647705 0.1509433962264151 1.0
0 1 0.5439964782567033 0.5901103019714355 8.72165298461914 0.1509433962264151 1.0
0 1 0.4738283892360109 0.4765129089355469 9.198165893554688 0.1509433962264151 1.0
0 1 0.4127110218901976 0.4462871551513672 9.644453048706055 0.1481481481481481 1.0
0 1 0.3594769571833539 0.4491569995880127 10.093610048294067 0.1481481481481481 1.0
0 0.1 130.20161032759302 0.00048828125 10.094098329544067 0.0 1.0
0 0.1 113.40738729625762 0.00047779083251953125 10.094576120376587 0.0 1.0
0 0.1 98.77938883400856 0.0005466938018798828 10.095122814178467 0.0 1.0
0 0.1 86.03820166433057 0.0005171298980712891 10.095639944076538 0.0 1.0
0 0.1 74.9404529934022 0.0005707740783691406 10.096210718154907 0.0 1.0
0 0.1 65.27416178184274 0.0005831718444824219 10.09679388999939 0.0 1.0
0 0.1 56.854689638682785 0.0006239414215087891 10.097417831420898 0.0 1.0
0 0.1 49.52121399451067 0.011468887329101562 10.10888671875 0.5714285714285715 1.0
0 0.1 43.13365618693992 0.0082550048828125 10.117141723632812 0.5714285714285715 1.0
0 0.1 37.570005780944214 0.007840156555175781 10.124981880187988 0.5714285714285715 1.0
0 0.1 32.7239900151928 0.007264137268066406 10.132246017456055 0.5714285714285715 1.0
0 0.1 28.503043857863506 0.006965160369873047 10.139211177825928 0.5714285714285715 1.0
0 0.1 24.826541897430772 0.0058329105377197266 10.145044088363647 0.5714285714285715 1.0
0 0.1 21.624258295306348 0.0056972503662109375 10.150741338729858 0.5714285714285715 1.0
0 0.1 18.835025383479486 0.008946895599365234 10.159688234329224 0.7499999999999999 1.0
0 0.1 16.405565284674683 0.006814002990722656 10.166502237319946 0.7499999999999999 1.0
0 0.1 14.289472237493916 0.006119966506958008 10.172622203826904 0.7499999999999999 1.0
0 0.1 12.446326187665905 0.006344795227050781 10.178966999053955 0.7499999999999999 1.0
0 0.1 10.840920713874212 0.0063631534576416016 10.185330152511597 0.7499999999999999 1.0
0 0.1 9.44259054057033 0.006239175796508789 10.191569328308105 0.7499999999999999 1.0
0 0.1 8.224625792416147 0.004889011383056641 10.196458339691162 0.7499999999999999 1.0
0 0.1 7.163761801874259 0.006196022033691406 10.202654361724854 0.7499999999999999 1.0
0 0.1 6.239734724625884 0.009101152420043945 10.211755514144897 0.7272727272727272 1.0
0 0.1 5.43489447450858 0.007132053375244141 10.218887567520142 0.7272727272727272 1.0
0 0.1 4.733867584541418 0.005933046340942383 10.224820613861084 0.7272727272727272 1.0
0 0.1 4.123263554256632 0.019009113311767578 10.243829727172852 0.6153846153846154 1.0
0 0.1 3.591419074200402 0.016726016998291016 10.260555744171143 0.5714285714285714 1.0
0 0.1 3.128175241967003 0.037165164947509766 10.297720909118652 0.4210526315789473 1.0
0 0.1 2.7246835143108377 0.015066146850585938 10.312787055969238 0.4210526315789473 1.0
0 0.1 2.373236688776134 0.030878782272338867 10.343665838241577 0.38095238095238093 1.0
0 0.1 2.0671216863796724 0.04995417594909668 10.393620014190674 0.3478260869565218 1.0
0 0.1 1.8004913233094775 0.12254738807678223 10.516167402267456 0.32000000000000006 1.0
0 0.1 1.5682526223167341 0.17620086669921875 10.692368268966675 0.2857142857142857 1.0
0 0.1 1.3659695304072161 0.09707188606262207 10.789440155029297 0.27586206896551724 1.0
0 0.1 1.1897781846170337 0.1037440299987793 10.893184185028076 0.25806451612903225 1.0
0 0.1 1.036313107341863 0.05791878700256348 10.95110297203064 0.25806451612903225 1.0
0 0.1 0.9026429214570189 0.07755088806152344 11.028653860092163 0.24242424242424243 1.0
0 0.1 0.786214357305898 0.10026407241821289 11.128917932510376 0.2352941176470588 1.0
0 0.1 0.6848034820193963 0.05455899238586426 11.18347692489624 0.2352941176470588 1.0
0 0.1 0.5964732195846044 0.28801608085632324 11.471493005752563 0.2285714285714286 1.0
0 0.1 0.5195363502423698 0.3465399742126465 11.81803297996521 0.2222222222222222 1.0
0 0.1 0.4525232824553942 0.5411162376403809 12.35914921760559 0.20512820512820512 1.0
0 0.1 0.3941539818506903 0.7900390625 13.14918828010559 0.19999999999999998 1.0
0 0.1 0.34331352094368267 0.2652742862701416 13.414462566375732 0.19512195121951217 1.0
0 0.1 0.2990307826127625 0.31134700775146484 13.725809574127197 0.19047619047619047 1.0
0 0.1 0.2604599105337001 0.35958194732666016 14.085391521453857 0.18604651162790697 1.0
0 0.1 0.22686415225376097 0.15701508522033691 14.242406606674194 0.18181818181818182 1.0
0 0.1 0.19760178628779224 0.07807803153991699 14.320484638214111 0.18181818181818182 1.0
0 0.1 0.17211386442601356 0.05394101142883301 14.374425649642944 0.18181818181818182 1.0
0 0.1 0.14991353511608546 1.0471720695495605 15.421597719192505 0.1739130434782609 1.0
0 0.01 28.211963230963963 0.0005888938903808594 15.422186613082886 0.0 1.0
0 0.01 24.573006681497752 0.009898900985717773 15.432085514068604 0.5714285714285715 1.0
0 0.01 21.403425646968028 0.006761312484741211 15.438846826553345 0.5714285714285715 1.0
0 0.01 18.642677119777133 0.006179094314575195 15.44502592086792 0.5714285714285715 1.0
0 0.01 16.238027310431736 0.006245851516723633 15.451271772384644 0.5714285714285715 1.0
0 0.01 14.143544365449966 0.0063402652740478516 15.457612037658691 0.5714285714285715 1.0
0 0.01 12.319221010851523 0.005853176116943359 15.463465213775635 0.5714285714285715 1.0
0 0.01 10.730210362611421 0.005472898483276367 15.468938112258911 0.5714285714285715 1.0
0 0.01 9.346160307090315 0.007899045944213867 15.476837158203125 0.7499999999999999 1.0
0 0.01 8.140633737265514 0.005742788314819336 15.482579946517944 0.7499999999999999 1.0
0 0.01 7.090603570541246 0.005795001983642578 15.488374948501587 0.7499999999999999 1.0
0 0.01 6.176012902339531 0.005772829055786133 15.494147777557373 0.7499999999999999 1.0
0 0.01 5.379391893848717 0.0058858394622802734 15.500033617019653 0.7499999999999999 1.0
0 0.01 4.685524076001097 0.0054111480712890625 15.505444765090942 0.7499999999999999 1.0
0 0.01 4.081155695663349 0.0050640106201171875 15.51050877571106 0.7499999999999999 1.0
0 0.01 3.554742552184356 0.005368947982788086 15.515877723693848 0.7499999999999999 1.0
0 0.01 3.09622948855821 0.003732442855834961 15.519610166549683 0.7499999999999999 1.0
0 0.01 2.6968583252045994 0.003632068634033203 15.523242235183716 0.7499999999999999 1.0
0 0.01 2.349000567658869 0.005169868469238281 15.528412103652954 0.7499999999999999 1.0
0 0.01 2.046011692676912 0.009287118911743164 15.537699222564697 0.7272727272727272 1.0
0 0.01 1.7821042294352372 0.005397796630859375 15.543097019195557 0.7272727272727272 1.0
0 0.01 1.5522372115164986 0.005415201187133789 15.54851222038269 0.7272727272727272 1.0
0 0.01 1.3520198880735976 0.01646590232849121 15.564978122711182 0.6153846153846154 1.0
0 0.01 1.1776278549337647 0.010638236999511719 15.575616359710693 0.6153846153846154 1.0
0 0.01 1.0257300036406054 0.024071216583251953 15.599687576293945 0.4210526315789473 1.0
0 0.01 0.8934248930683893 0.011481046676635742 15.611168622970581 0.4210526315789473 1.0
0 0.01 0.7781853282259436 0.01039886474609375 15.621567487716675 0.4210526315789473 1.0
0 0.01 0.6778100876351608 0.01108098030090332 15.632648468017578 0.4210526315789473 1.0
0 0.01 0.590381877216004 0.027631044387817383 15.660279512405396 0.3636363636363636 1.0
0 0.01 0.5142307075440048 0.019490957260131836 15.679770469665527 0.3636363636363636 1.0
0 0.01 0.44790199493955546 0.0422818660736084 15.722052335739136 0.3076923076923077 1.0
0 0.01 0.39012877707943217 0.03837084770202637 15.760423183441162 0.2962962962962963 1.0
0 0.01 0.33980751241358653 0.042410850524902344 15.802834033966064 0.2857142857142857 1.0
0 0.01 0.2959770011254507 0.02343606948852539 15.82627010345459 0.2857142857142857 1.0
0 0.01 0.2578000249994245 0.022892236709594727 15.849162340164185 0.2857142857142857 1.0
0 0.01 0.22454735549379537 0.047344207763671875 15.896506547927856 0.25806451612903225 1.0
0 0.01 0.19558382455304058 0.03137993812561035 15.927886486053467 0.25806451612903225 1.0
0 0.01 0.1703561920944177 0.030334949493408203 15.958221435546875 0.25806451612903225 1.0
0 0.01 0.14838257842248037 0.029351234436035156 15.98757266998291 0.25806451612903225 1.0
0 0.01 0.12924325971726744 0.028265953063964844 16.015838623046875 0.25806451612903225 1.0
0 0.01 0.1125726507783501 0.02688002586364746 16.042718648910522 0.25806451612903225 1.0
0 0.01 0.09805232188500161 0.02155590057373047 16.064274549484253 0.25806451612903225 1.0
0 0.01 0.08540491638568569 0.1766211986541748 16.240895748138428 0.2105263157894737 1.0
0 0.01 0.07438885283512764 0.20188689231872559 16.442782640457153 0.21621621621621623 1.0
0 0.01 0.06479371048308594 0.05307126045227051 16.495853900909424 0.21621621621621623 1.0
0 0.01 0.056436209971818335 0.05092191696166992 16.546775817871094 0.21621621621621623 1.0
0 0.01 0.049156712468482675 0.10275697708129883 16.649532794952393 0.2105263157894737 1.0
0 0.01 0.0428161703614703 0.032850027084350586 16.682382822036743 0.2105263157894737 1.0
0 0.01 0.03729347127511503 0.10185813903808594 16.78424096107483 0.20512820512820512 1.0
0 0.01 0.032483124670098805 0.10813474655151367 16.892375707626343 0.19999999999999998 1.0
