[216.40736058 188.4937774  164.18066384 143.00360867 124.55810333
 108.49181534  94.49785828  82.30892987  71.69220614  62.44489425
  54.39035884  47.37474809  41.26405496  35.94155748  31.30558923
  27.26759733  23.75045104  20.68696841  18.01863304  15.69447636
  13.67010404  11.906848    10.37102782   9.03330739   7.86813455
   6.85325305   5.96927734   5.19932239   4.52868107   3.94454329
   3.43575127   2.99258645   2.60658382   2.27037024   1.9775236
   1.72245016   1.5002777    1.30676244   1.138208     0.99139477
   0.86351843   0.75213639   0.65512111   0.57061946   0.49701737
   0.43290895   0.37706963   0.32843281   0.28606948   0.24917044]0 1 312.2098259152708 0.0011868476867675781 0.0011868476867675781 0.0 1.0
0 1 271.93903789811014 0.0011749267578125 0.002361774444580078 0.0 1.0
0 1 236.8626295349813 0.026922225952148438 0.029284000396728516 0.33333333333333337 1.0
0 1 206.31059705097118 0.02264690399169922 0.051930904388427734 0.5714285714285715 1.0
0 1 179.69935797424765 0.014274120330810547 0.06620502471923828 0.5714285714285715 1.0
0 1 156.52060397255676 0.011725187301635742 0.07793021202087402 0.5714285714285715 1.0
0 1 136.33159152101595 0.010576963424682617 0.08850717544555664 0.5714285714285715 1.0
0 1 118.74668494067365 0.022107839584350586 0.11061501502990723 0.7499999999999999 1.0
0 1 103.42999026917344 0.01397395133972168 0.1245889663696289 0.7499999999999999 1.0
0 1 90.08893926113359 0.009286165237426758 0.13387513160705566 0.7499999999999999 1.0
0 1 78.46870096453189 0.0069921016693115234 0.1408672332763672 0.7499999999999999 1.0
0 1 68.34731412713553 0.0071489810943603516 0.14801621437072754 0.7499999999999999 1.0
0 1 59.53144745577994 0.008265972137451172 0.1562821865081787 0.6666666666666665 1.0
0 1 51.85270674408604 0.010518074035644531 0.16680026054382324 0.7272727272727272 1.0
0 1 45.16441833008278 0.00934600830078125 0.1761462688446045 0.7272727272727272 1.0
0 1 39.33882744370648 0.008713006973266602 0.1848592758178711 0.6153846153846154 1.0
0 1 34.26465792907022 0.021299362182617188 0.20615863800048828 0.47058823529411764 1.0
0 1 29.84498672911064 0.021338224411010742 0.22749686241149902 0.3636363636363636 1.0
0 1 25.99539253258091 0.02565598487854004 0.25315284729003906 0.3076923076923077 1.0
0 1 22.642343220204207 0.07215690612792969 0.32530975341796875 0.26666666666666666 1.0
0 1 19.721791308170232 0.07618880271911621 0.40149855613708496 0.27586206896551724 1.0
0 1 17.177950560167822 0.13196873664855957 0.5334672927856445 0.26666666666666666 1.0
0 1 14.962230399696251 0.10720205307006836 0.6406693458557129 0.24242424242424243 1.0
0 1 13.03230776858211 0.0902547836303711 0.730924129486084 0.2222222222222222 1.0
0 1 11.351318703025308 0.08418488502502441 0.8151090145111084 0.2222222222222222 1.0
0 1 9.887154185253786 0.07848477363586426 0.8935937881469727 0.21621621621621623 1.0
0 1 8.611846820663045 0.07731914520263672 0.9709129333496094 0.20512820512820512 1.0
0 1 7.501036625197576 0.08644700050354004 1.0573599338531494 0.19999999999999998 1.0
0 1 6.53350571883761 0.07107686996459961 1.128436803817749 0.20512820512820512 1.0
0 1 5.69077303724795 0.08420896530151367 1.2126457691192627 0.18604651162790697 1.0
0 1 4.956741320068812 0.06993794441223145 1.2825837135314941 0.1777777777777778 1.0
0 1 4.317389632878279 0.07778215408325195 1.360365867614746 0.1702127659574468 1.0
0 1 3.7605055496069455 0.8817861080169678 2.242151975631714 0.1702127659574468 1.0
0 1 3.2754518797500736 0.1749420166015625 2.4170939922332764 0.1702127659574468 1.0
0 1 2.8529634845718124 0.041391849517822266 2.4584858417510986 0.16666666666666666 1.0
0 1 2.4849703012340436 0.05393099784851074 2.5124168395996094 0.163265306122449 1.0
0 1 2.1644431943866964 0.12110304832458496 2.6335198879241943 0.163265306122449 1.0
0 1 1.8852596907900219 0.05061793327331543 2.6841378211975098 0.163265306122449 1.0
0 1 1.6420870323301746 0.048333168029785156 2.732470989227295 0.163265306122449 1.0
0 1 1.4302803135927475 0.045909881591796875 2.778380870819092 0.163265306122449 1.0
0 1 1.2457937582930971 0.04397082328796387 2.8223516941070557 0.163265306122449 1.0
0 1 1.0851034398309916 0.22258877754211426 3.04494047164917 0.1568627450980392 1.0
0 1 0.945139969834425 0.1979210376739502 3.24286150932312 0.1568627450980392 1.0
0 1 0.823229868958621 0.47115278244018555 3.7140142917633057 0.1568627450980392 1.0
0 1 0.7170445000483404 0.13576483726501465 3.8497791290283203 0.1481481481481481 1.0
0 1 0.624555588222246 1.3718960285186768 5.221675157546997 0.15384615384615383 1.0
0 1 0.5439964782567033 0.1498420238494873 5.371517181396484 0.1481481481481481 1.0
0 1 0.4738283892360109 1.0580379962921143 6.429555177688599 0.1509433962264151 1.0
0 1 0.4127110218901976 0.2704792022705078 6.7000343799591064 0.14545454545454545 1.0
0 1 0.3594769571833539 0.3389699459075928 7.039004325866699 0.1481481481481481 1.0
0 0.1 130.20161032759302 0.0011630058288574219 7.040167331695557 0.0 1.0
0 0.1 113.40738729625762 0.0011599063873291016 7.041327238082886 0.0 1.0
0 0.1 98.77938883400856 0.0011551380157470703 7.042482376098633 0.0 1.0
0 0.1 86.03820166433057 0.0012559890747070312 7.04373836517334 0.0 1.0
0 0.1 74.9404529934022 0.0012059211730957031 7.0449442863464355 0.0 1.0
0 0.1 65.27416178184274 0.001220703125 7.0461649894714355 0.0 1.0
0 0.1 56.854689638682785 0.0011658668518066406 7.047330856323242 0.0 1.0
0 0.1 49.52121399451067 0.0011620521545410156 7.048492908477783 0.0 1.0
0 0.1 43.13365618693992 0.0011730194091796875 7.049665927886963 0.0 1.0
0 0.1 37.570005780944214 0.0011560916900634766 7.050822019577026 0.0 1.0
0 0.1 32.7239900151928 0.0012269020080566406 7.052048921585083 0.0 1.0
0 0.1 28.503043857863506 0.001219034194946289 7.053267955780029 0.0 1.0
0 0.1 24.826541897430772 0.01531529426574707 7.068583250045776 0.5714285714285715 1.0
0 0.1 21.624258295306348 0.0057222843170166016 7.074305534362793 0.5714285714285715 1.0
0 0.1 18.835025383479486 0.006107330322265625 7.080412864685059 0.5714285714285715 1.0
0 0.1 16.405565284674683 0.005869865417480469 7.086282730102539 0.5714285714285715 1.0
0 0.1 14.289472237493916 0.004963874816894531 7.091246604919434 0.5714285714285715 1.0
0 0.1 12.446326187665905 0.0046041011810302734 7.095850706100464 0.5714285714285715 1.0
0 0.1 10.840920713874212 0.010781288146972656 7.1066319942474365 0.7499999999999999 1.0
0 0.1 9.44259054057033 0.004819154739379883 7.111451148986816 0.7499999999999999 1.0
0 0.1 8.224625792416147 0.004909038543701172 7.116360187530518 0.7499999999999999 1.0
0 0.1 7.163761801874259 0.0049037933349609375 7.1212639808654785 0.7499999999999999 1.0
0 0.1 6.239734724625884 0.004841804504394531 7.126105785369873 0.7499999999999999 1.0
0 0.1 5.43489447450858 0.01551198959350586 7.141617774963379 0.7272727272727272 1.0
0 0.1 4.733867584541418 0.008620023727416992 7.150237798690796 0.7272727272727272 1.0
0 0.1 4.123263554256632 0.007021903991699219 7.157259702682495 0.7272727272727272 1.0
0 0.1 3.591419074200402 0.029265880584716797 7.186525583267212 0.5714285714285714 1.0
0 0.1 3.128175241967003 0.0628209114074707 7.249346494674683 0.4444444444444444 1.0
0 0.1 2.7246835143108377 0.03347492218017578 7.282821416854858 0.4 1.0
0 0.1 2.373236688776134 0.06078076362609863 7.343602180480957 0.3636363636363636 1.0
0 0.1 2.0671216863796724 0.09814119338989258 7.44174337387085 0.32000000000000006 1.0
0 0.1 1.8004913233094775 0.024304866790771484 7.466048240661621 0.32000000000000006 1.0
0 0.1 1.5682526223167341 0.12218308448791504 7.588231325149536 0.2962962962962963 1.0
0 0.1 1.3659695304072161 0.0726630687713623 7.660894393920898 0.27586206896551724 1.0
0 0.1 1.1897781846170337 0.05190896987915039 7.712803363800049 0.26666666666666666 1.0
0 0.1 1.036313107341863 0.09796881675720215 7.810772180557251 0.25806451612903225 1.0
0 0.1 0.9026429214570189 0.11452698707580566 7.925299167633057 0.24242424242424243 1.0
0 0.1 0.786214357305898 0.06304192543029785 7.9883410930633545 0.2352941176470588 1.0
0 0.1 0.6848034820193963 0.19087791442871094 8.179219007492065 0.2285714285714286 1.0
0 0.1 0.5964732195846044 0.07407212257385254 8.253291130065918 0.2285714285714286 1.0
0 0.1 0.5195363502423698 0.08453989028930664 8.337831020355225 0.21621621621621623 1.0
0 0.1 0.4525232824553942 0.0902550220489502 8.428086042404175 0.20512820512820512 1.0
0 0.1 0.3941539818506903 0.16312003135681152 8.591206073760986 0.19999999999999998 1.0
0 0.1 0.34331352094368267 0.4805259704589844 9.07173204421997 0.19512195121951217 1.0
0 0.1 0.2990307826127625 0.14479589462280273 9.216527938842773 0.2105263157894737 1.0
0 0.1 0.2604599105337001 0.06428003311157227 9.280807971954346 0.19999999999999998 1.0
0 0.1 0.22686415225376097 0.05719113349914551 9.337999105453491 0.19999999999999998 1.0
0 0.1 0.19760178628779224 0.06639885902404785 9.404397964477539 0.19512195121951217 1.0
0 0.1 0.17211386442601356 0.08245587348937988 9.486853837966919 0.18604651162790697 1.0
0 0.1 0.14991353511608546 0.19185304641723633 9.678706884384155 0.18181818181818182 1.0
0 0.01 28.211963230963963 0.0011832714080810547 9.679890155792236 0.0 1.0
0 0.01 24.573006681497752 0.0011589527130126953 9.681049108505249 0.0 1.0
0 0.01 21.403425646968028 0.0011610984802246094 9.682210206985474 0.0 1.0
0 0.01 18.642677119777133 0.0012080669403076172 9.683418273925781 0.0 1.0
0 0.01 16.238027310431736 0.0012538433074951172 9.684672117233276 0.0 1.0
0 0.01 14.143544365449966 0.001168966293334961 9.685841083526611 0.0 1.0
0 0.01 12.319221010851523 0.0011799335479736328 9.687021017074585 0.0 1.0
0 0.01 10.730210362611421 0.0011830329895019531 9.688204050064087 0.0 1.0
0 0.01 9.346160307090315 0.0011627674102783203 9.689366817474365 0.0 1.0
0 0.01 8.140633737265514 0.0011768341064453125 9.69054365158081 0.0 1.0
0 0.01 7.090603570541246 0.0012021064758300781 9.69174575805664 0.0 1.0
0 0.01 6.176012902339531 0.0012230873107910156 9.692968845367432 0.0 1.0
0 0.01 5.379391893848717 0.0011749267578125 9.694143772125244 0.0 1.0
0 0.01 4.685524076001097 0.0011637210845947266 9.695307493209839 0.0 1.0
0 0.01 4.081155695663349 0.0012090206146240234 9.696516513824463 0.0 1.0
0 0.01 3.554742552184356 0.0012788772583007812 9.697795391082764 0.0 1.0
0 0.01 3.09622948855821 0.0011599063873291016 9.698955297470093 0.0 1.0
0 0.01 2.6968583252045994 0.0011560916900634766 9.700111389160156 0.0 1.0
0 0.01 2.349000567658869 0.009533405303955078 9.709644794464111 0.5714285714285715 1.0
0 0.01 2.046011692676912 0.00362396240234375 9.713268756866455 0.5714285714285715 1.0
0 0.01 1.7821042294352372 0.0036308765411376953 9.716899633407593 0.5714285714285715 1.0
0 0.01 1.5522372115164986 0.0035071372985839844 9.720406770706177 0.5714285714285715 1.0
0 0.01 1.3520198880735976 0.0034470558166503906 9.723853826522827 0.5714285714285715 1.0
0 0.01 1.1776278549337647 0.003679037094116211 9.727532863616943 0.5714285714285715 1.0
0 0.01 1.0257300036406054 0.008180379867553711 9.735713243484497 0.7499999999999999 1.0
0 0.01 0.8934248930683893 0.003564119338989258 9.739277362823486 0.7499999999999999 1.0
0 0.01 0.7781853282259436 0.0034761428833007812 9.742753505706787 0.7499999999999999 1.0
0 0.01 0.6778100876351608 0.0035219192504882812 9.746275424957275 0.7499999999999999 1.0
0 0.01 0.590381877216004 0.003481149673461914 9.749756574630737 0.7499999999999999 1.0
0 0.01 0.5142307075440048 0.009325742721557617 9.759082317352295 0.7272727272727272 1.0
0 0.01 0.44790199493955546 0.004662990570068359 9.763745307922363 0.7272727272727272 1.0
0 0.01 0.39012877707943217 0.02077507972717285 9.784520387649536 0.5000000000000001 1.0
0 0.01 0.33980751241358653 0.031055927276611328 9.815576314926147 0.4 1.0
0 0.01 0.2959770011254507 0.009218215942382812 9.82479453086853 0.4 1.0
0 0.01 0.2578000249994245 0.009272098541259766 9.83406662940979 0.4 1.0
0 0.01 0.22454735549379537 0.04335212707519531 9.877418756484985 0.2857142857142857 1.0
0 0.01 0.19558382455304058 0.017379045486450195 9.894797801971436 0.2857142857142857 1.0
0 0.01 0.1703561920944177 0.04227590560913086 9.937073707580566 0.25 1.0
0 0.01 0.14838257842248037 0.01607203483581543 9.953145742416382 0.25 1.0
0 0.01 0.12924325971726744 0.04807114601135254 10.001216888427734 0.2352941176470588 1.0
0 0.01 0.1125726507783501 0.04035615921020508 10.04157304763794 0.2222222222222222 1.0
0 0.01 0.09805232188500161 0.10773205757141113 10.14930510520935 0.2222222222222222 1.0
0 0.01 0.08540491638568569 0.06519317626953125 10.214498281478882 0.21621621621621623 1.0
0 0.01 0.07438885283512764 0.01512765884399414 10.229625940322876 0.21621621621621623 1.0
0 0.01 0.06479371048308594 0.013941049575805664 10.243566989898682 0.21621621621621623 1.0
0 0.01 0.056436209971818335 0.0494997501373291 10.29306674003601 0.2105263157894737 1.0
0 0.01 0.049156712468482675 0.05145597457885742 10.344522714614868 0.20512820512820512 1.0
0 0.01 0.0428161703614703 0.020734310150146484 10.365257024765015 0.20512820512820512 1.0
0 0.01 0.03729347127511503 0.01967310905456543 10.38493013381958 0.20512820512820512 1.0
0 0.01 0.032483124670098805 0.043467044830322266 10.428397178649902 0.19999999999999998 1.0
