[216.40736058 188.4937774  164.18066384 143.00360867 124.55810333
 108.49181534  94.49785828  82.30892987  71.69220614  62.44489425
  54.39035884  47.37474809  41.26405496  35.94155748  31.30558923
  27.26759733  23.75045104  20.68696841  18.01863304  15.69447636
  13.67010404  11.906848    10.37102782   9.03330739   7.86813455
   6.85325305   5.96927734   5.19932239   4.52868107   3.94454329
   3.43575127   2.99258645   2.60658382   2.27037024   1.9775236
   1.72245016   1.5002777    1.30676244   1.138208     0.99139477
   0.86351843   0.75213639   0.65512111   0.57061946   0.49701737
   0.43290895   0.37706963   0.32843281   0.28606948   0.24917044]0 1 312.2098259152708 0.0012960433959960938 0.0012960433959960938 0.0 1.0
0 1 271.93903789811014 0.0012230873107910156 0.0025191307067871094 0.0 1.0
0 1 236.8626295349813 0.03864693641662598 0.041166067123413086 0.33333333333333337 1.0
0 1 206.31059705097118 0.02927708625793457 0.07044315338134766 0.5714285714285715 1.0
0 1 179.69935797424765 0.01918816566467285 0.08963131904602051 0.5714285714285715 1.0
0 1 156.52060397255676 0.015787124633789062 0.10541844367980957 0.5714285714285715 1.0
0 1 136.33159152101595 0.014032125473022461 0.11945056915283203 0.5714285714285715 1.0
0 1 118.74668494067365 0.033197879791259766 0.1526484489440918 0.7499999999999999 1.0
0 1 103.42999026917344 0.019579172134399414 0.1722276210784912 0.7499999999999999 1.0
0 1 90.08893926113359 0.015062808990478516 0.18729043006896973 0.7499999999999999 1.0
0 1 78.46870096453189 0.010560035705566406 0.19785046577453613 0.7499999999999999 1.0
0 1 68.34731412713553 0.011544942855834961 0.2093954086303711 0.7499999999999999 1.0
0 1 59.53144745577994 0.013885021209716797 0.2232804298400879 0.6666666666666665 1.0
0 1 51.85270674408604 0.017241954803466797 0.2405223846435547 0.7272727272727272 1.0
0 1 45.16441833008278 0.013868093490600586 0.2543904781341553 0.7272727272727272 1.0
0 1 39.33882744370648 0.014914751052856445 0.2693052291870117 0.6153846153846154 1.0
0 1 34.26465792907022 0.032080888748168945 0.30138611793518066 0.47058823529411764 1.0
0 1 29.84498672911064 0.034232139587402344 0.335618257522583 0.3636363636363636 1.0
0 1 25.99539253258091 0.04572701454162598 0.381345272064209 0.3076923076923077 1.0
0 1 22.642343220204207 0.13297605514526367 0.5143213272094727 0.26666666666666666 1.0
0 1 19.721791308170232 0.15738701820373535 0.671708345413208 0.27586206896551724 1.0
0 1 17.177950560167822 0.20869016647338867 0.8803985118865967 0.26666666666666666 1.0
0 1 14.962230399696251 0.1727890968322754 1.053187608718872 0.24242424242424243 1.0
0 1 13.03230776858211 0.13479113578796387 1.187978744506836 0.2222222222222222 1.0
0 1 11.351318703025308 0.15597820281982422 1.3439569473266602 0.2222222222222222 1.0
0 1 9.887154185253786 0.13465213775634766 1.4786090850830078 0.21621621621621623 1.0
0 1 8.611846820663045 0.13221120834350586 1.6108202934265137 0.20512820512820512 1.0
0 1 7.501036625197576 0.1619560718536377 1.7727763652801514 0.19999999999999998 1.0
0 1 6.53350571883761 0.1316087245941162 1.9043850898742676 0.20512820512820512 1.0
0 1 5.69077303724795 0.15998291969299316 2.0643680095672607 0.18604651162790697 1.0
0 1 4.956741320068812 0.13753819465637207 2.201906204223633 0.1777777777777778 1.0
0 1 4.317389632878279 0.17630791664123535 2.378214120864868 0.16666666666666666 1.0
0 1 3.7605055496069455 1.2650113105773926 3.6432254314422607 0.1702127659574468 1.0
0 1 3.2754518797500736 0.28714919090270996 3.9303746223449707 0.1702127659574468 1.0
0 1 2.8529634845718124 0.17648100852966309 4.106855630874634 0.16666666666666666 1.0
0 1 2.4849703012340436 0.20080900192260742 4.307664632797241 0.163265306122449 1.0
0 1 2.1644431943866964 0.23067808151245117 4.538342714309692 0.163265306122449 1.0
0 1 1.8852596907900219 0.11863303184509277 4.656975746154785 0.163265306122449 1.0
0 1 1.6420870323301746 0.10915589332580566 4.766131639480591 0.163265306122449 1.0
0 1 1.4302803135927475 0.10107994079589844 4.867211580276489 0.163265306122449 1.0
0 1 1.2457937582930971 0.10054183006286621 4.9677534103393555 0.163265306122449 1.0
0 1 1.0851034398309916 0.5420591831207275 5.509812593460083 0.1568627450980392 1.0
0 1 0.945139969834425 0.47736597061157227 5.987178564071655 0.1568627450980392 1.0
0 1 0.823229868958621 0.678663969039917 6.665842533111572 0.1568627450980392 1.0
0 1 0.7170445000483404 1.3663389682769775 8.03218150138855 0.15384615384615383 1.0
0 1 0.624555588222246 1.236778974533081 9.26896047592163 0.1509433962264151 1.0
0 1 0.5439964782567033 0.911489725112915 10.180450201034546 0.1509433962264151 1.0
0 1 0.4738283892360109 0.8045461177825928 10.984996318817139 0.1509433962264151 1.0
0 1 0.4127110218901976 0.8353509902954102 11.820347309112549 0.1481481481481481 1.0
0 1 0.3594769571833539 0.8082671165466309 12.62861442565918 0.1481481481481481 1.0
0 0.1 130.20161032759302 0.0011720657348632812 12.629786491394043 0.0 1.0
0 0.1 113.40738729625762 0.0011661052703857422 12.630952596664429 0.0 1.0
0 0.1 98.77938883400856 0.0011620521545410156 12.63211464881897 0.0 1.0
0 0.1 86.03820166433057 0.0012557506561279297 12.633370399475098 0.0 1.0
0 0.1 74.9404529934022 0.001252889633178711 12.634623289108276 0.0 1.0
0 0.1 65.27416178184274 0.0011661052703857422 12.635789394378662 0.0 1.0
0 0.1 56.854689638682785 0.0011730194091796875 12.636962413787842 0.0 1.0
0 0.1 49.52121399451067 0.0012199878692626953 12.638182401657104 0.0 1.0
0 0.1 43.13365618693992 0.0011601448059082031 12.639342546463013 0.0 1.0
0 0.1 37.570005780944214 0.0011792182922363281 12.640521764755249 0.0 1.0
0 0.1 32.7239900151928 0.001157999038696289 12.641679763793945 0.0 1.0
0 0.1 28.503043857863506 0.0012199878692626953 12.642899751663208 0.0 1.0
0 0.1 24.826541897430772 0.017681121826171875 12.66058087348938 0.5714285714285715 1.0
0 0.1 21.624258295306348 0.008129119873046875 12.668709993362427 0.5714285714285715 1.0
0 0.1 18.835025383479486 0.008107185363769531 12.676817178726196 0.5714285714285715 1.0
0 0.1 16.405565284674683 0.008179903030395508 12.684997081756592 0.5714285714285715 1.0
0 0.1 14.289472237493916 0.008260011672973633 12.693257093429565 0.5714285714285715 1.0
0 0.1 12.446326187665905 0.007059812545776367 12.700316905975342 0.5714285714285715 1.0
0 0.1 10.840920713874212 0.014066934585571289 12.714383840560913 0.7499999999999999 1.0
0 0.1 9.44259054057033 0.008187055587768555 12.722570896148682 0.7499999999999999 1.0
0 0.1 8.224625792416147 0.008281230926513672 12.730852127075195 0.7499999999999999 1.0
0 0.1 7.163761801874259 0.0081939697265625 12.739046096801758 0.7499999999999999 1.0
0 0.1 6.239734724625884 0.007029056549072266 12.74607515335083 0.7499999999999999 1.0
0 0.1 5.43489447450858 0.022171974182128906 12.768247127532959 0.7272727272727272 1.0
0 0.1 4.733867584541418 0.012907028198242188 12.781154155731201 0.7272727272727272 1.0
0 0.1 4.123263554256632 0.010956048965454102 12.792110204696655 0.7272727272727272 1.0
0 0.1 3.591419074200402 0.03764605522155762 12.829756259918213 0.5714285714285714 1.0
0 0.1 3.128175241967003 0.07461690902709961 12.904373168945312 0.4444444444444444 1.0
0 0.1 2.7246835143108377 0.04815220832824707 12.95252537727356 0.4 1.0
0 0.1 2.373236688776134 0.08358383178710938 13.036109209060669 0.3636363636363636 1.0
0 0.1 2.0671216863796724 0.13675904273986816 13.172868251800537 0.32000000000000006 1.0
0 0.1 1.8004913233094775 0.04823589324951172 13.221104145050049 0.32000000000000006 1.0
0 0.1 1.5682526223167341 0.16776704788208008 13.388871192932129 0.2962962962962963 1.0
0 0.1 1.3659695304072161 0.11884617805480957 13.507717370986938 0.27586206896551724 1.0
0 0.1 1.1897781846170337 0.08535909652709961 13.593076467514038 0.26666666666666666 1.0
0 0.1 1.036313107341863 0.16650390625 13.759580373764038 0.25806451612903225 1.0
0 0.1 0.9026429214570189 0.15251421928405762 13.912094593048096 0.24242424242424243 1.0
0 0.1 0.786214357305898 0.10897707939147949 14.021071672439575 0.2352941176470588 1.0
0 0.1 0.6848034820193963 0.3480081558227539 14.369079828262329 0.2285714285714286 1.0
0 0.1 0.5964732195846044 0.1430051326751709 14.5120849609375 0.2285714285714286 1.0
0 0.1 0.5195363502423698 0.1652839183807373 14.677368879318237 0.21621621621621623 1.0
0 0.1 0.4525232824553942 0.17814922332763672 14.855518102645874 0.20512820512820512 1.0
0 0.1 0.3941539818506903 0.3251199722290039 15.180638074874878 0.19999999999999998 1.0
0 0.1 0.34331352094368267 0.8015072345733643 15.982145309448242 0.19512195121951217 1.0
0 0.1 0.2990307826127625 0.20606207847595215 16.188207387924194 0.2105263157894737 1.0
0 0.1 0.2604599105337001 0.15305209159851074 16.341259479522705 0.19999999999999998 1.0
0 0.1 0.22686415225376097 0.13260221481323242 16.473861694335938 0.19999999999999998 1.0
0 0.1 0.19760178628779224 0.1455233097076416 16.61938500404358 0.19512195121951217 1.0
0 0.1 0.17211386442601356 0.2671988010406494 16.88658380508423 0.18604651162790697 1.0
0 0.1 0.14991353511608546 0.387786865234375 17.274370670318604 0.18181818181818182 1.0
0 0.01 28.211963230963963 0.0011646747589111328 17.275535345077515 0.0 1.0
0 0.01 24.573006681497752 0.0011811256408691406 17.276716470718384 0.0 1.0
0 0.01 21.403425646968028 0.0011630058288574219 17.27787947654724 0.0 1.0
0 0.01 18.642677119777133 0.001222848892211914 17.279102325439453 0.0 1.0
0 0.01 16.238027310431736 0.001165628433227539 17.28026795387268 0.0 1.0
0 0.01 14.143544365449966 0.0011713504791259766 17.281439304351807 0.0 1.0
0 0.01 12.319221010851523 0.0011692047119140625 17.28260850906372 0.0 1.0
0 0.01 10.730210362611421 0.0012080669403076172 17.28381657600403 0.0 1.0
0 0.01 9.346160307090315 0.001249074935913086 17.28506565093994 0.0 1.0
0 0.01 8.140633737265514 0.0011789798736572266 17.2862446308136 0.0 1.0
0 0.01 7.090603570541246 0.0011599063873291016 17.287404537200928 0.0 1.0
0 0.01 6.176012902339531 0.0011539459228515625 17.28855848312378 0.0 1.0
0 0.01 5.379391893848717 0.0012249946594238281 17.289783477783203 0.0 1.0
0 0.01 4.685524076001097 0.001199960708618164 17.29098343849182 0.0 1.0
0 0.01 4.081155695663349 0.0011670589447021484 17.292150497436523 0.0 1.0
0 0.01 3.554742552184356 0.0011758804321289062 17.293326377868652 0.0 1.0
0 0.01 3.09622948855821 0.0011601448059082031 17.29448652267456 0.0 1.0
0 0.01 2.6968583252045994 0.00121307373046875 17.29569959640503 0.0 1.0
0 0.01 2.349000567658869 0.011675119400024414 17.307374715805054 0.5714285714285715 1.0
0 0.01 2.046011692676912 0.005982875823974609 17.31335759162903 0.5714285714285715 1.0
0 0.01 1.7821042294352372 0.005881071090698242 17.319238662719727 0.5714285714285715 1.0
0 0.01 1.5522372115164986 0.005803823471069336 17.325042486190796 0.5714285714285715 1.0
0 0.01 1.3520198880735976 0.0058100223541259766 17.330852508544922 0.5714285714285715 1.0
0 0.01 1.1776278549337647 0.005887031555175781 17.336739540100098 0.5714285714285715 1.0
0 0.01 1.0257300036406054 0.010399103164672852 17.34713864326477 0.7499999999999999 1.0
0 0.01 0.8934248930683893 0.005892276763916016 17.353030920028687 0.7499999999999999 1.0
0 0.01 0.7781853282259436 0.00585484504699707 17.358885765075684 0.7499999999999999 1.0
0 0.01 0.6778100876351608 0.005897998809814453 17.364783763885498 0.7499999999999999 1.0
0 0.01 0.590381877216004 0.005761861801147461 17.370545625686646 0.7499999999999999 1.0
0 0.01 0.5142307075440048 0.018227100372314453 17.38877272605896 0.7272727272727272 1.0
0 0.01 0.44790199493955546 0.007271766662597656 17.396044492721558 0.7272727272727272 1.0
0 0.01 0.39012877707943217 0.02874016761779785 17.424784660339355 0.5000000000000001 1.0
0 0.01 0.33980751241358653 0.04128408432006836 17.466068744659424 0.4 1.0
0 0.01 0.2959770011254507 0.018720149993896484 17.48478889465332 0.4 1.0
0 0.01 0.2578000249994245 0.018616199493408203 17.50340509414673 0.4 1.0
0 0.01 0.22454735549379537 0.06185173988342285 17.56525683403015 0.2857142857142857 1.0
0 0.01 0.19558382455304058 0.03564095497131348 17.600897789001465 0.2857142857142857 1.0
0 0.01 0.1703561920944177 0.06327033042907715 17.664168119430542 0.25 1.0
0 0.01 0.14838257842248037 0.03239107131958008 17.696559190750122 0.25 1.0
0 0.01 0.12924325971726744 0.07253623008728027 17.769095420837402 0.2352941176470588 1.0
0 0.01 0.1125726507783501 0.06454300880432129 17.833638429641724 0.2222222222222222 1.0
0 0.01 0.09805232188500161 0.12976717948913574 17.96340560913086 0.2222222222222222 1.0
0 0.01 0.08540491638568569 0.1001288890838623 18.06353449821472 0.21621621621621623 1.0
0 0.01 0.07438885283512764 0.048211097717285156 18.111745595932007 0.21621621621621623 1.0
0 0.01 0.06479371048308594 0.04691195487976074 18.158657550811768 0.21621621621621623 1.0
0 0.01 0.056436209971818335 0.0830693244934082 18.241726875305176 0.2105263157894737 1.0
0 0.01 0.049156712468482675 0.08747076988220215 18.329197645187378 0.20512820512820512 1.0
0 0.01 0.0428161703614703 0.05406785011291504 18.383265495300293 0.20512820512820512 1.0
0 0.01 0.03729347127511503 0.05464792251586914 18.437913417816162 0.20512820512820512 1.0
0 0.01 0.032483124670098805 0.07678794860839844 18.51470136642456 0.19999999999999998 1.0
