[216.40736058 188.4937774  164.18066384 143.00360867 124.55810333
 108.49181534  94.49785828  82.30892987  71.69220614  62.44489425
  54.39035884  47.37474809  41.26405496  35.94155748  31.30558923
  27.26759733  23.75045104  20.68696841  18.01863304  15.69447636
  13.67010404  11.906848    10.37102782   9.03330739   7.86813455
   6.85325305   5.96927734   5.19932239   4.52868107   3.94454329
   3.43575127   2.99258645   2.60658382   2.27037024   1.9775236
   1.72245016   1.5002777    1.30676244   1.138208     0.99139477
   0.86351843   0.75213639   0.65512111   0.57061946   0.49701737
   0.43290895   0.37706963   0.32843281   0.28606948   0.24917044]0 1 312.2098259152708 0.0006420612335205078 0.0006420612335205078 0.0 1.0
0 1 271.93903789811014 0.0006508827209472656 0.0012929439544677734 0.0 1.0
0 1 236.8626295349813 0.006143093109130859 0.007436037063598633 0.33333333333333337 1.0
0 1 206.31059705097118 0.005320072174072266 0.012756109237670898 0.5714285714285715 1.0
0 1 179.69935797424765 0.0036230087280273438 0.016379117965698242 0.5714285714285715 1.0
0 1 156.52060397255676 0.0027463436126708984 0.01912546157836914 0.5714285714285715 1.0
0 1 136.33159152101595 0.00267791748046875 0.02180337905883789 0.5714285714285715 1.0
0 1 118.74668494067365 0.0056607723236083984 0.02746415138244629 0.7499999999999999 1.0
0 1 103.42999026917344 0.003880023956298828 0.03134417533874512 0.7499999999999999 1.0
0 1 90.08893926113359 0.003043651580810547 0.034387826919555664 0.7499999999999999 1.0
0 1 78.46870096453189 0.002973794937133789 0.03736162185668945 0.7499999999999999 1.0
0 1 68.34731412713553 0.0031850337982177734 0.04054665565490723 0.7499999999999999 1.0
0 1 59.53144745577994 0.00402522087097168 0.044571876525878906 0.6666666666666665 1.0
0 1 51.85270674408604 0.006144046783447266 0.05071592330932617 0.7272727272727272 1.0
0 1 45.16441833008278 0.006614208221435547 0.05733013153076172 0.7272727272727272 1.0
0 1 39.33882744370648 0.006165742874145508 0.06349587440490723 0.6153846153846154 1.0
0 1 34.26465792907022 0.013314962387084961 0.07681083679199219 0.47058823529411764 1.0
0 1 29.84498672911064 0.015569925308227539 0.09238076210021973 0.3636363636363636 1.0
0 1 25.99539253258091 0.01790904998779297 0.1102898120880127 0.3076923076923077 1.0
0 1 22.642343220204207 0.04478716850280762 0.1550769805908203 0.26666666666666666 1.0
0 1 19.721791308170232 0.04970073699951172 0.20477771759033203 0.27586206896551724 1.0
0 1 17.177950560167822 0.10920596122741699 0.313983678817749 0.26666666666666666 1.0
0 1 14.962230399696251 0.08430290222167969 0.3982865810394287 0.24242424242424243 1.0
0 1 13.03230776858211 0.0790560245513916 0.4773426055908203 0.2222222222222222 1.0
0 1 11.351318703025308 0.07124876976013184 0.5485913753509521 0.2222222222222222 1.0
0 1 9.887154185253786 0.07048988342285156 0.6190812587738037 0.21621621621621623 1.0
0 1 8.611846820663045 0.06805801391601562 0.6871392726898193 0.20512820512820512 1.0
0 1 7.501036625197576 0.07878565788269043 0.7659249305725098 0.19999999999999998 1.0
0 1 6.53350571883761 0.06859302520751953 0.8345179557800293 0.20512820512820512 1.0
0 1 5.69077303724795 0.07996582984924316 0.9144837856292725 0.18604651162790697 1.0
0 1 4.956741320068812 0.06516790390014648 0.979651689529419 0.1777777777777778 1.0
0 1 4.317389632878279 0.07751703262329102 1.05716872215271 0.1702127659574468 1.0
0 1 3.7605055496069455 0.9171838760375977 1.9743525981903076 0.1702127659574468 1.0
0 1 3.2754518797500736 0.1892869472503662 2.163639545440674 0.1702127659574468 1.0
0 1 2.8529634845718124 0.043144941329956055 2.20678448677063 0.16666666666666666 1.0
0 1 2.4849703012340436 0.057344913482666016 2.264129400253296 0.163265306122449 1.0
0 1 2.1644431943866964 0.12680792808532715 2.390937328338623 0.163265306122449 1.0
0 1 1.8852596907900219 0.05448722839355469 2.4454245567321777 0.163265306122449 1.0
0 1 1.6420870323301746 0.05111980438232422 2.496544361114502 0.163265306122449 1.0
0 1 1.4302803135927475 0.048837900161743164 2.545382261276245 0.163265306122449 1.0
0 1 1.2457937582930971 0.04611611366271973 2.591498374938965 0.163265306122449 1.0
0 1 1.0851034398309916 0.236008882522583 2.827507257461548 0.1568627450980392 1.0
0 1 0.945139969834425 0.20992302894592285 3.0374302864074707 0.1568627450980392 1.0
0 1 0.823229868958621 0.48790717124938965 3.5253374576568604 0.1568627450980392 1.0
0 1 0.7170445000483404 0.14242100715637207 3.6677584648132324 0.1481481481481481 1.0
0 1 0.624555588222246 1.4535839557647705 5.121342420578003 0.15384615384615383 1.0
0 1 0.5439964782567033 0.1564321517944336 5.2777745723724365 0.1481481481481481 1.0
0 1 0.4738283892360109 1.1145532131195068 6.392327785491943 0.1509433962264151 1.0
0 1 0.4127110218901976 0.2850818634033203 6.677409648895264 0.14545454545454545 1.0
0 1 0.3594769571833539 0.3714287281036377 7.048838376998901 0.1481481481481481 1.0
0 0.1 130.20161032759302 0.0006527900695800781 7.0494911670684814 0.0 1.0
0 0.1 113.40738729625762 0.0006587505340576172 7.050149917602539 0.0 1.0
0 0.1 98.77938883400856 0.0006830692291259766 7.050832986831665 0.0 1.0
0 0.1 86.03820166433057 0.0006341934204101562 7.051467180252075 0.0 1.0
0 0.1 74.9404529934022 0.0006608963012695312 7.052128076553345 0.0 1.0
0 0.1 65.27416178184274 0.0006570816040039062 7.052785158157349 0.0 1.0
0 0.1 56.854689638682785 0.0006527900695800781 7.053437948226929 0.0 1.0
0 0.1 49.52121399451067 0.0006368160247802734 7.054074764251709 0.0 1.0
0 0.1 43.13365618693992 0.0007059574127197266 7.054780721664429 0.0 1.0
0 0.1 37.570005780944214 0.000720977783203125 7.055501699447632 0.0 1.0
0 0.1 32.7239900151928 0.0006251335144042969 7.056126832962036 0.0 1.0
0 0.1 28.503043857863506 0.0006439685821533203 7.0567708015441895 0.0 1.0
0 0.1 24.826541897430772 0.007264852523803711 7.064035654067993 0.5714285714285715 1.0
0 0.1 21.624258295306348 0.001560211181640625 7.065595865249634 0.5714285714285715 1.0
0 0.1 18.835025383479486 0.0015649795532226562 7.0671608448028564 0.5714285714285715 1.0
0 0.1 16.405565284674683 0.0017893314361572266 7.068950176239014 0.5714285714285715 1.0
0 0.1 14.289472237493916 0.0015003681182861328 7.0704505443573 0.5714285714285715 1.0
0 0.1 12.446326187665905 0.0016930103302001953 7.0721435546875 0.5714285714285715 1.0
0 0.1 10.840920713874212 0.006112813949584961 7.078256368637085 0.7499999999999999 1.0
0 0.1 9.44259054057033 0.0017361640930175781 7.0799925327301025 0.7499999999999999 1.0
0 0.1 8.224625792416147 0.002092123031616211 7.082084655761719 0.7499999999999999 1.0
0 0.1 7.163761801874259 0.0023772716522216797 7.08446192741394 0.7499999999999999 1.0
0 0.1 6.239734724625884 0.002440929412841797 7.086902856826782 0.7499999999999999 1.0
0 0.1 5.43489447450858 0.011433839797973633 7.098336696624756 0.7272727272727272 1.0
0 0.1 4.733867584541418 0.004601955413818359 7.102938652038574 0.7272727272727272 1.0
0 0.1 4.123263554256632 0.004864215850830078 7.107802867889404 0.7272727272727272 1.0
0 0.1 3.591419074200402 0.025650978088378906 7.133453845977783 0.5714285714285714 1.0
0 0.1 3.128175241967003 0.06029987335205078 7.193753719329834 0.4444444444444444 1.0
0 0.1 2.7246835143108377 0.028120040893554688 7.221873760223389 0.4 1.0
0 0.1 2.373236688776134 0.05296587944030762 7.274839639663696 0.3636363636363636 1.0
0 0.1 2.0671216863796724 0.08229589462280273 7.357135534286499 0.32000000000000006 1.0
0 0.1 1.8004913233094775 0.019249916076660156 7.376385450363159 0.32000000000000006 1.0
0 0.1 1.5682526223167341 0.10807514190673828 7.4844605922698975 0.2962962962962963 1.0
0 0.1 1.3659695304072161 0.062302350997924805 7.546762943267822 0.27586206896551724 1.0
0 0.1 1.1897781846170337 0.042923927307128906 7.589686870574951 0.26666666666666666 1.0
0 0.1 1.036313107341863 0.08157491683959961 7.671261787414551 0.25806451612903225 1.0
0 0.1 0.9026429214570189 0.11527085304260254 7.786532640457153 0.24242424242424243 1.0
0 0.1 0.786214357305898 0.060096025466918945 7.846628665924072 0.2352941176470588 1.0
0 0.1 0.6848034820193963 0.15315485000610352 7.999783515930176 0.2285714285714286 1.0
0 0.1 0.5964732195846044 0.06549596786499023 8.065279483795166 0.2285714285714286 1.0
0 0.1 0.5195363502423698 0.08063173294067383 8.14591121673584 0.21621621621621623 1.0
0 0.1 0.4525232824553942 0.08453702926635742 8.230448246002197 0.20512820512820512 1.0
0 0.1 0.3941539818506903 0.15984201431274414 8.390290260314941 0.19999999999999998 1.0
0 0.1 0.34331352094368267 0.49221277236938477 8.882503032684326 0.19512195121951217 1.0
0 0.1 0.2990307826127625 0.15312504768371582 9.035628080368042 0.2105263157894737 1.0
0 0.1 0.2604599105337001 0.06767106056213379 9.103299140930176 0.19999999999999998 1.0
0 0.1 0.22686415225376097 0.060324907302856445 9.163624048233032 0.19999999999999998 1.0
0 0.1 0.19760178628779224 0.07015395164489746 9.23377799987793 0.19512195121951217 1.0
0 0.1 0.17211386442601356 0.08678483963012695 9.320562839508057 0.18604651162790697 1.0
0 0.1 0.14991353511608546 0.20308136940002441 9.523644208908081 0.18181818181818182 1.0
0 0.01 28.211963230963963 0.0006568431854248047 9.524301052093506 0.0 1.0
0 0.01 24.573006681497752 0.000637054443359375 9.524938106536865 0.0 1.0
0 0.01 21.403425646968028 0.0006401538848876953 9.525578260421753 0.0 1.0
0 0.01 18.642677119777133 0.0006477832794189453 9.526226043701172 0.0 1.0
0 0.01 16.238027310431736 0.0006730556488037109 9.526899099349976 0.0 1.0
0 0.01 14.143544365449966 0.0006730556488037109 9.52757215499878 0.0 1.0
0 0.01 12.319221010851523 0.0006620883941650391 9.528234243392944 0.0 1.0
0 0.01 10.730210362611421 0.0006711483001708984 9.528905391693115 0.0 1.0
0 0.01 9.346160307090315 0.0006489753723144531 9.52955436706543 0.0 1.0
0 0.01 8.140633737265514 0.0006489753723144531 9.530203342437744 0.0 1.0
0 0.01 7.090603570541246 0.00061798095703125 9.530821323394775 0.0 1.0
0 0.01 6.176012902339531 0.0006279945373535156 9.531449317932129 0.0 1.0
0 0.01 5.379391893848717 0.0006289482116699219 9.532078266143799 0.0 1.0
0 0.01 4.685524076001097 0.0006473064422607422 9.53272557258606 0.0 1.0
0 0.01 4.081155695663349 0.0006499290466308594 9.53337550163269 0.0 1.0
0 0.01 3.554742552184356 0.0008356571197509766 9.534211158752441 0.0 1.0
0 0.01 3.09622948855821 0.0006270408630371094 9.534838199615479 0.0 1.0
0 0.01 2.6968583252045994 0.0006349086761474609 9.535473108291626 0.0 1.0
0 0.01 2.349000567658869 0.006070137023925781 9.541543245315552 0.5714285714285715 1.0
0 0.01 2.046011692676912 0.0010869503021240234 9.542630195617676 0.5714285714285715 1.0
0 0.01 1.7821042294352372 0.0010879039764404297 9.543718099594116 0.5714285714285715 1.0
0 0.01 1.5522372115164986 0.0011870861053466797 9.544905185699463 0.5714285714285715 1.0
0 0.01 1.3520198880735976 0.0011849403381347656 9.546090126037598 0.5714285714285715 1.0
0 0.01 1.1776278549337647 0.0014257431030273438 9.547515869140625 0.5714285714285715 1.0
0 0.01 1.0257300036406054 0.005209922790527344 9.552725791931152 0.7499999999999999 1.0
0 0.01 0.8934248930683893 0.0015630722045898438 9.554288864135742 0.7499999999999999 1.0
0 0.01 0.7781853282259436 0.0019080638885498047 9.556196928024292 0.7499999999999999 1.0
0 0.01 0.6778100876351608 0.002196073532104492 9.558393001556396 0.7499999999999999 1.0
0 0.01 0.590381877216004 0.0023491382598876953 9.560742139816284 0.7499999999999999 1.0
0 0.01 0.5142307075440048 0.0073947906494140625 9.568136930465698 0.7272727272727272 1.0
0 0.01 0.44790199493955546 0.003020048141479492 9.571156978607178 0.7272727272727272 1.0
0 0.01 0.39012877707943217 0.021045923233032227 9.59220290184021 0.5000000000000001 1.0
0 0.01 0.33980751241358653 0.025990009307861328 9.618192911148071 0.4 1.0
0 0.01 0.2959770011254507 0.005959987640380859 9.624152898788452 0.4 1.0
0 0.01 0.2578000249994245 0.006946086883544922 9.631098985671997 0.4 1.0
0 0.01 0.22454735549379537 0.04053807258605957 9.671637058258057 0.2857142857142857 1.0
0 0.01 0.19558382455304058 0.012115955352783203 9.68375301361084 0.2857142857142857 1.0
0 0.01 0.1703561920944177 0.038861989974975586 9.722615003585815 0.25 1.0
0 0.01 0.14838257842248037 0.012454986572265625 9.735069990158081 0.25 1.0
0 0.01 0.12924325971726744 0.04768705368041992 9.782757043838501 0.2352941176470588 1.0
0 0.01 0.1125726507783501 0.03843522071838379 9.821192264556885 0.2222222222222222 1.0
0 0.01 0.09805232188500161 0.11023306846618652 9.931425333023071 0.2222222222222222 1.0
0 0.01 0.08540491638568569 0.05955195426940918 9.99097728729248 0.21621621621621623 1.0
0 0.01 0.07438885283512764 0.012572765350341797 10.003550052642822 0.21621621621621623 1.0
0 0.01 0.06479371048308594 0.012639999389648438 10.01619005203247 0.21621621621621623 1.0
0 0.01 0.056436209971818335 0.050923824310302734 10.067113876342773 0.2105263157894737 1.0
0 0.01 0.049156712468482675 0.051969051361083984 10.119082927703857 0.20512820512820512 1.0
0 0.01 0.0428161703614703 0.02095794677734375 10.140040874481201 0.20512820512820512 1.0
0 0.01 0.03729347127511503 0.020127058029174805 10.160167932510376 0.20512820512820512 1.0
0 0.01 0.032483124670098805 0.045693159103393555 10.20586109161377 0.19999999999999998 1.0
