[216.40736058 188.4937774  164.18066384 143.00360867 124.55810333
 108.49181534  94.49785828  82.30892987  71.69220614  62.44489425
  54.39035884  47.37474809  41.26405496  35.94155748  31.30558923
  27.26759733  23.75045104  20.68696841  18.01863304  15.69447636
  13.67010404  11.906848    10.37102782   9.03330739   7.86813455
   6.85325305   5.96927734   5.19932239   4.52868107   3.94454329
   3.43575127   2.99258645   2.60658382   2.27037024   1.9775236
   1.72245016   1.5002777    1.30676244   1.138208     0.99139477
   0.86351843   0.75213639   0.65512111   0.57061946   0.49701737
   0.43290895   0.37706963   0.32843281   0.28606948   0.24917044]0 1 312.2098259152708 0.0006310939788818359 0.0006310939788818359 0.0 1.0
0 1 271.93903789811014 0.0006339550018310547 0.0012650489807128906 0.0 1.0
0 1 236.8626295349813 0.00890493392944336 0.01016998291015625 0.33333333333333337 1.0
0 1 206.31059705097118 0.0072977542877197266 0.017467737197875977 0.5714285714285715 1.0
0 1 179.69935797424765 0.004797935485839844 0.02226567268371582 0.5714285714285715 1.0
0 1 156.52060397255676 0.0039920806884765625 0.026257753372192383 0.5714285714285715 1.0
0 1 136.33159152101595 0.0038290023803710938 0.030086755752563477 0.5714285714285715 1.0
0 1 118.74668494067365 0.008562803268432617 0.038649559020996094 0.7499999999999999 1.0
0 1 103.42999026917344 0.005202054977416992 0.043851613998413086 0.7499999999999999 1.0
0 1 90.08893926113359 0.005321979522705078 0.049173593521118164 0.7499999999999999 1.0
0 1 78.46870096453189 0.003643035888671875 0.05281662940979004 0.7499999999999999 1.0
0 1 68.34731412713553 0.00472712516784668 0.05754375457763672 0.7499999999999999 1.0
0 1 59.53144745577994 0.00618290901184082 0.06372666358947754 0.6666666666666665 1.0
0 1 51.85270674408604 0.008349895477294922 0.07207655906677246 0.7272727272727272 1.0
0 1 45.16441833008278 0.00887918472290039 0.08095574378967285 0.7272727272727272 1.0
0 1 39.33882744370648 0.009771108627319336 0.09072685241699219 0.6153846153846154 1.0
0 1 34.26465792907022 0.017240047454833984 0.10796689987182617 0.47058823529411764 1.0
0 1 29.84498672911064 0.02082991600036621 0.12879681587219238 0.3636363636363636 1.0
0 1 25.99539253258091 0.026355981826782227 0.1551527976989746 0.3076923076923077 1.0
0 1 22.642343220204207 0.0710439682006836 0.2261967658996582 0.26666666666666666 1.0
0 1 19.721791308170232 0.08496689796447754 0.31116366386413574 0.27586206896551724 1.0
0 1 17.177950560167822 0.1429908275604248 0.45415449142456055 0.26666666666666666 1.0
0 1 14.962230399696251 0.11327576637268066 0.5674302577972412 0.24242424242424243 1.0
0 1 13.03230776858211 0.10313916206359863 0.6705694198608398 0.2222222222222222 1.0
0 1 11.351318703025308 0.1137542724609375 0.7843236923217773 0.2222222222222222 1.0
0 1 9.887154185253786 0.09756302833557129 0.8818867206573486 0.21621621621621623 1.0
0 1 8.611846820663045 0.0964059829711914 0.97829270362854 0.20512820512820512 1.0
0 1 7.501036625197576 0.11805391311645508 1.0963466167449951 0.19999999999999998 1.0
0 1 6.53350571883761 0.10837507247924805 1.2047216892242432 0.20512820512820512 1.0
0 1 5.69077303724795 0.1307368278503418 1.335458517074585 0.18604651162790697 1.0
0 1 4.956741320068812 0.11145806312561035 1.4469165802001953 0.1777777777777778 1.0
0 1 4.317389632878279 0.14302968978881836 1.5899462699890137 0.16666666666666666 1.0
0 1 3.7605055496069455 1.1438651084899902 2.733811378479004 0.1702127659574468 1.0
0 1 3.2754518797500736 0.25068187713623047 2.9844932556152344 0.1702127659574468 1.0
0 1 2.8529634845718124 0.13411998748779297 3.1186132431030273 0.16666666666666666 1.0
0 1 2.4849703012340436 0.15346002578735352 3.272073268890381 0.163265306122449 1.0
0 1 2.1644431943866964 0.20163202285766602 3.473705291748047 0.163265306122449 1.0
0 1 1.8852596907900219 0.10351991653442383 3.5772252082824707 0.163265306122449 1.0
0 1 1.6420870323301746 0.09704184532165527 3.674267053604126 0.163265306122449 1.0
0 1 1.4302803135927475 0.0947110652923584 3.7689781188964844 0.163265306122449 1.0
0 1 1.2457937582930971 0.09441089630126953 3.863389015197754 0.163265306122449 1.0
0 1 1.0851034398309916 0.5006389617919922 4.364027976989746 0.1568627450980392 1.0
0 1 0.945139969834425 0.45383596420288086 4.817863941192627 0.1568627450980392 1.0
0 1 0.823229868958621 0.673947811126709 5.491811752319336 0.1568627450980392 1.0
0 1 0.7170445000483404 1.3741958141326904 6.866007566452026 0.15384615384615383 1.0
0 1 0.624555588222246 1.2517549991607666 8.117762565612793 0.1509433962264151 1.0
0 1 0.5439964782567033 0.8995480537414551 9.017310619354248 0.1509433962264151 1.0
0 1 0.4738283892360109 0.8196308612823486 9.836941480636597 0.1509433962264151 1.0
0 1 0.4127110218901976 0.8468179702758789 10.683759450912476 0.1481481481481481 1.0
0 1 0.3594769571833539 0.842494010925293 11.526253461837769 0.1481481481481481 1.0
0 0.1 130.20161032759302 0.0006361007690429688 11.526889562606812 0.0 1.0
0 0.1 113.40738729625762 0.000640869140625 11.527530431747437 0.0 1.0
0 0.1 98.77938883400856 0.0006251335144042969 11.52815556526184 0.0 1.0
0 0.1 86.03820166433057 0.0006299018859863281 11.528785467147827 0.0 1.0
0 0.1 74.9404529934022 0.0006458759307861328 11.529431343078613 0.0 1.0
0 0.1 65.27416178184274 0.0006709098815917969 11.530102252960205 0.0 1.0
0 0.1 56.854689638682785 0.000675201416015625 11.53077745437622 0.0 1.0
0 0.1 49.52121399451067 0.0006330013275146484 11.531410455703735 0.0 1.0
0 0.1 43.13365618693992 0.0006389617919921875 11.532049417495728 0.0 1.0
0 0.1 37.570005780944214 0.0006489753723144531 11.532698392868042 0.0 1.0
0 0.1 32.7239900151928 0.0006480216979980469 11.53334641456604 0.0 1.0
0 0.1 28.503043857863506 0.0006608963012695312 11.53400731086731 0.0 1.0
0 0.1 24.826541897430772 0.007583141326904297 11.541590452194214 0.5714285714285715 1.0
0 0.1 21.624258295306348 0.002007007598876953 11.54359745979309 0.5714285714285715 1.0
0 0.1 18.835025383479486 0.001953125 11.54555058479309 0.5714285714285715 1.0
0 0.1 16.405565284674683 0.0020737648010253906 11.547624349594116 0.5714285714285715 1.0
0 0.1 14.289472237493916 0.002049684524536133 11.549674034118652 0.5714285714285715 1.0
0 0.1 12.446326187665905 0.002022266387939453 11.551696300506592 0.5714285714285715 1.0
0 0.1 10.840920713874212 0.0071527957916259766 11.558849096298218 0.7499999999999999 1.0
0 0.1 9.44259054057033 0.0024881362915039062 11.561337232589722 0.7499999999999999 1.0
0 0.1 8.224625792416147 0.0026700496673583984 11.56400728225708 0.7499999999999999 1.0
0 0.1 7.163761801874259 0.003064870834350586 11.56707215309143 0.7499999999999999 1.0
0 0.1 6.239734724625884 0.003208160400390625 11.570280313491821 0.7499999999999999 1.0
0 0.1 5.43489447450858 0.01265716552734375 11.582937479019165 0.7272727272727272 1.0
0 0.1 4.733867584541418 0.006517887115478516 11.589455366134644 0.7272727272727272 1.0
0 0.1 4.123263554256632 0.006426811218261719 11.595882177352905 0.7272727272727272 1.0
0 0.1 3.591419074200402 0.028193950653076172 11.624076128005981 0.5714285714285714 1.0
0 0.1 3.128175241967003 0.0635828971862793 11.68765902519226 0.4444444444444444 1.0
0 0.1 2.7246835143108377 0.0331878662109375 11.720846891403198 0.4 1.0
0 0.1 2.373236688776134 0.06066298484802246 11.78150987625122 0.3636363636363636 1.0
0 0.1 2.0671216863796724 0.09623193740844727 11.877741813659668 0.32000000000000006 1.0
0 0.1 1.8004913233094775 0.0290377140045166 11.906779527664185 0.32000000000000006 1.0
0 0.1 1.5682526223167341 0.12494826316833496 12.03172779083252 0.2962962962962963 1.0
0 0.1 1.3659695304072161 0.08186602592468262 12.113593816757202 0.27586206896551724 1.0
0 0.1 1.1897781846170337 0.0572659969329834 12.170859813690186 0.26666666666666666 1.0
0 0.1 1.036313107341863 0.11219573020935059 12.283055543899536 0.25806451612903225 1.0
0 0.1 0.9026429214570189 0.13397979736328125 12.417035341262817 0.24242424242424243 1.0
0 0.1 0.786214357305898 0.08208322525024414 12.499118566513062 0.2352941176470588 1.0
0 0.1 0.6848034820193963 0.22483611106872559 12.723954677581787 0.2285714285714286 1.0
0 0.1 0.5964732195846044 0.097808837890625 12.821763515472412 0.2285714285714286 1.0
0 0.1 0.5195363502423698 0.12256789207458496 12.944331407546997 0.21621621621621623 1.0
0 0.1 0.4525232824553942 0.13117527961730957 13.075506687164307 0.20512820512820512 1.0
0 0.1 0.3941539818506903 0.2369983196258545 13.312505006790161 0.19999999999999998 1.0
0 0.1 0.34331352094368267 0.6715998649597168 13.984104871749878 0.19512195121951217 1.0
0 0.1 0.2990307826127625 0.19224095344543457 14.176345825195312 0.2105263157894737 1.0
0 0.1 0.2604599105337001 0.13558673858642578 14.311932563781738 0.19999999999999998 1.0
0 0.1 0.22686415225376097 0.1126549243927002 14.424587488174438 0.19999999999999998 1.0
0 0.1 0.19760178628779224 0.12281298637390137 14.54740047454834 0.19512195121951217 1.0
0 0.1 0.17211386442601356 0.23085689544677734 14.778257369995117 0.18604651162790697 1.0
0 0.1 0.14991353511608546 0.34633588790893555 15.124593257904053 0.18181818181818182 1.0
0 0.01 28.211963230963963 0.0006341934204101562 15.125227451324463 0.0 1.0
0 0.01 24.573006681497752 0.0006318092346191406 15.125859260559082 0.0 1.0
0 0.01 21.403425646968028 0.0006198883056640625 15.126479148864746 0.0 1.0
0 0.01 18.642677119777133 0.0006318092346191406 15.127110958099365 0.0 1.0
0 0.01 16.238027310431736 0.0006871223449707031 15.127798080444336 0.0 1.0
0 0.01 14.143544365449966 0.0007109642028808594 15.128509044647217 0.0 1.0
0 0.01 12.319221010851523 0.0006439685821533203 15.12915301322937 0.0 1.0
0 0.01 10.730210362611421 0.0006289482116699219 15.12978196144104 0.0 1.0
0 0.01 9.346160307090315 0.0006530284881591797 15.1304349899292 0.0 1.0
0 0.01 8.140633737265514 0.0006310939788818359 15.131066083908081 0.0 1.0
0 0.01 7.090603570541246 0.0006473064422607422 15.131713390350342 0.0 1.0
0 0.01 6.176012902339531 0.0006511211395263672 15.132364511489868 0.0 1.0
0 0.01 5.379391893848717 0.0006909370422363281 15.133055448532104 0.0 1.0
0 0.01 4.685524076001097 0.0006539821624755859 15.13370943069458 0.0 1.0
0 0.01 4.081155695663349 0.0006346702575683594 15.134344100952148 0.0 1.0
0 0.01 3.554742552184356 0.0006349086761474609 15.134979009628296 0.0 1.0
0 0.01 3.09622948855821 0.0006890296936035156 15.1356680393219 0.0 1.0
0 0.01 2.6968583252045994 0.0007090568542480469 15.136377096176147 0.0 1.0
0 0.01 2.349000567658869 0.0068280696868896484 15.143205165863037 0.5714285714285715 1.0
0 0.01 2.046011692676912 0.0016918182373046875 15.144896984100342 0.5714285714285715 1.0
0 0.01 1.7821042294352372 0.0015370845794677734 15.14643406867981 0.5714285714285715 1.0
0 0.01 1.5522372115164986 0.0015871524810791016 15.148021221160889 0.5714285714285715 1.0
0 0.01 1.3520198880735976 0.0016100406646728516 15.149631261825562 0.5714285714285715 1.0
0 0.01 1.1776278549337647 0.002135038375854492 15.151766300201416 0.5714285714285715 1.0
0 0.01 1.0257300036406054 0.005507946014404297 15.15727424621582 0.7499999999999999 1.0
0 0.01 0.8934248930683893 0.002028942108154297 15.159303188323975 0.7499999999999999 1.0
0 0.01 0.7781853282259436 0.0024738311767578125 15.161777019500732 0.7499999999999999 1.0
0 0.01 0.6778100876351608 0.002792835235595703 15.164569854736328 0.7499999999999999 1.0
0 0.01 0.590381877216004 0.002797842025756836 15.167367696762085 0.7499999999999999 1.0
0 0.01 0.5142307075440048 0.008785009384155273 15.17615270614624 0.7272727272727272 1.0
0 0.01 0.44790199493955546 0.0039598941802978516 15.180112600326538 0.7272727272727272 1.0
0 0.01 0.39012877707943217 0.02466297149658203 15.20477557182312 0.5000000000000001 1.0
0 0.01 0.33980751241358653 0.02884197235107422 15.233617544174194 0.4 1.0
0 0.01 0.2959770011254507 0.009685993194580078 15.243303537368774 0.4 1.0
0 0.01 0.2578000249994245 0.010801076889038086 15.254104614257812 0.4 1.0
0 0.01 0.22454735549379537 0.0485532283782959 15.302657842636108 0.2857142857142857 1.0
0 0.01 0.19558382455304058 0.020318984985351562 15.32297682762146 0.2857142857142857 1.0
0 0.01 0.1703561920944177 0.04802393913269043 15.37100076675415 0.25 1.0
0 0.01 0.14838257842248037 0.020060300827026367 15.391061067581177 0.25 1.0
0 0.01 0.12924325971726744 0.05834794044494629 15.449409008026123 0.2352941176470588 1.0
0 0.01 0.1125726507783501 0.05009722709655762 15.49950623512268 0.2222222222222222 1.0
0 0.01 0.09805232188500161 0.12223196029663086 15.621738195419312 0.2222222222222222 1.0
0 0.01 0.08540491638568569 0.07712268829345703 15.698860883712769 0.21621621621621623 1.0
0 0.01 0.07438885283512764 0.028151988983154297 15.727012872695923 0.21621621621621623 1.0
0 0.01 0.06479371048308594 0.02841925621032715 15.75543212890625 0.21621621621621623 1.0
0 0.01 0.056436209971818335 0.06710505485534668 15.822537183761597 0.2105263157894737 1.0
0 0.01 0.049156712468482675 0.07259917259216309 15.89513635635376 0.20512820512820512 1.0
0 0.01 0.0428161703614703 0.03954195976257324 15.934678316116333 0.20512820512820512 1.0
0 0.01 0.03729347127511503 0.03970694541931152 15.974385261535645 0.20512820512820512 1.0
0 0.01 0.032483124670098805 0.06845426559448242 16.042839527130127 0.19999999999999998 1.0
