[216.40736058 188.4937774  164.18066384 143.00360867 124.55810333
 108.49181534  94.49785828  82.30892987  71.69220614  62.44489425
  54.39035884  47.37474809  41.26405496  35.94155748  31.30558923
  27.26759733  23.75045104  20.68696841  18.01863304  15.69447636
  13.67010404  11.906848    10.37102782   9.03330739   7.86813455
   6.85325305   5.96927734   5.19932239   4.52868107   3.94454329
   3.43575127   2.99258645   2.60658382   2.27037024   1.9775236
   1.72245016   1.5002777    1.30676244   1.138208     0.99139477
   0.86351843   0.75213639   0.65512111   0.57061946   0.49701737
   0.43290895   0.37706963   0.32843281   0.28606948   0.24917044]0 1 312.2098259152708 0.0006427764892578125 0.0006427764892578125 0.0 1.0
0 1 271.93903789811014 0.0006380081176757812 0.0012807846069335938 0.0 1.0
0 1 236.8626295349813 0.007683992385864258 0.008964776992797852 0.33333333333333337 1.0
0 1 206.31059705097118 0.006702899932861328 0.01566767692565918 0.5714285714285715 1.0
0 1 179.69935797424765 0.0041882991790771484 0.019855976104736328 0.5714285714285715 1.0
0 1 156.52060397255676 0.003818988800048828 0.023674964904785156 0.5714285714285715 1.0
0 1 136.33159152101595 0.0027828216552734375 0.026457786560058594 0.5714285714285715 1.0
0 1 118.74668494067365 0.0073299407958984375 0.03378772735595703 0.7499999999999999 1.0
0 1 103.42999026917344 0.004707813262939453 0.038495540618896484 0.7499999999999999 1.0
0 1 90.08893926113359 0.004185914993286133 0.04268145561218262 0.7499999999999999 1.0
0 1 78.46870096453189 0.0033180713653564453 0.04599952697753906 0.7499999999999999 1.0
0 1 68.34731412713553 0.0039031505584716797 0.04990267753601074 0.7499999999999999 1.0
0 1 59.53144745577994 0.005172014236450195 0.05507469177246094 0.6666666666666665 1.0
0 1 51.85270674408604 0.007722139358520508 0.06279683113098145 0.7272727272727272 1.0
0 1 45.16441833008278 0.007962226867675781 0.07075905799865723 0.7272727272727272 1.0
0 1 39.33882744370648 0.008571863174438477 0.0793309211730957 0.6153846153846154 1.0
0 1 34.26465792907022 0.0158388614654541 0.0951697826385498 0.47058823529411764 1.0
0 1 29.84498672911064 0.01818227767944336 0.11335206031799316 0.3636363636363636 1.0
0 1 25.99539253258091 0.02171015739440918 0.13506221771240234 0.3076923076923077 1.0
0 1 22.642343220204207 0.0586850643157959 0.19374728202819824 0.26666666666666666 1.0
0 1 19.721791308170232 0.07084798812866211 0.26459527015686035 0.27586206896551724 1.0
0 1 17.177950560167822 0.1283431053161621 0.39293837547302246 0.26666666666666666 1.0
0 1 14.962230399696251 0.10254788398742676 0.4954862594604492 0.24242424242424243 1.0
0 1 13.03230776858211 0.09877204895019531 0.5942583084106445 0.2222222222222222 1.0
0 1 11.351318703025308 0.09447288513183594 0.6887311935424805 0.2222222222222222 1.0
0 1 9.887154185253786 0.08718609809875488 0.7759172916412354 0.21621621621621623 1.0
0 1 8.611846820663045 0.08592104911804199 0.8618383407592773 0.20512820512820512 1.0
0 1 7.501036625197576 0.10140180587768555 0.9632401466369629 0.19999999999999998 1.0
0 1 6.53350571883761 0.0905618667602539 1.0538020133972168 0.20512820512820512 1.0
0 1 5.69077303724795 0.11050891876220703 1.1643109321594238 0.18604651162790697 1.0
0 1 4.956741320068812 0.09463381767272949 1.2589447498321533 0.1777777777777778 1.0
0 1 4.317389632878279 0.11675190925598145 1.3756966590881348 0.16666666666666666 1.0
0 1 3.7605055496069455 1.0686321258544922 2.444328784942627 0.1702127659574468 1.0
0 1 3.2754518797500736 0.2225508689880371 2.666879653930664 0.1702127659574468 1.0
0 1 2.8529634845718124 0.09539508819580078 2.762274742126465 0.16666666666666666 1.0
0 1 2.4849703012340436 0.11628198623657227 2.878556728363037 0.163265306122449 1.0
0 1 2.1644431943866964 0.17415904998779297 3.05271577835083 0.163265306122449 1.0
0 1 1.8852596907900219 0.07926177978515625 3.1319775581359863 0.163265306122449 1.0
0 1 1.6420870323301746 0.07693004608154297 3.2089076042175293 0.163265306122449 1.0
0 1 1.4302803135927475 0.07320690155029297 3.2821145057678223 0.163265306122449 1.0
0 1 1.2457937582930971 0.07138371467590332 3.3534982204437256 0.163265306122449 1.0
0 1 1.0851034398309916 0.3891868591308594 3.742685079574585 0.1568627450980392 1.0
0 1 0.945139969834425 0.3394448757171631 4.082129955291748 0.1568627450980392 1.0
0 1 0.823229868958621 0.6002712249755859 4.682401180267334 0.1568627450980392 1.0
0 1 0.7170445000483404 1.1910250186920166 5.873426198959351 0.15384615384615383 1.0
0 1 0.624555588222246 1.0199949741363525 6.893421173095703 0.1509433962264151 1.0
0 1 0.5439964782567033 0.6349291801452637 7.528350353240967 0.1509433962264151 1.0
0 1 0.4738283892360109 0.5543868541717529 8.08273720741272 0.1509433962264151 1.0
0 1 0.4127110218901976 0.5614659786224365 8.644203186035156 0.1481481481481481 1.0
0 1 0.3594769571833539 0.5458238124847412 9.190026998519897 0.1481481481481481 1.0
0 0.1 130.20161032759302 0.0006346702575683594 9.190661668777466 0.0 1.0
0 0.1 113.40738729625762 0.0006318092346191406 9.191293478012085 0.0 1.0
0 0.1 98.77938883400856 0.0006341934204101562 9.191927671432495 0.0 1.0
0 0.1 86.03820166433057 0.0006289482116699219 9.192556619644165 0.0 1.0
0 0.1 74.9404529934022 0.000640869140625 9.19319748878479 0.0 1.0
0 0.1 65.27416178184274 0.0006499290466308594 9.193847417831421 0.0 1.0
0 0.1 56.854689638682785 0.0007011890411376953 9.194548606872559 0.0 1.0
0 0.1 49.52121399451067 0.0006439685821533203 9.195192575454712 0.0 1.0
0 0.1 43.13365618693992 0.0006570816040039062 9.195849657058716 0.0 1.0
0 0.1 37.570005780944214 0.0006358623504638672 9.19648551940918 0.0 1.0
0 0.1 32.7239900151928 0.000644683837890625 9.19713020324707 0.0 1.0
0 0.1 28.503043857863506 0.0006546974182128906 9.197784900665283 0.0 1.0
0 0.1 24.826541897430772 0.007307767868041992 9.205092668533325 0.5714285714285715 1.0
0 0.1 21.624258295306348 0.0017981529235839844 9.20689082145691 0.5714285714285715 1.0
0 0.1 18.835025383479486 0.0017430782318115234 9.20863389968872 0.5714285714285715 1.0
0 0.1 16.405565284674683 0.00185394287109375 9.210487842559814 0.5714285714285715 1.0
0 0.1 14.289472237493916 0.0018091201782226562 9.212296962738037 0.5714285714285715 1.0
0 0.1 12.446326187665905 0.0018029212951660156 9.214099884033203 0.5714285714285715 1.0
0 0.1 10.840920713874212 0.0066890716552734375 9.220788955688477 0.7499999999999999 1.0
0 0.1 9.44259054057033 0.0026738643646240234 9.2234628200531 0.7499999999999999 1.0
0 0.1 8.224625792416147 0.002933025360107422 9.226395845413208 0.7499999999999999 1.0
0 0.1 7.163761801874259 0.0027551651000976562 9.229151010513306 0.7499999999999999 1.0
0 0.1 6.239734724625884 0.0030431747436523438 9.232194185256958 0.7499999999999999 1.0
0 0.1 5.43489447450858 0.012211322784423828 9.244405508041382 0.7272727272727272 1.0
0 0.1 4.733867584541418 0.005343914031982422 9.249749422073364 0.7272727272727272 1.0
0 0.1 4.123263554256632 0.005970954895019531 9.255720376968384 0.7272727272727272 1.0
0 0.1 3.591419074200402 0.02656698226928711 9.282287359237671 0.5714285714285714 1.0
0 0.1 3.128175241967003 0.06150197982788086 9.343789339065552 0.4444444444444444 1.0
0 0.1 2.7246835143108377 0.030627012252807617 9.37441635131836 0.4 1.0
0 0.1 2.373236688776134 0.05667519569396973 9.431091547012329 0.3636363636363636 1.0
0 0.1 2.0671216863796724 0.08893370628356934 9.520025253295898 0.32000000000000006 1.0
0 0.1 1.8004913233094775 0.024514198303222656 9.544539451599121 0.32000000000000006 1.0
0 0.1 1.5682526223167341 0.11663222312927246 9.661171674728394 0.2962962962962963 1.0
0 0.1 1.3659695304072161 0.07159423828125 9.732765913009644 0.27586206896551724 1.0
0 0.1 1.1897781846170337 0.051346778869628906 9.784112691879272 0.26666666666666666 1.0
0 0.1 1.036313107341863 0.09842300415039062 9.882535696029663 0.25806451612903225 1.0
0 0.1 0.9026429214570189 0.12494516372680664 10.00748085975647 0.24242424242424243 1.0
0 0.1 0.786214357305898 0.07198834419250488 10.079469203948975 0.2352941176470588 1.0
0 0.1 0.6848034820193963 0.18993520736694336 10.269404411315918 0.2285714285714286 1.0
0 0.1 0.5964732195846044 0.08167195320129395 10.351076364517212 0.2285714285714286 1.0
0 0.1 0.5195363502423698 0.10181283950805664 10.452889204025269 0.21621621621621623 1.0
0 0.1 0.4525232824553942 0.11084914207458496 10.563738346099854 0.20512820512820512 1.0
0 0.1 0.3941539818506903 0.19968914985656738 10.763427495956421 0.19999999999999998 1.0
0 0.1 0.34331352094368267 0.5915510654449463 11.354978561401367 0.19512195121951217 1.0
0 0.1 0.2990307826127625 0.1752791404724121 11.53025770187378 0.2105263157894737 1.0
0 0.1 0.2604599105337001 0.1019291877746582 11.632186889648438 0.19999999999999998 1.0
0 0.1 0.22686415225376097 0.0914759635925293 11.723662853240967 0.19999999999999998 1.0
0 0.1 0.19760178628779224 0.10146427154541016 11.825127124786377 0.19512195121951217 1.0
0 0.1 0.17211386442601356 0.16242694854736328 11.98755407333374 0.18604651162790697 1.0
0 0.1 0.14991353511608546 0.2902982234954834 12.277852296829224 0.18181818181818182 1.0
0 0.01 28.211963230963963 0.0006799697875976562 12.278532266616821 0.0 1.0
0 0.01 24.573006681497752 0.0006468296051025391 12.279179096221924 0.0 1.0
0 0.01 21.403425646968028 0.0006229877471923828 12.279802083969116 0.0 1.0
0 0.01 18.642677119777133 0.0006363391876220703 12.280438423156738 0.0 1.0
0 0.01 16.238027310431736 0.0006546974182128906 12.281093120574951 0.0 1.0
0 0.01 14.143544365449966 0.0006611347198486328 12.2817542552948 0.0 1.0
0 0.01 12.319221010851523 0.0006351470947265625 12.282389402389526 0.0 1.0
0 0.01 10.730210362611421 0.0006339550018310547 12.283023357391357 0.0 1.0
0 0.01 9.346160307090315 0.0006318092346191406 12.283655166625977 0.0 1.0
0 0.01 8.140633737265514 0.0006489753723144531 12.284304141998291 0.0 1.0
0 0.01 7.090603570541246 0.0006208419799804688 12.284924983978271 0.0 1.0
0 0.01 6.176012902339531 0.0006690025329589844 12.28559398651123 0.0 1.0
0 0.01 5.379391893848717 0.0006520748138427734 12.286246061325073 0.0 1.0
0 0.01 4.685524076001097 0.0006561279296875 12.28690218925476 0.0 1.0
0 0.01 4.081155695663349 0.0006608963012695312 12.28756308555603 0.0 1.0
0 0.01 3.554742552184356 0.0006427764892578125 12.288205862045288 0.0 1.0
0 0.01 3.09622948855821 0.0006198883056640625 12.288825750350952 0.0 1.0
0 0.01 2.6968583252045994 0.0006639957427978516 12.28948974609375 0.0 1.0
0 0.01 2.349000567658869 0.0062520503997802734 12.29574179649353 0.5714285714285715 1.0
0 0.01 2.046011692676912 0.0014190673828125 12.297160863876343 0.5714285714285715 1.0
0 0.01 1.7821042294352372 0.001405954360961914 12.298566818237305 0.5714285714285715 1.0
0 0.01 1.5522372115164986 0.0013740062713623047 12.299940824508667 0.5714285714285715 1.0
0 0.01 1.3520198880735976 0.0013689994812011719 12.301309823989868 0.5714285714285715 1.0
0 0.01 1.1776278549337647 0.0016779899597167969 12.302987813949585 0.5714285714285715 1.0
0 0.01 1.0257300036406054 0.005474090576171875 12.308461904525757 0.7499999999999999 1.0
0 0.01 0.8934248930683893 0.0022530555725097656 12.310714960098267 0.7499999999999999 1.0
0 0.01 0.7781853282259436 0.002174854278564453 12.312889814376831 0.7499999999999999 1.0
0 0.01 0.6778100876351608 0.0023651123046875 12.315254926681519 0.7499999999999999 1.0
0 0.01 0.590381877216004 0.0028076171875 12.318062543869019 0.7499999999999999 1.0
0 0.01 0.5142307075440048 0.008183002471923828 12.326245546340942 0.7272727272727272 1.0
0 0.01 0.44790199493955546 0.0034880638122558594 12.329733610153198 0.7272727272727272 1.0
0 0.01 0.39012877707943217 0.024112939834594727 12.353846549987793 0.5000000000000001 1.0
0 0.01 0.33980751241358653 0.027411937713623047 12.381258487701416 0.4 1.0
0 0.01 0.2959770011254507 0.007984161376953125 12.38924264907837 0.4 1.0
0 0.01 0.2578000249994245 0.009259939193725586 12.398502588272095 0.4 1.0
0 0.01 0.22454735549379537 0.04462695121765137 12.443129539489746 0.2857142857142857 1.0
0 0.01 0.19558382455304058 0.016396760940551758 12.459526300430298 0.2857142857142857 1.0
0 0.01 0.1703561920944177 0.04366016387939453 12.503186464309692 0.25 1.0
0 0.01 0.14838257842248037 0.016777992248535156 12.519964456558228 0.25 1.0
0 0.01 0.12924325971726744 0.0539400577545166 12.573904514312744 0.2352941176470588 1.0
0 0.01 0.1125726507783501 0.04426383972167969 12.618168354034424 0.2222222222222222 1.0
0 0.01 0.09805232188500161 0.11604619026184082 12.734214544296265 0.2222222222222222 1.0
0 0.01 0.08540491638568569 0.06789994239807129 12.802114486694336 0.21621621621621623 1.0
0 0.01 0.07438885283512764 0.02014899253845215 12.822263479232788 0.21621621621621623 1.0
0 0.01 0.06479371048308594 0.01997995376586914 12.842243432998657 0.21621621621621623 1.0
0 0.01 0.056436209971818335 0.05811715126037598 12.900360584259033 0.2105263157894737 1.0
0 0.01 0.049156712468482675 0.06250119209289551 12.962861776351929 0.20512820512820512 1.0
0 0.01 0.0428161703614703 0.030881881713867188 12.993743658065796 0.20512820512820512 1.0
0 0.01 0.03729347127511503 0.030671119689941406 13.024414777755737 0.20512820512820512 1.0
0 0.01 0.032483124670098805 0.05798006057739258 13.08239483833313 0.19999999999999998 1.0
