[216.40736058 188.4937774  164.18066384 143.00360867 124.55810333
 108.49181534  94.49785828  82.30892987  71.69220614  62.44489425
  54.39035884  47.37474809  41.26405496  35.94155748  31.30558923
  27.26759733  23.75045104  20.68696841  18.01863304  15.69447636
  13.67010404  11.906848    10.37102782   9.03330739   7.86813455
   6.85325305   5.96927734   5.19932239   4.52868107   3.94454329
   3.43575127   2.99258645   2.60658382   2.27037024   1.9775236
   1.72245016   1.5002777    1.30676244   1.138208     0.99139477
   0.86351843   0.75213639   0.65512111   0.57061946   0.49701737
   0.43290895   0.37706963   0.32843281   0.28606948   0.24917044]0 1 312.2098259152708 0.0011780261993408203 0.0011780261993408203 0.0 1.0
0 1 271.93903789811014 0.0012369155883789062 0.0024149417877197266 0.0 1.0
0 1 236.8626295349813 0.03431200981140137 0.036726951599121094 0.33333333333333337 1.0
0 1 206.31059705097118 0.027209997177124023 0.06393694877624512 0.5714285714285715 1.0
0 1 179.69935797424765 0.017852067947387695 0.08178901672363281 0.5714285714285715 1.0
0 1 156.52060397255676 0.014294147491455078 0.09608316421508789 0.5714285714285715 1.0
0 1 136.33159152101595 0.011814117431640625 0.10789728164672852 0.5714285714285715 1.0
0 1 118.74668494067365 0.02936410903930664 0.13726139068603516 0.7499999999999999 1.0
0 1 103.42999026917344 0.01793503761291504 0.1551964282989502 0.7499999999999999 1.0
0 1 90.08893926113359 0.013279914855957031 0.16847634315490723 0.7499999999999999 1.0
0 1 78.46870096453189 0.00817728042602539 0.17665362358093262 0.7499999999999999 1.0
0 1 68.34731412713553 0.009431123733520508 0.18608474731445312 0.7499999999999999 1.0
0 1 59.53144745577994 0.011795997619628906 0.19788074493408203 0.6666666666666665 1.0
0 1 51.85270674408604 0.014037847518920898 0.21191859245300293 0.7272727272727272 1.0
0 1 45.16441833008278 0.011640071868896484 0.22355866432189941 0.7272727272727272 1.0
0 1 39.33882744370648 0.011565923690795898 0.2351245880126953 0.6153846153846154 1.0
0 1 34.26465792907022 0.02649998664855957 0.2616245746612549 0.47058823529411764 1.0
0 1 29.84498672911064 0.028638124465942383 0.29026269912719727 0.3636363636363636 1.0
0 1 25.99539253258091 0.03462386131286621 0.3248865604400635 0.3076923076923077 1.0
0 1 22.642343220204207 0.10477805137634277 0.42966461181640625 0.26666666666666666 1.0
0 1 19.721791308170232 0.11472296714782715 0.5443875789642334 0.27586206896551724 1.0
0 1 17.177950560167822 0.1764829158782959 0.7208704948425293 0.26666666666666666 1.0
0 1 14.962230399696251 0.14306116104125977 0.8639316558837891 0.24242424242424243 1.0
0 1 13.03230776858211 0.1716909408569336 1.0356225967407227 0.2222222222222222 1.0
0 1 11.351318703025308 0.12349390983581543 1.159116506576538 0.2222222222222222 1.0
0 1 9.887154185253786 0.10831999778747559 1.2674365043640137 0.21621621621621623 1.0
0 1 8.611846820663045 0.10726499557495117 1.3747014999389648 0.20512820512820512 1.0
0 1 7.501036625197576 0.12652206420898438 1.5012235641479492 0.19999999999999998 1.0
0 1 6.53350571883761 0.10387587547302246 1.6050994396209717 0.20512820512820512 1.0
0 1 5.69077303724795 0.12578511238098145 1.7308845520019531 0.18604651162790697 1.0
0 1 4.956741320068812 0.10313606262207031 1.8340206146240234 0.1777777777777778 1.0
0 1 4.317389632878279 0.12725305557250977 1.9612736701965332 0.16666666666666666 1.0
0 1 3.7605055496069455 1.0984570980072021 3.0597307682037354 0.1702127659574468 1.0
0 1 3.2754518797500736 0.2510969638824463 3.3108277320861816 0.1702127659574468 1.0
0 1 2.8529634845718124 0.11480021476745605 3.4256279468536377 0.16666666666666666 1.0
0 1 2.4849703012340436 0.1334388256072998 3.5590667724609375 0.163265306122449 1.0
0 1 2.1644431943866964 0.18696117401123047 3.746027946472168 0.163265306122449 1.0
0 1 1.8852596907900219 0.08143734931945801 3.827465295791626 0.163265306122449 1.0
0 1 1.6420870323301746 0.07709383964538574 3.9045591354370117 0.163265306122449 1.0
0 1 1.4302803135927475 0.07482790946960449 3.979387044906616 0.163265306122449 1.0
0 1 1.2457937582930971 0.07060694694519043 4.049993991851807 0.163265306122449 1.0
0 1 1.0851034398309916 0.40418004989624023 4.454174041748047 0.1568627450980392 1.0
0 1 0.945139969834425 0.3460233211517334 4.80019736289978 0.1568627450980392 1.0
0 1 0.823229868958621 0.6159138679504395 5.41611123085022 0.1568627450980392 1.0
0 1 0.7170445000483404 1.1800618171691895 6.596173048019409 0.15384615384615383 1.0
0 1 0.624555588222246 0.9394710063934326 7.535644054412842 0.1509433962264151 1.0
0 1 0.5439964782567033 0.6148998737335205 8.150543928146362 0.1509433962264151 1.0
0 1 0.4738283892360109 0.5312728881835938 8.681816816329956 0.1509433962264151 1.0
0 1 0.4127110218901976 0.5322339534759521 9.214050769805908 0.1481481481481481 1.0
0 1 0.3594769571833539 0.5216431617736816 9.73569393157959 0.1481481481481481 1.0
0 0.1 130.20161032759302 0.0011687278747558594 9.736862659454346 0.0 1.0
0 0.1 113.40738729625762 0.0011768341064453125 9.738039493560791 0.0 1.0
0 0.1 98.77938883400856 0.0011529922485351562 9.739192485809326 0.0 1.0
0 0.1 86.03820166433057 0.001325845718383789 9.74051833152771 0.0 1.0
0 0.1 74.9404529934022 0.0012197494506835938 9.741738080978394 0.0 1.0
0 0.1 65.27416178184274 0.0011899471282958984 9.74292802810669 0.0 1.0
0 0.1 56.854689638682785 0.0012018680572509766 9.74412989616394 0.0 1.0
0 0.1 49.52121399451067 0.0012128353118896484 9.74534273147583 0.0 1.0
0 0.1 43.13365618693992 0.0012350082397460938 9.746577739715576 0.0 1.0
0 0.1 37.570005780944214 0.0012748241424560547 9.747852563858032 0.0 1.0
0 0.1 32.7239900151928 0.0011818408966064453 9.749034404754639 0.0 1.0
0 0.1 28.503043857863506 0.0012249946594238281 9.750259399414062 0.0 1.0
0 0.1 24.826541897430772 0.016689062118530273 9.766948461532593 0.5714285714285715 1.0
0 0.1 21.624258295306348 0.0072689056396484375 9.774217367172241 0.5714285714285715 1.0
0 0.1 18.835025383479486 0.00715327262878418 9.781370639801025 0.5714285714285715 1.0
0 0.1 16.405565284674683 0.00687718391418457 9.78824782371521 0.5714285714285715 1.0
0 0.1 14.289472237493916 0.00735020637512207 9.795598030090332 0.5714285714285715 1.0
0 0.1 12.446326187665905 0.005944967269897461 9.80154299736023 0.5714285714285715 1.0
0 0.1 10.840920713874212 0.012006998062133789 9.813549995422363 0.7499999999999999 1.0
0 0.1 9.44259054057033 0.007277965545654297 9.820827960968018 0.7499999999999999 1.0
0 0.1 8.224625792416147 0.005815029144287109 9.826642990112305 0.7499999999999999 1.0
0 0.1 7.163761801874259 0.006106138229370117 9.832749128341675 0.7499999999999999 1.0
0 0.1 6.239734724625884 0.006440877914428711 9.839190006256104 0.7499999999999999 1.0
0 0.1 5.43489447450858 0.020590782165527344 9.85978078842163 0.7272727272727272 1.0
0 0.1 4.733867584541418 0.0108489990234375 9.870629787445068 0.7272727272727272 1.0
0 0.1 4.123263554256632 0.00982213020324707 9.880451917648315 0.7272727272727272 1.0
0 0.1 3.591419074200402 0.0342259407043457 9.914677858352661 0.5714285714285714 1.0
0 0.1 3.128175241967003 0.0695490837097168 9.984226942062378 0.4444444444444444 1.0
0 0.1 2.7246835143108377 0.04108381271362305 10.025310754776001 0.4 1.0
0 0.1 2.373236688776134 0.07303690910339355 10.098347663879395 0.3636363636363636 1.0
0 0.1 2.0671216863796724 0.11898112297058105 10.217328786849976 0.32000000000000006 1.0
0 0.1 1.8004913233094775 0.03698301315307617 10.254311800003052 0.32000000000000006 1.0
0 0.1 1.5682526223167341 0.14452719688415527 10.398838996887207 0.2962962962962963 1.0
0 0.1 1.3659695304072161 0.09534096717834473 10.494179964065552 0.27586206896551724 1.0
0 0.1 1.1897781846170337 0.06961989402770996 10.563799858093262 0.26666666666666666 1.0
0 0.1 1.036313107341863 0.1341230869293213 10.697922945022583 0.25806451612903225 1.0
0 0.1 0.9026429214570189 0.13268828392028809 10.830611228942871 0.24242424242424243 1.0
0 0.1 0.786214357305898 0.08823418617248535 10.918845415115356 0.2352941176470588 1.0
0 0.1 0.6848034820193963 0.27320027351379395 11.19204568862915 0.2285714285714286 1.0
0 0.1 0.5964732195846044 0.10675787925720215 11.298803567886353 0.2285714285714286 1.0
0 0.1 0.5195363502423698 0.12793707847595215 11.426740646362305 0.21621621621621623 1.0
0 0.1 0.4525232824553942 0.13446879386901855 11.561209440231323 0.20512820512820512 1.0
0 0.1 0.3941539818506903 0.24135661125183105 11.802566051483154 0.19999999999999998 1.0
0 0.1 0.34331352094368267 0.6413350105285645 12.443901062011719 0.19512195121951217 1.0
0 0.1 0.2990307826127625 0.17747998237609863 12.621381044387817 0.2105263157894737 1.0
0 0.1 0.2604599105337001 0.10788297653198242 12.7292640209198 0.19999999999999998 1.0
0 0.1 0.22686415225376097 0.0965261459350586 12.825790166854858 0.19999999999999998 1.0
0 0.1 0.19760178628779224 0.10581302642822266 12.931603193283081 0.19512195121951217 1.0
0 0.1 0.17211386442601356 0.16849493980407715 13.100098133087158 0.18604651162790697 1.0
0 0.1 0.14991353511608546 0.3337879180908203 13.433886051177979 0.18181818181818182 1.0
0 0.01 28.211963230963963 0.0028231143951416016 13.43670916557312 0.0 1.0
0 0.01 24.573006681497752 0.0015940666198730469 13.438303232192993 0.0 1.0
0 0.01 21.403425646968028 0.0024509429931640625 13.440754175186157 0.0 1.0
0 0.01 18.642677119777133 0.0013518333435058594 13.442106008529663 0.0 1.0
0 0.01 16.238027310431736 0.002007007598876953 13.44411301612854 0.0 1.0
0 0.01 14.143544365449966 0.001967906951904297 13.446080923080444 0.0 1.0
0 0.01 12.319221010851523 0.0014748573303222656 13.447555780410767 0.0 1.0
0 0.01 10.730210362611421 0.0025429725646972656 13.450098752975464 0.0 1.0
0 0.01 9.346160307090315 0.0013251304626464844 13.45142388343811 0.0 1.0
0 0.01 8.140633737265514 0.0014700889587402344 13.45289397239685 0.0 1.0
0 0.01 7.090603570541246 0.0015418529510498047 13.4544358253479 0.0 1.0
0 0.01 6.176012902339531 0.0013298988342285156 13.455765724182129 0.0 1.0
0 0.01 5.379391893848717 0.0013480186462402344 13.45711374282837 0.0 1.0
0 0.01 4.685524076001097 0.0015368461608886719 13.458650588989258 0.0 1.0
0 0.01 4.081155695663349 0.0013623237609863281 13.460012912750244 0.0 1.0
0 0.01 3.554742552184356 0.0012438297271728516 13.461256742477417 0.0 1.0
0 0.01 3.09622948855821 0.0014081001281738281 13.46266484260559 0.0 1.0
0 0.01 2.6968583252045994 0.0012428760528564453 13.463907718658447 0.0 1.0
0 0.01 2.349000567658869 0.011272192001342773 13.47517991065979 0.5714285714285715 1.0
0 0.01 2.046011692676912 0.005387067794799805 13.48056697845459 0.5714285714285715 1.0
0 0.01 1.7821042294352372 0.005039215087890625 13.48560619354248 0.5714285714285715 1.0
0 0.01 1.5522372115164986 0.0059549808502197266 13.4915611743927 0.5714285714285715 1.0
0 0.01 1.3520198880735976 0.0054171085357666016 13.496978282928467 0.5714285714285715 1.0
0 0.01 1.1776278549337647 0.005084991455078125 13.502063274383545 0.5714285714285715 1.0
0 0.01 1.0257300036406054 0.010489225387573242 13.512552499771118 0.7499999999999999 1.0
0 0.01 0.8934248930683893 0.00484013557434082 13.517392635345459 0.7499999999999999 1.0
0 0.01 0.7781853282259436 0.005210161209106445 13.522602796554565 0.7499999999999999 1.0
0 0.01 0.6778100876351608 0.004846096038818359 13.527448892593384 0.7499999999999999 1.0
0 0.01 0.590381877216004 0.0052280426025390625 13.532676935195923 0.7499999999999999 1.0
0 0.01 0.5142307075440048 0.012199878692626953 13.54487681388855 0.7272727272727272 1.0
0 0.01 0.44790199493955546 0.006133079528808594 13.551009893417358 0.7272727272727272 1.0
0 0.01 0.39012877707943217 0.025316238403320312 13.576326131820679 0.5000000000000001 1.0
0 0.01 0.33980751241358653 0.03620123863220215 13.61252737045288 0.4 1.0
0 0.01 0.2959770011254507 0.013826847076416016 13.626354217529297 0.4 1.0
0 0.01 0.2578000249994245 0.01477813720703125 13.641132354736328 0.4 1.0
0 0.01 0.22454735549379537 0.0533750057220459 13.694507360458374 0.2857142857142857 1.0
0 0.01 0.19558382455304058 0.027161121368408203 13.721668481826782 0.2857142857142857 1.0
0 0.01 0.1703561920944177 0.053871870040893555 13.775540351867676 0.25 1.0
0 0.01 0.14838257842248037 0.025010108947753906 13.80055046081543 0.25 1.0
0 0.01 0.12924325971726744 0.06171393394470215 13.862264394760132 0.2352941176470588 1.0
0 0.01 0.1125726507783501 0.052195072174072266 13.914459466934204 0.2222222222222222 1.0
0 0.01 0.09805232188500161 0.12000203132629395 14.034461498260498 0.2222222222222222 1.0
0 0.01 0.08540491638568569 0.08588290214538574 14.120344400405884 0.21621621621621623 1.0
0 0.01 0.07438885283512764 0.03222012519836426 14.152564525604248 0.21621621621621623 1.0
0 0.01 0.06479371048308594 0.030611038208007812 14.183175563812256 0.21621621621621623 1.0
0 0.01 0.056436209971818335 0.06730198860168457 14.25047755241394 0.2105263157894737 1.0
0 0.01 0.049156712468482675 0.06986713409423828 14.320344686508179 0.20512820512820512 1.0
0 0.01 0.0428161703614703 0.03652524948120117 14.35686993598938 0.20512820512820512 1.0
0 0.01 0.03729347127511503 0.03562426567077637 14.392494201660156 0.20512820512820512 1.0
0 0.01 0.032483124670098805 0.060365915298461914 14.452860116958618 0.19999999999999998 1.0
