[216.40736058 188.4937774  164.18066384 143.00360867 124.55810333
 108.49181534  94.49785828  82.30892987  71.69220614  62.44489425
  54.39035884  47.37474809  41.26405496  35.94155748  31.30558923
  27.26759733  23.75045104  20.68696841  18.01863304  15.69447636
  13.67010404  11.906848    10.37102782   9.03330739   7.86813455
   6.85325305   5.96927734   5.19932239   4.52868107   3.94454329
   3.43575127   2.99258645   2.60658382   2.27037024   1.9775236
   1.72245016   1.5002777    1.30676244   1.138208     0.99139477
   0.86351843   0.75213639   0.65512111   0.57061946   0.49701737
   0.43290895   0.37706963   0.32843281   0.28606948   0.24917044]i=0 1 312.2098259152708 0.0007460117340087891 0.0007460117340087891 0.0 1.0 489.12615980133575 0.0 cost = 489.12615980133575, cost1=489.12615980133575

i=0 1 271.93903789811014 0.0006678104400634766 0.0014138221740722656 0.0 1.0 489.12615980133575 0.0 cost = 489.12615980133575, cost1=489.12615980133575

i=0 1 236.8626295349813 0.006139993667602539 0.007553815841674805 0.33333333333333337 1.0 445.3106398099937 0.33333333333333337 cost = 487.6937160160214, cost1=487.6937160160214

i=0 1 206.31059705097118 0.008611679077148438 0.016165494918823242 0.5714285714285715 1.0 233.180549060541 0.5714285714285715 cost = 458.4211611874206, cost1=458.4211611874206

i=0 1 179.69935797424765 0.0038030147552490234 0.019968509674072266 0.5714285714285715 1.0 200.45664599668532 0.5714285714285715 cost = 426.9856343174921, cost1=426.9856343174921

i=0 1 156.52060397255676 0.003194093704223633 0.0231626033782959 0.5714285714285715 1.0 181.7631603378384 0.5714285714285715 cost = 396.4350984019595, cost1=396.4350984019595

i=0 1 136.33159152101595 0.002894163131713867 0.026056766510009766 0.5714285714285715 1.0 169.90210142749905 0.5714285714285715 cost = 367.90903620953236, cost1=367.90903620953236

i=0 1 118.74668494067365 0.008880138397216797 0.03493690490722656 0.7499999999999999 1.0 141.23987293877678 0.7499999999999999 cost = 340.6651434412289, cost1=340.6651434412289

i=0 1 103.42999026917344 0.00561213493347168 0.04054903984069824 0.7499999999999999 1.0 125.7664894241297 0.7499999999999999 cost = 313.81350152243283, cost1=313.81350152243283

i=0 1 90.08893926113359 0.004518747329711914 0.045067787170410156 0.7499999999999999 1.0 116.74942276284095 0.7499999999999999 cost = 288.9193068913326, cost1=288.9193068913326

i=0 1 78.46870096453189 0.004790067672729492 0.04985785484313965 0.7499999999999999 1.0 110.82050658658031 0.7499999999999999 cost = 266.2958361565259, cost1=266.2958361565259

i=0 1 68.34731412713553 0.004553079605102539 0.05441093444824219 0.7499999999999999 1.0 106.73603343226456 0.7499999999999999 cost = 245.95652431832946, cost1=245.95652431832946

i=0 1 59.53144745577994 0.005034923553466797 0.059445858001708984 0.6666666666666665 1.0 103.0603530790197 0.6666666666666665 cost = 227.77831593388424, cost1=227.77831593388424

i=0 1 51.85270674408604 0.00929713249206543 0.06874299049377441 0.7272727272727272 1.0 95.35835476147068 0.7272727272727272 cost = 211.21327300011916, cost1=211.21327300011916

i=0 1 45.16441833008278 0.01135706901550293 0.08010005950927734 0.7272727272727272 1.0 87.72712233246706 0.7272727272727272 cost = 195.7320919363305, cost1=195.7320919363305

i=0 1 39.33882744370648 0.011443853378295898 0.09154391288757324 0.6153846153846154 1.0 82.25878178846227 0.6153846153846154 cost = 181.43338325212198, cost1=181.43338325212198

i=0 1 34.26465792907022 0.017361879348754883 0.10890579223632812 0.47058823529411764 1.0 76.90637457797726 0.47058823529411764 cost = 168.30015919612862, cost1=168.30015919612862

i=0 1 29.84498672911064 0.025216102600097656 0.13412189483642578 0.3636363636363636 1.0 66.9552260244754 0.3636363636363636 cost = 155.85296186130648, cost1=155.85296186130648

i=0 1 25.99539253258091 0.03178095817565918 0.16590285301208496 0.3076923076923077 1.0 57.858722117751945 0.3076923076923077 cost = 143.79201614959376, cost1=143.79201614959376

i=0 1 22.642343220204207 0.09382414817810059 0.25972700119018555 0.26666666666666666 1.0 48.22615895993643 0.26666666666666666 cost = 132.12283990650155, cost1=132.12283990650155

i=0 1 19.721791308170232 0.10644936561584473 0.3661763668060303 0.27586206896551724 1.0 39.46794101316232 0.27586206896551724 cost = 120.67758157766556, cost1=120.67758157766556

i=0 1 17.177950560167822 0.2503318786621094 0.6165082454681396 0.26666666666666666 1.0 32.30427965943629 0.26666666666666666 cost = 109.71034814004487, cost1=109.71034814004487

i=0 1 14.962230399696251 0.17672300338745117 0.7932312488555908 0.24242424242424243 1.0 25.591904468114766 0.24242424242424243 cost = 99.27085919566683, cost1=99.27085919566683

i=0 1 13.03230776858211 0.18178486824035645 0.9750161170959473 0.2222222222222222 1.0 20.313484630398595 0.2222222222222222 cost = 89.42032344245268, cost1=89.42032344245268

i=0 1 11.351318703025308 0.1612989902496338 1.136315107345581 0.2222222222222222 1.0 16.0927662298885 0.2222222222222222 cost = 80.2155358902421, cost1=80.2155358902421

i=0 1 9.887154185253786 0.13045930862426758 1.2667744159698486 0.21621621621621623 1.0 12.751678525029794 0.21621621621621623 cost = 71.7180226015249, cost1=71.7180226015249

i=0 1 8.611846820663045 0.12872982025146484 1.3955042362213135 0.20512820512820512 1.0 10.225350895690978 0.20512820512820512 cost = 63.936946975421975, cost1=63.936946975421975

i=0 1 7.501036625197576 0.14641618728637695 1.5419204235076904 0.19999999999999998 1.0 8.026964063655376 0.19999999999999998 cost = 56.86650777485238, cost1=56.86650777485238

i=0 1 6.53350571883761 0.12728023529052734 1.6692006587982178 0.20512820512820512 1.0 6.258874853889688 0.20512820512820512 cost = 50.443847209318285, cost1=50.443847209318285

i=0 1 5.69077303724795 0.1701357364654541 1.8393363952636719 0.18604651162790697 1.0 4.88743646310201 0.18604651162790697 cost = 44.65179108616759, cost1=44.65179108616759

i=0 1 4.956741320068812 0.1294541358947754 1.9687905311584473 0.1777777777777778 1.0 3.79557542389342 0.1777777777777778 cost = 39.44797704050029, cost1=39.44797704050029

i=0 1 4.317389632878279 0.1769270896911621 2.1457176208496094 0.1702127659574468 1.0 2.934553019863995 0.1702127659574468 cost = 34.790349885751056, cost1=34.790349885751056

i=0 1 3.7605055496069455 1.7185430526733398 3.864260673522949 0.1702127659574468 1.0 2.0720109435395773 0.1702127659574468 cost = 30.623379277388278, cost1=30.623379277388278

i=0 1 3.2754518797500736 0.3539860248565674 4.218246698379517 0.1702127659574468 1.0 1.5785383116821947 0.1702127659574468 cost = 26.906205123225426, cost1=26.906205123225426

i=0 1 2.8529634845718124 0.1354818344116211 4.353728532791138 0.16666666666666666 1.0 1.215836615523929 0.16666666666666666 cost = 23.61432212981293, cost1=23.61432212981293

i=0 1 2.4849703012340436 0.14391303062438965 4.497641563415527 0.163265306122449 1.0 0.935711624651402 0.163265306122449 cost = 20.706139544951427, cost1=20.706139544951427

i=0 1 2.1644431943866964 0.24332904815673828 4.740970611572266 0.163265306122449 1.0 0.7131313238657535 0.163265306122449 cost = 18.1407131926762, cost1=18.1407131926762

i=0 1 1.8852596907900219 0.10053205490112305 4.841502666473389 0.163265306122449 1.0 0.5482190319014207 0.163265306122449 cost = 15.881385629219581, cost1=15.881385629219581

i=0 1 1.6420870323301746 0.1004190444946289 4.941921710968018 0.163265306122449 1.0 0.42423209468582845 0.163265306122449 cost = 13.895033222309117, cost1=13.895033222309117

i=0 1 1.4302803135927475 0.09947395324707031 5.041395664215088 0.163265306122449 1.0 0.3310614478111148 0.163265306122449 cost = 12.151040307132675, cost1=12.151040307132675

i=0 1 1.2457937582930971 0.10359025001525879 5.144985914230347 0.163265306122449 1.0 0.260943765438295 0.163265306122449 cost = 10.621578896075464, cost1=10.621578896075464

i=0 1 1.0851034398309916 0.24292922019958496 5.387915134429932 0.1568627450980392 1.0 0.20214339207782323 0.1568627450980392 cost = 9.281155660664835, cost1=9.281155660664835

i=0 1 0.945139969834425 0.23525667190551758 5.623171806335449 0.1568627450980392 1.0 0.15800315701296064 0.1568627450980392 cost = 8.107022736303273, cost1=8.107022736303273

i=0 1 0.823229868958621 0.3855397701263428 6.008711576461792 0.1568627450980392 1.0 0.12172817524886222 0.1568627450980392 cost = 7.0792515820765844, cost1=7.0792515820765844

i=0 1 0.7170445000483404 0.6885178089141846 6.697229385375977 0.15384615384615383 1.0 0.09196904820962037 0.15384615384615383 cost = 6.179764642195962, cost1=6.179764642195962

i=0 1 0.624555588222246 0.4593973159790039 7.1566267013549805 0.1509433962264151 1.0 0.06907741409879803 0.1509433962264151 cost = 5.3929240274225, cost1=5.3929240274225

i=0 1 0.5439964782567033 0.32709288597106934 7.48371958732605 0.1509433962264151 1.0 0.05173697535304866 0.1509433962264151 cost = 4.7049870203596695, cost1=4.7049870203596695

i=0 1 0.4738283892360109 0.252612829208374 7.736332416534424 0.1509433962264151 1.0 0.039039098387417474 0.1509433962264151 cost = 4.1038861963509685, cost1=4.1038861963509685

i=0 1 0.4127110218901976 0.2319328784942627 7.9682652950286865 0.1481481481481481 1.0 0.029514665475531082 0.1481481481481481 cost = 3.5789075913711303, cost1=3.5789075913711303

i=0 1 0.3594769571833539 0.23049092292785645 8.198756217956543 0.1481481481481481 1.0 0.02216619658925169 0.1481481481481481 cost = 3.120564962178096, cost1=3.120564962178096

i=0 0.1 130.20161032759302 0.0006573200225830078 8.199413537979126 0.0 1.0 489.12615980133575 0.0 cost = 489.12615980133575, cost1=489.12615980133575

i=0 0.1 113.40738729625762 0.0006368160247802734 8.200050354003906 0.0 1.0 489.12615980133575 0.0 cost = 489.12615980133575, cost1=489.12615980133575

i=0 0.1 98.77938883400856 0.0006196498870849609 8.200670003890991 0.0 1.0 489.12615980133575 0.0 cost = 489.12615980133575, cost1=489.12615980133575

i=0 0.1 86.03820166433057 0.0006258487701416016 8.201295852661133 0.0 1.0 489.12615980133575 0.0 cost = 489.12615980133575, cost1=489.12615980133575

i=0 0.1 74.9404529934022 0.0006690025329589844 8.201964855194092 0.0 1.0 489.12615980133575 0.0 cost = 489.12615980133575, cost1=489.12615980133575

i=0 0.1 65.27416178184274 0.0006489753723144531 8.202613830566406 0.0 1.0 489.12615980133575 0.0 cost = 489.12615980133575, cost1=489.12615980133575

i=0 0.1 56.854689638682785 0.00063323974609375 8.2032470703125 0.0 1.0 489.12615980133575 0.0 cost = 489.12615980133575, cost1=489.12615980133575

i=0 0.1 49.52121399451067 0.0006451606750488281 8.203892230987549 0.0 1.0 489.12615980133575 0.0 cost = 489.12615980133575, cost1=489.12615980133575

i=0 0.1 43.13365618693992 0.0007412433624267578 8.204633474349976 0.0 1.0 489.12615980133575 0.0 cost = 489.12615980133575, cost1=489.12615980133575

i=0 0.1 37.570005780944214 0.0006618499755859375 8.205295324325562 0.0 1.0 489.12615980133575 0.0 cost = 489.12615980133575, cost1=489.12615980133575

i=0 0.1 32.7239900151928 0.0006232261657714844 8.205918550491333 0.0 1.0 489.12615980133575 0.0 cost = 489.12615980133575, cost1=489.12615980133575

i=0 0.1 28.503043857863506 0.0006530284881591797 8.206571578979492 0.0 1.0 489.12615980133575 0.0 cost = 489.12615980133575, cost1=489.12615980133575

i=0 0.1 24.826541897430772 0.009214401245117188 8.21578598022461 0.5714285714285715 1.0 144.0902399016322 0.5714285714285715 cost = 277.7214244939695, cost1=277.7214244939695

i=0 0.1 21.624258295306348 0.001561880111694336 8.217347860336304 0.5714285714285715 1.0 143.63045313558223 0.5714285714285715 cost = 260.45297124336184, cost1=260.45297124336184

i=0 0.1 18.835025383479486 0.0015981197357177734 8.218945980072021 0.5714285714285715 1.0 143.29142018817186 0.5714285714285715 cost = 245.36099073299204, cost1=245.36099073299204

i=0 0.1 16.405565284674683 0.0016739368438720703 8.220619916915894 0.5714285714285715 1.0 143.04037148985162 0.5714285714285715 cost = 232.1780440228597, cost1=232.1780440228597

i=0 0.1 14.289472237493916 0.0015540122985839844 8.222173929214478 0.5714285714285715 1.0 142.85377215365602 0.5714285714285715 cost = 220.6676020802263, cost1=220.6676020802263

i=0 0.1 12.446326187665905 0.001680135726928711 8.223854064941406 0.5714285714285715 1.0 142.71465450543175 0.5714285714285715 cost = 210.62106890226707, cost1=210.62106890226707

i=0 0.1 10.840920713874212 0.00754094123840332 8.23139500617981 0.7499999999999999 1.0 96.78175245070473 0.7499999999999999 cost = 177.65526072527547, cost1=177.65526072527547

i=0 0.1 9.44259054057033 0.0022096633911132812 8.233604669570923 0.7499999999999999 1.0 96.57446485273958 0.7499999999999999 cost = 167.2093224239896, cost1=167.2093224239896

i=0 0.1 8.224625792416147 0.002210855484008789 8.235815525054932 0.7499999999999999 1.0 96.42185273015112 0.7499999999999999 cost = 158.087825980895, cost1=158.087825980895

i=0 0.1 7.163761801874259 0.0025987625122070312 8.238414287567139 0.7499999999999999 1.0 96.30884014323587 0.7499999999999999 cost = 150.12593909604323, cost1=150.12593909604323

i=0 0.1 6.239734724625884 0.002704143524169922 8.241118431091309 0.7499999999999999 1.0 96.2248489809096 0.7499999999999999 cost = 143.17846224981045, cost1=143.17846224981045

i=0 0.1 5.43489447450858 0.026253938674926758 8.267372369766235 0.7272727272727272 1.0 72.14539192768802 0.7272727272727272 cost = 131.8356987978568, cost1=131.8356987978568

i=0 0.1 4.733867584541418 0.006150960922241211 8.273523330688477 0.7272727272727272 1.0 71.34709630167661 0.7272727272727272 cost = 124.07987953213183, cost1=124.07987953213183

i=0 0.1 4.123263554256632 0.006846189498901367 8.280369520187378 0.7272727272727272 1.0 70.82675584059596 0.7272727272727272 cost = 117.2414890955493, cost1=117.2414890955493

i=0 0.1 3.591419074200402 0.05502891540527344 8.335398435592651 0.5714285714285714 1.0 53.99852793821441 0.5714285714285714 cost = 108.29429084659395, cost1=108.29429084659395

i=0 0.1 3.128175241967003 0.14293789863586426 8.478336334228516 0.4444444444444444 1.0 38.306922211451855 0.4444444444444444 cost = 99.25403137201941, cost1=99.25403137201941

i=0 0.1 2.7246835143108377 0.04862689971923828 8.526963233947754 0.4210526315789473 1.0 33.140220038407534 0.4210526315789473 cost = 90.27089743240927, cost1=90.27089743240927

i=0 0.1 2.373236688776134 0.0850830078125 8.612046241760254 0.38095238095238093 1.0 23.76442923664776 0.38095238095238093 cost = 80.37573632347355, cost1=80.37573632347355

i=0 0.1 2.0671216863796724 0.23505806922912598 8.84710431098938 0.3333333333333333 1.0 20.54092454398585 0.3333333333333333 cost = 72.89707110285414, cost1=72.89707110285414

i=0 0.1 1.8004913233094775 0.473315954208374 9.320420265197754 0.32000000000000006 1.0 15.07312395509785 0.32000000000000006 cost = 64.65942412241105, cost1=64.65942412241105

i=0 0.1 1.5682526223167341 0.5477890968322754 9.86820936203003 0.2857142857142857 1.0 10.543085567450179 0.2857142857142857 cost = 57.80884590852277, cost1=57.80884590852277

i=0 0.1 1.3659695304072161 0.42621803283691406 10.294427394866943 0.27586206896551724 1.0 8.016523318474524 0.27586206896551724 cost = 51.24014746256053, cost1=51.24014746256053

i=0 0.1 1.1897781846170337 0.2608790397644043 10.555306434631348 0.25806451612903225 1.0 6.0475477004815845 0.25806451612903225 cost = 45.52496583557472, cost1=45.52496583557472

i=0 0.1 1.036313107341863 0.07738709449768066 10.632693529129028 0.25806451612903225 1.0 5.17732056210479 0.25806451612903225 cost = 40.36959139848097, cost1=40.36959139848097

i=0 0.1 0.9026429214570189 0.1705770492553711 10.8032705783844 0.24242424242424243 1.0 4.026205884505056 0.24242424242424243 cost = 35.73550763500602, cost1=35.73550763500602

i=0 0.1 0.786214357305898 0.19991803169250488 11.003188610076904 0.2352941176470588 1.0 3.0479740343092905 0.2352941176470588 cost = 31.518926013974397, cost1=31.518926013974397

i=0 0.1 0.6848034820193963 0.062075138092041016 11.065263748168945 0.2352941176470588 1.0 2.701529982790231 0.2352941176470588 cost = 27.82224299193968, cost1=27.82224299193968

i=0 0.1 0.5964732195846044 0.6568121910095215 11.722075939178467 0.2285714285714286 1.0 2.148471473392803 0.2285714285714286 cost = 24.511861390523876, cost1=24.511861390523876

i=0 0.1 0.5195363502423698 0.6611840724945068 12.383260011672974 0.2222222222222222 1.0 1.8243283127219645 0.2222222222222222 cost = 21.60796175642951, cost1=21.60796175642951

i=0 0.1 0.4525232824553942 2.745068073272705 15.128328084945679 0.19999999999999998 1.0 0.9493103228396057 0.19999999999999998 cost = 18.690623666620237, cost1=18.690623666620237

i=0 0.1 0.3941539818506903 0.4101681709289551 15.538496255874634 0.19999999999999998 1.0 0.7915923661402854 0.19999999999999998 cost = 16.390817326082946, cost1=16.390817326082946

i=0 0.1 0.34331352094368267 1.1942169666290283 16.732713222503662 0.19512195121951217 1.0 0.6655105850695149 0.19512195121951217 cost = 14.370589587262351, cost1=14.370589587262351

i=0 0.1 0.2990307826127625 1.0187981128692627 17.751511335372925 0.19047619047619047 1.0 0.47578186381414445 0.19047619047619047 cost = 12.547768315979273, cost1=12.547768315979273

i=0 0.1 0.2604599105337001 0.86379075050354 18.615302085876465 0.18604651162790697 1.0 0.33091346814838407 0.18604651162790697 cost = 10.977213067731137, cost1=10.977213067731137

i=0 0.1 0.22686415225376097 0.25544285774230957 18.870744943618774 0.18181818181818182 1.0 0.26524451321770154 0.18181818181818182 cost = 9.599387886967568, cost1=9.599387886967568

i=0 0.1 0.19760178628779224 0.1347639560699463 19.00550889968872 0.18181818181818182 1.0 0.21903656528269527 0.18181818181818182 cost = 8.392191553287251, cost1=8.392191553287251

i=0 0.1 0.17211386442601356 0.11697626113891602 19.122485160827637 0.18181818181818182 1.0 0.18567279825547373 0.18181818181818182 cost = 7.335647184184623, cost1=7.335647184184623

i=0 0.1 0.14991353511608546 1.7175488471984863 20.840034008026123 0.1739130434782609 1.0 0.14352504947668995 0.1739130434782609 cost = 6.410949995668794, cost1=6.410949995668794

i=0 0.01 28.211963230963963 0.0006830692291259766 20.84071707725525 0.0 1.0 489.12615980133575 0.0 cost = 489.12615980133575, cost1=489.12615980133575

i=0 0.01 24.573006681497752 0.0006399154663085938 20.841356992721558 0.0 1.0 489.12615980133575 0.0 cost = 489.12615980133575, cost1=489.12615980133575

i=0 0.01 21.403425646968028 0.0006330013275146484 20.841989994049072 0.0 1.0 489.12615980133575 0.0 cost = 489.12615980133575, cost1=489.12615980133575

i=0 0.01 18.642677119777133 0.0006339550018310547 20.842623949050903 0.0 1.0 489.12615980133575 0.0 cost = 489.12615980133575, cost1=489.12615980133575

i=0 0.01 16.238027310431736 0.0006546974182128906 20.843278646469116 0.0 1.0 489.12615980133575 0.0 cost = 489.12615980133575, cost1=489.12615980133575

i=0 0.01 14.143544365449966 0.0006449222564697266 20.843923568725586 0.0 1.0 489.12615980133575 0.0 cost = 489.12615980133575, cost1=489.12615980133575

i=0 0.01 12.319221010851523 0.0007178783416748047 20.84464144706726 0.0 1.0 489.12615980133575 0.0 cost = 489.12615980133575, cost1=489.12615980133575

i=0 0.01 10.730210362611421 0.0006330013275146484 20.845274448394775 0.0 1.0 489.12615980133575 0.0 cost = 489.12615980133575, cost1=489.12615980133575

i=0 0.01 9.346160307090315 0.0006797313690185547 20.845954179763794 0.0 1.0 489.12615980133575 0.0 cost = 489.12615980133575, cost1=489.12615980133575

i=0 0.01 8.140633737265514 0.0006787776947021484 20.846632957458496 0.0 1.0 489.12615980133575 0.0 cost = 489.12615980133575, cost1=489.12615980133575

i=0 0.01 7.090603570541246 0.0006301403045654297 20.84726309776306 0.0 1.0 489.12615980133575 0.0 cost = 489.12615980133575, cost1=489.12615980133575

i=0 0.01 6.176012902339531 0.0006601810455322266 20.847923278808594 0.0 1.0 489.12615980133575 0.0 cost = 489.12615980133575, cost1=489.12615980133575

i=0 0.01 5.379391893848717 0.0007431507110595703 20.848666429519653 0.0 1.0 489.12615980133575 0.0 cost = 489.12615980133575, cost1=489.12615980133575

i=0 0.01 4.685524076001097 0.000759124755859375 20.849425554275513 0.0 1.0 489.12615980133575 0.0 cost = 489.12615980133575, cost1=489.12615980133575

i=0 0.01 4.081155695663349 0.0006649494171142578 20.850090503692627 0.0 1.0 489.12615980133575 0.0 cost = 489.12615980133575, cost1=489.12615980133575

i=0 0.01 3.554742552184356 0.0006690025329589844 20.850759506225586 0.0 1.0 489.12615980133575 0.0 cost = 489.12615980133575, cost1=489.12615980133575

i=0 0.01 3.09622948855821 0.0006830692291259766 20.851442575454712 0.0 1.0 489.12615980133575 0.0 cost = 489.12615980133575, cost1=489.12615980133575

i=0 0.01 2.6968583252045994 0.0006418228149414062 20.852084398269653 0.0 1.0 489.12615980133575 0.0 cost = 489.12615980133575, cost1=489.12615980133575

i=0 0.01 2.349000567658869 0.01581287384033203 20.867897272109985 0.5714285714285715 1.0 142.31146084819693 0.5714285714285715 cost = 165.79152937663196, cost1=165.79152937663196

i=0 0.01 2.046011692676912 0.0010569095611572266 20.868954181671143 0.5714285714285715 1.0 142.30758685362275 0.5714285714285715 cost = 162.76265486075943, cost1=162.76265486075943

i=0 0.01 1.7821042294352372 0.0011680126190185547 20.87012219429016 0.5714285714285715 1.0 142.30465868931321 0.5714285714285715 cost = 160.12402949609043, cost1=160.12402949609043

i=0 0.01 1.5522372115164986 0.0008718967437744141 20.870994091033936 0.5714285714285715 1.0 142.30245118989686 0.5714285714285715 cost = 157.82542203202132, cost1=157.82542203202132

i=0 0.01 1.3520198880735976 0.0008599758148193359 20.871854066848755 0.5714285714285715 1.0 142.3007695352209 0.5714285714285715 cost = 155.82305461936625, cost1=155.82305461936625

i=0 0.01 1.1776278549337647 0.0008482933044433594 20.8727023601532 0.5714285714285715 1.0 142.2994960756821 0.5714285714285715 cost = 154.07877673113805, cost1=154.07877673113805

i=0 0.01 1.0257300036406054 0.005290985107421875 20.87799334526062 0.7499999999999999 1.0 95.98094335556941 0.7499999999999999 cost = 110.61502901685846, cost1=110.61502901685846

i=0 0.01 0.8934248930683893 0.001074075698852539 20.879067420959473 0.7499999999999999 1.0 95.97908424063607 0.7499999999999999 cost = 108.72730432652696, cost1=108.72730432652696

i=0 0.01 0.7781853282259436 0.0010859966278076172 20.88015341758728 0.7499999999999999 1.0 95.97767746469378 0.7499999999999999 cost = 107.08286165368486, cost1=107.08286165368486

i=0 0.01 0.6778100876351608 0.0008661746978759766 20.881019592285156 0.7499999999999999 1.0 95.97661717144891 0.7499999999999999 cost = 105.65037167847585, cost1=105.65037167847585

i=0 0.01 0.590381877216004 0.0009632110595703125 20.881982803344727 0.7499999999999999 1.0 95.97580933366034 0.7499999999999999 cost = 104.40253375428652, cost1=104.40253375428652

i=0 0.01 0.5142307075440048 0.013705968856811523 20.895688772201538 0.7272727272727272 1.0 69.59090763083795 0.7272727272727272 cost = 82.22434588660391, cost1=82.22434588660391

i=0 0.01 0.44790199493955546 0.0026290416717529297 20.89831781387329 0.7272727272727272 1.0 69.58497056078063 0.7272727272727272 cost = 80.59439469042431, cost1=80.59439469042431

i=0 0.01 0.39012877707943217 0.043982744216918945 20.94230055809021 0.5000000000000001 1.0 43.45602311792852 0.5000000000000001 cost = 59.90272283669894, cost1=59.90272283669894

i=0 0.01 0.33980751241358653 0.046601057052612305 20.988901615142822 0.4 1.0 24.92184922266077 0.4 cost = 43.811902474524004, cost1=43.811902474524004

i=0 0.01 0.2959770011254507 0.007985830307006836 20.99688744544983 0.4 1.0 24.900643440667054 0.4 cost = 41.373875237785136, cost1=41.373875237785136

i=0 0.01 0.2578000249994245 0.008143186569213867 21.005030632019043 0.4 1.0 24.885020486130962 0.4 cost = 39.24797214103523, cost1=39.24797214103523

i=0 0.01 0.22454735549379537 0.0664358139038086 21.07146644592285 0.3076923076923077 1.0 11.553317809724076 0.3076923076923077 cost = 28.398194223882435, cost1=28.398194223882435

i=0 0.01 0.19558382455304058 0.011741876602172852 21.083208322525024 0.3076923076923077 1.0 11.532442178237117 0.3076923076923077 cost = 26.22399068210224, cost1=26.22399068210224

i=0 0.01 0.1703561920944177 0.18441081047058105 21.267619132995605 0.26666666666666666 1.0 4.302554603701847 0.26666666666666666 cost = 19.462832845534937, cost1=19.462832845534937

i=0 0.01 0.14838257842248037 0.06239795684814453 21.33001708984375 0.25806451612903225 1.0 3.317307364800888 0.25806451612903225 cost = 16.86153862755188, cost1=16.86153862755188

i=0 0.01 0.12924325971726744 0.01724076271057129 21.34725785255432 0.25806451612903225 1.0 3.3008920328461118 0.25806451612903225 cost = 15.113382211648325, cost1=15.113382211648325

i=0 0.01 0.1125726507783501 0.062397003173828125 21.40965485572815 0.25 1.0 2.673545093326778 0.25 cost = 13.248711771480105, cost1=13.248711771480105

i=0 0.01 0.09805232188500161 0.06369471549987793 21.473349571228027 0.24242424242424243 1.0 2.2414009170231433 0.24242424242424243 cost = 11.659603889315107, cost1=11.659603889315107

i=0 0.01 0.08540491638568569 0.08548974990844727 21.558839321136475 0.2352941176470588 1.0 1.9286209878343932 0.2352941176470588 cost = 10.29868453408566, cost1=10.29868453408566

i=0 0.01 0.07438885283512764 0.01777815818786621 21.57661747932434 0.2352941176470588 1.0 1.9207732297217832 0.2352941176470588 cost = 9.218517895844604, cost1=9.218517895844604

i=0 0.01 0.06479371048308594 0.08683395385742188 21.663451433181763 0.2285714285714286 1.0 1.7147492218314508 0.2285714285714286 cost = 8.181446023443874, cost1=8.181446023443874

i=0 0.01 0.056436209971818335 0.23150014877319336 21.894951581954956 0.21621621621621623 1.0 0.4357040622800819 0.21621621621621623 cost = 6.398872895484815, cost1=6.398872895484815

i=0 0.01 0.049156712468482675 0.03209424018859863 21.927045822143555 0.21621621621621623 1.0 0.4305557044372044 0.21621621621621623 cost = 5.629348995057917, cost1=5.629348995057917

i=0 0.01 0.0428161703614703 0.19231915473937988 22.119364976882935 0.20512820512820512 1.0 0.18513457320967705 0.20512820512820512 cost = 4.864079741445825, cost1=4.864079741445825

i=0 0.01 0.03729347127511503 0.029029130935668945 22.148394107818604 0.20512820512820512 1.0 0.18007560679095475 0.20512820512820512 cost = 4.260208167872514, cost1=4.260208167872514

i=0 0.01 0.032483124670098805 0.027929067611694336 22.176323175430298 0.20512820512820512 1.0 0.17638753307733435 0.20512820512820512 cost = 3.733670775304509, cost1=3.733670775304509

