[216.40736058 188.4937774  164.18066384 143.00360867 124.55810333
 108.49181534  94.49785828  82.30892987  71.69220614  62.44489425
  54.39035884  47.37474809  41.26405496  35.94155748  31.30558923
  27.26759733  23.75045104  20.68696841  18.01863304  15.69447636
  13.67010404  11.906848    10.37102782   9.03330739   7.86813455
   6.85325305   5.96927734   5.19932239   4.52868107   3.94454329
   3.43575127   2.99258645   2.60658382   2.27037024   1.9775236
   1.72245016   1.5002777    1.30676244   1.138208     0.99139477
   0.86351843   0.75213639   0.65512111   0.57061946   0.49701737
   0.43290895   0.37706963   0.32843281   0.28606948   0.24917044]i=0 1 312.2098259152708 0.0006499290466308594 0.0006499290466308594 0.0 1.0 489.12615980133575 0.0 cost = 489.12615980133575, cost1=489.12615980133575

i=0 1 271.93903789811014 0.0006382465362548828 0.0012881755828857422 0.0 1.0 489.12615980133575 0.0 cost = 489.12615980133575, cost1=489.12615980133575

i=0 1 236.8626295349813 0.007478952407836914 0.008767127990722656 0.33333333333333337 1.0 445.30873787844087 0.33333333333333337 cost = 487.69371601101335, cost1=487.69371601101335

i=0 1 206.31059705097118 0.00842905044555664 0.017196178436279297 0.5714285714285715 1.0 233.17917068905822 0.5714285714285715 cost = 458.4211611836132, cost1=458.4211611836132

i=0 1 179.69935797424765 0.005110740661621094 0.02230691909790039 0.5714285714285715 1.0 200.45527121345353 0.5714285714285715 cost = 426.98563431124137, cost1=426.98563431124137

i=0 1 156.52060397255676 0.0037021636962890625 0.026009082794189453 0.5714285714285715 1.0 181.76190466929665 0.5714285714285715 cost = 396.43509839392283, cost1=396.43509839392283

i=0 1 136.33159152101595 0.0036420822143554688 0.029651165008544922 0.5714285714285715 1.0 169.9013377800769 0.5714285714285715 cost = 367.90903620462893, cost1=367.90903620462893

i=0 1 118.74668494067365 0.010528087615966797 0.04017925262451172 0.7499999999999999 1.0 141.23873209251903 0.7499999999999999 cost = 340.66514343370613, cost1=340.66514343370613

i=0 1 103.42999026917344 0.0063800811767578125 0.04655933380126953 0.7499999999999999 1.0 125.76607188798688 0.7499999999999999 cost = 313.8135015198651, cost1=313.8135015198651

i=0 1 90.08893926113359 0.005118846893310547 0.05167818069458008 0.7499999999999999 1.0 116.74908511719111 0.7499999999999999 cost = 288.91930688803865, cost1=288.91930688803865

i=0 1 78.46870096453189 0.004971027374267578 0.056649208068847656 0.7499999999999999 1.0 110.82037408456308 0.7499999999999999 cost = 266.29583615572614, cost1=266.29583615572614

i=0 1 68.34731412713553 0.0048329830169677734 0.06148219108581543 0.7499999999999999 1.0 106.73594904453223 0.7499999999999999 cost = 245.9565243176878, cost1=245.9565243176878

i=0 1 59.53144745577994 0.0055637359619140625 0.06704592704772949 0.6666666666666665 1.0 103.06030258691027 0.6666666666666665 cost = 227.77831593376445, cost1=227.77831593376445

i=0 1 51.85270674408604 0.010165929794311523 0.07721185684204102 0.7272727272727272 1.0 95.35814626792278 0.7272727272727272 cost = 211.21327299689128, cost1=211.21327299689128

i=0 1 45.16441833008278 0.01086735725402832 0.08807921409606934 0.7272727272727272 1.0 87.72700097610966 0.7272727272727272 cost = 195.73209193591336, cost1=195.73209193591336

i=0 1 39.33882744370648 0.012806177139282227 0.10088539123535156 0.6153846153846154 1.0 82.25860868998612 0.6153846153846154 cost = 181.43338324673377, cost1=181.43338324673377

i=0 1 34.26465792907022 0.022083044052124023 0.12296843528747559 0.47058823529411764 1.0 76.90636590403747 0.47058823529411764 cost = 168.3001591913465, cost1=168.3001591913465

i=0 1 29.84498672911064 0.030410051345825195 0.15337848663330078 0.3636363636363636 1.0 66.9551232848374 0.3636363636363636 cost = 155.8529618534521, cost1=155.8529618534521

i=0 1 25.99539253258091 0.0380859375 0.19146442413330078 0.3076923076923077 1.0 57.858675449168956 0.3076923076923077 cost = 143.7920160790132, cost1=143.7920160790132

i=0 1 22.642343220204207 0.10662412643432617 0.29808855056762695 0.26666666666666666 1.0 48.22512302553192 0.26666666666666666 cost = 132.12283982240834, cost1=132.12283982240834

i=0 1 19.721791308170232 0.12311720848083496 0.4212057590484619 0.27586206896551724 1.0 39.466543354979 0.27586206896551724 cost = 120.67758137766566, cost1=120.67758137766566

i=0 1 17.177950560167822 0.2789928913116455 0.7001986503601074 0.26666666666666666 1.0 32.302294650878665 0.26666666666666666 cost = 109.71034787366193, cost1=109.71034787366193

i=0 1 14.962230399696251 0.19514703750610352 0.8953456878662109 0.24242424242424243 1.0 25.590317196337764 0.24242424242424243 cost = 99.27085900448867, cost1=99.27085900448867

i=0 1 13.03230776858211 0.18897104263305664 1.0843167304992676 0.2222222222222222 1.0 20.312657845744514 0.2222222222222222 cost = 89.42032338729416, cost1=89.42032338729416

i=0 1 11.351318703025308 0.18222784996032715 1.2665445804595947 0.2222222222222222 1.0 16.091946920060888 0.2222222222222222 cost = 80.2155357247865, cost1=80.2155357247865

i=0 1 9.887154185253786 0.14393305778503418 1.410477638244629 0.21621621621621623 1.0 12.75132553597103 0.21621621621621623 cost = 71.71802249097468, cost1=71.71802249097468

i=0 1 8.611846820663045 0.14400410652160645 1.5544817447662354 0.20512820512820512 1.0 10.225177235021917 0.20512820512820512 cost = 63.936946895375414, cost1=63.936946895375414

i=0 1 7.501036625197576 0.16821026802062988 1.7226920127868652 0.19999999999999998 1.0 8.026641923038321 0.19999999999999998 cost = 56.86650769536164, cost1=56.86650769536164

i=0 1 6.53350571883761 0.14438199996948242 1.8670740127563477 0.20512820512820512 1.0 6.258555320016627 0.20512820512820512 cost = 50.44384712021295, cost1=50.44384712021295

i=0 1 5.69077303724795 0.18915510177612305 2.0562291145324707 0.18604651162790697 1.0 4.887332762655748 0.18604651162790697 cost = 44.651791011797386, cost1=44.651791011797386

i=0 1 4.956741320068812 0.1563727855682373 2.212601900100708 0.1777777777777778 1.0 3.795344937459126 0.1777777777777778 cost = 39.447976837143955, cost1=39.447976837143955

i=0 1 4.317389632878279 0.2276148796081543 2.4402167797088623 0.1702127659574468 1.0 2.934375809840837 0.1702127659574468 cost = 34.79034978905796, cost1=34.79034978905796

i=0 1 3.7605055496069455 1.921834945678711 4.362051725387573 0.1702127659574468 1.0 2.071250018300186 0.1702127659574468 cost = 30.62337703915245, cost1=30.62337703915245

i=0 1 3.2754518797500736 0.3843519687652588 4.746403694152832 0.1702127659574468 1.0 1.578411637642064 0.1702127659574468 cost = 26.906204788749992, cost1=26.906204788749992

i=0 1 2.8529634845718124 0.1934669017791748 4.939870595932007 0.16666666666666666 1.0 1.2157886709145216 0.16666666666666666 cost = 23.614321986971156, cost1=23.614321986971156

i=0 1 2.4849703012340436 0.15591216087341309 5.09578275680542 0.163265306122449 1.0 0.9356604753144205 0.163265306122449 cost = 20.70613952836107, cost1=20.70613952836107

i=0 1 2.1644431943866964 0.3310089111328125 5.426791667938232 0.163265306122449 1.0 0.7131046141014179 0.163265306122449 cost = 18.140713136064008, cost1=18.140713136064008

i=0 1 1.8852596907900219 0.16880583763122559 5.595597505569458 0.163265306122449 1.0 0.547989851193963 0.163265306122449 cost = 15.881385294587822, cost1=15.881385294587822

i=0 1 1.6420870323301746 0.15975594520568848 5.7553534507751465 0.163265306122449 1.0 0.4241167631270821 0.163265306122449 cost = 13.895033087417298, cost1=13.895033087417298

i=0 1 1.4302803135927475 0.12498092651367188 5.880334377288818 0.163265306122449 1.0 0.3309981954800627 0.163265306122449 cost = 12.151040254217603, cost1=12.151040254217603

i=0 1 1.2457937582930971 0.1172170639038086 5.997551441192627 0.163265306122449 1.0 0.26090878329996187 0.163265306122449 cost = 10.621578874800138, cost1=10.621578874800138

i=0 1 1.0851034398309916 0.4098060131072998 6.407357454299927 0.1568627450980392 1.0 0.20181308566088582 0.1568627450980392 cost = 9.28115407707611, cost1=9.28115407707611

i=0 1 0.945139969834425 0.35619378089904785 6.763551235198975 0.1568627450980392 1.0 0.15785257610758824 0.1568627450980392 cost = 8.107022283191318, cost1=8.107022283191318

i=0 1 0.823229868958621 0.4944291114807129 7.2579803466796875 0.1568627450980392 1.0 0.12159210103891706 0.1568627450980392 cost = 7.079251189947442, cost1=7.079251189947442

i=0 1 0.7170445000483404 0.8553829193115234 8.113363265991211 0.15384615384615383 1.0 0.09184688099041101 0.15384615384615383 cost = 6.179764060956198, cost1=6.179764060956198

i=0 1 0.624555588222246 0.7595000267028809 8.872863292694092 0.1509433962264151 1.0 0.06877406780437176 0.1509433962264151 cost = 5.392919331342311, cost1=5.392919331342311

i=0 1 0.5439964782567033 0.5303399562835693 9.403203248977661 0.1509433962264151 1.0 0.0516066251333114 0.1509433962264151 cost = 4.704985464284004, cost1=4.704985464284004

i=0 1 0.4738283892360109 0.45900487899780273 9.862208127975464 0.1509433962264151 1.0 0.03892870449284481 0.1509433962264151 cost = 4.103884539401011, cost1=4.103884539401011

i=0 1 0.4127110218901976 0.4774599075317383 10.339668035507202 0.1481481481481481 1.0 0.029420667281618594 0.1481481481481481 cost = 3.578906399676707, cost1=3.578906399676707

i=0 1 0.3594769571833539 0.4562067985534668 10.795874834060669 0.1481481481481481 1.0 0.02209854863375699 0.1481481481481481 cost = 3.1205640078444357, cost1=3.1205640078444357

i=0 0.1 130.20161032759302 0.0006620883941650391 10.796536922454834 0.0 1.0 489.12615980133575 0.0 cost = 489.12615980133575, cost1=489.12615980133575

i=0 0.1 113.40738729625762 0.0006427764892578125 10.797179698944092 0.0 1.0 489.12615980133575 0.0 cost = 489.12615980133575, cost1=489.12615980133575

i=0 0.1 98.77938883400856 0.0006330013275146484 10.797812700271606 0.0 1.0 489.12615980133575 0.0 cost = 489.12615980133575, cost1=489.12615980133575

i=0 0.1 86.03820166433057 0.0006291866302490234 10.798441886901855 0.0 1.0 489.12615980133575 0.0 cost = 489.12615980133575, cost1=489.12615980133575

i=0 0.1 74.9404529934022 0.0006582736968994141 10.799100160598755 0.0 1.0 489.12615980133575 0.0 cost = 489.12615980133575, cost1=489.12615980133575

i=0 0.1 65.27416178184274 0.0006711483001708984 10.799771308898926 0.0 1.0 489.12615980133575 0.0 cost = 489.12615980133575, cost1=489.12615980133575

i=0 0.1 56.854689638682785 0.0006642341613769531 10.800435543060303 0.0 1.0 489.12615980133575 0.0 cost = 489.12615980133575, cost1=489.12615980133575

i=0 0.1 49.52121399451067 0.0006392002105712891 10.801074743270874 0.0 1.0 489.12615980133575 0.0 cost = 489.12615980133575, cost1=489.12615980133575

i=0 0.1 43.13365618693992 0.0006463527679443359 10.801721096038818 0.0 1.0 489.12615980133575 0.0 cost = 489.12615980133575, cost1=489.12615980133575

i=0 0.1 37.570005780944214 0.0006649494171142578 10.802386045455933 0.0 1.0 489.12615980133575 0.0 cost = 489.12615980133575, cost1=489.12615980133575

i=0 0.1 32.7239900151928 0.0006358623504638672 10.803021907806396 0.0 1.0 489.12615980133575 0.0 cost = 489.12615980133575, cost1=489.12615980133575

i=0 0.1 28.503043857863506 0.0006279945373535156 10.80364990234375 0.0 1.0 489.12615980133575 0.0 cost = 489.12615980133575, cost1=489.12615980133575

i=0 0.1 24.826541897430772 0.010003089904785156 10.813652992248535 0.5714285714285715 1.0 144.0901691656975 0.5714285714285715 cost = 277.72142449320654, cost1=277.72142449320654

i=0 0.1 21.624258295306348 0.0018498897552490234 10.815502882003784 0.5714285714285715 1.0 143.63035777320954 0.5714285714285715 cost = 260.4529712415143, cost1=260.4529712415143

i=0 0.1 18.835025383479486 0.0018177032470703125 10.817320585250854 0.5714285714285715 1.0 143.29137554297265 0.5714285714285715 cost = 245.36099073245376, cost1=245.36099073245376

i=0 0.1 16.405565284674683 0.0018291473388671875 10.819149732589722 0.5714285714285715 1.0 143.04034945183918 0.5714285714285715 cost = 232.17804402263232, cost1=232.17804402263232

i=0 0.1 14.289472237493916 0.0018413066864013672 10.820991039276123 0.5714285714285715 1.0 142.8537613067233 0.5714285714285715 cost = 220.6676020801529, cost1=220.6676020801529

i=0 0.1 12.446326187665905 0.0016880035400390625 10.822679042816162 0.5714285714285715 1.0 142.7146545049532 0.5714285714285715 cost = 210.6210689022672, cost1=210.6210689022672

i=0 0.1 10.840920713874212 0.007752895355224609 10.830431938171387 0.7499999999999999 1.0 96.78173616828157 0.7499999999999999 cost = 177.6552607250735, cost1=177.6552607250735

i=0 0.1 9.44259054057033 0.002511739730834961 10.832943677902222 0.7499999999999999 1.0 96.57445720937234 0.7499999999999999 cost = 167.2093224239299, cost1=167.2093224239299

i=0 0.1 8.224625792416147 0.0025670528411865234 10.835510730743408 0.7499999999999999 1.0 96.42181632741901 0.7499999999999999 cost = 158.08782597928956, cost1=158.08782597928956

i=0 0.1 7.163761801874259 0.002719402313232422 10.83823013305664 0.7499999999999999 1.0 96.30882321761806 0.7499999999999999 cost = 150.1259390955372, cost1=150.1259390955372

i=0 0.1 6.239734724625884 0.0030050277709960938 10.841235160827637 0.7499999999999999 1.0 96.22484102272213 0.7499999999999999 cost = 143.17846224965837, cost1=143.17846224965837

i=0 0.1 5.43489447450858 0.02652597427368164 10.867761135101318 0.7272727272727272 1.0 72.14519777750131 0.7272727272727272 cost = 131.83569879456573, cost1=131.83569879456573

i=0 0.1 4.733867584541418 0.007105827331542969 10.874866962432861 0.7272727272727272 1.0 71.34696893906651 0.7272727272727272 cost = 124.07987952906453, cost1=124.07987952906453

i=0 0.1 4.123263554256632 0.008066892623901367 10.882933855056763 0.7272727272727272 1.0 70.82663939428402 0.7272727272727272 cost = 117.24148909236399, cost1=117.24148909236399

i=0 0.1 3.591419074200402 0.056279897689819336 10.939213752746582 0.5714285714285714 1.0 53.998422928308095 0.5714285714285714 cost = 108.29429084524003, cost1=108.29429084524003

i=0 0.1 3.128175241967003 0.14399170875549316 11.083205461502075 0.4444444444444444 1.0 38.30662538417307 0.4444444444444444 cost = 99.25403136396108, cost1=99.25403136396108

i=0 0.1 2.7246835143108377 0.051419973373413086 11.134625434875488 0.4210526315789473 1.0 33.1402481700517 0.4210526315789473 cost = 90.27089742553807, cost1=90.27089742553807

i=0 0.1 2.373236688776134 0.08720016479492188 11.22182559967041 0.38095238095238093 1.0 23.764365001620902 0.38095238095238093 cost = 80.37573632116221, cost1=80.37573632116221

i=0 0.1 2.0671216863796724 0.3297300338745117 11.551555633544922 0.3333333333333333 1.0 20.54317666229537 0.3333333333333333 cost = 72.8970708325649, cost1=72.8970708325649

i=0 0.1 1.8004913233094775 0.5125229358673096 12.064078569412231 0.32000000000000006 1.0 15.072287724548964 0.32000000000000006 cost = 64.65942408846078, cost1=64.65942408846078

i=0 0.1 1.5682526223167341 0.5748789310455322 12.638957500457764 0.2857142857142857 1.0 10.543084060843956 0.2857142857142857 cost = 57.808845834269576, cost1=57.808845834269576

i=0 0.1 1.3659695304072161 0.4501457214355469 13.08910322189331 0.27586206896551724 1.0 8.01591375213973 0.27586206896551724 cost = 51.24014743480953, cost1=51.24014743480953

i=0 0.1 1.1897781846170337 0.30571699142456055 13.394820213317871 0.25806451612903225 1.0 6.047919320789883 0.25806451612903225 cost = 45.52496573106437, cost1=45.52496573106437

i=0 0.1 1.036313107341863 0.08736801147460938 13.48218822479248 0.25806451612903225 1.0 5.177303161633337 0.25806451612903225 cost = 40.36959137357136, cost1=40.36959137357136

i=0 0.1 0.9026429214570189 0.20149874687194824 13.683686971664429 0.24242424242424243 1.0 4.025914122445686 0.24242424242424243 cost = 35.735507593775594, cost1=35.735507593775594

i=0 0.1 0.786214357305898 0.21034812927246094 13.89403510093689 0.2352941176470588 1.0 3.0479555213191123 0.2352941176470588 cost = 31.51892596384102, cost1=31.51892596384102

i=0 0.1 0.6848034820193963 0.06726789474487305 13.961302995681763 0.2352941176470588 1.0 2.701478464767644 0.2352941176470588 cost = 27.822242980731776, cost1=27.822242980731776

i=0 0.1 0.5964732195846044 0.6822640895843506 14.643567085266113 0.2285714285714286 1.0 2.148680005401089 0.2285714285714286 cost = 24.511861258454132, cost1=24.511861258454132

i=0 0.1 0.5195363502423698 0.7130861282348633 15.356653213500977 0.2222222222222222 1.0 1.8239547473573785 0.2222222222222222 cost = 21.6079615939352, cost1=21.6079615939352

i=0 0.1 0.4525232824553942 2.606400966644287 17.963054180145264 0.19999999999999998 1.0 0.949959094429008 0.19999999999999998 cost = 18.690623297398737, cost1=18.690623297398737

i=0 0.1 0.3941539818506903 0.3598651885986328 18.322919368743896 0.19999999999999998 1.0 0.7915278055208451 0.19999999999999998 cost = 16.39081718572954, cost1=16.39081718572954

i=0 0.1 0.34331352094368267 0.5666220188140869 18.889541387557983 0.19512195121951217 1.0 0.6653356818350167 0.19512195121951217 cost = 14.370589379928905, cost1=14.370589379928905

i=0 0.1 0.2990307826127625 0.8069639205932617 19.696505308151245 0.19047619047619047 1.0 0.4757334326172535 0.19047619047619047 cost = 12.547768300855259, cost1=12.547768300855259

i=0 0.1 0.2604599105337001 1.0137851238250732 20.71029043197632 0.18181818181818182 1.0 0.3308562817857437 0.18181818181818182 cost = 10.977212666342586, cost1=10.977212666342586

i=0 0.1 0.22686415225376097 0.4007291793823242 21.111019611358643 0.18181818181818182 1.0 0.2652174807820108 0.18181818181818182 cost = 9.599387474318275, cost1=9.599387474318275

i=0 0.1 0.19760178628779224 0.1666698455810547 21.277689456939697 0.18181818181818182 1.0 0.2189915900612343 0.18181818181818182 cost = 8.392191395656784, cost1=8.392191395656784

i=0 0.1 0.17211386442601356 0.12517595291137695 21.402865409851074 0.18181818181818182 1.0 0.18565986049564592 0.18181818181818182 cost = 7.335647169518848, cost1=7.335647169518848

i=0 0.1 0.14991353511608546 2.5295701026916504 23.932435512542725 0.1739130434782609 1.0 0.14323306907348485 0.1739130434782609 cost = 6.410948899020248, cost1=6.410948899020248

i=0 0.01 28.211963230963963 0.0006740093231201172 23.933109521865845 0.0 1.0 489.12615980133575 0.0 cost = 489.12615980133575, cost1=489.12615980133575

i=0 0.01 24.573006681497752 0.0006480216979980469 23.933757543563843 0.0 1.0 489.12615980133575 0.0 cost = 489.12615980133575, cost1=489.12615980133575

i=0 0.01 21.403425646968028 0.0006620883941650391 23.934419631958008 0.0 1.0 489.12615980133575 0.0 cost = 489.12615980133575, cost1=489.12615980133575

i=0 0.01 18.642677119777133 0.0006222724914550781 23.935041904449463 0.0 1.0 489.12615980133575 0.0 cost = 489.12615980133575, cost1=489.12615980133575

i=0 0.01 16.238027310431736 0.0006477832794189453 23.935689687728882 0.0 1.0 489.12615980133575 0.0 cost = 489.12615980133575, cost1=489.12615980133575

i=0 0.01 14.143544365449966 0.0006198883056640625 23.936309576034546 0.0 1.0 489.12615980133575 0.0 cost = 489.12615980133575, cost1=489.12615980133575

i=0 0.01 12.319221010851523 0.0006227493286132812 23.93693232536316 0.0 1.0 489.12615980133575 0.0 cost = 489.12615980133575, cost1=489.12615980133575

i=0 0.01 10.730210362611421 0.00072479248046875 23.937657117843628 0.0 1.0 489.12615980133575 0.0 cost = 489.12615980133575, cost1=489.12615980133575

i=0 0.01 9.346160307090315 0.0006439685821533203 23.93830108642578 0.0 1.0 489.12615980133575 0.0 cost = 489.12615980133575, cost1=489.12615980133575

i=0 0.01 8.140633737265514 0.0006268024444580078 23.93892788887024 0.0 1.0 489.12615980133575 0.0 cost = 489.12615980133575, cost1=489.12615980133575

i=0 0.01 7.090603570541246 0.0006401538848876953 23.939568042755127 0.0 1.0 489.12615980133575 0.0 cost = 489.12615980133575, cost1=489.12615980133575

i=0 0.01 6.176012902339531 0.0006191730499267578 23.940187215805054 0.0 1.0 489.12615980133575 0.0 cost = 489.12615980133575, cost1=489.12615980133575

i=0 0.01 5.379391893848717 0.0006322860717773438 23.94081950187683 0.0 1.0 489.12615980133575 0.0 cost = 489.12615980133575, cost1=489.12615980133575

i=0 0.01 4.685524076001097 0.0006120204925537109 23.941431522369385 0.0 1.0 489.12615980133575 0.0 cost = 489.12615980133575, cost1=489.12615980133575

i=0 0.01 4.081155695663349 0.0009353160858154297 23.9423668384552 0.0 1.0 489.12615980133575 0.0 cost = 489.12615980133575, cost1=489.12615980133575

i=0 0.01 3.554742552184356 0.0007219314575195312 23.94308876991272 0.0 1.0 489.12615980133575 0.0 cost = 489.12615980133575, cost1=489.12615980133575

i=0 0.01 3.09622948855821 0.0006492137908935547 23.943737983703613 0.0 1.0 489.12615980133575 0.0 cost = 489.12615980133575, cost1=489.12615980133575

i=0 0.01 2.6968583252045994 0.0006518363952636719 23.944389820098877 0.0 1.0 489.12615980133575 0.0 cost = 489.12615980133575, cost1=489.12615980133575

i=0 0.01 2.349000567658869 0.01744985580444336 23.96183967590332 0.5714285714285715 1.0 142.31145565949623 0.5714285714285715 cost = 165.79152937619273, cost1=165.79152937619273

i=0 0.01 2.046011692676912 0.001287221908569336 23.96312689781189 0.5714285714285715 1.0 142.30758685317264 0.5714285714285715 cost = 162.76265486075945, cost1=162.76265486075945

i=0 0.01 1.7821042294352372 0.001138925552368164 23.964265823364258 0.5714285714285715 1.0 142.30465868931321 0.5714285714285715 cost = 160.12402949609043, cost1=160.12402949609043

i=0 0.01 1.5522372115164986 0.0010399818420410156 23.9653058052063 0.5714285714285715 1.0 142.3024420004827 0.5714285714285715 cost = 157.82542202889613, cost1=157.82542202889613

i=0 0.01 1.3520198880735976 0.0010788440704345703 23.966384649276733 0.5714285714285715 1.0 142.30076343739634 0.5714285714285715 cost = 155.8230546175514, cost1=155.8230546175514

i=0 0.01 1.1776278549337647 0.0013909339904785156 23.967775583267212 0.5714285714285715 1.0 142.29949205061254 0.5714285714285715 cost = 154.07877673009514, cost1=154.07877673009514

i=0 0.01 1.0257300036406054 0.005177736282348633 23.97295331954956 0.7499999999999999 1.0 95.98094335556941 0.7499999999999999 cost = 110.61502901685844, cost1=110.61502901685844

i=0 0.01 0.8934248930683893 0.0014269351959228516 23.974380254745483 0.7499999999999999 1.0 95.97908424063604 0.7499999999999999 cost = 108.72730432652693, cost1=108.72730432652693

i=0 0.01 0.7781853282259436 0.0011131763458251953 23.97549343109131 0.7499999999999999 1.0 95.97767746469378 0.7499999999999999 cost = 107.08286165368486, cost1=107.08286165368486

i=0 0.01 0.6778100876351608 0.0011072158813476562 23.976600646972656 0.7499999999999999 1.0 95.97661259949587 0.7499999999999999 cost = 105.65037167646527, cost1=105.65037167646527

i=0 0.01 0.590381877216004 0.001277923583984375 23.97787857055664 0.7499999999999999 1.0 95.97580630368554 0.7499999999999999 cost = 104.40253375312447, cost1=104.40253375312447

i=0 0.01 0.5142307075440048 0.013467788696289062 23.99134635925293 0.7272727272727272 1.0 69.59089760790074 0.7272727272727272 cost = 82.22434588544664, cost1=82.22434588544664

i=0 0.01 0.44790199493955546 0.0031528472900390625 23.99449920654297 0.7272727272727272 1.0 69.58496753529315 0.7272727272727272 cost = 80.59439469027953, cost1=80.59439469027953

i=0 0.01 0.39012877707943217 0.04298281669616699 24.037482023239136 0.5000000000000001 1.0 43.45599965693032 0.5000000000000001 cost = 59.902722832965296, cost1=59.902722832965296

i=0 0.01 0.33980751241358653 0.048063039779663086 24.0855450630188 0.4 1.0 24.921851999526613 0.4 cost = 43.81190247436212, cost1=43.81190247436212

i=0 0.01 0.2959770011254507 0.009428024291992188 24.09497308731079 0.4 1.0 24.900641420943327 0.4 cost = 41.37387523768152, cost1=41.37387523768152

i=0 0.01 0.2578000249994245 0.009419918060302734 24.104393005371094 0.4 1.0 24.88501444391756 0.4 cost = 39.24797213995577, cost1=39.24797213995577

i=0 0.01 0.22454735549379537 0.07076811790466309 24.175161123275757 0.3076923076923077 1.0 11.553312944762952 0.3076923076923077 cost = 28.398194223678573, cost1=28.398194223678573

i=0 0.01 0.19558382455304058 0.013138055801391602 24.18829917907715 0.3076923076923077 1.0 11.532438605442888 0.3076923076923077 cost = 26.22399068197285, cost1=26.22399068197285

i=0 0.01 0.1703561920944177 0.1981642246246338 24.386463403701782 0.26666666666666666 1.0 4.3025459805549575 0.26666666666666666 cost = 19.462832844297495, cost1=19.462832844297495

i=0 0.01 0.14838257842248037 0.06589007377624512 24.452353477478027 0.25806451612903225 1.0 3.317310459930978 0.25806451612903225 cost = 16.861538626911056, cost1=16.861538626911056

i=0 0.01 0.12924325971726744 0.020518064498901367 24.47287154197693 0.25806451612903225 1.0 3.300887959418817 0.25806451612903225 cost = 15.113382211085788, cost1=15.113382211085788

i=0 0.01 0.1125726507783501 0.06839609146118164 24.54126763343811 0.25 1.0 2.6735423908249762 0.25 cost = 13.248711771051223, cost1=13.248711771051223

i=0 0.01 0.09805232188500161 0.0715792179107666 24.612846851348877 0.24242424242424243 1.0 2.2414001808920427 0.24242424242424243 cost = 11.659603888858454, cost1=11.659603888858454

i=0 0.01 0.08540491638568569 0.09516382217407227 24.70801067352295 0.2352941176470588 1.0 1.928618988970554 0.2352941176470588 cost = 10.298684532356553, cost1=10.298684532356553

i=0 0.01 0.07438885283512764 0.019298076629638672 24.727308750152588 0.2352941176470588 1.0 1.920771742769147 0.2352941176470588 cost = 9.218517895727883, cost1=9.218517895727883

i=0 0.01 0.06479371048308594 0.08471393585205078 24.81202268600464 0.2285714285714286 1.0 1.7147467365055213 0.2285714285714286 cost = 8.181446022112922, cost1=8.181446022112922

i=0 0.01 0.056436209971818335 0.24769258499145508 25.059715270996094 0.21621621621621623 1.0 0.4357080342305017 0.21621621621621623 cost = 6.398872885378362, cost1=6.398872885378362

i=0 0.01 0.049156712468482675 0.03748607635498047 25.097201347351074 0.21621621621621623 1.0 0.43055150329825026 0.21621621621621623 cost = 5.629348993242104, cost1=5.629348993242104

i=0 0.01 0.0428161703614703 0.21231698989868164 25.309518337249756 0.20512820512820512 1.0 0.18513278063038158 0.20512820512820512 cost = 4.864079721844271, cost1=4.864079721844271

i=0 0.01 0.03729347127511503 0.03436279296875 25.343881130218506 0.20512820512820512 1.0 0.18007075819622753 0.20512820512820512 cost = 4.260208166806044, cost1=4.260208166806044

i=0 0.01 0.032483124670098805 0.031966209411621094 25.375847339630127 0.20512820512820512 1.0 0.17638544770718886 0.20512820512820512 cost = 3.733670775002617, cost1=3.733670775002617

