[216.40736058 188.4937774  164.18066384 143.00360867 124.55810333
 108.49181534  94.49785828  82.30892987  71.69220614  62.44489425
  54.39035884  47.37474809  41.26405496  35.94155748  31.30558923
  27.26759733  23.75045104  20.68696841  18.01863304  15.69447636
  13.67010404  11.906848    10.37102782   9.03330739   7.86813455
   6.85325305   5.96927734   5.19932239   4.52868107   3.94454329
   3.43575127   2.99258645   2.60658382   2.27037024   1.9775236
   1.72245016   1.5002777    1.30676244   1.138208     0.99139477
   0.86351843   0.75213639   0.65512111   0.57061946   0.49701737
   0.43290895   0.37706963   0.32843281   0.28606948   0.24917044]i=0 1 312.2098259152708 0.0008120536804199219 0.0008120536804199219 0.0 1.0 489.12615980133575 0.0 cost = 489.12615980133575, cost1=489.12615980133575

i=0 1 271.93903789811014 0.000659942626953125 0.0014719963073730469 0.0 1.0 489.12615980133575 0.0 cost = 489.12615980133575, cost1=489.12615980133575

i=0 1 236.8626295349813 0.009361982345581055 0.010833978652954102 0.33333333333333337 1.0 445.30861840434517 0.33333333333333337 cost = 487.6937160109922, cost1=487.6937160109922

i=0 1 206.31059705097118 0.009956836700439453 0.020790815353393555 0.5714285714285715 1.0 233.17897981122633 0.5714285714285715 cost = 458.4211611835476, cost1=458.4211611835476

i=0 1 179.69935797424765 0.005861997604370117 0.026652812957763672 0.5714285714285715 1.0 200.4551867812449 0.5714285714285715 cost = 426.9856343112162, cost1=426.9856343112162

i=0 1 156.52060397255676 0.005273103713989258 0.03192591667175293 0.5714285714285715 1.0 181.76186463562377 0.5714285714285715 cost = 396.4350983939122, cost1=396.4350983939122

i=0 1 136.33159152101595 0.0043792724609375 0.03630518913269043 0.5714285714285715 1.0 169.9012836952076 0.5714285714285715 cost = 367.9090362046015, cost1=367.9090362046015

i=0 1 118.74668494067365 0.013145685195922852 0.04945087432861328 0.7499999999999999 1.0 141.23865614797077 0.7499999999999999 cost = 340.6651434336642, cost1=340.6651434336642

i=0 1 103.42999026917344 0.007590055465698242 0.05704092979431152 0.7499999999999999 1.0 125.76604166756903 0.7499999999999999 cost = 313.8135015198475, cost1=313.8135015198475

i=0 1 90.08893926113359 0.006951093673706055 0.06399202346801758 0.7499999999999999 1.0 116.74904894604444 0.7499999999999999 cost = 288.9193068879932, cost1=288.9193068879932

i=0 1 78.46870096453189 0.006150960922241211 0.07014298439025879 0.7499999999999999 1.0 110.82036471313226 0.7499999999999999 cost = 266.29583615571846, cost1=266.29583615571846

i=0 1 68.34731412713553 0.005766868591308594 0.07590985298156738 0.7499999999999999 1.0 106.73592885420581 0.7499999999999999 cost = 245.9565243176372, cost1=245.9565243176372

i=0 1 59.53144745577994 0.0077779293060302734 0.08368778228759766 0.6666666666666665 1.0 103.0602896866908 0.6666666666666665 cost = 227.77831593375808, cost1=227.77831593375808

i=0 1 51.85270674408604 0.011729001998901367 0.09541678428649902 0.7272727272727272 1.0 95.35814854233199 0.7272727272727272 cost = 211.21327299680743, cost1=211.21327299680743

i=0 1 45.16441833008278 0.012439966201782227 0.10785675048828125 0.7272727272727272 1.0 87.72696918875431 0.7272727272727272 cost = 195.73209193588775, cost1=195.73209193588775

i=0 1 39.33882744370648 0.015275955200195312 0.12313270568847656 0.6153846153846154 1.0 82.25859251485164 0.6153846153846154 cost = 181.43338324668002, cost1=181.43338324668002

i=0 1 34.26465792907022 0.022979021072387695 0.14611172676086426 0.47058823529411764 1.0 76.90637537546583 0.47058823529411764 cost = 168.30015919129363, cost1=168.30015919129363

i=0 1 29.84498672911064 0.032134056091308594 0.17824578285217285 0.3636363636363636 1.0 66.95511315051068 0.3636363636363636 cost = 155.85296185320846, cost1=155.85296185320846

i=0 1 25.99539253258091 0.044255971908569336 0.2225017547607422 0.3076923076923077 1.0 57.85869025009497 0.3076923076923077 cost = 143.79201607866412, cost1=143.79201607866412

i=0 1 22.642343220204207 0.1261119842529297 0.3486137390136719 0.26666666666666666 1.0 48.225019064695964 0.26666666666666666 cost = 132.12283982137072, cost1=132.12283982137072

i=0 1 19.721791308170232 0.14680171012878418 0.49541544914245605 0.27586206896551724 1.0 39.46636655735941 0.27586206896551724 cost = 120.67758137472264, cost1=120.67758137472264

i=0 1 17.177950560167822 0.294421911239624 0.7898373603820801 0.26666666666666666 1.0 32.302094480903236 0.26666666666666666 cost = 109.71034787109099, cost1=109.71034787109099

i=0 1 14.962230399696251 0.21413516998291016 1.0039725303649902 0.24242424242424243 1.0 25.59021397229965 0.24242424242424243 cost = 99.27085900360969, cost1=99.27085900360969

i=0 1 13.03230776858211 0.20335793495178223 1.2073304653167725 0.2222222222222222 1.0 20.312541468444156 0.2222222222222222 cost = 89.42032338619563, cost1=89.42032338619563

i=0 1 11.351318703025308 0.2656729221343994 1.4730033874511719 0.2222222222222222 1.0 16.091876415694824 0.2222222222222222 cost = 80.21553572302564, cost1=80.21553572302564

i=0 1 9.887154185253786 0.1938309669494629 1.6668343544006348 0.21621621621621623 1.0 12.75128016031396 0.21621621621621623 cost = 71.71802248914157, cost1=71.71802248914157

i=0 1 8.611846820663045 0.19993233680725098 1.8667666912078857 0.20512820512820512 1.0 10.225161307369655 0.20512820512820512 cost = 63.93694689427891, cost1=63.93694689427891

i=0 1 7.501036625197576 0.19493913650512695 2.0617058277130127 0.19999999999999998 1.0 8.026620847340386 0.19999999999999998 cost = 56.86650769439372, cost1=56.86650769439372

i=0 1 6.53350571883761 0.1731560230255127 2.2348618507385254 0.20512820512820512 1.0 6.258523755398431 0.20512820512820512 cost = 50.44384711879224, cost1=50.44384711879224

i=0 1 5.69077303724795 0.21823883056640625 2.4531006813049316 0.18604651162790697 1.0 4.8873106042492775 0.18604651162790697 cost = 44.65179100877735, cost1=44.65179100877735

i=0 1 4.956741320068812 0.17982792854309082 2.6329286098480225 0.1777777777777778 1.0 3.795335935534359 0.1777777777777778 cost = 39.44797683638701, cost1=39.44797683638701

i=0 1 4.317389632878279 0.23407411575317383 2.8670027256011963 0.16666666666666666 1.0 2.9343416512041203 0.16666666666666666 cost = 34.79034978634365, cost1=34.79034978634365

i=0 1 3.7605055496069455 2.1138620376586914 4.980864763259888 0.1702127659574468 1.0 2.0711918171395554 0.1702127659574468 cost = 30.623377025608622, cost1=30.623377025608622

i=0 1 3.2754518797500736 0.4325869083404541 5.413451671600342 0.1702127659574468 1.0 1.5783957192568807 0.1702127659574468 cost = 26.906204783669942, cost1=26.906204783669942

i=0 1 2.8529634845718124 0.2410449981689453 5.654496669769287 0.16666666666666666 1.0 1.215787977805455 0.16666666666666666 cost = 23.614321984226002, cost1=23.614321984226002

i=0 1 2.4849703012340436 0.18525314331054688 5.839749813079834 0.163265306122449 1.0 0.9356506435685153 0.163265306122449 cost = 20.706139527112718, cost1=20.706139527112718

i=0 1 2.1644431943866964 0.30678391456604004 6.146533727645874 0.163265306122449 1.0 0.7130953623265887 0.163265306122449 cost = 18.140713130874953, cost1=18.140713130874953

i=0 1 1.8852596907900219 0.17469000816345215 6.321223735809326 0.163265306122449 1.0 0.5479849380711329 0.163265306122449 cost = 15.881385293518267, cost1=15.881385293518267

i=0 1 1.6420870323301746 0.15622282028198242 6.477446556091309 0.163265306122449 1.0 0.42410411012839805 0.163265306122449 cost = 13.895033082978722, cost1=13.895033082978722

i=0 1 1.4302803135927475 0.14512920379638672 6.622575759887695 0.163265306122449 1.0 0.33099209805525315 0.163265306122449 cost = 12.151040252698765, cost1=12.151040252698765

i=0 1 1.2457937582930971 0.13622093200683594 6.758796691894531 0.163265306122449 1.0 0.2609057732206138 0.163265306122449 cost = 10.62157887423537, cost1=10.62157887423537

i=0 1 1.0851034398309916 0.5088179111480713 7.2676146030426025 0.1568627450980392 1.0 0.2017923429401785 0.1568627450980392 cost = 9.281154070227778, cost1=9.281154070227778

i=0 1 0.945139969834425 0.43221592903137207 7.699830532073975 0.1568627450980392 1.0 0.15783705314502552 0.1568627450980392 cost = 8.1070222782386, cost1=8.1070222782386

i=0 1 0.823229868958621 0.5866758823394775 8.286506414413452 0.1568627450980392 1.0 0.12158311905788957 0.1568627450980392 cost = 7.079251188140056, cost1=7.079251188140056

i=0 1 0.7170445000483404 1.020136833190918 9.30664324760437 0.15384615384615383 1.0 0.0918264022549377 0.15384615384615383 cost = 6.179764044099554, cost1=6.179764044099554

i=0 1 0.624555588222246 1.2043509483337402 10.51099419593811 0.1509433962264151 1.0 0.06874727121801825 0.1509433962264151 cost = 5.3929192927613, cost1=5.3929192927613

i=0 1 0.5439964782567033 0.9952878952026367 11.506282091140747 0.1509433962264151 1.0 0.051591981699416554 0.1509433962264151 cost = 4.7049854433377485, cost1=4.7049854433377485

i=0 1 0.4738283892360109 1.1390678882598877 12.645349979400635 0.1509433962264151 1.0 0.0389178937726277 0.1509433962264151 cost = 4.103884520450474, cost1=4.103884520450474

i=0 1 0.4127110218901976 0.7090859413146973 13.354435920715332 0.1481481481481481 1.0 0.02941042682917192 0.1481481481481481 cost = 3.5789063837312503, cost1=3.5789063837312503

i=0 1 0.3594769571833539 0.7676458358764648 14.122081756591797 0.1481481481481481 1.0 0.02209260129619622 0.1481481481481481 cost = 3.120563998693897, cost1=3.120563998693897

i=0 0.1 130.20161032759302 0.000762939453125 14.122844696044922 0.0 1.0 489.12615980133575 0.0 cost = 489.12615980133575, cost1=489.12615980133575

i=0 0.1 113.40738729625762 0.0006680488586425781 14.123512744903564 0.0 1.0 489.12615980133575 0.0 cost = 489.12615980133575, cost1=489.12615980133575

i=0 0.1 98.77938883400856 0.0006480216979980469 14.124160766601562 0.0 1.0 489.12615980133575 0.0 cost = 489.12615980133575, cost1=489.12615980133575

i=0 0.1 86.03820166433057 0.0006530284881591797 14.124813795089722 0.0 1.0 489.12615980133575 0.0 cost = 489.12615980133575, cost1=489.12615980133575

i=0 0.1 74.9404529934022 0.0007932186126708984 14.125607013702393 0.0 1.0 489.12615980133575 0.0 cost = 489.12615980133575, cost1=489.12615980133575

i=0 0.1 65.27416178184274 0.0006449222564697266 14.126251935958862 0.0 1.0 489.12615980133575 0.0 cost = 489.12615980133575, cost1=489.12615980133575

i=0 0.1 56.854689638682785 0.0006349086761474609 14.12688684463501 0.0 1.0 489.12615980133575 0.0 cost = 489.12615980133575, cost1=489.12615980133575

i=0 0.1 49.52121399451067 0.0007989406585693359 14.127685785293579 0.0 1.0 489.12615980133575 0.0 cost = 489.12615980133575, cost1=489.12615980133575

i=0 0.1 43.13365618693992 0.0006918907165527344 14.128377676010132 0.0 1.0 489.12615980133575 0.0 cost = 489.12615980133575, cost1=489.12615980133575

i=0 0.1 37.570005780944214 0.0006530284881591797 14.129030704498291 0.0 1.0 489.12615980133575 0.0 cost = 489.12615980133575, cost1=489.12615980133575

i=0 0.1 32.7239900151928 0.0006439685821533203 14.129674673080444 0.0 1.0 489.12615980133575 0.0 cost = 489.12615980133575, cost1=489.12615980133575

i=0 0.1 28.503043857863506 0.0006549358367919922 14.130329608917236 0.0 1.0 489.12615980133575 0.0 cost = 489.12615980133575, cost1=489.12615980133575

i=0 0.1 24.826541897430772 0.012145280838012695 14.142474889755249 0.5714285714285715 1.0 144.09016303092756 0.5714285714285715 cost = 277.7214244932013, cost1=277.7214244932013

i=0 0.1 21.624258295306348 0.0038299560546875 14.146304845809937 0.5714285714285715 1.0 143.63035064866227 0.5714285714285715 cost = 260.45297124150466, cost1=260.45297124150466

i=0 0.1 18.835025383479486 0.0023221969604492188 14.148627042770386 0.5714285714285715 1.0 143.29137311650268 0.5714285714285715 cost = 245.3609907324515, cost1=245.3609907324515

i=0 0.1 16.405565284674683 0.002012014389038086 14.150639057159424 0.5714285714285715 1.0 143.04034525423825 0.5714285714285715 cost = 232.17804402262254, cost1=232.17804402262254

i=0 0.1 14.289472237493916 0.002229928970336914 14.15286898612976 0.5714285714285715 1.0 142.85375932742025 0.5714285714285715 cost = 220.66760208015003, cost1=220.66760208015003

i=0 0.1 12.446326187665905 0.0022029876708984375 14.15507197380066 0.5714285714285715 1.0 142.71464805982652 0.5714285714285715 cost = 210.62106890224123, cost1=210.62106890224123

i=0 0.1 10.840920713874212 0.008409976959228516 14.163481950759888 0.7499999999999999 1.0 96.78173424367931 0.7499999999999999 cost = 177.65526072506725, cost1=177.65526072506725

i=0 0.1 9.44259054057033 0.002774953842163086 14.16625690460205 0.7499999999999999 1.0 96.57445644079732 0.7499999999999999 cost = 167.20932242392848, cost1=167.20932242392848

i=0 0.1 8.224625792416147 0.0028688907623291016 14.16912579536438 0.7499999999999999 1.0 96.4218133723069 0.7499999999999999 cost = 158.0878259792774, cost1=158.0878259792774

i=0 0.1 7.163761801874259 0.004026174545288086 14.173151969909668 0.7499999999999999 1.0 96.30882198323744 0.7499999999999999 cost = 150.1259390955279, cost1=150.1259390955279

i=0 0.1 6.239734724625884 0.0033648014068603516 14.176516771316528 0.7499999999999999 1.0 96.2248405166681 0.7499999999999999 cost = 143.1784622496558, cost1=143.1784622496558

i=0 0.1 5.43489447450858 0.029206037521362305 14.20572280883789 0.7272727272727272 1.0 72.14517971814874 0.7272727272727272 cost = 131.83569879453842, cost1=131.83569879453842

i=0 0.1 4.733867584541418 0.008197784423828125 14.213920593261719 0.7272727272727272 1.0 71.34695594417559 0.7272727272727272 cost = 124.0798795290305, cost1=124.0798795290305

i=0 0.1 4.123263554256632 0.00916910171508789 14.223089694976807 0.7272727272727272 1.0 70.82663127238612 0.7272727272727272 cost = 117.2414890923471, cost1=117.2414890923471

i=0 0.1 3.591419074200402 0.060745954513549805 14.283835649490356 0.5714285714285714 1.0 53.9983914209873 0.5714285714285714 cost = 108.29429084514967, cost1=108.29429084514967

i=0 0.1 3.128175241967003 0.15062785148620605 14.434463500976562 0.4444444444444444 1.0 38.30659590061853 0.4444444444444444 cost = 99.25403136387735, cost1=99.25403136387735

i=0 0.1 2.7246835143108377 0.05440998077392578 14.488873481750488 0.4210526315789473 1.0 33.14024917274671 0.4210526315789473 cost = 90.27089742545189, cost1=90.27089742545189

i=0 0.1 2.373236688776134 0.09172463417053223 14.58059811592102 0.38095238095238093 1.0 23.76435498318486 0.38095238095238093 cost = 80.37573632110562, cost1=80.37573632110562

i=0 0.1 2.0671216863796724 0.48102402687072754 15.061622142791748 0.3333333333333333 1.0 20.543413987331416 0.3333333333333333 cost = 72.89707082956207, cost1=72.89707082956207

i=0 0.1 1.8004913233094775 1.0742459297180176 16.135868072509766 0.32000000000000006 1.0 15.072192823570477 0.32000000000000006 cost = 64.65942408801314, cost1=64.65942408801314

i=0 0.1 1.5682526223167341 0.9142508506774902 17.050118923187256 0.2857142857142857 1.0 10.543082822243358 0.2857142857142857 cost = 57.80884583307924, cost1=57.80884583307924

i=0 0.1 1.3659695304072161 0.5333840847015381 17.583503007888794 0.27586206896551724 1.0 8.015847545316063 0.27586206896551724 cost = 51.24014743446879, cost1=51.24014743446879

i=0 0.1 1.1897781846170337 0.3781261444091797 17.961629152297974 0.25806451612903225 1.0 6.0479639161028995 0.25806451612903225 cost = 45.524965729759636, cost1=45.524965729759636

i=0 0.1 1.036313107341863 0.12008905410766602 18.08171820640564 0.25806451612903225 1.0 5.177299211170983 0.25806451612903225 cost = 40.36959137318179, cost1=40.36959137318179

i=0 0.1 0.9026429214570189 0.310546875 18.39226508140564 0.24242424242424243 1.0 4.025886415582364 0.24242424242424243 cost = 35.735507593316754, cost1=35.735507593316754

i=0 0.1 0.786214357305898 0.274630069732666 18.666895151138306 0.2352941176470588 1.0 3.0479532700915244 0.2352941176470588 cost = 31.518925963362797, cost1=31.518925963362797

i=0 0.1 0.6848034820193963 0.12796378135681152 18.794858932495117 0.2352941176470588 1.0 2.701471929223291 0.2352941176470588 cost = 27.822242980143464, cost1=27.822242980143464

i=0 0.1 0.5964732195846044 0.7711260318756104 19.565984964370728 0.2285714285714286 1.0 2.148704568827253 0.2285714285714286 cost = 24.511861256752784, cost1=24.511861256752784

i=0 0.1 0.5195363502423698 0.7706868648529053 20.336671829223633 0.2222222222222222 1.0 1.8239160834572703 0.2222222222222222 cost = 21.60796159207215, cost1=21.60796159207215

i=0 0.1 0.4525232824553942 3.13887095451355 23.475542783737183 0.19999999999999998 1.0 0.9500233649999476 0.19999999999999998 cost = 18.690623293175836, cost1=18.690623293175836

i=0 0.1 0.3941539818506903 0.43527889251708984 23.910821676254272 0.19999999999999998 1.0 0.7915226720114266 0.19999999999999998 cost = 16.390817184540765, cost1=16.390817184540765

i=0 0.1 0.34331352094368267 0.6389548778533936 24.549776554107666 0.19512195121951217 1.0 0.6653180701127189 0.19512195121951217 cost = 14.370589377624315, cost1=14.370589377624315

i=0 0.1 0.2990307826127625 0.8560256958007812 25.405802249908447 0.19047619047619047 1.0 0.4757268352623593 0.19047619047619047 cost = 12.547768300560488, cost1=12.547768300560488

i=0 0.1 0.2604599105337001 1.2797150611877441 26.68551731109619 0.18181818181818182 1.0 0.3308419066110582 0.18181818181818182 cost = 10.97721263645223, cost1=10.97721263645223

i=0 0.1 0.22686415225376097 0.446120023727417 27.13163733482361 0.18181818181818182 1.0 0.2652166527336542 0.18181818181818182 cost = 9.59938747069039, cost1=9.59938747069039

i=0 0.1 0.19760178628779224 0.22533702850341797 27.356974363327026 0.18181818181818182 1.0 0.21898950150948815 0.18181818181818182 cost = 8.392191392326474, cost1=8.392191392326474

i=0 0.1 0.17211386442601356 0.1495068073272705 27.506481170654297 0.18181818181818182 1.0 0.18565895388304496 0.18181818181818182 cost = 7.335647169026616, cost1=7.335647169026616

i=0 0.1 0.14991353511608546 2.5121309757232666 30.018612146377563 0.1739130434782609 1.0 0.143197876224252 0.1739130434782609 cost = 6.410948882722675, cost1=6.410948882722675

i=0 0.01 28.211963230963963 0.0006840229034423828 30.019296169281006 0.0 1.0 489.12615980133575 0.0 cost = 489.12615980133575, cost1=489.12615980133575

i=0 0.01 24.573006681497752 0.0006582736968994141 30.019954442977905 0.0 1.0 489.12615980133575 0.0 cost = 489.12615980133575, cost1=489.12615980133575

i=0 0.01 21.403425646968028 0.0006558895111083984 30.020610332489014 0.0 1.0 489.12615980133575 0.0 cost = 489.12615980133575, cost1=489.12615980133575

i=0 0.01 18.642677119777133 0.0007653236389160156 30.02137565612793 0.0 1.0 489.12615980133575 0.0 cost = 489.12615980133575, cost1=489.12615980133575

i=0 0.01 16.238027310431736 0.0006878376007080078 30.022063493728638 0.0 1.0 489.12615980133575 0.0 cost = 489.12615980133575, cost1=489.12615980133575

i=0 0.01 14.143544365449966 0.0006330013275146484 30.022696495056152 0.0 1.0 489.12615980133575 0.0 cost = 489.12615980133575, cost1=489.12615980133575

i=0 0.01 12.319221010851523 0.0006248950958251953 30.023321390151978 0.0 1.0 489.12615980133575 0.0 cost = 489.12615980133575, cost1=489.12615980133575

i=0 0.01 10.730210362611421 0.0006999969482421875 30.02402138710022 0.0 1.0 489.12615980133575 0.0 cost = 489.12615980133575, cost1=489.12615980133575

i=0 0.01 9.346160307090315 0.0006449222564697266 30.02466630935669 0.0 1.0 489.12615980133575 0.0 cost = 489.12615980133575, cost1=489.12615980133575

i=0 0.01 8.140633737265514 0.0006742477416992188 30.02534055709839 0.0 1.0 489.12615980133575 0.0 cost = 489.12615980133575, cost1=489.12615980133575

i=0 0.01 7.090603570541246 0.0006341934204101562 30.0259747505188 0.0 1.0 489.12615980133575 0.0 cost = 489.12615980133575, cost1=489.12615980133575

i=0 0.01 6.176012902339531 0.0006439685821533203 30.026618719100952 0.0 1.0 489.12615980133575 0.0 cost = 489.12615980133575, cost1=489.12615980133575

i=0 0.01 5.379391893848717 0.0006189346313476562 30.0272376537323 0.0 1.0 489.12615980133575 0.0 cost = 489.12615980133575, cost1=489.12615980133575

i=0 0.01 4.685524076001097 0.0006299018859863281 30.027867555618286 0.0 1.0 489.12615980133575 0.0 cost = 489.12615980133575, cost1=489.12615980133575

i=0 0.01 4.081155695663349 0.0007507801055908203 30.028618335723877 0.0 1.0 489.12615980133575 0.0 cost = 489.12615980133575, cost1=489.12615980133575

i=0 0.01 3.554742552184356 0.0006649494171142578 30.02928328514099 0.0 1.0 489.12615980133575 0.0 cost = 489.12615980133575, cost1=489.12615980133575

i=0 0.01 3.09622948855821 0.0006330013275146484 30.029916286468506 0.0 1.0 489.12615980133575 0.0 cost = 489.12615980133575, cost1=489.12615980133575

i=0 0.01 2.6968583252045994 0.0009489059448242188 30.03086519241333 0.0 1.0 489.12615980133575 0.0 cost = 489.12615980133575, cost1=489.12615980133575

i=0 0.01 2.349000567658869 0.016962051391601562 30.04782724380493 0.5714285714285715 1.0 142.31145565949623 0.5714285714285715 cost = 165.79152937619273, cost1=165.79152937619273

i=0 0.01 2.046011692676912 0.0013248920440673828 30.049152135849 0.5714285714285715 1.0 142.30758654132163 0.5714285714285715 cost = 162.76265486075633, cost1=162.76265486075633

i=0 0.01 1.7821042294352372 0.0014040470123291016 30.050556182861328 0.5714285714285715 1.0 142.30465849280026 0.5714285714285715 cost = 160.12402949608884, cost1=160.12402949608884

i=0 0.01 1.5522372115164986 0.0014140605926513672 30.05197024345398 0.5714285714285715 1.0 142.30244187607997 0.5714285714285715 cost = 157.82542202889525, cost1=157.82542202889525

i=0 0.01 1.3520198880735976 0.0014598369598388672 30.05343008041382 0.5714285714285715 1.0 142.30076335829605 0.5714285714285715 cost = 155.8230546175509, cost1=155.8230546175509

i=0 0.01 1.1776278549337647 0.0018036365509033203 30.05523371696472 0.5714285714285715 1.0 142.29949200011112 0.5714285714285715 cost = 154.07877673009477, cost1=154.07877673009477

i=0 0.01 1.0257300036406054 0.00555109977722168 30.060784816741943 0.7499999999999999 1.0 95.98094324274373 0.7499999999999999 cost = 110.6150290168565, cost1=110.6150290168565

i=0 0.01 0.8934248930683893 0.0018668174743652344 30.06265163421631 0.7499999999999999 1.0 95.97908418080054 0.7499999999999999 cost = 108.72730432652618, cost1=108.72730432652618

i=0 0.01 0.7781853282259436 0.001069784164428711 30.063721418380737 0.7499999999999999 1.0 95.97767746468345 0.7499999999999999 cost = 107.08286165368486, cost1=107.08286165368486

i=0 0.01 0.6778100876351608 0.0011279582977294922 30.064849376678467 0.7499999999999999 1.0 95.97661259949584 0.7499999999999999 cost = 105.65037167646524, cost1=105.65037167646524

i=0 0.01 0.590381877216004 0.0012218952178955078 30.066071271896362 0.7499999999999999 1.0 95.97580630368554 0.7499999999999999 cost = 104.40253375312447, cost1=104.40253375312447

i=0 0.01 0.5142307075440048 0.013264179229736328 30.0793354511261 0.7272727272727272 1.0 69.59089760790074 0.7272727272727272 cost = 82.22434588544664, cost1=82.22434588544664

i=0 0.01 0.44790199493955546 0.0031659603118896484 30.08250141143799 0.7272727272727272 1.0 69.58496753529315 0.7272727272727272 cost = 80.59439469027953, cost1=80.59439469027953

i=0 0.01 0.39012877707943217 0.044387102127075195 30.126888513565063 0.5000000000000001 1.0 43.45599777399162 0.5000000000000001 cost = 59.90272283294409, cost1=59.90272283294409

i=0 0.01 0.33980751241358653 0.04977107048034668 30.17665958404541 0.4 1.0 24.92185267020698 0.4 cost = 43.81190247434829, cost1=43.81190247434829

i=0 0.01 0.2959770011254507 0.009669065475463867 30.186328649520874 0.4 1.0 24.90064102833295 0.4 cost = 41.37387523767452, cost1=41.37387523767452

i=0 0.01 0.2578000249994245 0.010653972625732422 30.196982622146606 0.4 1.0 24.885013642253323 0.4 cost = 39.24797213993265, cost1=39.24797213993265

i=0 0.01 0.22454735549379537 0.0697178840637207 30.266700506210327 0.3076923076923077 1.0 11.553312607050579 0.3076923076923077 cost = 28.398194223675624, cost1=28.398194223675624

i=0 0.01 0.19558382455304058 0.013533830642700195 30.280234336853027 0.3076923076923077 1.0 11.532438384000677 0.3076923076923077 cost = 26.223990681971085, cost1=26.223990681971085

i=0 0.01 0.1703561920944177 0.1946728229522705 30.474907159805298 0.26666666666666666 1.0 4.302545342423153 0.26666666666666666 cost = 19.46283284428516, cost1=19.46283284428516

i=0 0.01 0.14838257842248037 0.06576395034790039 30.5406711101532 0.25806451612903225 1.0 3.31731088005429 0.25806451612903225 cost = 16.861538626887764, cost1=16.861538626887764

i=0 0.01 0.12924325971726744 0.02026200294494629 30.560933113098145 0.25806451612903225 1.0 3.3008875949263894 0.25806451612903225 cost = 15.113382211075049, cost1=15.113382211075049

i=0 0.01 0.1125726507783501 0.06721782684326172 30.628150939941406 0.25 1.0 2.6735421571802944 0.25 cost = 13.248711771035099, cost1=13.248711771035099

i=0 0.01 0.09805232188500161 0.0670621395111084 30.695213079452515 0.24242424242424243 1.0 2.241400088080087 0.24242424242424243 cost = 11.65960388884789, cost1=11.65960388884789

i=0 0.01 0.08540491638568569 0.09333395957946777 30.788547039031982 0.2352941176470588 1.0 1.928618686143151 0.2352941176470588 cost = 10.29868453230159, cost1=10.29868453230159

i=0 0.01 0.07438885283512764 0.020788192749023438 30.809335231781006 0.2352941176470588 1.0 1.9207716514923017 0.2352941176470588 cost = 9.218517895723336, cost1=9.218517895723336

i=0 0.01 0.06479371048308594 0.08788871765136719 30.897223949432373 0.2285714285714286 1.0 1.7147463510858723 0.2285714285714286 cost = 8.181446022056036, cost1=8.181446022056036

i=0 0.01 0.056436209971818335 0.24318289756774902 31.140406847000122 0.21621621621621623 1.0 0.4357094369865263 0.21621621621621623 cost = 6.398872885053446, cost1=6.398872885053446

i=0 0.01 0.049156712468482675 0.04125094413757324 31.181657791137695 0.21621621621621623 1.0 0.43055067544033854 0.21621621621621623 cost = 5.629348993167545, cost1=5.629348993167545

i=0 0.01 0.0428161703614703 0.21000194549560547 31.3916597366333 0.20512820512820512 1.0 0.18513286161694442 0.20512820512820512 cost = 4.864079721746571, cost1=4.864079721746571

i=0 0.01 0.03729347127511503 0.03655409812927246 31.428213834762573 0.20512820512820512 1.0 0.1800700186000149 0.20512820512820512 cost = 4.260208166766322, cost1=4.260208166766322

i=0 0.01 0.032483124670098805 0.03187274932861328 31.460086584091187 0.20512820512820512 1.0 0.17638518234243078 0.20512820512820512 cost = 3.7336707749901437, cost1=3.7336707749901437

