[216.40736058 188.4937774  164.18066384 143.00360867 124.55810333
 108.49181534  94.49785828  82.30892987  71.69220614  62.44489425
  54.39035884  47.37474809  41.26405496  35.94155748  31.30558923
  27.26759733  23.75045104  20.68696841  18.01863304  15.69447636
  13.67010404  11.906848    10.37102782   9.03330739   7.86813455
   6.85325305   5.96927734   5.19932239   4.52868107   3.94454329
   3.43575127   2.99258645   2.60658382   2.27037024   1.9775236
   1.72245016   1.5002777    1.30676244   1.138208     0.99139477
   0.86351843   0.75213639   0.65512111   0.57061946   0.49701737
   0.43290895   0.37706963   0.32843281   0.28606948   0.24917044]0 1 312.2098259152708 0.0065310001373291016 0.0065310001373291016 0.0 1.0
0 1 271.93903789811014 0.006484031677246094 0.013015031814575195 0.0 1.0
0 1 236.8626295349813 0.0064160823822021484 0.019431114196777344 0.33333333333333337 1.0
0 1 206.31059705097118 0.060006141662597656 0.079437255859375 0.5714285714285715 1.0
0 1 179.69935797424765 0.0521700382232666 0.1316072940826416 0.5714285714285715 1.0
0 1 156.52060397255676 0.04665017127990723 0.17825746536254883 0.5714285714285715 1.0
0 1 136.33159152101595 0.044631004333496094 0.22288846969604492 0.5714285714285715 1.0
0 1 118.74668494067365 0.05713701248168945 0.2800254821777344 0.7499999999999999 1.0
0 1 103.42999026917344 0.050908803939819336 0.3309342861175537 0.7499999999999999 1.0
0 1 90.08893926113359 0.05070161819458008 0.3816359043121338 0.7499999999999999 1.0
0 1 78.46870096453189 0.044386863708496094 0.4260227680206299 0.7499999999999999 1.0
0 1 68.34731412713553 0.044730186462402344 0.4707529544830322 0.7499999999999999 1.0
0 1 59.53144745577994 0.050592899322509766 0.521345853805542 0.6666666666666665 1.0
0 1 51.85270674408604 0.05837106704711914 0.5797169208526611 0.7272727272727272 1.0
0 1 45.16441833008278 0.05085897445678711 0.6305758953094482 0.7272727272727272 1.0
0 1 39.33882744370648 0.06948137283325195 0.7000572681427002 0.6153846153846154 1.0
0 1 34.26465792907022 0.13619089126586914 0.8362481594085693 0.47058823529411764 1.0
0 1 29.84498672911064 0.13673782348632812 0.9729859828948975 0.3636363636363636 1.0
0 1 25.99539253258091 0.18964719772338867 1.1626331806182861 0.3076923076923077 1.0
0 1 22.642343220204207 0.5726122856140137 1.7352454662322998 0.26666666666666666 1.0
0 1 19.721791308170232 0.6961290836334229 2.4313745498657227 0.27586206896551724 1.0
0 1 17.177950560167822 0.9755351543426514 3.406909704208374 0.26666666666666666 1.0
0 1 14.962230399696251 0.8270132541656494 4.233922958374023 0.24242424242424243 1.0
0 1 13.03230776858211 0.7008581161499023 4.934781074523926 0.2222222222222222 1.0
0 1 11.351318703025308 0.7914259433746338 5.72620701789856 0.2222222222222222 1.0
0 1 9.887154185253786 0.6593079566955566 6.385514974594116 0.21621621621621623 1.0
0 1 8.611846820663045 0.6606519222259521 7.046166896820068 0.20512820512820512 1.0
0 1 7.501036625197576 0.8280150890350342 7.8741819858551025 0.19999999999999998 1.0
0 1 6.53350571883761 0.6850941181182861 8.559276103973389 0.20512820512820512 1.0
0 1 5.69077303724795 0.8416118621826172 9.400887966156006 0.18604651162790697 1.0
0 1 4.956741320068812 0.736191987991333 10.137079954147339 0.1777777777777778 1.0
0 1 4.317389632878279 0.9486489295959473 11.085728883743286 0.16666666666666666 1.0
0 1 3.7605055496069455 6.644093036651611 17.729821920394897 0.1702127659574468 1.0
0 1 3.2754518797500736 1.5047101974487305 19.234532117843628 0.1702127659574468 1.0
0 1 2.8529634845718124 0.9374339580535889 20.171966075897217 0.16666666666666666 1.0
0 1 2.4849703012340436 1.056828260421753 21.22879433631897 0.163265306122449 1.0
0 1 2.1644431943866964 1.2316069602966309 22.4604012966156 0.163265306122449 1.0
0 1 1.8852596907900219 0.631450891494751 23.09185218811035 0.163265306122449 1.0
0 1 1.6420870323301746 0.5695991516113281 23.66145133972168 0.163265306122449 1.0
0 1 1.4302803135927475 0.5506608486175537 24.212112188339233 0.163265306122449 1.0
0 1 1.2457937582930971 0.5445201396942139 24.756632328033447 0.163265306122449 1.0
0 1 1.0851034398309916 2.96950626373291 27.726138591766357 0.1568627450980392 1.0
0 1 0.945139969834425 2.6077041625976562 30.333842754364014 0.1568627450980392 1.0
0 1 0.823229868958621 3.728292942047119 34.06213569641113 0.1568627450980392 1.0
0 1 0.7170445000483404 7.52744722366333 41.58958292007446 0.15384615384615383 1.0
0 1 0.624555588222246 6.893762826919556 48.48334574699402 0.1509433962264151 1.0
0 1 0.5439964782567033 4.996092796325684 53.4794385433197 0.1509433962264151 1.0
0 1 0.4738283892360109 4.5178751945495605 57.99731373786926 0.1509433962264151 1.0
0 1 0.4127110218901976 4.754212141036987 62.75152587890625 0.1481481481481481 1.0
0 1 0.3594769571833539 4.536880016326904 67.28840589523315 0.1481481481481481 1.0
0 0.1 130.20161032759302 0.006315946578979492 67.29472184181213 0.0 1.0
0 0.1 113.40738729625762 0.006561756134033203 67.30128359794617 0.0 1.0
0 0.1 98.77938883400856 0.006531953811645508 67.30781555175781 0.0 1.0
0 0.1 86.03820166433057 0.006306648254394531 67.3141222000122 0.0 1.0
0 0.1 74.9404529934022 0.006369113922119141 67.32049131393433 0.0 1.0
0 0.1 65.27416178184274 0.006927013397216797 67.32741832733154 0.0 1.0
0 0.1 56.854689638682785 0.0063898563385009766 67.33380818367004 0.0 1.0
0 0.1 49.52121399451067 0.052008867263793945 67.38581705093384 0.5714285714285715 1.0
0 0.1 43.13365618693992 0.03914785385131836 67.42496490478516 0.5714285714285715 1.0
0 0.1 37.570005780944214 0.03867077827453613 67.46363568305969 0.5714285714285715 1.0
0 0.1 32.7239900151928 0.038378000259399414 67.50201368331909 0.5714285714285715 1.0
0 0.1 28.503043857863506 0.03846001625061035 67.5404736995697 0.5714285714285715 1.0
0 0.1 24.826541897430772 0.03837013244628906 67.57884383201599 0.5714285714285715 1.0
0 0.1 21.624258295306348 0.05143594741821289 67.6302797794342 0.7499999999999999 1.0
0 0.1 18.835025383479486 0.044927120208740234 67.67520689964294 0.7499999999999999 1.0
0 0.1 16.405565284674683 0.044825077056884766 67.72003197669983 0.7499999999999999 1.0
0 0.1 14.289472237493916 0.03836178779602051 67.75839376449585 0.7499999999999999 1.0
0 0.1 12.446326187665905 0.038392066955566406 67.79678583145142 0.7499999999999999 1.0
0 0.1 10.840920713874212 0.03827810287475586 67.83506393432617 0.7499999999999999 1.0
0 0.1 9.44259054057033 0.03810000419616699 67.87316393852234 0.7499999999999999 1.0
0 0.1 8.224625792416147 0.039273977279663086 67.912437915802 0.7499999999999999 1.0
0 0.1 7.163761801874259 0.051531076431274414 67.96396899223328 0.888888888888889 1.0
0 0.1 6.239734724625884 0.0637350082397461 68.02770400047302 0.7272727272727272 1.0
0 0.1 5.43489447450858 0.05124998092651367 68.07895398139954 0.7272727272727272 1.0
0 0.1 4.733867584541418 0.051046133041381836 68.13000011444092 0.7272727272727272 1.0
0 0.1 4.123263554256632 0.1022179126739502 68.23221802711487 0.6153846153846154 1.0
0 0.1 3.591419074200402 0.0826711654663086 68.31488919258118 0.5333333333333333 1.0
0 0.1 3.128175241967003 0.2357172966003418 68.55060648918152 0.4210526315789473 1.0
0 0.1 2.7246835143108377 0.19780993461608887 68.74841642379761 0.38095238095238093 1.0
0 0.1 2.373236688776134 0.12775182723999023 68.8761682510376 0.38095238095238093 1.0
0 0.1 2.0671216863796724 0.4390559196472168 69.31522417068481 0.3333333333333333 1.0
0 0.1 1.8004913233094775 0.4031097888946533 69.71833395957947 0.3076923076923077 1.0
0 0.1 1.5682526223167341 0.3896310329437256 70.1079649925232 0.2857142857142857 1.0
0 0.1 1.3659695304072161 0.4874858856201172 70.59545087814331 0.2962962962962963 1.0
0 0.1 1.1897781846170337 0.4170560836791992 71.01250696182251 0.26666666666666666 1.0
0 0.1 1.036313107341863 0.2816319465637207 71.29413890838623 0.26666666666666666 1.0
0 0.1 0.9026429214570189 0.8461449146270752 72.1402838230133 0.24242424242424243 1.0
0 0.1 0.786214357305898 0.7233600616455078 72.86364388465881 0.2352941176470588 1.0
0 0.1 0.6848034820193963 0.5090229511260986 73.37266683578491 0.2222222222222222 1.0
0 0.1 0.5964732195846044 1.2883579730987549 74.66102480888367 0.21621621621621623 1.0
0 0.1 0.5195363502423698 3.2604618072509766 77.92148661613464 0.19999999999999998 1.0
0 0.1 0.4525232824553942 5.395360946655273 83.31684756278992 0.19512195121951217 1.0
0 0.1 0.3941539818506903 1.56001615524292 84.87686371803284 0.19512195121951217 1.0
0 0.1 0.34331352094368267 1.3755121231079102 86.25237584114075 0.19047619047619047 1.0
0 0.1 0.2990307826127625 7.897580146789551 94.1499559879303 0.25 1.0
0 0.1 0.2604599105337001 0.9050030708312988 95.0549590587616 0.25 1.0
0 0.1 0.22686415225376097 0.7128379344940186 95.76779699325562 0.24390243902439027 1.0
0 0.1 0.19760178628779224 0.8370029926300049 96.60479998588562 0.24390243902439027 1.0
0 0.1 0.17211386442601356 0.6702880859375 97.27508807182312 0.24390243902439027 1.0
0 0.1 0.14991353511608546 0.5538392066955566 97.82892727851868 0.24390243902439027 1.0
0 0.01 28.211963230963963 0.006289958953857422 97.83521723747253 0.33333333333333337 1.0
0 0.01 24.573006681497752 0.045552730560302734 97.88076996803284 0.5714285714285715 1.0
0 0.01 21.403425646968028 0.039132118225097656 97.91990208625793 0.5714285714285715 1.0
0 0.01 18.642677119777133 0.03884077072143555 97.95874285697937 0.5714285714285715 1.0
0 0.01 16.238027310431736 0.03849601745605469 97.99723887443542 0.5714285714285715 1.0
0 0.01 14.143544365449966 0.03891777992248535 98.03615665435791 0.5714285714285715 1.0
0 0.01 12.319221010851523 0.038487911224365234 98.07464456558228 0.5714285714285715 1.0
0 0.01 10.730210362611421 0.03218889236450195 98.10683345794678 0.5714285714285715 1.0
0 0.01 9.346160307090315 0.05092811584472656 98.1577615737915 0.7499999999999999 1.0
0 0.01 8.140633737265514 0.03815507888793945 98.19591665267944 0.7499999999999999 1.0
0 0.01 7.090603570541246 0.038529157638549805 98.234445810318 0.7499999999999999 1.0
0 0.01 6.176012902339531 0.03847789764404297 98.27292370796204 0.7499999999999999 1.0
0 0.01 5.379391893848717 0.03842592239379883 98.31134963035583 0.7499999999999999 1.0
0 0.01 4.685524076001097 0.03841590881347656 98.34976553916931 0.7499999999999999 1.0
0 0.01 4.081155695663349 0.038366079330444336 98.38813161849976 0.7499999999999999 1.0
0 0.01 3.554742552184356 0.038491249084472656 98.42662286758423 0.7499999999999999 1.0
0 0.01 3.09622948855821 0.03861594200134277 98.46523880958557 0.7499999999999999 1.0
0 0.01 2.6968583252045994 0.051724910736083984 98.51696372032166 0.888888888888889 1.0
0 0.01 2.349000567658869 0.03213000297546387 98.54909372329712 0.888888888888889 1.0
0 0.01 2.046011692676912 0.05721712112426758 98.60631084442139 0.7272727272727272 1.0
0 0.01 1.7821042294352372 0.0448148250579834 98.65112566947937 0.7272727272727272 1.0
0 0.01 1.5522372115164986 0.08979988098144531 98.74092555046082 0.6666666666666666 1.0
0 0.01 1.3520198880735976 0.08379483222961426 98.82472038269043 0.5714285714285714 1.0
0 0.01 1.1776278549337647 0.11527109146118164 98.93999147415161 0.5000000000000001 1.0
0 0.01 1.0257300036406054 0.12839412689208984 99.0683856010437 0.47058823529411764 1.0
0 0.01 0.8934248930683893 0.12910175323486328 99.19748735427856 0.4444444444444444 1.0
0 0.01 0.7781853282259436 0.10409235954284668 99.30157971382141 0.4444444444444444 1.0
0 0.01 0.6778100876351608 0.16592693328857422 99.46750664710999 0.3478260869565218 1.0
0 0.01 0.590381877216004 0.12157893180847168 99.58908557891846 0.3478260869565218 1.0
0 0.01 0.5142307075440048 0.11604666709899902 99.70513224601746 0.3478260869565218 1.0
0 0.01 0.44790199493955546 0.2222120761871338 99.92734432220459 0.32000000000000006 1.0
0 0.01 0.39012877707943217 0.15232634544372559 100.07967066764832 0.32000000000000006 1.0
0 0.01 0.33980751241358653 0.14834880828857422 100.22801947593689 0.32000000000000006 1.0
0 0.01 0.2959770011254507 0.14715886116027832 100.37517833709717 0.32000000000000006 1.0
0 0.01 0.2578000249994245 0.1855323314666748 100.56071066856384 0.2962962962962963 1.0
0 0.01 0.22454735549379537 0.17319178581237793 100.73390245437622 0.2857142857142857 1.0
0 0.01 0.19558382455304058 0.1409289836883545 100.87483143806458 0.2857142857142857 1.0
0 0.01 0.1703561920944177 0.5438299179077148 101.41866135597229 0.24242424242424243 1.0
0 0.01 0.14838257842248037 0.3256199359893799 101.74428129196167 0.24242424242424243 1.0
0 0.01 0.12924325971726744 0.3006272315979004 102.04490852355957 0.24242424242424243 1.0
0 0.01 0.1125726507783501 0.279803991317749 102.32471251487732 0.24242424242424243 1.0
0 0.01 0.09805232188500161 0.36388587951660156 102.68859839439392 0.2352941176470588 1.0
0 0.01 0.08540491638568569 0.2436201572418213 102.93221855163574 0.2352941176470588 1.0
0 0.01 0.07438885283512764 0.4712209701538086 103.40343952178955 0.2222222222222222 1.0
0 0.01 0.06479371048308594 0.4840691089630127 103.88750863075256 0.2105263157894737 1.0
0 0.01 0.056436209971818335 0.5168411731719971 104.40434980392456 0.20512820512820512 1.0
0 0.01 0.049156712468482675 0.33966898918151855 104.74401879310608 0.20512820512820512 1.0
0 0.01 0.0428161703614703 0.8935120105743408 105.63753080368042 0.19047619047619047 1.0
0 0.01 0.03729347127511503 0.5239648818969727 106.16149568557739 0.19047619047619047 1.0
0 0.01 0.032483124670098805 0.817432165145874 106.97892785072327 0.18181818181818182 1.0
