[216.40736058 188.4937774  164.18066384 143.00360867 124.55810333
 108.49181534  94.49785828  82.30892987  71.69220614  62.44489425
  54.39035884  47.37474809  41.26405496  35.94155748  31.30558923
  27.26759733  23.75045104  20.68696841  18.01863304  15.69447636
  13.67010404  11.906848    10.37102782   9.03330739   7.86813455
   6.85325305   5.96927734   5.19932239   4.52868107   3.94454329
   3.43575127   2.99258645   2.60658382   2.27037024   1.9775236
   1.72245016   1.5002777    1.30676244   1.138208     0.99139477
   0.86351843   0.75213639   0.65512111   0.57061946   0.49701737
   0.43290895   0.37706963   0.32843281   0.28606948   0.24917044]0 1 312.2098259152708 0.006645917892456055 0.006645917892456055 0.0 1.0
0 1 271.93903789811014 0.0065381526947021484 0.013184070587158203 0.0 1.0
0 1 236.8626295349813 0.00650787353515625 0.019691944122314453 0.33333333333333337 1.0
0 1 206.31059705097118 0.05204415321350098 0.07173609733581543 0.5714285714285715 1.0
0 1 179.69935797424765 0.047525882720947266 0.1192619800567627 0.5714285714285715 1.0
0 1 156.52060397255676 0.03900885581970215 0.15827083587646484 0.5714285714285715 1.0
0 1 136.33159152101595 0.03813886642456055 0.1964097023010254 0.5714285714285715 1.0
0 1 118.74668494067365 0.04452681541442871 0.2409365177154541 0.7499999999999999 1.0
0 1 103.42999026917344 0.044569969177246094 0.2855064868927002 0.7499999999999999 1.0
0 1 90.08893926113359 0.04457807540893555 0.33008456230163574 0.7499999999999999 1.0
0 1 78.46870096453189 0.03834104537963867 0.3684256076812744 0.7499999999999999 1.0
0 1 68.34731412713553 0.03831315040588379 0.4067387580871582 0.7499999999999999 1.0
0 1 59.53144745577994 0.0445859432220459 0.4513247013092041 0.6666666666666665 1.0
0 1 51.85270674408604 0.050891876220703125 0.5022165775299072 0.7272727272727272 1.0
0 1 45.16441833008278 0.0445399284362793 0.5467565059661865 0.7272727272727272 1.0
0 1 39.33882744370648 0.057496070861816406 0.6042525768280029 0.6153846153846154 1.0
0 1 34.26465792907022 0.10958218574523926 0.7138347625732422 0.47058823529411764 1.0
0 1 29.84498672911064 0.11317110061645508 0.8270058631896973 0.3636363636363636 1.0
0 1 25.99539253258091 0.1434340476989746 0.9704399108886719 0.3076923076923077 1.0
0 1 22.642343220204207 0.45070481300354004 1.421144723892212 0.26666666666666666 1.0
0 1 19.721791308170232 0.5235707759857178 1.9447154998779297 0.27586206896551724 1.0
0 1 17.177950560167822 0.8005437850952148 2.7452592849731445 0.26666666666666666 1.0
0 1 14.962230399696251 0.672374963760376 3.4176342487335205 0.24242424242424243 1.0
0 1 13.03230776858211 0.5431320667266846 3.960766315460205 0.2222222222222222 1.0
0 1 11.351318703025308 0.5868122577667236 4.547578573226929 0.2222222222222222 1.0
0 1 9.887154185253786 0.5257527828216553 5.073331356048584 0.21621621621621623 1.0
0 1 8.611846820663045 0.5286269187927246 5.601958274841309 0.20512820512820512 1.0
0 1 7.501036625197576 0.637357234954834 6.239315509796143 0.19999999999999998 1.0
0 1 6.53350571883761 0.5196771621704102 6.758992671966553 0.20512820512820512 1.0
0 1 5.69077303724795 0.6453139781951904 7.404306650161743 0.18604651162790697 1.0
0 1 4.956741320068812 0.5489022731781006 7.953208923339844 0.1777777777777778 1.0
0 1 4.317389632878279 0.6704568862915039 8.623665809631348 0.16666666666666666 1.0
0 1 3.7605055496069455 5.728004217147827 14.351670026779175 0.1702127659574468 1.0
0 1 3.2754518797500736 1.2099337577819824 15.561603784561157 0.1702127659574468 1.0
0 1 2.8529634845718124 0.5862748622894287 16.147878646850586 0.16666666666666666 1.0
0 1 2.4849703012340436 0.7100648880004883 16.857943534851074 0.163265306122449 1.0
0 1 2.1644431943866964 0.9585270881652832 17.816470623016357 0.163265306122449 1.0
0 1 1.8852596907900219 0.4239969253540039 18.24046754837036 0.163265306122449 1.0
0 1 1.6420870323301746 0.4044179916381836 18.644885540008545 0.163265306122449 1.0
0 1 1.4302803135927475 0.39124417304992676 19.03612971305847 0.163265306122449 1.0
0 1 1.2457937582930971 0.37189602851867676 19.40802574157715 0.163265306122449 1.0
0 1 1.0851034398309916 2.175863027572632 21.58388876914978 0.1568627450980392 1.0
0 1 0.945139969834425 1.8256068229675293 23.40949559211731 0.1568627450980392 1.0
0 1 0.823229868958621 3.1057589054107666 26.515254497528076 0.1568627450980392 1.0
0 1 0.7170445000483404 6.142529010772705 32.65778350830078 0.15384615384615383 1.0
0 1 0.624555588222246 5.056468963623047 37.71425247192383 0.1509433962264151 1.0
0 1 0.5439964782567033 3.334530830383301 41.04878330230713 0.1509433962264151 1.0
0 1 0.4738283892360109 2.9107890129089355 43.959572315216064 0.1509433962264151 1.0
0 1 0.4127110218901976 2.9759700298309326 46.935542345047 0.1481481481481481 1.0
0 1 0.3594769571833539 2.8600471019744873 49.795589447021484 0.1481481481481481 1.0
0 0.1 130.20161032759302 0.006331920623779297 49.801921367645264 0.0 1.0
0 0.1 113.40738729625762 0.006596088409423828 49.80851745605469 0.0 1.0
0 0.1 98.77938883400856 0.006461143493652344 49.81497859954834 0.0 1.0
0 0.1 86.03820166433057 0.0065898895263671875 49.82156848907471 0.0 1.0
0 0.1 74.9404529934022 0.006537914276123047 49.82810640335083 0.0 1.0
0 0.1 65.27416178184274 0.006606101989746094 49.834712505340576 0.0 1.0
0 0.1 56.854689638682785 0.0065097808837890625 49.841222286224365 0.0 1.0
0 0.1 49.52121399451067 0.04516291618347168 49.88638520240784 0.5714285714285715 1.0
0 0.1 43.13365618693992 0.031913042068481445 49.91829824447632 0.5714285714285715 1.0
0 0.1 37.570005780944214 0.03191399574279785 49.950212240219116 0.5714285714285715 1.0
0 0.1 32.7239900151928 0.03178811073303223 49.98200035095215 0.5714285714285715 1.0
0 0.1 28.503043857863506 0.03191018104553223 50.01391053199768 0.5714285714285715 1.0
0 0.1 24.826541897430772 0.03173398971557617 50.04564452171326 0.5714285714285715 1.0
0 0.1 21.624258295306348 0.04466986656188965 50.09031438827515 0.7499999999999999 1.0
0 0.1 18.835025383479486 0.03800392150878906 50.128318309783936 0.7499999999999999 1.0
0 0.1 16.405565284674683 0.03177976608276367 50.1600980758667 0.7499999999999999 1.0
0 0.1 14.289472237493916 0.031823158264160156 50.19192123413086 0.7499999999999999 1.0
0 0.1 12.446326187665905 0.03182816505432129 50.22374939918518 0.7499999999999999 1.0
0 0.1 10.840920713874212 0.03156018257141113 50.25530958175659 0.7499999999999999 1.0
0 0.1 9.44259054057033 0.032052040100097656 50.28736162185669 0.7499999999999999 1.0
0 0.1 8.224625792416147 0.031768798828125 50.319130420684814 0.7499999999999999 1.0
0 0.1 7.163761801874259 0.044355154037475586 50.36348557472229 0.888888888888889 1.0
0 0.1 6.239734724625884 0.05692791938781738 50.42041349411011 0.7272727272727272 1.0
0 0.1 5.43489447450858 0.038197994232177734 50.458611488342285 0.7272727272727272 1.0
0 0.1 4.733867584541418 0.038082122802734375 50.49669361114502 0.7272727272727272 1.0
0 0.1 4.123263554256632 0.08381915092468262 50.5805127620697 0.6153846153846154 1.0
0 0.1 3.591419074200402 0.07616496086120605 50.65667772293091 0.5333333333333333 1.0
0 0.1 3.128175241967003 0.20997881889343262 50.86665654182434 0.4210526315789473 1.0
0 0.1 2.7246835143108377 0.17082595825195312 51.037482500076294 0.38095238095238093 1.0
0 0.1 2.373236688776134 0.1018681526184082 51.1393506526947 0.38095238095238093 1.0
0 0.1 2.0671216863796724 0.377960205078125 51.51731085777283 0.3333333333333333 1.0
0 0.1 1.8004913233094775 0.3392219543457031 51.85653281211853 0.3076923076923077 1.0
0 0.1 1.5682526223167341 0.30491209030151367 52.161444902420044 0.2857142857142857 1.0
0 0.1 1.3659695304072161 0.44418931007385254 52.6056342124939 0.2962962962962963 1.0
0 0.1 1.1897781846170337 0.3179490566253662 52.92358326911926 0.26666666666666666 1.0
0 0.1 1.036313107341863 0.21563220024108887 53.13921546936035 0.26666666666666666 1.0
0 0.1 0.9026429214570189 0.7365109920501709 53.87572646141052 0.24242424242424243 1.0
0 0.1 0.786214357305898 0.5650808811187744 54.4408073425293 0.2352941176470588 1.0
0 0.1 0.6848034820193963 0.38238096237182617 54.82318830490112 0.2222222222222222 1.0
0 0.1 0.5964732195846044 1.1392390727996826 55.962427377700806 0.21621621621621623 1.0
0 0.1 0.5195363502423698 2.734528064727783 58.69695544242859 0.19999999999999998 1.0
0 0.1 0.4525232824553942 4.239181041717529 62.93613648414612 0.19512195121951217 1.0
0 0.1 0.3941539818506903 1.0779321193695068 64.01406860351562 0.19512195121951217 1.0
0 0.1 0.34331352094368267 0.992150068283081 65.0062186717987 0.19047619047619047 1.0
0 0.1 0.2990307826127625 7.468086004257202 72.47430467605591 0.25 1.0
0 0.1 0.2604599105337001 0.6606369018554688 73.13494157791138 0.25 1.0
0 0.1 0.22686415225376097 0.2955019474029541 73.43044352531433 0.24390243902439027 1.0
0 0.1 0.19760178628779224 0.6011357307434082 74.03157925605774 0.24390243902439027 1.0
0 0.1 0.17211386442601356 0.463756799697876 74.49533605575562 0.24390243902439027 1.0
0 0.1 0.14991353511608546 0.36189889907836914 74.85723495483398 0.24390243902439027 1.0
0 0.01 28.211963230963963 0.006302833557128906 74.86353778839111 0.33333333333333337 1.0
0 0.01 24.573006681497752 0.038752079010009766 74.90228986740112 0.5714285714285715 1.0
0 0.01 21.403425646968028 0.03181290626525879 74.93410277366638 0.5714285714285715 1.0
0 0.01 18.642677119777133 0.03187704086303711 74.96597981452942 0.5714285714285715 1.0
0 0.01 16.238027310431736 0.03195595741271973 74.99793577194214 0.5714285714285715 1.0
0 0.01 14.143544365449966 0.031987905502319336 75.02992367744446 0.5714285714285715 1.0
0 0.01 12.319221010851523 0.03187394142150879 75.06179761886597 0.5714285714285715 1.0
0 0.01 10.730210362611421 0.03185009956359863 75.09364771842957 0.5714285714285715 1.0
0 0.01 9.346160307090315 0.04492497444152832 75.1385726928711 0.7499999999999999 1.0
0 0.01 8.140633737265514 0.03204822540283203 75.17062091827393 0.7499999999999999 1.0
0 0.01 7.090603570541246 0.03210115432739258 75.20272207260132 0.7499999999999999 1.0
0 0.01 6.176012902339531 0.031877994537353516 75.23460006713867 0.7499999999999999 1.0
0 0.01 5.379391893848717 0.032308101654052734 75.26690816879272 0.7499999999999999 1.0
0 0.01 4.685524076001097 0.03196287155151367 75.29887104034424 0.7499999999999999 1.0
0 0.01 4.081155695663349 0.03188824653625488 75.3307592868805 0.7499999999999999 1.0
0 0.01 3.554742552184356 0.032183170318603516 75.3629424571991 0.7499999999999999 1.0
0 0.01 3.09622948855821 0.03209877014160156 75.3950412273407 0.7499999999999999 1.0
0 0.01 2.6968583252045994 0.04462003707885742 75.43966126441956 0.888888888888889 1.0
0 0.01 2.349000567658869 0.025810956954956055 75.46547222137451 0.888888888888889 1.0
0 0.01 2.046011692676912 0.05112886428833008 75.51660108566284 0.7272727272727272 1.0
0 0.01 1.7821042294352372 0.03890824317932129 75.55550932884216 0.7272727272727272 1.0
0 0.01 1.5522372115164986 0.07953572273254395 75.6350450515747 0.6666666666666666 1.0
0 0.01 1.3520198880735976 0.07155394554138184 75.70659899711609 0.5714285714285714 1.0
0 0.01 1.1776278549337647 0.10516929626464844 75.81176829338074 0.5000000000000001 1.0
0 0.01 1.0257300036406054 0.10917806625366211 75.9209463596344 0.47058823529411764 1.0
0 0.01 0.8934248930683893 0.10962605476379395 76.0305724143982 0.4444444444444444 1.0
0 0.01 0.7781853282259436 0.07833433151245117 76.10890674591064 0.4444444444444444 1.0
0 0.01 0.6778100876351608 0.14096593856811523 76.24987268447876 0.3478260869565218 1.0
0 0.01 0.590381877216004 0.09625601768493652 76.3461287021637 0.3478260869565218 1.0
0 0.01 0.5142307075440048 0.09043312072753906 76.43656182289124 0.3478260869565218 1.0
0 0.01 0.44790199493955546 0.1917250156402588 76.6282868385315 0.32000000000000006 1.0
0 0.01 0.39012877707943217 0.1224052906036377 76.75069212913513 0.32000000000000006 1.0
0 0.01 0.33980751241358653 0.11437582969665527 76.86506795883179 0.32000000000000006 1.0
0 0.01 0.2959770011254507 0.11764931678771973 76.9827172756195 0.32000000000000006 1.0
0 0.01 0.2578000249994245 0.1544029712677002 77.1371202468872 0.2962962962962963 1.0
0 0.01 0.22454735549379537 0.1404421329498291 77.27756237983704 0.2857142857142857 1.0
0 0.01 0.19558382455304058 0.10907506942749023 77.38663744926453 0.2857142857142857 1.0
0 0.01 0.1703561920944177 0.4471278190612793 77.8337652683258 0.24242424242424243 1.0
0 0.01 0.14838257842248037 0.23665499687194824 78.07042026519775 0.24242424242424243 1.0
0 0.01 0.12924325971726744 0.21669983863830566 78.28712010383606 0.24242424242424243 1.0
0 0.01 0.1125726507783501 0.19817018508911133 78.48529028892517 0.24242424242424243 1.0
0 0.01 0.09805232188500161 0.28080296516418457 78.76609325408936 0.2352941176470588 1.0
0 0.01 0.08540491638568569 0.16693401336669922 78.93302726745605 0.2352941176470588 1.0
0 0.01 0.07438885283512764 0.3893740177154541 79.32240128517151 0.2222222222222222 1.0
0 0.01 0.06479371048308594 0.389721155166626 79.71212244033813 0.2105263157894737 1.0
0 0.01 0.056436209971818335 0.4090590476989746 80.12118148803711 0.20512820512820512 1.0
0 0.01 0.049156712468482675 0.2456040382385254 80.36678552627563 0.20512820512820512 1.0
0 0.01 0.0428161703614703 0.7717568874359131 81.13854241371155 0.19047619047619047 1.0
0 0.01 0.03729347127511503 0.37205004692077637 81.51059246063232 0.19047619047619047 1.0
0 0.01 0.032483124670098805 0.655120849609375 82.1657133102417 0.18181818181818182 1.0
