[216.40736058 188.4937774  164.18066384 143.00360867 124.55810333
 108.49181534  94.49785828  82.30892987  71.69220614  62.44489425
  54.39035884  47.37474809  41.26405496  35.94155748  31.30558923
  27.26759733  23.75045104  20.68696841  18.01863304  15.69447636
  13.67010404  11.906848    10.37102782   9.03330739   7.86813455
   6.85325305   5.96927734   5.19932239   4.52868107   3.94454329
   3.43575127   2.99258645   2.60658382   2.27037024   1.9775236
   1.72245016   1.5002777    1.30676244   1.138208     0.99139477
   0.86351843   0.75213639   0.65512111   0.57061946   0.49701737
   0.43290895   0.37706963   0.32843281   0.28606948   0.24917044]0 1 312.2098259152708 0.007140159606933594 0.007140159606933594 0.0 1.0
0 1 271.93903789811014 0.0073680877685546875 0.014508247375488281 0.0 1.0
0 1 236.8626295349813 0.009735822677612305 0.024244070053100586 0.33333333333333337 1.0
0 1 206.31059705097118 0.049453020095825195 0.07369709014892578 0.5714285714285715 1.0
0 1 179.69935797424765 0.03976774215698242 0.1134648323059082 0.5714285714285715 1.0
0 1 156.52060397255676 0.03268313407897949 0.1461479663848877 0.5714285714285715 1.0
0 1 136.33159152101595 0.03270602226257324 0.17885398864746094 0.5714285714285715 1.0
0 1 118.74668494067365 0.039447784423828125 0.21830177307128906 0.7499999999999999 1.0
0 1 103.42999026917344 0.03283405303955078 0.25113582611083984 0.7499999999999999 1.0
0 1 90.08893926113359 0.03194403648376465 0.2830798625946045 0.7499999999999999 1.0
0 1 78.46870096453189 0.03335928916931152 0.316439151763916 0.7499999999999999 1.0
0 1 68.34731412713553 0.03498983383178711 0.3514289855957031 0.7499999999999999 1.0
0 1 59.53144745577994 0.04227399826049805 0.39370298385620117 0.6666666666666665 1.0
0 1 51.85270674408604 0.03973507881164551 0.4334380626678467 0.7272727272727272 1.0
0 1 45.16441833008278 0.040116071701049805 0.4735541343688965 0.7272727272727272 1.0
0 1 39.33882744370648 0.04656100273132324 0.5201151371002197 0.6153846153846154 1.0
0 1 34.26465792907022 0.08487200736999512 0.6049871444702148 0.47058823529411764 1.0
0 1 29.84498672911064 0.08543801307678223 0.6904251575469971 0.3636363636363636 1.0
0 1 25.99539253258091 0.10936784744262695 0.799793004989624 0.3076923076923077 1.0
0 1 22.642343220204207 0.3207376003265381 1.120530605316162 0.26666666666666666 1.0
0 1 19.721791308170232 0.3620431423187256 1.4825737476348877 0.27586206896551724 1.0
0 1 17.177950560167822 0.643402099609375 2.1259758472442627 0.26666666666666666 1.0
0 1 14.962230399696251 0.5299961566925049 2.6559720039367676 0.24242424242424243 1.0
0 1 13.03230776858211 0.45618295669555664 3.112154960632324 0.2222222222222222 1.0
0 1 11.351318703025308 0.4367661476135254 3.5489211082458496 0.2222222222222222 1.0
0 1 9.887154185253786 0.42240405082702637 3.971325159072876 0.21621621621621623 1.0
0 1 8.611846820663045 0.41926097869873047 4.3905861377716064 0.20512820512820512 1.0
0 1 7.501036625197576 0.47426581382751465 4.864851951599121 0.19999999999999998 1.0
0 1 6.53350571883761 0.39574313163757324 5.260595083236694 0.20512820512820512 1.0
0 1 5.69077303724795 0.46195197105407715 5.7225470542907715 0.18604651162790697 1.0
0 1 4.956741320068812 0.391402006149292 6.1139490604400635 0.1777777777777778 1.0
0 1 4.317389632878279 0.41132330894470215 6.525272369384766 0.1702127659574468 1.0
0 1 3.7605055496069455 4.798614025115967 11.323886394500732 0.1702127659574468 1.0
0 1 3.2754518797500736 0.9449591636657715 12.268845558166504 0.1702127659574468 1.0
0 1 2.8529634845718124 0.21904802322387695 12.48789358139038 0.16666666666666666 1.0
0 1 2.4849703012340436 0.29285311698913574 12.780746698379517 0.163265306122449 1.0
0 1 2.1644431943866964 0.6640708446502686 13.444817543029785 0.163265306122449 1.0
0 1 1.8852596907900219 0.285938024520874 13.73075556755066 0.163265306122449 1.0
0 1 1.6420870323301746 0.26638293266296387 13.997138500213623 0.163265306122449 1.0
0 1 1.4302803135927475 0.24756622314453125 14.244704723358154 0.163265306122449 1.0
0 1 1.2457937582930971 0.235504150390625 14.48020887374878 0.163265306122449 1.0
0 1 1.0851034398309916 1.2355270385742188 15.715735912322998 0.1568627450980392 1.0
0 1 0.945139969834425 1.1001362800598145 16.815872192382812 0.1568627450980392 1.0
0 1 0.823229868958621 2.5955300331115723 19.411402225494385 0.1568627450980392 1.0
0 1 0.7170445000483404 0.7548339366912842 20.16623616218567 0.1481481481481481 1.0
0 1 0.624555588222246 7.74189305305481 27.90812921524048 0.15384615384615383 1.0
0 1 0.5439964782567033 0.8168203830718994 28.724949598312378 0.1481481481481481 1.0
0 1 0.4738283892360109 6.076076030731201 34.80102562904358 0.1509433962264151 1.0
0 1 0.4127110218901976 1.579300880432129 36.38032650947571 0.14545454545454545 1.0
0 1 0.3594769571833539 2.011742115020752 38.39206862449646 0.1481481481481481 1.0
0 0.1 130.20161032759302 0.006804943084716797 38.39887356758118 0.0 1.0
0 0.1 113.40738729625762 0.0063130855560302734 38.40518665313721 0.0 1.0
0 0.1 98.77938883400856 0.006855010986328125 38.412041664123535 0.0 1.0
0 0.1 86.03820166433057 0.006670951843261719 38.4187126159668 0.0 1.0
0 0.1 74.9404529934022 0.006333351135253906 38.42504596710205 0.0 1.0
0 0.1 65.27416178184274 0.006484031677246094 38.4315299987793 0.0 1.0
0 0.1 56.854689638682785 0.00693202018737793 38.438462018966675 0.0 1.0
0 0.1 49.52121399451067 0.04028797149658203 38.47874999046326 0.5714285714285715 1.0
0 0.1 43.13365618693992 0.03342008590698242 38.51217007637024 0.5714285714285715 1.0
0 0.1 37.570005780944214 0.02738499641418457 38.539555072784424 0.5714285714285715 1.0
0 0.1 32.7239900151928 0.027223825454711914 38.566778898239136 0.5714285714285715 1.0
0 0.1 28.503043857863506 0.026798725128173828 38.59357762336731 0.5714285714285715 1.0
0 0.1 24.826541897430772 0.026590824127197266 38.62016844749451 0.5714285714285715 1.0
0 0.1 21.624258295306348 0.04022216796875 38.66039061546326 0.7499999999999999 1.0
0 0.1 18.835025383479486 0.0264892578125 38.68687987327576 0.7499999999999999 1.0
0 0.1 16.405565284674683 0.02725815773010254 38.71413803100586 0.7499999999999999 1.0
0 0.1 14.289472237493916 0.02707386016845703 38.741211891174316 0.7499999999999999 1.0
0 0.1 12.446326187665905 0.027076244354248047 38.768288135528564 0.7499999999999999 1.0
0 0.1 10.840920713874212 0.027042865753173828 38.79533100128174 0.7499999999999999 1.0
0 0.1 9.44259054057033 0.02704000473022461 38.82237100601196 0.7499999999999999 1.0
0 0.1 8.224625792416147 0.027024030685424805 38.84939503669739 0.7499999999999999 1.0
0 0.1 7.163761801874259 0.0406489372253418 38.89004397392273 0.888888888888889 1.0
0 0.1 6.239734724625884 0.047453880310058594 38.93749785423279 0.7272727272727272 1.0
0 0.1 5.43489447450858 0.03252291679382324 38.97002077102661 0.7272727272727272 1.0
0 0.1 4.733867584541418 0.03278398513793945 39.00280475616455 0.7272727272727272 1.0
0 0.1 4.123263554256632 0.0698099136352539 39.072614669799805 0.6153846153846154 1.0
0 0.1 3.591419074200402 0.06435418128967285 39.13696885108948 0.5333333333333333 1.0
0 0.1 3.128175241967003 0.1717228889465332 39.30869174003601 0.4210526315789473 1.0
0 0.1 2.7246835143108377 0.15789008140563965 39.46658182144165 0.38095238095238093 1.0
0 0.1 2.373236688776134 0.0839080810546875 39.55048990249634 0.38095238095238093 1.0
0 0.1 2.0671216863796724 0.31402015686035156 39.86451005935669 0.3333333333333333 1.0
0 0.1 1.8004913233094775 0.2824547290802002 40.14696478843689 0.3076923076923077 1.0
0 0.1 1.5682526223167341 0.23178482055664062 40.37874960899353 0.2857142857142857 1.0
0 0.1 1.3659695304072161 0.4218432903289795 40.80059289932251 0.2962962962962963 1.0
0 0.1 1.1897781846170337 0.2761220932006836 41.07671499252319 0.26666666666666666 1.0
0 0.1 1.036313107341863 0.16772985458374023 41.244444847106934 0.26666666666666666 1.0
0 0.1 0.9026429214570189 0.6563138961791992 41.90075874328613 0.24242424242424243 1.0
0 0.1 0.786214357305898 0.4331393241882324 42.333898067474365 0.2352941176470588 1.0
0 0.1 0.6848034820193963 0.29059386253356934 42.624491930007935 0.2222222222222222 1.0
0 0.1 0.5964732195846044 1.0466139316558838 43.67110586166382 0.21621621621621623 1.0
0 0.1 0.5195363502423698 2.3388350009918213 46.00994086265564 0.19999999999999998 1.0
0 0.1 0.4525232824553942 3.089439868927002 49.09938073158264 0.19512195121951217 1.0
0 0.1 0.3941539818506903 0.5669629573822021 49.666343688964844 0.19512195121951217 1.0
0 0.1 0.34331352094368267 0.605064868927002 50.271408557891846 0.19047619047619047 1.0
0 0.1 0.2990307826127625 8.936927080154419 59.208335638046265 0.25 1.0
0 0.1 0.2604599105337001 0.5651850700378418 59.773520708084106 0.25 1.0
0 0.1 0.22686415225376097 0.20885300636291504 59.98237371444702 0.24390243902439027 1.0
0 0.1 0.19760178628779224 0.3786599636077881 60.36103367805481 0.24390243902439027 1.0
0 0.1 0.17211386442601356 0.2604689598083496 60.62150263786316 0.24390243902439027 1.0
0 0.1 0.14991353511608546 0.17945218086242676 60.800954818725586 0.24390243902439027 1.0
0 0.01 28.211963230963963 0.006819009780883789 60.80777382850647 0.33333333333333337 1.0
0 0.01 24.573006681497752 0.035376787185668945 60.84315061569214 0.5714285714285715 1.0
0 0.01 21.403425646968028 0.026811838150024414 60.86996245384216 0.5714285714285715 1.0
0 0.01 18.642677119777133 0.02684807777404785 60.89681053161621 0.5714285714285715 1.0
0 0.01 16.238027310431736 0.026738882064819336 60.92354941368103 0.5714285714285715 1.0
0 0.01 14.143544365449966 0.03771686553955078 60.96126627922058 0.5714285714285715 1.0
0 0.01 12.319221010851523 0.0485689640045166 61.0098352432251 0.5714285714285715 1.0
0 0.01 10.730210362611421 0.040273189544677734 61.050108432769775 0.5714285714285715 1.0
0 0.01 9.346160307090315 0.06175518035888672 61.11186361312866 0.7499999999999999 1.0
0 0.01 8.140633737265514 0.041728973388671875 61.153592586517334 0.7499999999999999 1.0
0 0.01 7.090603570541246 0.043118953704833984 61.19671154022217 0.7499999999999999 1.0
0 0.01 6.176012902339531 0.03839612007141113 61.23510766029358 0.7499999999999999 1.0
0 0.01 5.379391893848717 0.04026174545288086 61.27536940574646 0.7499999999999999 1.0
0 0.01 4.685524076001097 0.03360414505004883 61.30897355079651 0.7499999999999999 1.0
0 0.01 4.081155695663349 0.0335240364074707 61.34249758720398 0.7499999999999999 1.0
0 0.01 3.554742552184356 0.03634190559387207 61.37883949279785 0.7499999999999999 1.0
0 0.01 3.09622948855821 0.023654937744140625 61.40249443054199 0.7499999999999999 1.0
0 0.01 2.6968583252045994 0.04683709144592285 61.449331521987915 0.888888888888889 1.0
0 0.01 2.349000567658869 0.022964954376220703 61.472296476364136 0.888888888888889 1.0
0 0.01 2.046011692676912 0.0525050163269043 61.52480149269104 0.7272727272727272 1.0
0 0.01 1.7821042294352372 0.02938389778137207 61.55418539047241 0.7272727272727272 1.0
0 0.01 1.5522372115164986 0.06495213508605957 61.61913752555847 0.6666666666666666 1.0
0 0.01 1.3520198880735976 0.06981515884399414 61.688952684402466 0.5714285714285714 1.0
0 0.01 1.1776278549337647 0.08686590194702148 61.77581858634949 0.5000000000000001 1.0
0 0.01 1.0257300036406054 0.09759116172790527 61.87340974807739 0.47058823529411764 1.0
0 0.01 0.8934248930683893 0.09767699241638184 61.971086740493774 0.4444444444444444 1.0
0 0.01 0.7781853282259436 0.06293511390686035 62.034021854400635 0.4444444444444444 1.0
0 0.01 0.6778100876351608 0.11544179916381836 62.14946365356445 0.3478260869565218 1.0
0 0.01 0.590381877216004 0.07548904418945312 62.224952697753906 0.3478260869565218 1.0
0 0.01 0.5142307075440048 0.07643890380859375 62.3013916015625 0.3478260869565218 1.0
0 0.01 0.44790199493955546 0.17191123962402344 62.47330284118652 0.32000000000000006 1.0
0 0.01 0.39012877707943217 0.09665513038635254 62.569957971572876 0.32000000000000006 1.0
0 0.01 0.33980751241358653 0.09044909477233887 62.660407066345215 0.32000000000000006 1.0
0 0.01 0.2959770011254507 0.09045195579528809 62.7508590221405 0.32000000000000006 1.0
0 0.01 0.2578000249994245 0.1233968734741211 62.874255895614624 0.2962962962962963 1.0
0 0.01 0.22454735549379537 0.11861705780029297 62.99287295341492 0.2857142857142857 1.0
0 0.01 0.19558382455304058 0.07801604270935059 63.07088899612427 0.2857142857142857 1.0
0 0.01 0.1703561920944177 0.3660850524902344 63.4369740486145 0.24242424242424243 1.0
0 0.01 0.14838257842248037 0.15490984916687012 63.59188389778137 0.24242424242424243 1.0
0 0.01 0.12924325971726744 0.14516687393188477 63.73705077171326 0.24242424242424243 1.0
0 0.01 0.1125726507783501 0.1279151439666748 63.86496591567993 0.24242424242424243 1.0
0 0.01 0.09805232188500161 0.22176098823547363 64.0867269039154 0.2352941176470588 1.0
0 0.01 0.08540491638568569 0.10482501983642578 64.19155192375183 0.2352941176470588 1.0
0 0.01 0.07438885283512764 0.3304908275604248 64.52204275131226 0.2222222222222222 1.0
0 0.01 0.06479371048308594 0.32644081115722656 64.84848356246948 0.2105263157894737 1.0
0 0.01 0.056436209971818335 0.3417506217956543 65.19023418426514 0.20512820512820512 1.0
0 0.01 0.049156712468482675 0.15730881690979004 65.34754300117493 0.20512820512820512 1.0
0 0.01 0.0428161703614703 0.6241898536682129 65.97173285484314 0.19047619047619047 1.0
0 0.01 0.03729347127511503 0.23129773139953613 66.20303058624268 0.19047619047619047 1.0
0 0.01 0.032483124670098805 0.5184018611907959 66.72143244743347 0.18181818181818182 1.0
