[216.40736058 188.4937774  164.18066384 143.00360867 124.55810333
 108.49181534  94.49785828  82.30892987  71.69220614  62.44489425
  54.39035884  47.37474809  41.26405496  35.94155748  31.30558923
  27.26759733  23.75045104  20.68696841  18.01863304  15.69447636
  13.67010404  11.906848    10.37102782   9.03330739   7.86813455
   6.85325305   5.96927734   5.19932239   4.52868107   3.94454329
   3.43575127   2.99258645   2.60658382   2.27037024   1.9775236
   1.72245016   1.5002777    1.30676244   1.138208     0.99139477
   0.86351843   0.75213639   0.65512111   0.57061946   0.49701737
   0.43290895   0.37706963   0.32843281   0.28606948   0.24917044]0 1 312.2098259152708 0.0005259513854980469 0.0005259513854980469 0.0 1.0
0 1 271.93903789811014 0.0005939006805419922 0.001119852066040039 0.0 1.0
0 1 236.8626295349813 0.00484776496887207 0.005967617034912109 0.33333333333333337 1.0
0 1 206.31059705097118 0.022515058517456055 0.028482675552368164 0.5714285714285715 1.0
0 1 179.69935797424765 0.014438152313232422 0.042920827865600586 0.5714285714285715 1.0
0 1 156.52060397255676 0.011799097061157227 0.05471992492675781 0.5714285714285715 1.0
0 1 136.33159152101595 0.010080099105834961 0.06480002403259277 0.5714285714285715 1.0
0 1 118.74668494067365 0.009474992752075195 0.07427501678466797 0.7499999999999999 1.0
0 1 103.42999026917344 0.009354114532470703 0.08362913131713867 0.7499999999999999 1.0
0 1 90.08893926113359 0.008703231811523438 0.09233236312866211 0.7499999999999999 1.0
0 1 78.46870096453189 0.007854700088500977 0.10018706321716309 0.7499999999999999 1.0
0 1 68.34731412713553 0.007941007614135742 0.10812807083129883 0.7499999999999999 1.0
0 1 59.53144745577994 0.01126718521118164 0.11939525604248047 0.6666666666666665 1.0
0 1 51.85270674408604 0.008547067642211914 0.12794232368469238 0.7272727272727272 1.0
0 1 45.16441833008278 0.009168863296508789 0.13711118698120117 0.7272727272727272 1.0
0 1 39.33882744370648 0.01319122314453125 0.15030241012573242 0.6153846153846154 1.0
0 1 34.26465792907022 0.017462968826293945 0.16776537895202637 0.47058823529411764 1.0
0 1 29.84498672911064 0.027432918548583984 0.19519829750061035 0.3636363636363636 1.0
0 1 25.99539253258091 0.030204057693481445 0.2254023551940918 0.3076923076923077 1.0
0 1 22.642343220204207 0.08127212524414062 0.3066744804382324 0.26666666666666666 1.0
0 1 19.721791308170232 0.10138392448425293 0.40805840492248535 0.27586206896551724 1.0
0 1 17.177950560167822 0.17037415504455566 0.578432559967041 0.26666666666666666 1.0
0 1 14.962230399696251 0.14321517944335938 0.7216477394104004 0.24242424242424243 1.0
0 1 13.03230776858211 0.12823796272277832 0.8498857021331787 0.2222222222222222 1.0
0 1 11.351318703025308 0.14251303672790527 0.992398738861084 0.2222222222222222 1.0
0 1 9.887154185253786 0.12031006813049316 1.1127088069915771 0.21621621621621623 1.0
0 1 8.611846820663045 0.12624502182006836 1.2389538288116455 0.20512820512820512 1.0
0 1 7.501036625197576 0.12284588813781738 1.361799716949463 0.19999999999999998 1.0
0 1 6.53350571883761 0.10615706443786621 1.467956781387329 0.20512820512820512 1.0
0 1 5.69077303724795 0.1402730941772461 1.6082298755645752 0.18604651162790697 1.0
0 1 4.956741320068812 0.11806893348693848 1.7262988090515137 0.1777777777777778 1.0
0 1 4.317389632878279 0.14151811599731445 1.8678169250488281 0.1702127659574468 1.0
0 1 3.7605055496069455 1.6570420265197754 3.5248589515686035 0.1702127659574468 1.0
0 1 3.2754518797500736 0.3600308895111084 3.884889841079712 0.1702127659574468 1.0
0 1 2.8529634845718124 0.1322019100189209 4.017091751098633 0.16666666666666666 1.0
0 1 2.4849703012340436 0.08843016624450684 4.10552191734314 0.163265306122449 1.0
0 1 2.1644431943866964 0.2614867687225342 4.367008686065674 0.163265306122449 1.0
0 1 1.8852596907900219 0.11551785469055176 4.482526540756226 0.163265306122449 1.0
0 1 1.6420870323301746 0.09895181655883789 4.5814783573150635 0.163265306122449 1.0
0 1 1.4302803135927475 0.08558821678161621 4.66706657409668 0.163265306122449 1.0
0 1 1.2457937582930971 0.08335709571838379 4.7504236698150635 0.163265306122449 1.0
0 1 1.0851034398309916 0.3945169448852539 5.144940614700317 0.1568627450980392 1.0
0 1 0.945139969834425 0.40428686141967773 5.549227476119995 0.1568627450980392 1.0
0 1 0.823229868958621 0.6991496086120605 6.248377084732056 0.1568627450980392 1.0
0 1 0.7170445000483404 1.0372519493103027 7.285629034042358 0.1509433962264151 1.0
0 1 0.624555588222246 1.1038200855255127 8.389449119567871 0.1509433962264151 1.0
0 1 0.5439964782567033 0.6012170314788818 8.990666151046753 0.1509433962264151 1.0
0 1 0.4738283892360109 0.48496198654174805 9.475628137588501 0.1509433962264151 1.0
0 1 0.4127110218901976 0.45757102966308594 9.933199167251587 0.1481481481481481 1.0
0 1 0.3594769571833539 0.46239686012268066 10.395596027374268 0.1481481481481481 1.0
0 0.1 130.20161032759302 0.0004911422729492188 10.396087169647217 0.0 1.0
0 0.1 113.40738729625762 0.00048089027404785156 10.396568059921265 0.0 1.0
0 0.1 98.77938883400856 0.00055694580078125 10.397125005722046 0.0 1.0
0 0.1 86.03820166433057 0.0005218982696533203 10.3976469039917 0.0 1.0
0 0.1 74.9404529934022 0.0005528926849365234 10.398199796676636 0.0 1.0
0 0.1 65.27416178184274 0.0005691051483154297 10.398768901824951 0.0 1.0
0 0.1 56.854689638682785 0.0006148815155029297 10.399383783340454 0.0 1.0
0 0.1 49.52121399451067 0.011891841888427734 10.411275625228882 0.5714285714285715 1.0
0 0.1 43.13365618693992 0.008571147918701172 10.419846773147583 0.5714285714285715 1.0
0 0.1 37.570005780944214 0.00815582275390625 10.42800259590149 0.5714285714285715 1.0
0 0.1 32.7239900151928 0.0076639652252197266 10.435666561126709 0.5714285714285715 1.0
0 0.1 28.503043857863506 0.006962299346923828 10.442628860473633 0.5714285714285715 1.0
0 0.1 24.826541897430772 0.005764007568359375 10.448392868041992 0.5714285714285715 1.0
0 0.1 21.624258295306348 0.006002902984619141 10.454395771026611 0.5714285714285715 1.0
0 0.1 18.835025383479486 0.008727073669433594 10.463122844696045 0.7499999999999999 1.0
0 0.1 16.405565284674683 0.007103919982910156 10.470226764678955 0.7499999999999999 1.0
0 0.1 14.289472237493916 0.006289958953857422 10.476516723632812 0.7499999999999999 1.0
0 0.1 12.446326187665905 0.006182193756103516 10.482698917388916 0.7499999999999999 1.0
0 0.1 10.840920713874212 0.0061571598052978516 10.488856077194214 0.7499999999999999 1.0
0 0.1 9.44259054057033 0.006494045257568359 10.495350122451782 0.7499999999999999 1.0
0 0.1 8.224625792416147 0.004842042922973633 10.500192165374756 0.7499999999999999 1.0
0 0.1 7.163761801874259 0.006563901901245117 10.506756067276001 0.7499999999999999 1.0
0 0.1 6.239734724625884 0.009254217147827148 10.516010284423828 0.7272727272727272 1.0
0 0.1 5.43489447450858 0.007320880889892578 10.52333116531372 0.7272727272727272 1.0
0 0.1 4.733867584541418 0.00613093376159668 10.529462099075317 0.7272727272727272 1.0
0 0.1 4.123263554256632 0.01940298080444336 10.54886507987976 0.6153846153846154 1.0
0 0.1 3.591419074200402 0.016541242599487305 10.565406322479248 0.5714285714285714 1.0
0 0.1 3.128175241967003 0.03731727600097656 10.602723598480225 0.4210526315789473 1.0
0 0.1 2.7246835143108377 0.015462160110473633 10.618185758590698 0.4210526315789473 1.0
0 0.1 2.373236688776134 0.03094005584716797 10.649125814437866 0.38095238095238093 1.0
0 0.1 2.0671216863796724 0.0502772331237793 10.699403047561646 0.3478260869565218 1.0
0 0.1 1.8004913233094775 0.12305784225463867 10.822460889816284 0.32000000000000006 1.0
0 0.1 1.5682526223167341 0.179976224899292 11.002437114715576 0.2857142857142857 1.0
0 0.1 1.3659695304072161 0.09821963310241699 11.100656747817993 0.27586206896551724 1.0
0 0.1 1.1897781846170337 0.1042780876159668 11.20493483543396 0.25806451612903225 1.0
0 0.1 1.036313107341863 0.058161020278930664 11.26309585571289 0.25806451612903225 1.0
0 0.1 0.9026429214570189 0.07582879066467285 11.338924646377563 0.24242424242424243 1.0
0 0.1 0.786214357305898 0.10156393051147461 11.440488576889038 0.2352941176470588 1.0
0 0.1 0.6848034820193963 0.05475187301635742 11.495240449905396 0.2352941176470588 1.0
0 0.1 0.5964732195846044 0.29184389114379883 11.787084341049194 0.2285714285714286 1.0
0 0.1 0.5195363502423698 0.3514218330383301 12.138506174087524 0.2222222222222222 1.0
0 0.1 0.4525232824553942 0.5453958511352539 12.683902025222778 0.20512820512820512 1.0
0 0.1 0.3941539818506903 0.803466796875 13.487368822097778 0.19999999999999998 1.0
0 0.1 0.34331352094368267 0.27092885971069336 13.758297681808472 0.19512195121951217 1.0
0 0.1 0.2990307826127625 0.32213306427001953 14.080430746078491 0.19047619047619047 1.0
0 0.1 0.2604599105337001 0.36687779426574707 14.447308540344238 0.18604651162790697 1.0
0 0.1 0.22686415225376097 0.15916991233825684 14.606478452682495 0.18181818181818182 1.0
0 0.1 0.19760178628779224 0.08002901077270508 14.6865074634552 0.18181818181818182 1.0
0 0.1 0.17211386442601356 0.05550527572631836 14.742012739181519 0.18181818181818182 1.0
0 0.1 0.14991353511608546 1.072361946105957 15.814374685287476 0.1739130434782609 1.0
0 0.01 28.211963230963963 0.0006170272827148438 15.81499171257019 0.0 1.0
0 0.01 24.573006681497752 0.010161876678466797 15.825153589248657 0.5714285714285715 1.0
0 0.01 21.403425646968028 0.006865739822387695 15.832019329071045 0.5714285714285715 1.0
0 0.01 18.642677119777133 0.006499767303466797 15.838519096374512 0.5714285714285715 1.0
0 0.01 16.238027310431736 0.006260395050048828 15.84477949142456 0.5714285714285715 1.0
0 0.01 14.143544365449966 0.006269931793212891 15.851049423217773 0.5714285714285715 1.0
0 0.01 12.319221010851523 0.005724191665649414 15.856773614883423 0.5714285714285715 1.0
0 0.01 10.730210362611421 0.005215644836425781 15.861989259719849 0.5714285714285715 1.0
0 0.01 9.346160307090315 0.0076751708984375 15.869664430618286 0.7499999999999999 1.0
0 0.01 8.140633737265514 0.005898952484130859 15.875563383102417 0.7499999999999999 1.0
0 0.01 7.090603570541246 0.0059130191802978516 15.881476402282715 0.7499999999999999 1.0
0 0.01 6.176012902339531 0.005730152130126953 15.887206554412842 0.7499999999999999 1.0
0 0.01 5.379391893848717 0.005815982818603516 15.893022537231445 0.7499999999999999 1.0
0 0.01 4.685524076001097 0.0053250789642333984 15.898347616195679 0.7499999999999999 1.0
0 0.01 4.081155695663349 0.005310773849487305 15.903658390045166 0.7499999999999999 1.0
0 0.01 3.554742552184356 0.0051479339599609375 15.908806324005127 0.7499999999999999 1.0
0 0.01 3.09622948855821 0.003809690475463867 15.91261601448059 0.7499999999999999 1.0
0 0.01 2.6968583252045994 0.0036962032318115234 15.916312217712402 0.7499999999999999 1.0
0 0.01 2.349000567658869 0.005307674407958984 15.921619892120361 0.7499999999999999 1.0
0 0.01 2.046011692676912 0.009060144424438477 15.9306800365448 0.7272727272727272 1.0
0 0.01 1.7821042294352372 0.00532984733581543 15.936009883880615 0.7272727272727272 1.0
0 0.01 1.5522372115164986 0.005302906036376953 15.941312789916992 0.7272727272727272 1.0
0 0.01 1.3520198880735976 0.01638317108154297 15.957695960998535 0.6153846153846154 1.0
0 0.01 1.1776278549337647 0.01050710678100586 15.968203067779541 0.6153846153846154 1.0
0 0.01 1.0257300036406054 0.024286985397338867 15.99249005317688 0.4210526315789473 1.0
0 0.01 0.8934248930683893 0.012161970138549805 16.00465202331543 0.4210526315789473 1.0
0 0.01 0.7781853282259436 0.010860919952392578 16.015512943267822 0.4210526315789473 1.0
0 0.01 0.6778100876351608 0.0111541748046875 16.02666711807251 0.4210526315789473 1.0
0 0.01 0.590381877216004 0.027599096298217773 16.054266214370728 0.3636363636363636 1.0
0 0.01 0.5142307075440048 0.019299983978271484 16.073566198349 0.3636363636363636 1.0
0 0.01 0.44790199493955546 0.04213905334472656 16.115705251693726 0.3076923076923077 1.0
0 0.01 0.39012877707943217 0.038626909255981445 16.154332160949707 0.2962962962962963 1.0
0 0.01 0.33980751241358653 0.042787790298461914 16.19711995124817 0.2857142857142857 1.0
0 0.01 0.2959770011254507 0.02305912971496582 16.220179080963135 0.2857142857142857 1.0
0 0.01 0.2578000249994245 0.022455930709838867 16.242635011672974 0.2857142857142857 1.0
0 0.01 0.22454735549379537 0.04766106605529785 16.29029607772827 0.25806451612903225 1.0
0 0.01 0.19558382455304058 0.03166627883911133 16.321962356567383 0.25806451612903225 1.0
0 0.01 0.1703561920944177 0.030513763427734375 16.352476119995117 0.25806451612903225 1.0
0 0.01 0.14838257842248037 0.029446125030517578 16.381922245025635 0.25806451612903225 1.0
0 0.01 0.12924325971726744 0.028679847717285156 16.41060209274292 0.25806451612903225 1.0
0 0.01 0.1125726507783501 0.027100086212158203 16.437702178955078 0.25806451612903225 1.0
0 0.01 0.09805232188500161 0.021724939346313477 16.45942711830139 0.25806451612903225 1.0
0 0.01 0.08540491638568569 0.17879128456115723 16.63821840286255 0.2105263157894737 1.0
0 0.01 0.07438885283512764 0.20346474647521973 16.84168314933777 0.21621621621621623 1.0
0 0.01 0.06479371048308594 0.053251028060913086 16.89493417739868 0.21621621621621623 1.0
0 0.01 0.056436209971818335 0.051136016845703125 16.946070194244385 0.21621621621621623 1.0
0 0.01 0.049156712468482675 0.1031041145324707 17.049174308776855 0.2105263157894737 1.0
0 0.01 0.0428161703614703 0.03311729431152344 17.08229160308838 0.2105263157894737 1.0
0 0.01 0.03729347127511503 0.10246706008911133 17.18475866317749 0.20512820512820512 1.0
0 0.01 0.032483124670098805 0.10882687568664551 17.293585538864136 0.19999999999999998 1.0
