[216.40736058 188.4937774  164.18066384 143.00360867 124.55810333
 108.49181534  94.49785828  82.30892987  71.69220614  62.44489425
  54.39035884  47.37474809  41.26405496  35.94155748  31.30558923
  27.26759733  23.75045104  20.68696841  18.01863304  15.69447636
  13.67010404  11.906848    10.37102782   9.03330739   7.86813455
   6.85325305   5.96927734   5.19932239   4.52868107   3.94454329
   3.43575127   2.99258645   2.60658382   2.27037024   1.9775236
   1.72245016   1.5002777    1.30676244   1.138208     0.99139477
   0.86351843   0.75213639   0.65512111   0.57061946   0.49701737
   0.43290895   0.37706963   0.32843281   0.28606948   0.24917044]0 1 312.2098259152708 0.0004987716674804688 0.0004987716674804688 0.0 1.0
0 1 271.93903789811014 0.0005280971527099609 0.0010268688201904297 0.0 1.0
0 1 236.8626295349813 0.0064411163330078125 0.007467985153198242 0.33333333333333337 1.0
0 1 206.31059705097118 0.03015303611755371 0.03762102127075195 0.5714285714285715 1.0
0 1 179.69935797424765 0.019975900650024414 0.05759692192077637 0.5714285714285715 1.0
0 1 156.52060397255676 0.016571998596191406 0.07416892051696777 0.5714285714285715 1.0
0 1 136.33159152101595 0.014718055725097656 0.08888697624206543 0.5714285714285715 1.0
0 1 118.74668494067365 0.014337778091430664 0.1032247543334961 0.7499999999999999 1.0
0 1 103.42999026917344 0.013039112091064453 0.11626386642456055 0.7499999999999999 1.0
0 1 90.08893926113359 0.012639045715332031 0.12890291213989258 0.7499999999999999 1.0
0 1 78.46870096453189 0.012513160705566406 0.14141607284545898 0.7499999999999999 1.0
0 1 68.34731412713553 0.011846065521240234 0.15326213836669922 0.7499999999999999 1.0
0 1 59.53144745577994 0.018392086029052734 0.17165422439575195 0.6666666666666665 1.0
0 1 51.85270674408604 0.012627124786376953 0.1842813491821289 0.7272727272727272 1.0
0 1 45.16441833008278 0.013273954391479492 0.1975553035736084 0.7272727272727272 1.0
0 1 39.33882744370648 0.01810312271118164 0.21565842628479004 0.6153846153846154 1.0
0 1 34.26465792907022 0.02739572525024414 0.24305415153503418 0.47058823529411764 1.0
0 1 29.84498672911064 0.040973663330078125 0.2840278148651123 0.3636363636363636 1.0
0 1 25.99539253258091 0.0534820556640625 0.3375098705291748 0.3076923076923077 1.0
0 1 22.642343220204207 0.14847731590270996 0.48598718643188477 0.26666666666666666 1.0
0 1 19.721791308170232 0.19259190559387207 0.6785790920257568 0.27586206896551724 1.0
0 1 17.177950560167822 0.24951696395874023 0.9280960559844971 0.26666666666666666 1.0
0 1 14.962230399696251 0.2281339168548584 1.1562299728393555 0.24242424242424243 1.0
0 1 13.03230776858211 0.19720697402954102 1.3534369468688965 0.2222222222222222 1.0
0 1 11.351318703025308 0.23907780647277832 1.5925147533416748 0.2222222222222222 1.0
0 1 9.887154185253786 0.195479154586792 1.7879939079284668 0.21621621621621623 1.0
0 1 8.611846820663045 0.19756579399108887 1.9855597019195557 0.20512820512820512 1.0
0 1 7.501036625197576 0.23020291328430176 2.2157626152038574 0.19999999999999998 1.0
0 1 6.53350571883761 0.19368386268615723 2.4094464778900146 0.20512820512820512 1.0
0 1 5.69077303724795 0.2621290683746338 2.6715755462646484 0.18604651162790697 1.0
0 1 4.956741320068812 0.23316502571105957 2.904740571975708 0.1777777777777778 1.0
0 1 4.317389632878279 0.2961769104003906 3.2009174823760986 0.16666666666666666 1.0
0 1 3.7605055496069455 2.2116050720214844 5.412522554397583 0.1702127659574468 1.0
0 1 3.2754518797500736 0.5286540985107422 5.941176652908325 0.1702127659574468 1.0
0 1 2.8529634845718124 0.36773204803466797 6.308908700942993 0.16666666666666666 1.0
0 1 2.4849703012340436 0.30263304710388184 6.611541748046875 0.163265306122449 1.0
0 1 2.1644431943866964 0.44184303283691406 7.053384780883789 0.163265306122449 1.0
0 1 1.8852596907900219 0.29319000244140625 7.346574783325195 0.163265306122449 1.0
0 1 1.6420870323301746 0.27551794052124023 7.6220927238464355 0.163265306122449 1.0
0 1 1.4302803135927475 0.2528510093688965 7.874943733215332 0.163265306122449 1.0
0 1 1.2457937582930971 0.23962092399597168 8.114564657211304 0.163265306122449 1.0
0 1 1.0851034398309916 1.0224659442901611 9.137030601501465 0.1568627450980392 1.0
0 1 0.945139969834425 0.9928007125854492 10.129831314086914 0.1568627450980392 1.0
0 1 0.823229868958621 1.1429929733276367 11.27282428741455 0.1568627450980392 1.0
0 1 0.7170445000483404 1.9948999881744385 13.26772427558899 0.15384615384615383 1.0
0 1 0.624555588222246 2.372622013092041 15.64034628868103 0.1509433962264151 1.0
0 1 0.5439964782567033 1.8225939273834229 17.462940216064453 0.1509433962264151 1.0
0 1 0.4738283892360109 1.6174447536468506 19.080384969711304 0.1509433962264151 1.0
0 1 0.4127110218901976 1.6608319282531738 20.741216897964478 0.1481481481481481 1.0
0 1 0.3594769571833539 1.5911059379577637 22.33232283592224 0.1481481481481481 1.0
0 0.1 130.20161032759302 0.0004971027374267578 22.332819938659668 0.0 1.0
0 0.1 113.40738729625762 0.0004820823669433594 22.33330202102661 0.0 1.0
0 0.1 98.77938883400856 0.0005140304565429688 22.333816051483154 0.0 1.0
0 0.1 86.03820166433057 0.0005147457122802734 22.334330797195435 0.0 1.0
0 0.1 74.9404529934022 0.0005490779876708984 22.334879875183105 0.0 1.0
0 0.1 65.27416178184274 0.0005769729614257812 22.33545684814453 0.0 1.0
0 0.1 56.854689638682785 0.0006067752838134766 22.336063623428345 0.0 1.0
0 0.1 49.52121399451067 0.01665210723876953 22.352715730667114 0.5714285714285715 1.0
0 0.1 43.13365618693992 0.012273073196411133 22.364988803863525 0.5714285714285715 1.0
0 0.1 37.570005780944214 0.011946916580200195 22.376935720443726 0.5714285714285715 1.0
0 0.1 32.7239900151928 0.011435985565185547 22.38837170600891 0.5714285714285715 1.0
0 0.1 28.503043857863506 0.010692834854125977 22.399064540863037 0.5714285714285715 1.0
0 0.1 24.826541897430772 0.009628057479858398 22.408692598342896 0.5714285714285715 1.0
0 0.1 21.624258295306348 0.009644031524658203 22.418336629867554 0.5714285714285715 1.0
0 0.1 18.835025383479486 0.012809991836547852 22.4311466217041 0.7499999999999999 1.0
0 0.1 16.405565284674683 0.01012873649597168 22.441275358200073 0.7499999999999999 1.0
0 0.1 14.289472237493916 0.010325193405151367 22.451600551605225 0.7499999999999999 1.0
0 0.1 12.446326187665905 0.010143041610717773 22.461743593215942 0.7499999999999999 1.0
0 0.1 10.840920713874212 0.009607076644897461 22.47135066986084 0.7499999999999999 1.0
0 0.1 9.44259054057033 0.009685993194580078 22.48103666305542 0.7499999999999999 1.0
0 0.1 8.224625792416147 0.008134841918945312 22.489171504974365 0.7499999999999999 1.0
0 0.1 7.163761801874259 0.011472940444946289 22.50064444541931 0.7499999999999999 1.0
0 0.1 6.239734724625884 0.014981269836425781 22.515625715255737 0.7272727272727272 1.0
0 0.1 5.43489447450858 0.011532068252563477 22.5271577835083 0.7272727272727272 1.0
0 0.1 4.733867584541418 0.009983062744140625 22.53714084625244 0.7272727272727272 1.0
0 0.1 4.123263554256632 0.02959299087524414 22.566733837127686 0.6153846153846154 1.0
0 0.1 3.591419074200402 0.02656698226928711 22.593300819396973 0.5714285714285714 1.0
0 0.1 3.128175241967003 0.053236961364746094 22.64653778076172 0.4210526315789473 1.0
0 0.1 2.7246835143108377 0.02970290184020996 22.67624068260193 0.4210526315789473 1.0
0 0.1 2.373236688776134 0.04433727264404297 22.72057795524597 0.38095238095238093 1.0
0 0.1 2.0671216863796724 0.07978105545043945 22.80035901069641 0.3478260869565218 1.0
0 0.1 1.8004913233094775 0.1700899600982666 22.970448970794678 0.32000000000000006 1.0
0 0.1 1.5682526223167341 0.1875748634338379 23.158023834228516 0.2857142857142857 1.0
0 0.1 1.3659695304072161 0.1570301055908203 23.315053939819336 0.27586206896551724 1.0
0 0.1 1.1897781846170337 0.20911908149719238 23.52417302131653 0.25806451612903225 1.0
0 0.1 1.036313107341863 0.10393404960632324 23.62810707092285 0.25806451612903225 1.0
0 0.1 0.9026429214570189 0.14964008331298828 23.77774715423584 0.24242424242424243 1.0
0 0.1 0.786214357305898 0.16358518600463867 23.94133234024048 0.2352941176470588 1.0
0 0.1 0.6848034820193963 0.10670804977416992 24.04804039001465 0.2352941176470588 1.0
0 0.1 0.5964732195846044 0.4456942081451416 24.49373459815979 0.2285714285714286 1.0
0 0.1 0.5195363502423698 0.5912578105926514 25.08499240875244 0.2222222222222222 1.0
0 0.1 0.4525232824553942 0.6736419200897217 25.758634328842163 0.20512820512820512 1.0
0 0.1 0.3941539818506903 0.9891691207885742 26.747803449630737 0.19999999999999998 1.0
0 0.1 0.34331352094368267 0.5420989990234375 27.289902448654175 0.19512195121951217 1.0
0 0.1 0.2990307826127625 0.4176521301269531 27.707554578781128 0.19047619047619047 1.0
0 0.1 0.2604599105337001 1.322803020477295 29.030357599258423 0.18181818181818182 1.0
0 0.1 0.22686415225376097 0.619520902633667 29.64987850189209 0.18181818181818182 1.0
0 0.1 0.19760178628779224 0.3222317695617676 29.972110271453857 0.18181818181818182 1.0
0 0.1 0.17211386442601356 0.20600104331970215 30.17811131477356 0.18181818181818182 1.0
0 0.1 0.14991353511608546 2.806878089904785 32.984989404678345 0.1739130434782609 1.0
0 0.01 28.211963230963963 0.0006029605865478516 32.98559236526489 0.0 1.0
0 0.01 24.573006681497752 0.014042854309082031 32.999635219573975 0.5714285714285715 1.0
0 0.01 21.403425646968028 0.009961843490600586 33.009597063064575 0.5714285714285715 1.0
0 0.01 18.642677119777133 0.010040044784545898 33.01963710784912 0.5714285714285715 1.0
0 0.01 16.238027310431736 0.009613037109375 33.029250144958496 0.5714285714285715 1.0
0 0.01 14.143544365449966 0.009936094284057617 33.039186239242554 0.5714285714285715 1.0
0 0.01 12.319221010851523 0.009605169296264648 33.04879140853882 0.5714285714285715 1.0
0 0.01 10.730210362611421 0.008553266525268555 33.05734467506409 0.5714285714285715 1.0
0 0.01 9.346160307090315 0.011821746826171875 33.06916642189026 0.7499999999999999 1.0
0 0.01 8.140633737265514 0.00943303108215332 33.07859945297241 0.7499999999999999 1.0
0 0.01 7.090603570541246 0.010235071182250977 33.08883452415466 0.7499999999999999 1.0
0 0.01 6.176012902339531 0.009779930114746094 33.09861445426941 0.7499999999999999 1.0
0 0.01 5.379391893848717 0.009510993957519531 33.10812544822693 0.7499999999999999 1.0
0 0.01 4.685524076001097 0.009522199630737305 33.117647647857666 0.7499999999999999 1.0
0 0.01 4.081155695663349 0.009238243103027344 33.12688589096069 0.7499999999999999 1.0
0 0.01 3.554742552184356 0.008581876754760742 33.135467767715454 0.7499999999999999 1.0
0 0.01 3.09622948855821 0.0076830387115478516 33.143150806427 0.7499999999999999 1.0
0 0.01 2.6968583252045994 0.006864786148071289 33.15001559257507 0.7499999999999999 1.0
0 0.01 2.349000567658869 0.00978398323059082 33.159799575805664 0.7499999999999999 1.0
0 0.01 2.046011692676912 0.013158321380615234 33.17295789718628 0.7272727272727272 1.0
0 0.01 1.7821042294352372 0.010018110275268555 33.18297600746155 0.7272727272727272 1.0
0 0.01 1.5522372115164986 0.00983285903930664 33.192808866500854 0.7272727272727272 1.0
0 0.01 1.3520198880735976 0.02486705780029297 33.21767592430115 0.6153846153846154 1.0
0 0.01 1.1776278549337647 0.018156051635742188 33.23583197593689 0.6153846153846154 1.0
0 0.01 1.0257300036406054 0.03409695625305176 33.26992893218994 0.4210526315789473 1.0
0 0.01 0.8934248930683893 0.021293163299560547 33.2912220954895 0.4210526315789473 1.0
0 0.01 0.7781853282259436 0.020457983016967773 33.31168007850647 0.4210526315789473 1.0
0 0.01 0.6778100876351608 0.023436784744262695 33.33511686325073 0.4210526315789473 1.0
0 0.01 0.590381877216004 0.04408979415893555 33.37920665740967 0.3636363636363636 1.0
0 0.01 0.5142307075440048 0.038693904876708984 33.41790056228638 0.3636363636363636 1.0
0 0.01 0.44790199493955546 0.0704948902130127 33.48839545249939 0.3076923076923077 1.0
0 0.01 0.39012877707943217 0.06280183792114258 33.55119729042053 0.2962962962962963 1.0
0 0.01 0.33980751241358653 0.06188201904296875 33.6130793094635 0.2857142857142857 1.0
0 0.01 0.2959770011254507 0.0443110466003418 33.65739035606384 0.2857142857142857 1.0
0 0.01 0.2578000249994245 0.04376101493835449 33.7011513710022 0.2857142857142857 1.0
0 0.01 0.22454735549379537 0.07551693916320801 33.776668310165405 0.25806451612903225 1.0
0 0.01 0.19558382455304058 0.05925917625427246 33.83592748641968 0.25806451612903225 1.0
0 0.01 0.1703561920944177 0.057271718978881836 33.89319920539856 0.25806451612903225 1.0
0 0.01 0.14838257842248037 0.05633807182312012 33.94953727722168 0.25806451612903225 1.0
0 0.01 0.12924325971726744 0.055249929428100586 34.00478720664978 0.25806451612903225 1.0
0 0.01 0.1125726507783501 0.053891897201538086 34.05867910385132 0.25806451612903225 1.0
0 0.01 0.09805232188500161 0.04663395881652832 34.10531306266785 0.25806451612903225 1.0
0 0.01 0.08540491638568569 0.25196385383605957 34.357276916503906 0.2105263157894737 1.0
0 0.01 0.07438885283512764 0.29054808616638184 34.64782500267029 0.21621621621621623 1.0
0 0.01 0.06479371048308594 0.13084697723388672 34.778671979904175 0.21621621621621623 1.0
0 0.01 0.056436209971818335 0.12810802459716797 34.90678000450134 0.21621621621621623 1.0
0 0.01 0.049156712468482675 0.18159794807434082 35.088377952575684 0.2105263157894737 1.0
0 0.01 0.0428161703614703 0.11085295677185059 35.199230909347534 0.2105263157894737 1.0
0 0.01 0.03729347127511503 0.19557714462280273 35.39480805397034 0.20512820512820512 1.0
0 0.01 0.032483124670098805 0.20400190353393555 35.59880995750427 0.19999999999999998 1.0
