[216.40736058 188.4937774  164.18066384 143.00360867 124.55810333
 108.49181534  94.49785828  82.30892987  71.69220614  62.44489425
  54.39035884  47.37474809  41.26405496  35.94155748  31.30558923
  27.26759733  23.75045104  20.68696841  18.01863304  15.69447636
  13.67010404  11.906848    10.37102782   9.03330739   7.86813455
   6.85325305   5.96927734   5.19932239   4.52868107   3.94454329
   3.43575127   2.99258645   2.60658382   2.27037024   1.9775236
   1.72245016   1.5002777    1.30676244   1.138208     0.99139477
   0.86351843   0.75213639   0.65512111   0.57061946   0.49701737
   0.43290895   0.37706963   0.32843281   0.28606948   0.24917044]0 1 312.2098259152708 0.0004987716674804688 0.0004987716674804688 0.0 1.0
0 1 271.93903789811014 0.0005297660827636719 0.0010285377502441406 0.0 1.0
0 1 236.8626295349813 0.005276918411254883 0.0063054561614990234 0.33333333333333337 1.0
0 1 206.31059705097118 0.025422096252441406 0.03172755241394043 0.5714285714285715 1.0
0 1 179.69935797424765 0.017167091369628906 0.048894643783569336 0.5714285714285715 1.0
0 1 156.52060397255676 0.01371908187866211 0.06261372566223145 0.5714285714285715 1.0
0 1 136.33159152101595 0.01178121566772461 0.07439494132995605 0.5714285714285715 1.0
0 1 118.74668494067365 0.01176309585571289 0.08615803718566895 0.7499999999999999 1.0
0 1 103.42999026917344 0.01151728630065918 0.09767532348632812 0.7499999999999999 1.0
0 1 90.08893926113359 0.01076197624206543 0.10843729972839355 0.7499999999999999 1.0
0 1 78.46870096453189 0.010575056076049805 0.11901235580444336 0.7499999999999999 1.0
0 1 68.34731412713553 0.009705066680908203 0.12871742248535156 0.7499999999999999 1.0
0 1 59.53144745577994 0.014790058135986328 0.1435074806213379 0.6666666666666665 1.0
0 1 51.85270674408604 0.010592222213745117 0.154099702835083 0.7272727272727272 1.0
0 1 45.16441833008278 0.011223077774047852 0.16532278060913086 0.7272727272727272 1.0
0 1 39.33882744370648 0.013868093490600586 0.17919087409973145 0.6153846153846154 1.0
0 1 34.26465792907022 0.02166891098022461 0.20085978507995605 0.47058823529411764 1.0
0 1 29.84498672911064 0.03399085998535156 0.23485064506530762 0.3636363636363636 1.0
0 1 25.99539253258091 0.04109025001525879 0.2759408950805664 0.3076923076923077 1.0
0 1 22.642343220204207 0.11420202255249023 0.39014291763305664 0.26666666666666666 1.0
0 1 19.721791308170232 0.14063501358032227 0.5307779312133789 0.27586206896551724 1.0
0 1 17.177950560167822 0.20667695999145508 0.737454891204834 0.26666666666666666 1.0
0 1 14.962230399696251 0.18021702766418457 0.9176719188690186 0.24242424242424243 1.0
0 1 13.03230776858211 0.15818428993225098 1.0758562088012695 0.2222222222222222 1.0
0 1 11.351318703025308 0.1917881965637207 1.2676444053649902 0.2222222222222222 1.0
0 1 9.887154185253786 0.15575098991394043 1.4233953952789307 0.21621621621621623 1.0
0 1 8.611846820663045 0.1534891128540039 1.5768845081329346 0.20512820512820512 1.0
0 1 7.501036625197576 0.174515962600708 1.7514004707336426 0.19999999999999998 1.0
0 1 6.53350571883761 0.1438617706298828 1.8952622413635254 0.20512820512820512 1.0
0 1 5.69077303724795 0.1980900764465332 2.0933523178100586 0.18604651162790697 1.0
0 1 4.956741320068812 0.16939806938171387 2.2627503871917725 0.1777777777777778 1.0
0 1 4.317389632878279 0.20736002922058105 2.4701104164123535 0.16666666666666666 1.0
0 1 3.7605055496069455 1.8879599571228027 4.358070373535156 0.1702127659574468 1.0
0 1 3.2754518797500736 0.4366037845611572 4.7946741580963135 0.1702127659574468 1.0
0 1 2.8529634845718124 0.24424004554748535 5.038914203643799 0.16666666666666666 1.0
0 1 2.4849703012340436 0.1851058006286621 5.224020004272461 0.163265306122449 1.0
0 1 2.1644431943866964 0.3455209732055664 5.569540977478027 0.163265306122449 1.0
0 1 1.8852596907900219 0.1958162784576416 5.765357255935669 0.163265306122449 1.0
0 1 1.6420870323301746 0.17981791496276855 5.9451751708984375 0.163265306122449 1.0
0 1 1.4302803135927475 0.16684198379516602 6.1120171546936035 0.163265306122449 1.0
0 1 1.2457937582930971 0.15498590469360352 6.267003059387207 0.163265306122449 1.0
0 1 1.0851034398309916 0.7051060199737549 6.972109079360962 0.1568627450980392 1.0
0 1 0.945139969834425 0.6840419769287109 7.656151056289673 0.1568627450980392 1.0
0 1 0.823229868958621 0.9019670486450195 8.558118104934692 0.1568627450980392 1.0
0 1 0.7170445000483404 1.5254058837890625 10.083523988723755 0.15384615384615383 1.0
0 1 0.624555588222246 1.6889278888702393 11.772451877593994 0.1509433962264151 1.0
0 1 0.5439964782567033 1.162842035293579 12.935293912887573 0.1509433962264151 1.0
0 1 0.4738283892360109 1.0115389823913574 13.94683289527893 0.1509433962264151 1.0
0 1 0.4127110218901976 1.0317811965942383 14.978614091873169 0.1481481481481481 1.0
0 1 0.3594769571833539 1.0070550441741943 15.985669136047363 0.1481481481481481 1.0
0 0.1 130.20161032759302 0.0004942417144775391 15.98616337776184 0.0 1.0
0 0.1 113.40738729625762 0.0004858970642089844 15.98664927482605 0.0 1.0
0 0.1 98.77938883400856 0.0005257129669189453 15.987174987792969 0.0 1.0
0 0.1 86.03820166433057 0.0005178451538085938 15.987692832946777 0.0 1.0
0 0.1 74.9404529934022 0.0005600452423095703 15.988252878189087 0.0 1.0
0 0.1 65.27416178184274 0.0005791187286376953 15.988831996917725 0.0 1.0
0 0.1 56.854689638682785 0.0006132125854492188 15.989445209503174 0.0 1.0
0 0.1 49.52121399451067 0.013625144958496094 16.00307035446167 0.5714285714285715 1.0
0 0.1 43.13365618693992 0.009953975677490234 16.01302433013916 0.5714285714285715 1.0
0 0.1 37.570005780944214 0.009768009185791016 16.02279233932495 0.5714285714285715 1.0
0 0.1 32.7239900151928 0.009009122848510742 16.031801462173462 0.5714285714285715 1.0
0 0.1 28.503043857863506 0.009117841720581055 16.040919303894043 0.5714285714285715 1.0
0 0.1 24.826541897430772 0.008093118667602539 16.049012422561646 0.5714285714285715 1.0
0 0.1 21.624258295306348 0.0075740814208984375 16.056586503982544 0.5714285714285715 1.0
0 0.1 18.835025383479486 0.010616064071655273 16.0672025680542 0.7499999999999999 1.0
0 0.1 16.405565284674683 0.008460044860839844 16.07566261291504 0.7499999999999999 1.0
0 0.1 14.289472237493916 0.00845479965209961 16.08411741256714 0.7499999999999999 1.0
0 0.1 12.446326187665905 0.007917165756225586 16.092034578323364 0.7499999999999999 1.0
0 0.1 10.840920713874212 0.008064985275268555 16.100099563598633 0.7499999999999999 1.0
0 0.1 9.44259054057033 0.007910966873168945 16.1080105304718 0.7499999999999999 1.0
0 0.1 8.224625792416147 0.006543159484863281 16.114553689956665 0.7499999999999999 1.0
0 0.1 7.163761801874259 0.009053945541381836 16.123607635498047 0.7499999999999999 1.0
0 0.1 6.239734724625884 0.012317895889282227 16.13592553138733 0.7272727272727272 1.0
0 0.1 5.43489447450858 0.009263753890991211 16.14518928527832 0.7272727272727272 1.0
0 0.1 4.733867584541418 0.008209228515625 16.153398513793945 0.7272727272727272 1.0
0 0.1 4.123263554256632 0.025056838989257812 16.178455352783203 0.6153846153846154 1.0
0 0.1 3.591419074200402 0.021748065948486328 16.20020341873169 0.5714285714285714 1.0
0 0.1 3.128175241967003 0.045269012451171875 16.24547243118286 0.4210526315789473 1.0
0 0.1 2.7246835143108377 0.02295398712158203 16.268426418304443 0.4210526315789473 1.0
0 0.1 2.373236688776134 0.03732609748840332 16.305752515792847 0.38095238095238093 1.0
0 0.1 2.0671216863796724 0.06384992599487305 16.36960244178772 0.3478260869565218 1.0
0 0.1 1.8004913233094775 0.14780807495117188 16.51741051673889 0.32000000000000006 1.0
0 0.1 1.5682526223167341 0.17504501342773438 16.692455530166626 0.2857142857142857 1.0
0 0.1 1.3659695304072161 0.12638592720031738 16.818841457366943 0.27586206896551724 1.0
0 0.1 1.1897781846170337 0.15511417388916016 16.973955631256104 0.25806451612903225 1.0
0 0.1 1.036313107341863 0.08093810081481934 17.054893732070923 0.25806451612903225 1.0
0 0.1 0.9026429214570189 0.10946917533874512 17.164362907409668 0.24242424242424243 1.0
0 0.1 0.786214357305898 0.1317892074584961 17.296152114868164 0.2352941176470588 1.0
0 0.1 0.6848034820193963 0.07998895645141602 17.37614107131958 0.2352941176470588 1.0
0 0.1 0.5964732195846044 0.3643479347229004 17.74048900604248 0.2285714285714286 1.0
0 0.1 0.5195363502423698 0.47003793716430664 18.210526943206787 0.2222222222222222 1.0
0 0.1 0.4525232824553942 0.6093871593475342 18.81991410255432 0.20512820512820512 1.0
0 0.1 0.3941539818506903 0.876561164855957 19.69647526741028 0.19999999999999998 1.0
0 0.1 0.34331352094368267 0.4237098693847656 20.120185136795044 0.19512195121951217 1.0
0 0.1 0.2990307826127625 0.3655710220336914 20.485756158828735 0.19047619047619047 1.0
0 0.1 0.2604599105337001 0.6478629112243652 21.1336190700531 0.18181818181818182 1.0
0 0.1 0.22686415225376097 0.3740878105163574 21.507706880569458 0.18181818181818182 1.0
0 0.1 0.19760178628779224 0.1684107780456543 21.676117658615112 0.18181818181818182 1.0
0 0.1 0.17211386442601356 0.11395621299743652 21.79007387161255 0.18181818181818182 1.0
0 0.1 0.14991353511608546 1.9608662128448486 23.750940084457397 0.1739130434782609 1.0
0 0.01 28.211963230963963 0.0006072521209716797 23.75154733657837 0.0 1.0
0 0.01 24.573006681497752 0.012170791625976562 23.763718128204346 0.5714285714285715 1.0
0 0.01 21.403425646968028 0.008378267288208008 23.772096395492554 0.5714285714285715 1.0
0 0.01 18.642677119777133 0.008529901504516602 23.78062629699707 0.5714285714285715 1.0
0 0.01 16.238027310431736 0.007921695709228516 23.7885479927063 0.5714285714285715 1.0
0 0.01 14.143544365449966 0.008095979690551758 23.79664397239685 0.5714285714285715 1.0
0 0.01 12.319221010851523 0.007431983947753906 23.804075956344604 0.5714285714285715 1.0
0 0.01 10.730210362611421 0.007075071334838867 23.811151027679443 0.5714285714285715 1.0
0 0.01 9.346160307090315 0.010113954544067383 23.82126498222351 0.7499999999999999 1.0
0 0.01 8.140633737265514 0.007912158966064453 23.829177141189575 0.7499999999999999 1.0
0 0.01 7.090603570541246 0.007372140884399414 23.836549282073975 0.7499999999999999 1.0
0 0.01 6.176012902339531 0.0073680877685546875 23.84391736984253 0.7499999999999999 1.0
0 0.01 5.379391893848717 0.007411956787109375 23.85132932662964 0.7499999999999999 1.0
0 0.01 4.685524076001097 0.0073680877685546875 23.858697414398193 0.7499999999999999 1.0
0 0.01 4.081155695663349 0.006918907165527344 23.86561632156372 0.7499999999999999 1.0
0 0.01 3.554742552184356 0.006951093673706055 23.872567415237427 0.7499999999999999 1.0
0 0.01 3.09622948855821 0.005433082580566406 23.878000497817993 0.7499999999999999 1.0
0 0.01 2.6968583252045994 0.005365133285522461 23.883365631103516 0.7499999999999999 1.0
0 0.01 2.349000567658869 0.007426023483276367 23.890791654586792 0.7499999999999999 1.0
0 0.01 2.046011692676912 0.01202702522277832 23.90281867980957 0.7272727272727272 1.0
0 0.01 1.7821042294352372 0.00773310661315918 23.91055178642273 0.7272727272727272 1.0
0 0.01 1.5522372115164986 0.0076198577880859375 23.918171644210815 0.7272727272727272 1.0
0 0.01 1.3520198880735976 0.020770788192749023 23.938942432403564 0.6153846153846154 1.0
0 0.01 1.1776278549337647 0.015746116638183594 23.954688549041748 0.6153846153846154 1.0
0 0.01 1.0257300036406054 0.02927088737487793 23.983959436416626 0.4210526315789473 1.0
0 0.01 0.8934248930683893 0.0162808895111084 24.000240325927734 0.4210526315789473 1.0
0 0.01 0.7781853282259436 0.015332937240600586 24.015573263168335 0.4210526315789473 1.0
0 0.01 0.6778100876351608 0.015717029571533203 24.031290292739868 0.4210526315789473 1.0
0 0.01 0.590381877216004 0.03572201728820801 24.067012310028076 0.3636363636363636 1.0
0 0.01 0.5142307075440048 0.028994083404541016 24.096006393432617 0.3636363636363636 1.0
0 0.01 0.44790199493955546 0.05623769760131836 24.152244091033936 0.3076923076923077 1.0
0 0.01 0.39012877707943217 0.051837921142578125 24.204082012176514 0.2962962962962963 1.0
0 0.01 0.33980751241358653 0.051911115646362305 24.255993127822876 0.2857142857142857 1.0
0 0.01 0.2959770011254507 0.034761905670166016 24.290755033493042 0.2857142857142857 1.0
0 0.01 0.2578000249994245 0.032900094985961914 24.323655128479004 0.2857142857142857 1.0
0 0.01 0.22454735549379537 0.06201791763305664 24.38567304611206 0.25806451612903225 1.0
0 0.01 0.19558382455304058 0.04483461380004883 24.43050765991211 0.25806451612903225 1.0
0 0.01 0.1703561920944177 0.04376411437988281 24.474271774291992 0.25806451612903225 1.0
0 0.01 0.14838257842248037 0.042526960372924805 24.516798734664917 0.25806451612903225 1.0
0 0.01 0.12924325971726744 0.04149985313415527 24.558298587799072 0.25806451612903225 1.0
0 0.01 0.1125726507783501 0.04041004180908203 24.598708629608154 0.25806451612903225 1.0
0 0.01 0.09805232188500161 0.03405427932739258 24.632762908935547 0.25806451612903225 1.0
0 0.01 0.08540491638568569 0.21161794662475586 24.844380855560303 0.2105263157894737 1.0
0 0.01 0.07438885283512764 0.24788403511047363 25.092264890670776 0.21621621621621623 1.0
0 0.01 0.06479371048308594 0.09552788734436035 25.187792778015137 0.21621621621621623 1.0
0 0.01 0.056436209971818335 0.08604979515075684 25.273842573165894 0.21621621621621623 1.0
0 0.01 0.049156712468482675 0.13936376571655273 25.413206338882446 0.2105263157894737 1.0
0 0.01 0.0428161703614703 0.07570791244506836 25.488914251327515 0.2105263157894737 1.0
0 0.01 0.03729347127511503 0.1484851837158203 25.637399435043335 0.20512820512820512 1.0
0 0.01 0.032483124670098805 0.15658211708068848 25.793981552124023 0.19999999999999998 1.0
