[216.40736058 188.4937774  164.18066384 143.00360867 124.55810333
 108.49181534  94.49785828  82.30892987  71.69220614  62.44489425
  54.39035884  47.37474809  41.26405496  35.94155748  31.30558923
  27.26759733  23.75045104  20.68696841  18.01863304  15.69447636
  13.67010404  11.906848    10.37102782   9.03330739   7.86813455
   6.85325305   5.96927734   5.19932239   4.52868107   3.94454329
   3.43575127   2.99258645   2.60658382   2.27037024   1.9775236
   1.72245016   1.5002777    1.30676244   1.138208     0.99139477
   0.86351843   0.75213639   0.65512111   0.57061946   0.49701737
   0.43290895   0.37706963   0.32843281   0.28606948   0.24917044]0 1 312.2098259152708 0.0006568431854248047 0.0006568431854248047 0.0 1.0
0 1 271.93903789811014 0.0006430149078369141 0.0012998580932617188 0.0 1.0
0 1 236.8626295349813 0.007416725158691406 0.008716583251953125 0.33333333333333337 1.0
0 1 206.31059705097118 0.006678104400634766 0.01539468765258789 0.5714285714285715 1.0
0 1 179.69935797424765 0.004338264465332031 0.019732952117919922 0.5714285714285715 1.0
0 1 156.52060397255676 0.003598928451538086 0.023331880569458008 0.5714285714285715 1.0
0 1 136.33159152101595 0.0030269622802734375 0.026358842849731445 0.5714285714285715 1.0
0 1 118.74668494067365 0.007400035858154297 0.03375887870788574 0.7499999999999999 1.0
0 1 103.42999026917344 0.004761934280395508 0.03852081298828125 0.7499999999999999 1.0
0 1 90.08893926113359 0.004364013671875 0.04288482666015625 0.7499999999999999 1.0
0 1 78.46870096453189 0.0032198429107666016 0.04610466957092285 0.7499999999999999 1.0
0 1 68.34731412713553 0.0037708282470703125 0.049875497817993164 0.7499999999999999 1.0
0 1 59.53144745577994 0.005259990692138672 0.055135488510131836 0.6666666666666665 1.0
0 1 51.85270674408604 0.007687807083129883 0.06282329559326172 0.7272727272727272 1.0
0 1 45.16441833008278 0.007881879806518555 0.07070517539978027 0.7272727272727272 1.0
0 1 39.33882744370648 0.008360862731933594 0.07906603813171387 0.6153846153846154 1.0
0 1 34.26465792907022 0.016525745391845703 0.09559178352355957 0.47058823529411764 1.0
0 1 29.84498672911064 0.01898503303527832 0.11457681655883789 0.3636363636363636 1.0
0 1 25.99539253258091 0.021793127059936523 0.13636994361877441 0.3076923076923077 1.0
0 1 22.642343220204207 0.057478904724121094 0.1938488483428955 0.26666666666666666 1.0
0 1 19.721791308170232 0.06624317169189453 0.26009202003479004 0.27586206896551724 1.0
0 1 17.177950560167822 0.12597393989562988 0.3860659599304199 0.26666666666666666 1.0
0 1 14.962230399696251 0.09906768798828125 0.48513364791870117 0.24242424242424243 1.0
0 1 13.03230776858211 0.09256291389465332 0.5776965618133545 0.2222222222222222 1.0
0 1 11.351318703025308 0.09044194221496582 0.6681385040283203 0.2222222222222222 1.0
0 1 9.887154185253786 0.08392667770385742 0.7520651817321777 0.21621621621621623 1.0
0 1 8.611846820663045 0.08254599571228027 0.834611177444458 0.20512820512820512 1.0
0 1 7.501036625197576 0.09794402122497559 0.9325551986694336 0.19999999999999998 1.0
0 1 6.53350571883761 0.08672809600830078 1.0192832946777344 0.20512820512820512 1.0
0 1 5.69077303724795 0.10780620574951172 1.127089500427246 0.18604651162790697 1.0
0 1 4.956741320068812 0.08962798118591309 1.2167174816131592 0.1777777777777778 1.0
0 1 4.317389632878279 0.11095809936523438 1.3276755809783936 0.16666666666666666 1.0
0 1 3.7605055496069455 1.0316970348358154 2.359372615814209 0.1702127659574468 1.0
0 1 3.2754518797500736 0.21825814247131348 2.5776307582855225 0.1702127659574468 1.0
0 1 2.8529634845718124 0.09302401542663574 2.670654773712158 0.16666666666666666 1.0
0 1 2.4849703012340436 0.1126868724822998 2.783341646194458 0.163265306122449 1.0
0 1 2.1644431943866964 0.17159605026245117 2.954937696456909 0.163265306122449 1.0
0 1 1.8852596907900219 0.07835793495178223 3.0332956314086914 0.163265306122449 1.0
0 1 1.6420870323301746 0.07539606094360352 3.108691692352295 0.163265306122449 1.0
0 1 1.4302803135927475 0.07375597953796387 3.182447671890259 0.163265306122449 1.0
0 1 1.2457937582930971 0.07074618339538574 3.2531938552856445 0.163265306122449 1.0
0 1 1.0851034398309916 0.3863980770111084 3.639591932296753 0.1568627450980392 1.0
0 1 0.945139969834425 0.3356590270996094 3.9752509593963623 0.1568627450980392 1.0
0 1 0.823229868958621 0.5805809497833252 4.5558319091796875 0.1568627450980392 1.0
0 1 0.7170445000483404 1.1541101932525635 5.709942102432251 0.15384615384615383 1.0
0 1 0.624555588222246 0.9588820934295654 6.668824195861816 0.1509433962264151 1.0
0 1 0.5439964782567033 0.6264986991882324 7.295322895050049 0.1509433962264151 1.0
0 1 0.4738283892360109 0.5478053092956543 7.843128204345703 0.1509433962264151 1.0
0 1 0.4127110218901976 0.5534260272979736 8.396554231643677 0.1481481481481481 1.0
0 1 0.3594769571833539 0.5432171821594238 8.9397714138031 0.1481481481481481 1.0
0 0.1 130.20161032759302 0.000637054443359375 8.94040846824646 0.0 1.0
0 0.1 113.40738729625762 0.0006308555603027344 8.941039323806763 0.0 1.0
0 0.1 98.77938883400856 0.0006320476531982422 8.941671371459961 0.0 1.0
0 0.1 86.03820166433057 0.0006258487701416016 8.942297220230103 0.0 1.0
0 0.1 74.9404529934022 0.0006546974182128906 8.942951917648315 0.0 1.0
0 0.1 65.27416178184274 0.0006458759307861328 8.943597793579102 0.0 1.0
0 0.1 56.854689638682785 0.0006589889526367188 8.944256782531738 0.0 1.0
0 0.1 49.52121399451067 0.0006742477416992188 8.944931030273438 0.0 1.0
0 0.1 43.13365618693992 0.0006530284881591797 8.945584058761597 0.0 1.0
0 0.1 37.570005780944214 0.0006310939788818359 8.946215152740479 0.0 1.0
0 0.1 32.7239900151928 0.0006220340728759766 8.946837186813354 0.0 1.0
0 0.1 28.503043857863506 0.0006208419799804688 8.947458028793335 0.0 1.0
0 0.1 24.826541897430772 0.0074863433837890625 8.954944372177124 0.5714285714285715 1.0
0 0.1 21.624258295306348 0.0017521381378173828 8.956696510314941 0.5714285714285715 1.0
0 0.1 18.835025383479486 0.0018200874328613281 8.958516597747803 0.5714285714285715 1.0
0 0.1 16.405565284674683 0.0017788410186767578 8.96029543876648 0.5714285714285715 1.0
0 0.1 14.289472237493916 0.0017979145050048828 8.962093353271484 0.5714285714285715 1.0
0 0.1 12.446326187665905 0.0018091201782226562 8.963902473449707 0.5714285714285715 1.0
0 0.1 10.840920713874212 0.006368160247802734 8.97027063369751 0.7499999999999999 1.0
0 0.1 9.44259054057033 0.0024199485778808594 8.97269058227539 0.7499999999999999 1.0
0 0.1 8.224625792416147 0.002395153045654297 8.975085735321045 0.7499999999999999 1.0
0 0.1 7.163761801874259 0.0027959346771240234 8.977881669998169 0.7499999999999999 1.0
0 0.1 6.239734724625884 0.0027451515197753906 8.980626821517944 0.7499999999999999 1.0
0 0.1 5.43489447450858 0.012111186981201172 8.992738008499146 0.7272727272727272 1.0
0 0.1 4.733867584541418 0.005323886871337891 8.998061895370483 0.7272727272727272 1.0
0 0.1 4.123263554256632 0.005980014801025391 9.004041910171509 0.7272727272727272 1.0
0 0.1 3.591419074200402 0.026860713958740234 9.030902624130249 0.5714285714285714 1.0
0 0.1 3.128175241967003 0.06138205528259277 9.092284679412842 0.4444444444444444 1.0
0 0.1 2.7246835143108377 0.030606985092163086 9.122891664505005 0.4 1.0
0 0.1 2.373236688776134 0.05660700798034668 9.179498672485352 0.3636363636363636 1.0
0 0.1 2.0671216863796724 0.08913207054138184 9.268630743026733 0.32000000000000006 1.0
0 0.1 1.8004913233094775 0.024407148361206055 9.29303789138794 0.32000000000000006 1.0
0 0.1 1.5682526223167341 0.12106108665466309 9.414098978042603 0.2962962962962963 1.0
0 0.1 1.3659695304072161 0.0719301700592041 9.486029148101807 0.27586206896551724 1.0
0 0.1 1.1897781846170337 0.049989938735961914 9.536019086837769 0.26666666666666666 1.0
0 0.1 1.036313107341863 0.0978999137878418 9.63391900062561 0.25806451612903225 1.0
0 0.1 0.9026429214570189 0.1233069896697998 9.75722599029541 0.24242424242424243 1.0
0 0.1 0.786214357305898 0.07216787338256836 9.829393863677979 0.2352941176470588 1.0
0 0.1 0.6848034820193963 0.19051408767700195 10.01990795135498 0.2285714285714286 1.0
0 0.1 0.5964732195846044 0.0815279483795166 10.101435899734497 0.2285714285714286 1.0
0 0.1 0.5195363502423698 0.10174417495727539 10.203180074691772 0.21621621621621623 1.0
0 0.1 0.4525232824553942 0.10889101028442383 10.312071084976196 0.20512820512820512 1.0
0 0.1 0.3941539818506903 0.19840002059936523 10.510471105575562 0.19999999999999998 1.0
0 0.1 0.34331352094368267 0.5896193981170654 11.100090503692627 0.19512195121951217 1.0
0 0.1 0.2990307826127625 0.17383980751037598 11.273930311203003 0.2105263157894737 1.0
0 0.1 0.2604599105337001 0.10149598121643066 11.375426292419434 0.19999999999999998 1.0
0 0.1 0.22686415225376097 0.09173202514648438 11.467158317565918 0.19999999999999998 1.0
0 0.1 0.19760178628779224 0.10010218620300293 11.567260503768921 0.19512195121951217 1.0
0 0.1 0.17211386442601356 0.16352105140686035 11.730781555175781 0.18604651162790697 1.0
0 0.1 0.14991353511608546 0.2885258197784424 12.019307374954224 0.18181818181818182 1.0
0 0.01 28.211963230963963 0.0006270408630371094 12.01993441581726 0.0 1.0
0 0.01 24.573006681497752 0.0006318092346191406 12.02056622505188 0.0 1.0
0 0.01 21.403425646968028 0.0006768703460693359 12.02124309539795 0.0 1.0
0 0.01 18.642677119777133 0.0006389617919921875 12.021882057189941 0.0 1.0
0 0.01 16.238027310431736 0.0006401538848876953 12.022522211074829 0.0 1.0
0 0.01 14.143544365449966 0.0006930828094482422 12.023215293884277 0.0 1.0
0 0.01 12.319221010851523 0.0006561279296875 12.023871421813965 0.0 1.0
0 0.01 10.730210362611421 0.0006358623504638672 12.024507284164429 0.0 1.0
0 0.01 9.346160307090315 0.0006411075592041016 12.025148391723633 0.0 1.0
0 0.01 8.140633737265514 0.0006310939788818359 12.025779485702515 0.0 1.0
0 0.01 7.090603570541246 0.0006208419799804688 12.026400327682495 0.0 1.0
0 0.01 6.176012902339531 0.0006260871887207031 12.027026414871216 0.0 1.0
0 0.01 5.379391893848717 0.0006170272827148438 12.02764344215393 0.0 1.0
0 0.01 4.685524076001097 0.0006480216979980469 12.028291463851929 0.0 1.0
0 0.01 4.081155695663349 0.0006630420684814453 12.02895450592041 0.0 1.0
0 0.01 3.554742552184356 0.0006542205810546875 12.029608726501465 0.0 1.0
0 0.01 3.09622948855821 0.0006248950958251953 12.03023362159729 0.0 1.0
0 0.01 2.6968583252045994 0.0006537437438964844 12.030887365341187 0.0 1.0
0 0.01 2.349000567658869 0.006242036819458008 12.037129402160645 0.5714285714285715 1.0
0 0.01 2.046011692676912 0.0013141632080078125 12.038443565368652 0.5714285714285715 1.0
0 0.01 1.7821042294352372 0.0013060569763183594 12.03974962234497 0.5714285714285715 1.0
0 0.01 1.5522372115164986 0.0014812946319580078 12.041230916976929 0.5714285714285715 1.0
0 0.01 1.3520198880735976 0.001377105712890625 12.04260802268982 0.5714285714285715 1.0
0 0.01 1.1776278549337647 0.0016751289367675781 12.044283151626587 0.5714285714285715 1.0
0 0.01 1.0257300036406054 0.005480051040649414 12.049763202667236 0.7499999999999999 1.0
0 0.01 0.8934248930683893 0.00196075439453125 12.051723957061768 0.7499999999999999 1.0
0 0.01 0.7781853282259436 0.0023889541625976562 12.054112911224365 0.7499999999999999 1.0
0 0.01 0.6778100876351608 0.0023839473724365234 12.056496858596802 0.7499999999999999 1.0
0 0.01 0.590381877216004 0.0025920867919921875 12.059088945388794 0.7499999999999999 1.0
0 0.01 0.5142307075440048 0.008270025253295898 12.06735897064209 0.7272727272727272 1.0
0 0.01 0.44790199493955546 0.003511190414428711 12.070870161056519 0.7272727272727272 1.0
0 0.01 0.39012877707943217 0.024029970169067383 12.094900131225586 0.5000000000000001 1.0
0 0.01 0.33980751241358653 0.026947736740112305 12.121847867965698 0.4 1.0
0 0.01 0.2959770011254507 0.00804591178894043 12.129893779754639 0.4 1.0
0 0.01 0.2578000249994245 0.009177923202514648 12.139071702957153 0.4 1.0
0 0.01 0.22454735549379537 0.04424715042114258 12.183318853378296 0.2857142857142857 1.0
0 0.01 0.19558382455304058 0.016540050506591797 12.199858903884888 0.2857142857142857 1.0
0 0.01 0.1703561920944177 0.04333019256591797 12.243189096450806 0.25 1.0
0 0.01 0.14838257842248037 0.016555070877075195 12.25974416732788 0.25 1.0
0 0.01 0.12924325971726744 0.053143978118896484 12.312888145446777 0.2352941176470588 1.0
0 0.01 0.1125726507783501 0.0440828800201416 12.356971025466919 0.2222222222222222 1.0
0 0.01 0.09805232188500161 0.11530399322509766 12.472275018692017 0.2222222222222222 1.0
0 0.01 0.08540491638568569 0.06754517555236816 12.539820194244385 0.21621621621621623 1.0
0 0.01 0.07438885283512764 0.019874095916748047 12.559694290161133 0.21621621621621623 1.0
0 0.01 0.06479371048308594 0.020161151885986328 12.57985544204712 0.21621621621621623 1.0
0 0.01 0.056436209971818335 0.05764603614807129 12.63750147819519 0.2105263157894737 1.0
0 0.01 0.049156712468482675 0.06271505355834961 12.70021653175354 0.20512820512820512 1.0
0 0.01 0.0428161703614703 0.030858993530273438 12.731075525283813 0.20512820512820512 1.0
0 0.01 0.03729347127511503 0.03082585334777832 12.761901378631592 0.20512820512820512 1.0
0 0.01 0.032483124670098805 0.05792379379272461 12.819825172424316 0.19999999999999998 1.0
