[216.40736058 188.4937774  164.18066384 143.00360867 124.55810333
 108.49181534  94.49785828  82.30892987  71.69220614  62.44489425
  54.39035884  47.37474809  41.26405496  35.94155748  31.30558923
  27.26759733  23.75045104  20.68696841  18.01863304  15.69447636
  13.67010404  11.906848    10.37102782   9.03330739   7.86813455
   6.85325305   5.96927734   5.19932239   4.52868107   3.94454329
   3.43575127   2.99258645   2.60658382   2.27037024   1.9775236
   1.72245016   1.5002777    1.30676244   1.138208     0.99139477
   0.86351843   0.75213639   0.65512111   0.57061946   0.49701737
   0.43290895   0.37706963   0.32843281   0.28606948   0.24917044]0 1 312.2098259152708 0.0011861324310302734 0.0011861324310302734 0.0 1.0
0 1 271.93903789811014 0.0011639595031738281 0.0023500919342041016 0.0 1.0
0 1 236.8626295349813 0.039617061614990234 0.041967153549194336 0.33333333333333337 1.0
0 1 206.31059705097118 0.031511783599853516 0.07347893714904785 0.5714285714285715 1.0
0 1 179.69935797424765 0.019947052001953125 0.09342598915100098 0.5714285714285715 1.0
0 1 156.52060397255676 0.016745805740356445 0.11017179489135742 0.5714285714285715 1.0
0 1 136.33159152101595 0.014553070068359375 0.1247248649597168 0.5714285714285715 1.0
0 1 118.74668494067365 0.034818172454833984 0.15954303741455078 0.7499999999999999 1.0
0 1 103.42999026917344 0.01973104476928711 0.1792740821838379 0.7499999999999999 1.0
0 1 90.08893926113359 0.015149116516113281 0.19442319869995117 0.7499999999999999 1.0
0 1 78.46870096453189 0.010493040084838867 0.20491623878479004 0.7499999999999999 1.0
0 1 68.34731412713553 0.011786937713623047 0.21670317649841309 0.7499999999999999 1.0
0 1 59.53144745577994 0.013860940933227539 0.23056411743164062 0.6666666666666665 1.0
0 1 51.85270674408604 0.017770051956176758 0.24833416938781738 0.7272727272727272 1.0
0 1 45.16441833008278 0.014189958572387695 0.2625241279602051 0.7272727272727272 1.0
0 1 39.33882744370648 0.01548910140991211 0.2780132293701172 0.6153846153846154 1.0
0 1 34.26465792907022 0.032853126525878906 0.3108663558959961 0.47058823529411764 1.0
0 1 29.84498672911064 0.03495287895202637 0.34581923484802246 0.3636363636363636 1.0
0 1 25.99539253258091 0.04664492607116699 0.39246416091918945 0.3076923076923077 1.0
0 1 22.642343220204207 0.1324160099029541 0.5248801708221436 0.26666666666666666 1.0
0 1 19.721791308170232 0.15379095077514648 0.67867112159729 0.27586206896551724 1.0
0 1 17.177950560167822 0.20670008659362793 0.885371208190918 0.26666666666666666 1.0
0 1 14.962230399696251 0.17258810997009277 1.0579593181610107 0.24242424242424243 1.0
0 1 13.03230776858211 0.13738703727722168 1.1953463554382324 0.2222222222222222 1.0
0 1 11.351318703025308 0.15642595291137695 1.3517723083496094 0.2222222222222222 1.0
0 1 9.887154185253786 0.13286209106445312 1.4846343994140625 0.21621621621621623 1.0
0 1 8.611846820663045 0.13103318214416504 1.6156675815582275 0.20512820512820512 1.0
0 1 7.501036625197576 0.16121697425842285 1.7768845558166504 0.19999999999999998 1.0
0 1 6.53350571883761 0.13126492500305176 1.9081494808197021 0.20512820512820512 1.0
0 1 5.69077303724795 0.16071200370788574 2.068861484527588 0.18604651162790697 1.0
0 1 4.956741320068812 0.13820290565490723 2.207064390182495 0.1777777777777778 1.0
0 1 4.317389632878279 0.17639660835266113 2.3834609985351562 0.16666666666666666 1.0
0 1 3.7605055496069455 1.2371561527252197 3.620617151260376 0.1702127659574468 1.0
0 1 3.2754518797500736 0.27935791015625 3.899975061416626 0.1702127659574468 1.0
0 1 2.8529634845718124 0.17587733268737793 4.075852394104004 0.16666666666666666 1.0
0 1 2.4849703012340436 0.19223809242248535 4.268090486526489 0.163265306122449 1.0
0 1 2.1644431943866964 0.22681593894958496 4.494906425476074 0.163265306122449 1.0
0 1 1.8852596907900219 0.1150970458984375 4.610003471374512 0.163265306122449 1.0
0 1 1.6420870323301746 0.10557889938354492 4.715582370758057 0.163265306122449 1.0
0 1 1.4302803135927475 0.10034465789794922 4.815927028656006 0.163265306122449 1.0
0 1 1.2457937582930971 0.09945893287658691 4.915385961532593 0.163265306122449 1.0
0 1 1.0851034398309916 0.5429291725158691 5.458315134048462 0.1568627450980392 1.0
0 1 0.945139969834425 0.47391200065612793 5.93222713470459 0.1568627450980392 1.0
0 1 0.823229868958621 0.6743597984313965 6.606586933135986 0.1568627450980392 1.0
0 1 0.7170445000483404 1.3755080699920654 7.982095003128052 0.15384615384615383 1.0
0 1 0.624555588222246 1.2551569938659668 9.237251996994019 0.1509433962264151 1.0
0 1 0.5439964782567033 0.9045219421386719 10.14177393913269 0.1509433962264151 1.0
0 1 0.4738283892360109 0.8111298084259033 10.952903747558594 0.1509433962264151 1.0
0 1 0.4127110218901976 0.8454611301422119 11.798364877700806 0.1481481481481481 1.0
0 1 0.3594769571833539 0.8065638542175293 12.604928731918335 0.1481481481481481 1.0
0 0.1 130.20161032759302 0.0012102127075195312 12.606138944625854 0.0 1.0
0 0.1 113.40738729625762 0.0011551380157470703 12.607294082641602 0.0 1.0
0 0.1 98.77938883400856 0.00115203857421875 12.60844612121582 0.0 1.0
0 0.1 86.03820166433057 0.0011470317840576172 12.609593152999878 0.0 1.0
0 0.1 74.9404529934022 0.0012159347534179688 12.610809087753296 0.0 1.0
0 0.1 65.27416178184274 0.0013179779052734375 12.61212706565857 0.0 1.0
0 0.1 56.854689638682785 0.0011858940124511719 12.61331295967102 0.0 1.0
0 0.1 49.52121399451067 0.0011570453643798828 12.6144700050354 0.0 1.0
0 0.1 43.13365618693992 0.0011601448059082031 12.615630149841309 0.0 1.0
0 0.1 37.570005780944214 0.0012180805206298828 12.616848230361938 0.0 1.0
0 0.1 32.7239900151928 0.0013861656188964844 12.618234395980835 0.0 1.0
0 0.1 28.503043857863506 0.0012650489807128906 12.619499444961548 0.0 1.0
0 0.1 24.826541897430772 0.018472909927368164 12.637972354888916 0.5714285714285715 1.0
0 0.1 21.624258295306348 0.008702993392944336 12.64667534828186 0.5714285714285715 1.0
0 0.1 18.835025383479486 0.008543968200683594 12.655219316482544 0.5714285714285715 1.0
0 0.1 16.405565284674683 0.008354663848876953 12.663573980331421 0.5714285714285715 1.0
0 0.1 14.289472237493916 0.008208036422729492 12.67178201675415 0.5714285714285715 1.0
0 0.1 12.446326187665905 0.007075071334838867 12.67885708808899 0.5714285714285715 1.0
0 0.1 10.840920713874212 0.014269113540649414 12.693126201629639 0.7499999999999999 1.0
0 0.1 9.44259054057033 0.00845789909362793 12.701584100723267 0.7499999999999999 1.0
0 0.1 8.224625792416147 0.008144855499267578 12.709728956222534 0.7499999999999999 1.0
0 0.1 7.163761801874259 0.008518218994140625 12.718247175216675 0.7499999999999999 1.0
0 0.1 6.239734724625884 0.0072879791259765625 12.725535154342651 0.7499999999999999 1.0
0 0.1 5.43489447450858 0.0227200984954834 12.748255252838135 0.7272727272727272 1.0
0 0.1 4.733867584541418 0.012784957885742188 12.761040210723877 0.7272727272727272 1.0
0 0.1 4.123263554256632 0.010586738586425781 12.771626949310303 0.7272727272727272 1.0
0 0.1 3.591419074200402 0.03742527961730957 12.809052228927612 0.5714285714285714 1.0
0 0.1 3.128175241967003 0.07479119300842285 12.883843421936035 0.4444444444444444 1.0
0 0.1 2.7246835143108377 0.04877018928527832 12.932613611221313 0.4 1.0
0 0.1 2.373236688776134 0.08410382270812988 13.016717433929443 0.3636363636363636 1.0
0 0.1 2.0671216863796724 0.13681721687316895 13.153534650802612 0.32000000000000006 1.0
0 0.1 1.8004913233094775 0.04849100112915039 13.202025651931763 0.32000000000000006 1.0
0 0.1 1.5682526223167341 0.16522693634033203 13.367252588272095 0.2962962962962963 1.0
0 0.1 1.3659695304072161 0.11838006973266602 13.48563265800476 0.27586206896551724 1.0
0 0.1 1.1897781846170337 0.0854637622833252 13.571096420288086 0.26666666666666666 1.0
0 0.1 1.036313107341863 0.17081189155578613 13.741908311843872 0.25806451612903225 1.0
0 0.1 0.9026429214570189 0.15244221687316895 13.894350528717041 0.24242424242424243 1.0
0 0.1 0.786214357305898 0.10949921607971191 14.003849744796753 0.2352941176470588 1.0
0 0.1 0.6848034820193963 0.3465919494628906 14.350441694259644 0.2285714285714286 1.0
0 0.1 0.5964732195846044 0.13965201377868652 14.49009370803833 0.2285714285714286 1.0
0 0.1 0.5195363502423698 0.16445398330688477 14.654547691345215 0.21621621621621623 1.0
0 0.1 0.4525232824553942 0.17829203605651855 14.832839727401733 0.20512820512820512 1.0
0 0.1 0.3941539818506903 0.3102710247039795 15.143110752105713 0.19999999999999998 1.0
0 0.1 0.34331352094368267 0.794003963470459 15.937114715576172 0.19512195121951217 1.0
0 0.1 0.2990307826127625 0.2062220573425293 16.1433367729187 0.2105263157894737 1.0
0 0.1 0.2604599105337001 0.14988493919372559 16.293221712112427 0.19999999999999998 1.0
0 0.1 0.22686415225376097 0.1315159797668457 16.424737691879272 0.19999999999999998 1.0
0 0.1 0.19760178628779224 0.14554405212402344 16.570281744003296 0.19512195121951217 1.0
0 0.1 0.17211386442601356 0.26635169982910156 16.836633443832397 0.18604651162790697 1.0
0 0.1 0.14991353511608546 0.37873101234436035 17.215364456176758 0.18181818181818182 1.0
0 0.01 28.211963230963963 0.0011548995971679688 17.216519355773926 0.0 1.0
0 0.01 24.573006681497752 0.001154184341430664 17.217673540115356 0.0 1.0
0 0.01 21.403425646968028 0.0011599063873291016 17.218833446502686 0.0 1.0
0 0.01 18.642677119777133 0.0011911392211914062 17.220024585723877 0.0 1.0
0 0.01 16.238027310431736 0.0013010501861572266 17.221325635910034 0.0 1.0
0 0.01 14.143544365449966 0.0012507438659667969 17.222576379776 0.0 1.0
0 0.01 12.319221010851523 0.0011639595031738281 17.223740339279175 0.0 1.0
0 0.01 10.730210362611421 0.0011551380157470703 17.224895477294922 0.0 1.0
0 0.01 9.346160307090315 0.0011680126190185547 17.22606348991394 0.0 1.0
0 0.01 8.140633737265514 0.0011930465698242188 17.227256536483765 0.0 1.0
0 0.01 7.090603570541246 0.0012462139129638672 17.22850275039673 0.0 1.0
0 0.01 6.176012902339531 0.0011861324310302734 17.22968888282776 0.0 1.0
0 0.01 5.379391893848717 0.0011658668518066406 17.230854749679565 0.0 1.0
0 0.01 4.685524076001097 0.001155853271484375 17.23201060295105 0.0 1.0
0 0.01 4.081155695663349 0.0012030601501464844 17.233213663101196 0.0 1.0
0 0.01 3.554742552184356 0.0012850761413574219 17.234498739242554 0.0 1.0
0 0.01 3.09622948855821 0.0011570453643798828 17.235655784606934 0.0 1.0
0 0.01 2.6968583252045994 0.0011510848999023438 17.236806869506836 0.0 1.0
0 0.01 2.349000567658869 0.012042999267578125 17.248849868774414 0.5714285714285715 1.0
0 0.01 2.046011692676912 0.005811929702758789 17.254661798477173 0.5714285714285715 1.0
0 0.01 1.7821042294352372 0.005833148956298828 17.26049494743347 0.5714285714285715 1.0
0 0.01 1.5522372115164986 0.005913972854614258 17.266408920288086 0.5714285714285715 1.0
0 0.01 1.3520198880735976 0.0059452056884765625 17.272354125976562 0.5714285714285715 1.0
0 0.01 1.1776278549337647 0.006124973297119141 17.27847909927368 0.5714285714285715 1.0
0 0.01 1.0257300036406054 0.010720968246459961 17.28920006752014 0.7499999999999999 1.0
0 0.01 0.8934248930683893 0.006021738052368164 17.29522180557251 0.7499999999999999 1.0
0 0.01 0.7781853282259436 0.00620722770690918 17.30142903327942 0.7499999999999999 1.0
0 0.01 0.6778100876351608 0.006049156188964844 17.307478189468384 0.7499999999999999 1.0
0 0.01 0.590381877216004 0.005755186080932617 17.313233375549316 0.7499999999999999 1.0
0 0.01 0.5142307075440048 0.013211965560913086 17.32644534111023 0.7272727272727272 1.0
0 0.01 0.44790199493955546 0.007009983062744141 17.333455324172974 0.7272727272727272 1.0
0 0.01 0.39012877707943217 0.02660202980041504 17.36005735397339 0.5000000000000001 1.0
0 0.01 0.33980751241358653 0.04048466682434082 17.40054202079773 0.4 1.0
0 0.01 0.2959770011254507 0.018426179885864258 17.418968200683594 0.4 1.0
0 0.01 0.2578000249994245 0.018896818161010742 17.437865018844604 0.4 1.0
0 0.01 0.22454735549379537 0.06201481819152832 17.499879837036133 0.2857142857142857 1.0
0 0.01 0.19558382455304058 0.03588390350341797 17.53576374053955 0.2857142857142857 1.0
0 0.01 0.1703561920944177 0.06309700012207031 17.59886074066162 0.25 1.0
0 0.01 0.14838257842248037 0.033930063247680664 17.6327908039093 0.25 1.0
0 0.01 0.12924325971726744 0.07155299186706543 17.704343795776367 0.2352941176470588 1.0
0 0.01 0.1125726507783501 0.06423401832580566 17.768577814102173 0.2222222222222222 1.0
0 0.01 0.09805232188500161 0.12958216667175293 17.898159980773926 0.2222222222222222 1.0
0 0.01 0.08540491638568569 0.10031008720397949 17.998470067977905 0.21621621621621623 1.0
0 0.01 0.07438885283512764 0.04817986488342285 18.046649932861328 0.21621621621621623 1.0
0 0.01 0.06479371048308594 0.047499895095825195 18.094149827957153 0.21621621621621623 1.0
0 0.01 0.056436209971818335 0.0831141471862793 18.177263975143433 0.2105263157894737 1.0
0 0.01 0.049156712468482675 0.08816695213317871 18.26543092727661 0.20512820512820512 1.0
0 0.01 0.0428161703614703 0.05441403388977051 18.319844961166382 0.20512820512820512 1.0
0 0.01 0.03729347127511503 0.0519869327545166 18.3718318939209 0.20512820512820512 1.0
0 0.01 0.032483124670098805 0.07548093795776367 18.447312831878662 0.19999999999999998 1.0
