[216.40736058 188.4937774  164.18066384 143.00360867 124.55810333
 108.49181534  94.49785828  82.30892987  71.69220614  62.44489425
  54.39035884  47.37474809  41.26405496  35.94155748  31.30558923
  27.26759733  23.75045104  20.68696841  18.01863304  15.69447636
  13.67010404  11.906848    10.37102782   9.03330739   7.86813455
   6.85325305   5.96927734   5.19932239   4.52868107   3.94454329
   3.43575127   2.99258645   2.60658382   2.27037024   1.9775236
   1.72245016   1.5002777    1.30676244   1.138208     0.99139477
   0.86351843   0.75213639   0.65512111   0.57061946   0.49701737
   0.43290895   0.37706963   0.32843281   0.28606948   0.24917044]0 1 312.2098259152708 0.0006282329559326172 0.0006282329559326172 0.0 1.0
0 1 271.93903789811014 0.0006308555603027344 0.0012590885162353516 0.0 1.0
0 1 236.8626295349813 0.008784055709838867 0.010043144226074219 0.33333333333333337 1.0
0 1 206.31059705097118 0.007514238357543945 0.017557382583618164 0.5714285714285715 1.0
0 1 179.69935797424765 0.0046939849853515625 0.022251367568969727 0.5714285714285715 1.0
0 1 156.52060397255676 0.0040340423583984375 0.026285409927368164 0.5714285714285715 1.0
0 1 136.33159152101595 0.003918170928955078 0.030203580856323242 0.5714285714285715 1.0
0 1 118.74668494067365 0.009261131286621094 0.039464712142944336 0.7499999999999999 1.0
0 1 103.42999026917344 0.005381107330322266 0.0448458194732666 0.7499999999999999 1.0
0 1 90.08893926113359 0.005203962326049805 0.050049781799316406 0.7499999999999999 1.0
0 1 78.46870096453189 0.0037081241607666016 0.05375790596008301 0.7499999999999999 1.0
0 1 68.34731412713553 0.004563808441162109 0.05832171440124512 0.7499999999999999 1.0
0 1 59.53144745577994 0.006131887435913086 0.0644536018371582 0.6666666666666665 1.0
0 1 51.85270674408604 0.008589029312133789 0.07304263114929199 0.7272727272727272 1.0
0 1 45.16441833008278 0.009340286254882812 0.0823829174041748 0.7272727272727272 1.0
0 1 39.33882744370648 0.00992894172668457 0.09231185913085938 0.6153846153846154 1.0
0 1 34.26465792907022 0.017851829528808594 0.11016368865966797 0.47058823529411764 1.0
0 1 29.84498672911064 0.020971059799194336 0.1311347484588623 0.3636363636363636 1.0
0 1 25.99539253258091 0.028560876846313477 0.15969562530517578 0.3076923076923077 1.0
0 1 22.642343220204207 0.07898998260498047 0.23868560791015625 0.26666666666666666 1.0
0 1 19.721791308170232 0.1027078628540039 0.34139347076416016 0.27586206896551724 1.0
0 1 17.177950560167822 0.1596970558166504 0.5010905265808105 0.26666666666666666 1.0
0 1 14.962230399696251 0.11792206764221191 0.6190125942230225 0.24242424242424243 1.0
0 1 13.03230776858211 0.1036980152130127 0.7227106094360352 0.2222222222222222 1.0
0 1 11.351318703025308 0.10928201675415039 0.8319926261901855 0.2222222222222222 1.0
0 1 9.887154185253786 0.09756898880004883 0.9295616149902344 0.21621621621621623 1.0
0 1 8.611846820663045 0.09675908088684082 1.0263206958770752 0.20512820512820512 1.0
0 1 7.501036625197576 0.12049603462219238 1.1468167304992676 0.19999999999999998 1.0
0 1 6.53350571883761 0.10650134086608887 1.2533180713653564 0.20512820512820512 1.0
0 1 5.69077303724795 0.13033795356750488 1.3836560249328613 0.18604651162790697 1.0
0 1 4.956741320068812 0.11320996284484863 1.49686598777771 0.1777777777777778 1.0
0 1 4.317389632878279 0.14444589614868164 1.6413118839263916 0.16666666666666666 1.0
0 1 3.7605055496069455 1.143874168395996 2.7851860523223877 0.1702127659574468 1.0
0 1 3.2754518797500736 0.2515268325805664 3.036712884902954 0.1702127659574468 1.0
0 1 2.8529634845718124 0.13412189483642578 3.17083477973938 0.16666666666666666 1.0
0 1 2.4849703012340436 0.1538679599761963 3.324702739715576 0.163265306122449 1.0
0 1 2.1644431943866964 0.20161104202270508 3.5263137817382812 0.163265306122449 1.0
0 1 1.8852596907900219 0.10419893264770508 3.6305127143859863 0.163265306122449 1.0
0 1 1.6420870323301746 0.09733986854553223 3.7278525829315186 0.163265306122449 1.0
0 1 1.4302803135927475 0.09529304504394531 3.823145627975464 0.163265306122449 1.0
0 1 1.2457937582930971 0.09699106216430664 3.9201366901397705 0.163265306122449 1.0
0 1 1.0851034398309916 0.4978330135345459 4.417969703674316 0.1568627450980392 1.0
0 1 0.945139969834425 0.4542269706726074 4.872196674346924 0.1568627450980392 1.0
0 1 0.823229868958621 0.6724519729614258 5.54464864730835 0.1568627450980392 1.0
0 1 0.7170445000483404 1.3541779518127441 6.898826599121094 0.15384615384615383 1.0
0 1 0.624555588222246 1.2434439659118652 8.142270565032959 0.1509433962264151 1.0
0 1 0.5439964782567033 0.9036979675292969 9.045968532562256 0.1509433962264151 1.0
0 1 0.4738283892360109 0.8129937648773193 9.858962297439575 0.1509433962264151 1.0
0 1 0.4127110218901976 0.8538937568664551 10.71285605430603 0.1481481481481481 1.0
0 1 0.3594769571833539 0.8359239101409912 11.548779964447021 0.1481481481481481 1.0
0 0.1 130.20161032759302 0.0007069110870361328 11.549486875534058 0.0 1.0
0 0.1 113.40738729625762 0.0006368160247802734 11.550123691558838 0.0 1.0
0 0.1 98.77938883400856 0.0006270408630371094 11.550750732421875 0.0 1.0
0 0.1 86.03820166433057 0.0006268024444580078 11.551377534866333 0.0 1.0
0 0.1 74.9404529934022 0.0006451606750488281 11.552022695541382 0.0 1.0
0 0.1 65.27416178184274 0.0006368160247802734 11.552659511566162 0.0 1.0
0 0.1 56.854689638682785 0.0006380081176757812 11.553297519683838 0.0 1.0
0 0.1 49.52121399451067 0.0007112026214599609 11.554008722305298 0.0 1.0
0 0.1 43.13365618693992 0.0006420612335205078 11.554650783538818 0.0 1.0
0 0.1 37.570005780944214 0.0006477832794189453 11.555298566818237 0.0 1.0
0 0.1 32.7239900151928 0.0006320476531982422 11.555930614471436 0.0 1.0
0 0.1 28.503043857863506 0.0006499290466308594 11.556580543518066 0.0 1.0
0 0.1 24.826541897430772 0.007994890213012695 11.564575433731079 0.5714285714285715 1.0
0 0.1 21.624258295306348 0.0021660327911376953 11.566741466522217 0.5714285714285715 1.0
0 0.1 18.835025383479486 0.0020999908447265625 11.568841457366943 0.5714285714285715 1.0
0 0.1 16.405565284674683 0.002093076705932617 11.570934534072876 0.5714285714285715 1.0
0 0.1 14.289472237493916 0.0023009777069091797 11.573235511779785 0.5714285714285715 1.0
0 0.1 12.446326187665905 0.002208709716796875 11.575444221496582 0.5714285714285715 1.0
0 0.1 10.840920713874212 0.007359027862548828 11.58280324935913 0.7499999999999999 1.0
0 0.1 9.44259054057033 0.0023958683013916016 11.585199117660522 0.7499999999999999 1.0
0 0.1 8.224625792416147 0.002996206283569336 11.588195323944092 0.7499999999999999 1.0
0 0.1 7.163761801874259 0.0030629634857177734 11.59125828742981 0.7499999999999999 1.0
0 0.1 6.239734724625884 0.003101825714111328 11.594360113143921 0.7499999999999999 1.0
0 0.1 5.43489447450858 0.012977123260498047 11.607337236404419 0.7272727272727272 1.0
0 0.1 4.733867584541418 0.006573915481567383 11.613911151885986 0.7272727272727272 1.0
0 0.1 4.123263554256632 0.00656580924987793 11.620476961135864 0.7272727272727272 1.0
0 0.1 3.591419074200402 0.029114961624145508 11.64959192276001 0.5714285714285714 1.0
0 0.1 3.128175241967003 0.06524515151977539 11.714837074279785 0.4444444444444444 1.0
0 0.1 2.7246835143108377 0.03421783447265625 11.749054908752441 0.4 1.0
0 0.1 2.373236688776134 0.0634450912475586 11.8125 0.3636363636363636 1.0
0 0.1 2.0671216863796724 0.1020820140838623 11.914582014083862 0.32000000000000006 1.0
0 0.1 1.8004913233094775 0.029643774032592773 11.944225788116455 0.32000000000000006 1.0
0 0.1 1.5682526223167341 0.13190197944641113 12.076127767562866 0.2962962962962963 1.0
0 0.1 1.3659695304072161 0.08663582801818848 12.162763595581055 0.27586206896551724 1.0
0 0.1 1.1897781846170337 0.059249162673950195 12.222012758255005 0.26666666666666666 1.0
0 0.1 1.036313107341863 0.11586308479309082 12.337875843048096 0.25806451612903225 1.0
0 0.1 0.9026429214570189 0.13887691497802734 12.476752758026123 0.24242424242424243 1.0
0 0.1 0.786214357305898 0.08601903915405273 12.562771797180176 0.2352941176470588 1.0
0 0.1 0.6848034820193963 0.23497581481933594 12.797747611999512 0.2285714285714286 1.0
0 0.1 0.5964732195846044 0.10141968727111816 12.89916729927063 0.2285714285714286 1.0
0 0.1 0.5195363502423698 0.12838506698608398 13.027552366256714 0.21621621621621623 1.0
0 0.1 0.4525232824553942 0.13473820686340332 13.162290573120117 0.20512820512820512 1.0
0 0.1 0.3941539818506903 0.2414720058441162 13.403762578964233 0.19999999999999998 1.0
0 0.1 0.34331352094368267 0.6813991069793701 14.085161685943604 0.19512195121951217 1.0
0 0.1 0.2990307826127625 0.19389891624450684 14.27906060218811 0.2105263157894737 1.0
0 0.1 0.2604599105337001 0.12955284118652344 14.408613443374634 0.19999999999999998 1.0
0 0.1 0.22686415225376097 0.11396980285644531 14.522583246231079 0.19999999999999998 1.0
0 0.1 0.19760178628779224 0.1251530647277832 14.647736310958862 0.19512195121951217 1.0
0 0.1 0.17211386442601356 0.22754406929016113 14.875280380249023 0.18604651162790697 1.0
0 0.1 0.14991353511608546 0.35127997398376465 15.226560354232788 0.18181818181818182 1.0
0 0.01 28.211963230963963 0.0006320476531982422 15.227192401885986 0.0 1.0
0 0.01 24.573006681497752 0.0006337165832519531 15.227826118469238 0.0 1.0
0 0.01 21.403425646968028 0.0006198883056640625 15.228446006774902 0.0 1.0
0 0.01 18.642677119777133 0.0006227493286132812 15.229068756103516 0.0 1.0
0 0.01 16.238027310431736 0.00067901611328125 15.229747772216797 0.0 1.0
0 0.01 14.143544365449966 0.0006709098815917969 15.230418682098389 0.0 1.0
0 0.01 12.319221010851523 0.0006499290466308594 15.23106861114502 0.0 1.0
0 0.01 10.730210362611421 0.0006258487701416016 15.231694459915161 0.0 1.0
0 0.01 9.346160307090315 0.0006439685821533203 15.232338428497314 0.0 1.0
0 0.01 8.140633737265514 0.0006239414215087891 15.232962369918823 0.0 1.0
0 0.01 7.090603570541246 0.00061798095703125 15.233580350875854 0.0 1.0
0 0.01 6.176012902339531 0.0006170272827148438 15.23419737815857 0.0 1.0
0 0.01 5.379391893848717 0.000637054443359375 15.234834432601929 0.0 1.0
0 0.01 4.685524076001097 0.0007059574127197266 15.235540390014648 0.0 1.0
0 0.01 4.081155695663349 0.0006489753723144531 15.236189365386963 0.0 1.0
0 0.01 3.554742552184356 0.0006241798400878906 15.23681354522705 0.0 1.0
0 0.01 3.09622948855821 0.0006148815155029297 15.237428426742554 0.0 1.0
0 0.01 2.6968583252045994 0.0006191730499267578 15.23804759979248 0.0 1.0
0 0.01 2.349000567658869 0.0068511962890625 15.244898796081543 0.5714285714285715 1.0
0 0.01 2.046011692676912 0.0015251636505126953 15.246423959732056 0.5714285714285715 1.0
0 0.01 1.7821042294352372 0.0016999244689941406 15.24812388420105 0.5714285714285715 1.0
0 0.01 1.5522372115164986 0.0016329288482666016 15.249756813049316 0.5714285714285715 1.0
0 0.01 1.3520198880735976 0.0016350746154785156 15.251391887664795 0.5714285714285715 1.0
0 0.01 1.1776278549337647 0.0019249916076660156 15.253316879272461 0.5714285714285715 1.0
0 0.01 1.0257300036406054 0.0055389404296875 15.258855819702148 0.7499999999999999 1.0
0 0.01 0.8934248930683893 0.002317667007446289 15.261173486709595 0.7499999999999999 1.0
0 0.01 0.7781853282259436 0.0024220943450927734 15.263595581054688 0.7499999999999999 1.0
0 0.01 0.6778100876351608 0.00267791748046875 15.266273498535156 0.7499999999999999 1.0
0 0.01 0.590381877216004 0.0029222965240478516 15.269195795059204 0.7499999999999999 1.0
0 0.01 0.5142307075440048 0.008774995803833008 15.277970790863037 0.7272727272727272 1.0
0 0.01 0.44790199493955546 0.0037758350372314453 15.281746625900269 0.7272727272727272 1.0
0 0.01 0.39012877707943217 0.024921178817749023 15.306667804718018 0.5000000000000001 1.0
0 0.01 0.33980751241358653 0.02877211570739746 15.335439920425415 0.4 1.0
0 0.01 0.2959770011254507 0.009505748748779297 15.344945669174194 0.4 1.0
0 0.01 0.2578000249994245 0.010814905166625977 15.35576057434082 0.4 1.0
0 0.01 0.22454735549379537 0.04805397987365723 15.403814554214478 0.2857142857142857 1.0
0 0.01 0.19558382455304058 0.020133018493652344 15.42394757270813 0.2857142857142857 1.0
0 0.01 0.1703561920944177 0.047715187072753906 15.471662759780884 0.25 1.0
0 0.01 0.14838257842248037 0.019939184188842773 15.491601943969727 0.25 1.0
0 0.01 0.12924325971726744 0.06036829948425293 15.55197024345398 0.2352941176470588 1.0
0 0.01 0.1125726507783501 0.05005002021789551 15.602020263671875 0.2222222222222222 1.0
0 0.01 0.09805232188500161 0.1202549934387207 15.722275257110596 0.2222222222222222 1.0
0 0.01 0.08540491638568569 0.07547712326049805 15.797752380371094 0.21621621621621623 1.0
0 0.01 0.07438885283512764 0.02811884880065918 15.825871229171753 0.21621621621621623 1.0
0 0.01 0.06479371048308594 0.02897500991821289 15.854846239089966 0.21621621621621623 1.0
0 0.01 0.056436209971818335 0.06595492362976074 15.920801162719727 0.2105263157894737 1.0
0 0.01 0.049156712468482675 0.0716400146484375 15.992441177368164 0.20512820512820512 1.0
0 0.01 0.0428161703614703 0.03914284706115723 16.03158402442932 0.20512820512820512 1.0
0 0.01 0.03729347127511503 0.03851008415222168 16.070094108581543 0.20512820512820512 1.0
0 0.01 0.032483124670098805 0.06578421592712402 16.135878324508667 0.19999999999999998 1.0
