[216.40736058 188.4937774  164.18066384 143.00360867 124.55810333
 108.49181534  94.49785828  82.30892987  71.69220614  62.44489425
  54.39035884  47.37474809  41.26405496  35.94155748  31.30558923
  27.26759733  23.75045104  20.68696841  18.01863304  15.69447636
  13.67010404  11.906848    10.37102782   9.03330739   7.86813455
   6.85325305   5.96927734   5.19932239   4.52868107   3.94454329
   3.43575127   2.99258645   2.60658382   2.27037024   1.9775236
   1.72245016   1.5002777    1.30676244   1.138208     0.99139477
   0.86351843   0.75213639   0.65512111   0.57061946   0.49701737
   0.43290895   0.37706963   0.32843281   0.28606948   0.24917044]0 1 312.2098259152708 0.0011870861053466797 0.0011870861053466797 0.0 1.0
0 1 271.93903789811014 0.001171112060546875 0.0023581981658935547 0.0 1.0
0 1 236.8626295349813 0.033571720123291016 0.03592991828918457 0.33333333333333337 1.0
0 1 206.31059705097118 0.02875804901123047 0.06468796730041504 0.5714285714285715 1.0
0 1 179.69935797424765 0.01770329475402832 0.08239126205444336 0.5714285714285715 1.0
0 1 156.52060397255676 0.01420903205871582 0.09660029411315918 0.5714285714285715 1.0
0 1 136.33159152101595 0.012254953384399414 0.1088552474975586 0.5714285714285715 1.0
0 1 118.74668494067365 0.028626203536987305 0.1374814510345459 0.7499999999999999 1.0
0 1 103.42999026917344 0.017370223999023438 0.15485167503356934 0.7499999999999999 1.0
0 1 90.08893926113359 0.012686014175415039 0.16753768920898438 0.7499999999999999 1.0
0 1 78.46870096453189 0.00817108154296875 0.17570877075195312 0.7499999999999999 1.0
0 1 68.34731412713553 0.009458065032958984 0.1851668357849121 0.7499999999999999 1.0
0 1 59.53144745577994 0.011732816696166992 0.1968996524810791 0.6666666666666665 1.0
0 1 51.85270674408604 0.01419377326965332 0.21109342575073242 0.7272727272727272 1.0
0 1 45.16441833008278 0.011589765548706055 0.22268319129943848 0.7272727272727272 1.0
0 1 39.33882744370648 0.011760234832763672 0.23444342613220215 0.6153846153846154 1.0
0 1 34.26465792907022 0.026737213134765625 0.2611806392669678 0.47058823529411764 1.0
0 1 29.84498672911064 0.027632951736450195 0.28881359100341797 0.3636363636363636 1.0
0 1 25.99539253258091 0.03450298309326172 0.3233165740966797 0.3076923076923077 1.0
0 1 22.642343220204207 0.1016077995300293 0.424924373626709 0.26666666666666666 1.0
0 1 19.721791308170232 0.11333370208740234 0.5382580757141113 0.27586206896551724 1.0
0 1 17.177950560167822 0.17073512077331543 0.7089931964874268 0.26666666666666666 1.0
0 1 14.962230399696251 0.13764667510986328 0.84663987159729 0.24242424242424243 1.0
0 1 13.03230776858211 0.11114811897277832 0.9577879905700684 0.2222222222222222 1.0
0 1 11.351318703025308 0.11830687522888184 1.0760948657989502 0.2222222222222222 1.0
0 1 9.887154185253786 0.11046695709228516 1.1865618228912354 0.21621621621621623 1.0
0 1 8.611846820663045 0.10498595237731934 1.2915477752685547 0.20512820512820512 1.0
0 1 7.501036625197576 0.12292885780334473 1.4144766330718994 0.19999999999999998 1.0
0 1 6.53350571883761 0.10164713859558105 1.5161237716674805 0.20512820512820512 1.0
0 1 5.69077303724795 0.12151193618774414 1.6376357078552246 0.18604651162790697 1.0
0 1 4.956741320068812 0.1031501293182373 1.740785837173462 0.1777777777777778 1.0
0 1 4.317389632878279 0.12415790557861328 1.8649437427520752 0.16666666666666666 1.0
0 1 3.7605055496069455 1.0638329982757568 2.928776741027832 0.1702127659574468 1.0
0 1 3.2754518797500736 0.22409296035766602 3.152869701385498 0.1702127659574468 1.0
0 1 2.8529634845718124 0.10933089256286621 3.2622005939483643 0.16666666666666666 1.0
0 1 2.4849703012340436 0.12554121017456055 3.387741804122925 0.163265306122449 1.0
0 1 2.1644431943866964 0.17649221420288086 3.5642340183258057 0.163265306122449 1.0
0 1 1.8852596907900219 0.07781100273132324 3.642045021057129 0.163265306122449 1.0
0 1 1.6420870323301746 0.07396197319030762 3.7160069942474365 0.163265306122449 1.0
0 1 1.4302803135927475 0.07171797752380371 3.7877249717712402 0.163265306122449 1.0
0 1 1.2457937582930971 0.06896114349365234 3.8566861152648926 0.163265306122449 1.0
0 1 1.0851034398309916 0.3799710273742676 4.23665714263916 0.1568627450980392 1.0
0 1 0.945139969834425 0.33284521102905273 4.569502353668213 0.1568627450980392 1.0
0 1 0.823229868958621 0.5582714080810547 5.127773761749268 0.1568627450980392 1.0
0 1 0.7170445000483404 1.0987870693206787 6.226560831069946 0.15384615384615383 1.0
0 1 0.624555588222246 0.9068608283996582 7.1334216594696045 0.1509433962264151 1.0
0 1 0.5439964782567033 0.6019072532653809 7.735328912734985 0.1509433962264151 1.0
0 1 0.4738283892360109 0.5205540657043457 8.255882978439331 0.1509433962264151 1.0
0 1 0.4127110218901976 0.5292220115661621 8.785104990005493 0.1481481481481481 1.0
0 1 0.3594769571833539 0.5125162601470947 9.297621250152588 0.1481481481481481 1.0
0 0.1 130.20161032759302 0.0011601448059082031 9.298781394958496 0.0 1.0
0 0.1 113.40738729625762 0.0011532306671142578 9.29993462562561 0.0 1.0
0 0.1 98.77938883400856 0.0011513233184814453 9.301085948944092 0.0 1.0
0 0.1 86.03820166433057 0.0012159347534179688 9.30230188369751 0.0 1.0
0 0.1 74.9404529934022 0.0012161731719970703 9.303518056869507 0.0 1.0
0 0.1 65.27416178184274 0.0011608600616455078 9.304678916931152 0.0 1.0
0 0.1 56.854689638682785 0.0011630058288574219 9.30584192276001 0.0 1.0
0 0.1 49.52121399451067 0.0012090206146240234 9.307050943374634 0.0 1.0
0 0.1 43.13365618693992 0.0011680126190185547 9.308218955993652 0.0 1.0
0 0.1 37.570005780944214 0.0012481212615966797 9.309467077255249 0.0 1.0
0 0.1 32.7239900151928 0.0011630058288574219 9.310630083084106 0.0 1.0
0 0.1 28.503043857863506 0.0011560916900634766 9.31178617477417 0.0 1.0
0 0.1 24.826541897430772 0.0163729190826416 9.328159093856812 0.5714285714285715 1.0
0 0.1 21.624258295306348 0.0071599483489990234 9.33531904220581 0.5714285714285715 1.0
0 0.1 18.835025383479486 0.0070269107818603516 9.342345952987671 0.5714285714285715 1.0
0 0.1 16.405565284674683 0.0071408748626708984 9.349486827850342 0.5714285714285715 1.0
0 0.1 14.289472237493916 0.007280111312866211 9.356766939163208 0.5714285714285715 1.0
0 0.1 12.446326187665905 0.0058710575103759766 9.362637996673584 0.5714285714285715 1.0
0 0.1 10.840920713874212 0.01165008544921875 9.374288082122803 0.7499999999999999 1.0
0 0.1 9.44259054057033 0.006918191909790039 9.381206274032593 0.7499999999999999 1.0
0 0.1 8.224625792416147 0.005712270736694336 9.386918544769287 0.7499999999999999 1.0
0 0.1 7.163761801874259 0.005890846252441406 9.392809391021729 0.7499999999999999 1.0
0 0.1 6.239734724625884 0.005927085876464844 9.398736476898193 0.7499999999999999 1.0
0 0.1 5.43489447450858 0.0186159610748291 9.417352437973022 0.7272727272727272 1.0
0 0.1 4.733867584541418 0.010504007339477539 9.4278564453125 0.7272727272727272 1.0
0 0.1 4.123263554256632 0.009416818618774414 9.437273263931274 0.7272727272727272 1.0
0 0.1 3.591419074200402 0.03411984443664551 9.47139310836792 0.5714285714285714 1.0
0 0.1 3.128175241967003 0.06817102432250977 9.53956413269043 0.4444444444444444 1.0
0 0.1 2.7246835143108377 0.041335105895996094 9.580899238586426 0.4 1.0
0 0.1 2.373236688776134 0.07170605659484863 9.652605295181274 0.3636363636363636 1.0
0 0.1 2.0671216863796724 0.11669468879699707 9.769299983978271 0.32000000000000006 1.0
0 0.1 1.8004913233094775 0.03677630424499512 9.806076288223267 0.32000000000000006 1.0
0 0.1 1.5682526223167341 0.14284896850585938 9.948925256729126 0.2962962962962963 1.0
0 0.1 1.3659695304072161 0.0941779613494873 10.043103218078613 0.27586206896551724 1.0
0 0.1 1.1897781846170337 0.06860494613647461 10.111708164215088 0.26666666666666666 1.0
0 0.1 1.036313107341863 0.13147902488708496 10.243187189102173 0.25806451612903225 1.0
0 0.1 0.9026429214570189 0.13238906860351562 10.375576257705688 0.24242424242424243 1.0
0 0.1 0.786214357305898 0.08665609359741211 10.4622323513031 0.2352941176470588 1.0
0 0.1 0.6848034820193963 0.26790714263916016 10.73013949394226 0.2285714285714286 1.0
0 0.1 0.5964732195846044 0.10645031929016113 10.836589813232422 0.2285714285714286 1.0
0 0.1 0.5195363502423698 0.12350010871887207 10.960089921951294 0.21621621621621623 1.0
0 0.1 0.4525232824553942 0.13416409492492676 11.09425401687622 0.20512820512820512 1.0
0 0.1 0.3941539818506903 0.23551416397094727 11.329768180847168 0.19999999999999998 1.0
0 0.1 0.34331352094368267 0.6326260566711426 11.96239423751831 0.19512195121951217 1.0
0 0.1 0.2990307826127625 0.17441630363464355 12.136810541152954 0.2105263157894737 1.0
0 0.1 0.2604599105337001 0.10649609565734863 12.243306636810303 0.19999999999999998 1.0
0 0.1 0.22686415225376097 0.09395980834960938 12.337266445159912 0.19999999999999998 1.0
0 0.1 0.19760178628779224 0.10474824905395508 12.442014694213867 0.19512195121951217 1.0
0 0.1 0.17211386442601356 0.16598916053771973 12.608003854751587 0.18604651162790697 1.0
0 0.1 0.14991353511608546 0.28668689727783203 12.894690752029419 0.18181818181818182 1.0
0 0.01 28.211963230963963 0.0011708736419677734 12.895861625671387 0.0 1.0
0 0.01 24.573006681497752 0.0011589527130126953 12.8970205783844 0.0 1.0
0 0.01 21.403425646968028 0.0011510848999023438 12.898171663284302 0.0 1.0
0 0.01 18.642677119777133 0.001230001449584961 12.899401664733887 0.0 1.0
0 0.01 16.238027310431736 0.0011970996856689453 12.900598764419556 0.0 1.0
0 0.01 14.143544365449966 0.0011610984802246094 12.90175986289978 0.0 1.0
0 0.01 12.319221010851523 0.0011479854583740234 12.902907848358154 0.0 1.0
0 0.01 10.730210362611421 0.0011529922485351562 12.90406084060669 0.0 1.0
0 0.01 9.346160307090315 0.001210927963256836 12.905271768569946 0.0 1.0
0 0.01 8.140633737265514 0.0012619495391845703 12.90653371810913 0.0 1.0
0 0.01 7.090603570541246 0.0011510848999023438 12.907684803009033 0.0 1.0
0 0.01 6.176012902339531 0.0011570453643798828 12.908841848373413 0.0 1.0
0 0.01 5.379391893848717 0.0012598037719726562 12.910101652145386 0.0 1.0
0 0.01 4.685524076001097 0.0011730194091796875 12.911274671554565 0.0 1.0
0 0.01 4.081155695663349 0.0011470317840576172 12.912421703338623 0.0 1.0
0 0.01 3.554742552184356 0.0011792182922363281 12.91360092163086 0.0 1.0
0 0.01 3.09622948855821 0.0011489391326904297 12.91474986076355 0.0 1.0
0 0.01 2.6968583252045994 0.001230001449584961 12.915979862213135 0.0 1.0
0 0.01 2.349000567658869 0.010679006576538086 12.926658868789673 0.5714285714285715 1.0
0 0.01 2.046011692676912 0.004923820495605469 12.931582689285278 0.5714285714285715 1.0
0 0.01 1.7821042294352372 0.004584074020385742 12.936166763305664 0.5714285714285715 1.0
0 0.01 1.5522372115164986 0.0049669742584228516 12.941133737564087 0.5714285714285715 1.0
0 0.01 1.3520198880735976 0.004688739776611328 12.945822477340698 0.5714285714285715 1.0
0 0.01 1.1776278549337647 0.0046999454498291016 12.950522422790527 0.5714285714285715 1.0
0 0.01 1.0257300036406054 0.009382009506225586 12.959904432296753 0.7499999999999999 1.0
0 0.01 0.8934248930683893 0.004644870758056641 12.96454930305481 0.7499999999999999 1.0
0 0.01 0.7781853282259436 0.004829883575439453 12.969379186630249 0.7499999999999999 1.0
0 0.01 0.6778100876351608 0.004620790481567383 12.973999977111816 0.7499999999999999 1.0
0 0.01 0.590381877216004 0.004834890365600586 12.978834867477417 0.7499999999999999 1.0
0 0.01 0.5142307075440048 0.011578083038330078 12.990412950515747 0.7272727272727272 1.0
0 0.01 0.44790199493955546 0.005829811096191406 12.996242761611938 0.7272727272727272 1.0
0 0.01 0.39012877707943217 0.02424001693725586 13.020482778549194 0.5000000000000001 1.0
0 0.01 0.33980751241358653 0.03436398506164551 13.05484676361084 0.4 1.0
0 0.01 0.2959770011254507 0.013630867004394531 13.068477630615234 0.4 1.0
0 0.01 0.2578000249994245 0.014103889465332031 13.082581520080566 0.4 1.0
0 0.01 0.22454735549379537 0.05245685577392578 13.135038375854492 0.2857142857142857 1.0
0 0.01 0.19558382455304058 0.026455163955688477 13.16149353981018 0.2857142857142857 1.0
0 0.01 0.1703561920944177 0.052351951599121094 13.213845491409302 0.25 1.0
0 0.01 0.14838257842248037 0.02425980567932129 13.238105297088623 0.25 1.0
0 0.01 0.12924325971726744 0.059029340744018555 13.297134637832642 0.2352941176470588 1.0
0 0.01 0.1125726507783501 0.05157136917114258 13.348706007003784 0.2222222222222222 1.0
0 0.01 0.09805232188500161 0.1175990104675293 13.466305017471313 0.2222222222222222 1.0
0 0.01 0.08540491638568569 0.0832052230834961 13.54951024055481 0.21621621621621623 1.0
0 0.01 0.07438885283512764 0.030873775482177734 13.580384016036987 0.21621621621621623 1.0
0 0.01 0.06479371048308594 0.030163049697875977 13.610547065734863 0.21621621621621623 1.0
0 0.01 0.056436209971818335 0.06599688529968262 13.676543951034546 0.2105263157894737 1.0
0 0.01 0.049156712468482675 0.06968307495117188 13.746227025985718 0.20512820512820512 1.0
0 0.01 0.0428161703614703 0.03682708740234375 13.783054113388062 0.20512820512820512 1.0
0 0.01 0.03729347127511503 0.03576803207397461 13.818822145462036 0.20512820512820512 1.0
0 0.01 0.032483124670098805 0.05913209915161133 13.877954244613647 0.19999999999999998 1.0
