[216.40736058 188.4937774  164.18066384 143.00360867 124.55810333
 108.49181534  94.49785828  82.30892987  71.69220614  62.44489425
  54.39035884  47.37474809  41.26405496  35.94155748  31.30558923
  27.26759733  23.75045104  20.68696841  18.01863304  15.69447636
  13.67010404  11.906848    10.37102782   9.03330739   7.86813455
   6.85325305   5.96927734   5.19932239   4.52868107   3.94454329
   3.43575127   2.99258645   2.60658382   2.27037024   1.9775236
   1.72245016   1.5002777    1.30676244   1.138208     0.99139477
   0.86351843   0.75213639   0.65512111   0.57061946   0.49701737
   0.43290895   0.37706963   0.32843281   0.28606948   0.24917044]0 1 312.2098259152708 0.0011949539184570312 0.0011949539184570312 0.0 1.0
0 1 271.93903789811014 0.001194000244140625 0.0023889541625976562 0.0 1.0
0 1 236.8626295349813 0.027997970581054688 0.030386924743652344 0.33333333333333337 1.0
0 1 206.31059705097118 0.023627042770385742 0.054013967514038086 0.5714285714285715 1.0
0 1 179.69935797424765 0.014188051223754883 0.06820201873779297 0.5714285714285715 1.0
0 1 156.52060397255676 0.011744022369384766 0.07994604110717773 0.5714285714285715 1.0
0 1 136.33159152101595 0.010486841201782227 0.09043288230895996 0.5714285714285715 1.0
0 1 118.74668494067365 0.022694826126098633 0.1131277084350586 0.7499999999999999 1.0
0 1 103.42999026917344 0.014390945434570312 0.1275186538696289 0.7499999999999999 1.0
0 1 90.08893926113359 0.010164022445678711 0.13768267631530762 0.7499999999999999 1.0
0 1 78.46870096453189 0.007095813751220703 0.14477849006652832 0.7499999999999999 1.0
0 1 68.34731412713553 0.007076263427734375 0.1518547534942627 0.7499999999999999 1.0
0 1 59.53144745577994 0.0084075927734375 0.1602623462677002 0.6666666666666665 1.0
0 1 51.85270674408604 0.010934114456176758 0.17119646072387695 0.7272727272727272 1.0
0 1 45.16441833008278 0.009525060653686523 0.18072152137756348 0.7272727272727272 1.0
0 1 39.33882744370648 0.008262872695922852 0.18898439407348633 0.6153846153846154 1.0
0 1 34.26465792907022 0.02137589454650879 0.21036028861999512 0.47058823529411764 1.0
0 1 29.84498672911064 0.0211489200592041 0.23150920867919922 0.3636363636363636 1.0
0 1 25.99539253258091 0.024567127227783203 0.2560763359069824 0.3076923076923077 1.0
0 1 22.642343220204207 0.07145094871520996 0.3275272846221924 0.26666666666666666 1.0
0 1 19.721791308170232 0.07572722434997559 0.40325450897216797 0.27586206896551724 1.0
0 1 17.177950560167822 0.13148999214172363 0.5347445011138916 0.26666666666666666 1.0
0 1 14.962230399696251 0.10545206069946289 0.6401965618133545 0.24242424242424243 1.0
0 1 13.03230776858211 0.09014010429382324 0.7303366661071777 0.2222222222222222 1.0
0 1 11.351318703025308 0.08336210250854492 0.8136987686157227 0.2222222222222222 1.0
0 1 9.887154185253786 0.0783088207244873 0.89200758934021 0.21621621621621623 1.0
0 1 8.611846820663045 0.07721304893493652 0.9692206382751465 0.20512820512820512 1.0
0 1 7.501036625197576 0.08611798286437988 1.0553386211395264 0.19999999999999998 1.0
0 1 6.53350571883761 0.07158780097961426 1.1269264221191406 0.20512820512820512 1.0
0 1 5.69077303724795 0.08477997779846191 1.2117063999176025 0.18604651162790697 1.0
0 1 4.956741320068812 0.06703305244445801 1.2787394523620605 0.1777777777777778 1.0
0 1 4.317389632878279 0.07825827598571777 1.3569977283477783 0.1702127659574468 1.0
0 1 3.7605055496069455 0.8851001262664795 2.242097854614258 0.1702127659574468 1.0
0 1 3.2754518797500736 0.17683792114257812 2.418935775756836 0.1702127659574468 1.0
0 1 2.8529634845718124 0.04147934913635254 2.4604151248931885 0.16666666666666666 1.0
0 1 2.4849703012340436 0.054019927978515625 2.514435052871704 0.163265306122449 1.0
0 1 2.1644431943866964 0.1197350025177002 2.6341700553894043 0.163265306122449 1.0
0 1 1.8852596907900219 0.05052518844604492 2.684695243835449 0.163265306122449 1.0
0 1 1.6420870323301746 0.04845285415649414 2.7331480979919434 0.163265306122449 1.0
0 1 1.4302803135927475 0.04611706733703613 2.7792651653289795 0.163265306122449 1.0
0 1 1.2457937582930971 0.04380989074707031 2.82307505607605 0.163265306122449 1.0
0 1 1.0851034398309916 0.22325992584228516 3.046334981918335 0.1568627450980392 1.0
0 1 0.945139969834425 0.19549059867858887 3.241825580596924 0.1568627450980392 1.0
0 1 0.823229868958621 0.4678990840911865 3.7097246646881104 0.1568627450980392 1.0
0 1 0.7170445000483404 0.13610386848449707 3.8458285331726074 0.1481481481481481 1.0
0 1 0.624555588222246 1.3773529529571533 5.223181486129761 0.15384615384615383 1.0
0 1 0.5439964782567033 0.1465001106262207 5.3696815967559814 0.1481481481481481 1.0
0 1 0.4738283892360109 1.0723278522491455 6.442009449005127 0.1509433962264151 1.0
0 1 0.4127110218901976 0.27213406562805176 6.714143514633179 0.14545454545454545 1.0
0 1 0.3594769571833539 0.34256410598754883 7.0567076206207275 0.1481481481481481 1.0
0 0.1 130.20161032759302 0.0012290477752685547 7.057936668395996 0.0 1.0
0 0.1 113.40738729625762 0.0011799335479736328 7.05911660194397 0.0 1.0
0 0.1 98.77938883400856 0.0011670589447021484 7.060283660888672 0.0 1.0
0 0.1 86.03820166433057 0.0012340545654296875 7.061517715454102 0.0 1.0
0 0.1 74.9404529934022 0.0012710094451904297 7.062788724899292 0.0 1.0
0 0.1 65.27416178184274 0.0011680126190185547 7.0639567375183105 0.0 1.0
0 0.1 56.854689638682785 0.0011637210845947266 7.065120458602905 0.0 1.0
0 0.1 49.52121399451067 0.0011568069458007812 7.066277265548706 0.0 1.0
0 0.1 43.13365618693992 0.001157999038696289 7.067435264587402 0.0 1.0
0 0.1 37.570005780944214 0.0012278556823730469 7.068663120269775 0.0 1.0
0 0.1 32.7239900151928 0.001210927963256836 7.069874048233032 0.0 1.0
0 0.1 28.503043857863506 0.0011649131774902344 7.0710389614105225 0.0 1.0
0 0.1 24.826541897430772 0.015558958053588867 7.086597919464111 0.5714285714285715 1.0
0 0.1 21.624258295306348 0.005998849868774414 7.092596769332886 0.5714285714285715 1.0
0 0.1 18.835025383479486 0.005888938903808594 7.098485708236694 0.5714285714285715 1.0
0 0.1 16.405565284674683 0.005763053894042969 7.104248762130737 0.5714285714285715 1.0
0 0.1 14.289472237493916 0.004794120788574219 7.1090428829193115 0.5714285714285715 1.0
0 0.1 12.446326187665905 0.004849910736083984 7.1138927936553955 0.5714285714285715 1.0
0 0.1 10.840920713874212 0.010609865188598633 7.124502658843994 0.7499999999999999 1.0
0 0.1 9.44259054057033 0.004866838455200195 7.129369497299194 0.7499999999999999 1.0
0 0.1 8.224625792416147 0.004650115966796875 7.134019613265991 0.7499999999999999 1.0
0 0.1 7.163761801874259 0.004842996597290039 7.138862609863281 0.7499999999999999 1.0
0 0.1 6.239734724625884 0.004865884780883789 7.143728494644165 0.7499999999999999 1.0
0 0.1 5.43489447450858 0.015390872955322266 7.159119367599487 0.7272727272727272 1.0
0 0.1 4.733867584541418 0.008304834365844727 7.167424201965332 0.7272727272727272 1.0
0 0.1 4.123263554256632 0.007191658020019531 7.174615859985352 0.7272727272727272 1.0
0 0.1 3.591419074200402 0.029920101165771484 7.204535961151123 0.5714285714285714 1.0
0 0.1 3.128175241967003 0.06366896629333496 7.268204927444458 0.4444444444444444 1.0
0 0.1 2.7246835143108377 0.03351569175720215 7.30172061920166 0.4 1.0
0 0.1 2.373236688776134 0.060907840728759766 7.36262845993042 0.3636363636363636 1.0
0 0.1 2.0671216863796724 0.09847235679626465 7.461100816726685 0.32000000000000006 1.0
0 0.1 1.8004913233094775 0.024669170379638672 7.485769987106323 0.32000000000000006 1.0
0 0.1 1.5682526223167341 0.12236905097961426 7.6081390380859375 0.2962962962962963 1.0
0 0.1 1.3659695304072161 0.07224893569946289 7.6803879737854 0.27586206896551724 1.0
0 0.1 1.1897781846170337 0.0517728328704834 7.732160806655884 0.26666666666666666 1.0
0 0.1 1.036313107341863 0.09831929206848145 7.830480098724365 0.25806451612903225 1.0
0 0.1 0.9026429214570189 0.11390876770019531 7.9443888664245605 0.24242424242424243 1.0
0 0.1 0.786214357305898 0.06308889389038086 8.007477760314941 0.2352941176470588 1.0
0 0.1 0.6848034820193963 0.19130492210388184 8.198782682418823 0.2285714285714286 1.0
0 0.1 0.5964732195846044 0.07423806190490723 8.27302074432373 0.2285714285714286 1.0
0 0.1 0.5195363502423698 0.08475494384765625 8.357775688171387 0.21621621621621623 1.0
0 0.1 0.4525232824553942 0.09183311462402344 8.44960880279541 0.20512820512820512 1.0
0 0.1 0.3941539818506903 0.1638190746307373 8.613427877426147 0.19999999999999998 1.0
0 0.1 0.34331352094368267 0.4805431365966797 9.093971014022827 0.19512195121951217 1.0
0 0.1 0.2990307826127625 0.14507699012756348 9.23904800415039 0.2105263157894737 1.0
0 0.1 0.2604599105337001 0.06395864486694336 9.303006649017334 0.19999999999999998 1.0
0 0.1 0.22686415225376097 0.057254791259765625 9.3602614402771 0.19999999999999998 1.0
0 0.1 0.19760178628779224 0.06640791893005371 9.426669359207153 0.19512195121951217 1.0
0 0.1 0.17211386442601356 0.08234000205993652 9.50900936126709 0.18604651162790697 1.0
0 0.1 0.14991353511608546 0.20281720161437988 9.71182656288147 0.18181818181818182 1.0
0 0.01 28.211963230963963 0.0012049674987792969 9.713031530380249 0.0 1.0
0 0.01 24.573006681497752 0.0011799335479736328 9.714211463928223 0.0 1.0
0 0.01 21.403425646968028 0.0012967586517333984 9.715508222579956 0.0 1.0
0 0.01 18.642677119777133 0.0012242794036865234 9.716732501983643 0.0 1.0
0 0.01 16.238027310431736 0.0011868476867675781 9.71791934967041 0.0 1.0
0 0.01 14.143544365449966 0.0011646747589111328 9.719084024429321 0.0 1.0
0 0.01 12.319221010851523 0.0011723041534423828 9.720256328582764 0.0 1.0
0 0.01 10.730210362611421 0.001222848892211914 9.721479177474976 0.0 1.0
0 0.01 9.346160307090315 0.0011799335479736328 9.72265911102295 0.0 1.0
0 0.01 8.140633737265514 0.0013921260833740234 9.724051237106323 0.0 1.0
0 0.01 7.090603570541246 0.0013167858123779297 9.725368022918701 0.0 1.0
0 0.01 6.176012902339531 0.0012557506561279297 9.726623773574829 0.0 1.0
0 0.01 5.379391893848717 0.0012590885162353516 9.727882862091064 0.0 1.0
0 0.01 4.685524076001097 0.0012178421020507812 9.729100704193115 0.0 1.0
0 0.01 4.081155695663349 0.0011627674102783203 9.730263471603394 0.0 1.0
0 0.01 3.554742552184356 0.001157999038696289 9.73142147064209 0.0 1.0
0 0.01 3.09622948855821 0.001196146011352539 9.732617616653442 0.0 1.0
0 0.01 2.6968583252045994 0.0013577938079833984 9.733975410461426 0.0 1.0
0 0.01 2.349000567658869 0.009788274765014648 9.74376368522644 0.5714285714285715 1.0
0 0.01 2.046011692676912 0.0043599605560302734 9.74812364578247 0.5714285714285715 1.0
0 0.01 1.7821042294352372 0.004389286041259766 9.75251293182373 0.5714285714285715 1.0
0 0.01 1.5522372115164986 0.004051923751831055 9.756564855575562 0.5714285714285715 1.0
0 0.01 1.3520198880735976 0.004065036773681641 9.760629892349243 0.5714285714285715 1.0
0 0.01 1.1776278549337647 0.003906965255737305 9.76453685760498 0.5714285714285715 1.0
0 0.01 1.0257300036406054 0.010696887969970703 9.775233745574951 0.7499999999999999 1.0
0 0.01 0.8934248930683893 0.0040280818939208984 9.779261827468872 0.7499999999999999 1.0
0 0.01 0.7781853282259436 0.00434112548828125 9.783602952957153 0.7499999999999999 1.0
0 0.01 0.6778100876351608 0.004297971725463867 9.787900924682617 0.7499999999999999 1.0
0 0.01 0.590381877216004 0.004018068313598633 9.791918992996216 0.7499999999999999 1.0
0 0.01 0.5142307075440048 0.011525154113769531 9.803444147109985 0.7272727272727272 1.0
0 0.01 0.44790199493955546 0.0049190521240234375 9.808363199234009 0.7272727272727272 1.0
0 0.01 0.39012877707943217 0.022423744201660156 9.830786943435669 0.5000000000000001 1.0
0 0.01 0.33980751241358653 0.03152298927307129 9.86230993270874 0.4 1.0
0 0.01 0.2959770011254507 0.009552001953125 9.871861934661865 0.4 1.0
0 0.01 0.2578000249994245 0.009634971618652344 9.881496906280518 0.4 1.0
0 0.01 0.22454735549379537 0.04424309730529785 9.925740003585815 0.2857142857142857 1.0
0 0.01 0.19558382455304058 0.017884016036987305 9.943624019622803 0.2857142857142857 1.0
0 0.01 0.1703561920944177 0.042922019958496094 9.986546039581299 0.25 1.0
0 0.01 0.14838257842248037 0.01654195785522461 10.003087997436523 0.25 1.0
0 0.01 0.12924325971726744 0.050019025802612305 10.053107023239136 0.2352941176470588 1.0
0 0.01 0.1125726507783501 0.0408480167388916 10.093955039978027 0.2222222222222222 1.0
0 0.01 0.09805232188500161 0.10900402069091797 10.202959060668945 0.2222222222222222 1.0
0 0.01 0.08540491638568569 0.06532669067382812 10.268285751342773 0.21621621621621623 1.0
0 0.01 0.07438885283512764 0.01571798324584961 10.284003734588623 0.21621621621621623 1.0
0 0.01 0.06479371048308594 0.013978004455566406 10.29798173904419 0.21621621621621623 1.0
0 0.01 0.056436209971818335 0.04983806610107422 10.347819805145264 0.2105263157894737 1.0
0 0.01 0.049156712468482675 0.051657915115356445 10.39947772026062 0.20512820512820512 1.0
0 0.01 0.0428161703614703 0.020944833755493164 10.420422554016113 0.20512820512820512 1.0
0 0.01 0.03729347127511503 0.01981806755065918 10.440240621566772 0.20512820512820512 1.0
0 0.01 0.032483124670098805 0.04361701011657715 10.48385763168335 0.19999999999999998 1.0
