[216.40736058 188.4937774  164.18066384 143.00360867 124.55810333
 108.49181534  94.49785828  82.30892987  71.69220614  62.44489425
  54.39035884  47.37474809  41.26405496  35.94155748  31.30558923
  27.26759733  23.75045104  20.68696841  18.01863304  15.69447636
  13.67010404  11.906848    10.37102782   9.03330739   7.86813455
   6.85325305   5.96927734   5.19932239   4.52868107   3.94454329
   3.43575127   2.99258645   2.60658382   2.27037024   1.9775236
   1.72245016   1.5002777    1.30676244   1.138208     0.99139477
   0.86351843   0.75213639   0.65512111   0.57061946   0.49701737
   0.43290895   0.37706963   0.32843281   0.28606948   0.24917044]0 1 312.2098259152708 0.0006389617919921875 0.0006389617919921875 0.0 1.0
0 1 271.93903789811014 0.0006611347198486328 0.0013000965118408203 0.0 1.0
0 1 236.8626295349813 0.006220102310180664 0.007520198822021484 0.33333333333333337 1.0
0 1 206.31059705097118 0.005385875701904297 0.012906074523925781 0.5714285714285715 1.0
0 1 179.69935797424765 0.0035750865936279297 0.01648116111755371 0.5714285714285715 1.0
0 1 156.52060397255676 0.0027420520782470703 0.01922321319580078 0.5714285714285715 1.0
0 1 136.33159152101595 0.002607107162475586 0.021830320358276367 0.5714285714285715 1.0
0 1 118.74668494067365 0.005655050277709961 0.027485370635986328 0.7499999999999999 1.0
0 1 103.42999026917344 0.0040361881256103516 0.03152155876159668 0.7499999999999999 1.0
0 1 90.08893926113359 0.003083944320678711 0.03460550308227539 0.7499999999999999 1.0
0 1 78.46870096453189 0.003000020980834961 0.03760552406311035 0.7499999999999999 1.0
0 1 68.34731412713553 0.0032949447631835938 0.040900468826293945 0.7499999999999999 1.0
0 1 59.53144745577994 0.00443577766418457 0.045336246490478516 0.6666666666666665 1.0
0 1 51.85270674408604 0.00602269172668457 0.051358938217163086 0.7272727272727272 1.0
0 1 45.16441833008278 0.007102012634277344 0.05846095085144043 0.7272727272727272 1.0
0 1 39.33882744370648 0.006203889846801758 0.06466484069824219 0.6153846153846154 1.0
0 1 34.26465792907022 0.013527870178222656 0.07819271087646484 0.47058823529411764 1.0
0 1 29.84498672911064 0.015818119049072266 0.09401082992553711 0.3636363636363636 1.0
0 1 25.99539253258091 0.018507957458496094 0.1125187873840332 0.3076923076923077 1.0
0 1 22.642343220204207 0.04599308967590332 0.15851187705993652 0.26666666666666666 1.0
0 1 19.721791308170232 0.049735307693481445 0.20824718475341797 0.27586206896551724 1.0
0 1 17.177950560167822 0.1089479923248291 0.31719517707824707 0.26666666666666666 1.0
0 1 14.962230399696251 0.08325719833374023 0.4004523754119873 0.24242424242424243 1.0
0 1 13.03230776858211 0.07931709289550781 0.4797694683074951 0.2222222222222222 1.0
0 1 11.351318703025308 0.07096505165100098 0.5507345199584961 0.2222222222222222 1.0
0 1 9.887154185253786 0.07000279426574707 0.6207373142242432 0.21621621621621623 1.0
0 1 8.611846820663045 0.06820321083068848 0.6889405250549316 0.20512820512820512 1.0
0 1 7.501036625197576 0.07773709297180176 0.7666776180267334 0.19999999999999998 1.0
0 1 6.53350571883761 0.06838798522949219 0.8350656032562256 0.20512820512820512 1.0
0 1 5.69077303724795 0.08160901069641113 0.9166746139526367 0.18604651162790697 1.0
0 1 4.956741320068812 0.06543302536010742 0.9821076393127441 0.1777777777777778 1.0
0 1 4.317389632878279 0.07953619956970215 1.0616438388824463 0.1702127659574468 1.0
0 1 3.7605055496069455 0.9161331653594971 1.9777770042419434 0.1702127659574468 1.0
0 1 3.2754518797500736 0.18143820762634277 2.159215211868286 0.1702127659574468 1.0
0 1 2.8529634845718124 0.0431978702545166 2.2024130821228027 0.16666666666666666 1.0
0 1 2.4849703012340436 0.058007001876831055 2.260420083999634 0.163265306122449 1.0
0 1 2.1644431943866964 0.12614798545837402 2.386568069458008 0.163265306122449 1.0
0 1 1.8852596907900219 0.0536351203918457 2.4402031898498535 0.163265306122449 1.0
0 1 1.6420870323301746 0.05085897445678711 2.4910621643066406 0.163265306122449 1.0
0 1 1.4302803135927475 0.04854607582092285 2.5396082401275635 0.163265306122449 1.0
0 1 1.2457937582930971 0.046018123626708984 2.5856263637542725 0.163265306122449 1.0
0 1 1.0851034398309916 0.23569512367248535 2.821321487426758 0.1568627450980392 1.0
0 1 0.945139969834425 0.20657920837402344 3.0279006958007812 0.1568627450980392 1.0
0 1 0.823229868958621 0.4922947883605957 3.520195484161377 0.1568627450980392 1.0
0 1 0.7170445000483404 0.14312005043029785 3.663315534591675 0.1481481481481481 1.0
0 1 0.624555588222246 1.456930160522461 5.120245695114136 0.15384615384615383 1.0
0 1 0.5439964782567033 0.15494179725646973 5.2751874923706055 0.1481481481481481 1.0
0 1 0.4738283892360109 1.1241381168365479 6.399325609207153 0.1509433962264151 1.0
0 1 0.4127110218901976 0.28780078887939453 6.687126398086548 0.14545454545454545 1.0
0 1 0.3594769571833539 0.3620328903198242 7.049159288406372 0.1481481481481481 1.0
0 0.1 130.20161032759302 0.0006310939788818359 7.049790382385254 0.0 1.0
0 0.1 113.40738729625762 0.0006499290466308594 7.050440311431885 0.0 1.0
0 0.1 98.77938883400856 0.00061798095703125 7.051058292388916 0.0 1.0
0 0.1 86.03820166433057 0.0006310939788818359 7.051689386367798 0.0 1.0
0 0.1 74.9404529934022 0.0006477832794189453 7.052337169647217 0.0 1.0
0 0.1 65.27416178184274 0.0006701946258544922 7.053007364273071 0.0 1.0
0 0.1 56.854689638682785 0.0007359981536865234 7.053743362426758 0.0 1.0
0 0.1 49.52121399451067 0.0006418228149414062 7.054385185241699 0.0 1.0
0 0.1 43.13365618693992 0.0006709098815917969 7.055056095123291 0.0 1.0
0 0.1 37.570005780944214 0.0006461143493652344 7.055702209472656 0.0 1.0
0 0.1 32.7239900151928 0.0006542205810546875 7.056356430053711 0.0 1.0
0 0.1 28.503043857863506 0.0006537437438964844 7.057010173797607 0.0 1.0
0 0.1 24.826541897430772 0.0075228214263916016 7.064532995223999 0.5714285714285715 1.0
0 0.1 21.624258295306348 0.0017611980438232422 7.066294193267822 0.5714285714285715 1.0
0 0.1 18.835025383479486 0.0017061233520507812 7.068000316619873 0.5714285714285715 1.0
0 0.1 16.405565284674683 0.0016698837280273438 7.0696702003479 0.5714285714285715 1.0
0 0.1 14.289472237493916 0.0013840198516845703 7.071054220199585 0.5714285714285715 1.0
0 0.1 12.446326187665905 0.0016009807586669922 7.072655200958252 0.5714285714285715 1.0
0 0.1 10.840920713874212 0.006640195846557617 7.07929539680481 0.7499999999999999 1.0
0 0.1 9.44259054057033 0.0019948482513427734 7.081290245056152 0.7499999999999999 1.0
0 0.1 8.224625792416147 0.0019860267639160156 7.083276271820068 0.7499999999999999 1.0
0 0.1 7.163761801874259 0.002306222915649414 7.085582494735718 0.7499999999999999 1.0
0 0.1 6.239734724625884 0.0026450157165527344 7.0882275104522705 0.7499999999999999 1.0
0 0.1 5.43489447450858 0.011145830154418945 7.0993733406066895 0.7272727272727272 1.0
0 0.1 4.733867584541418 0.004807949066162109 7.104181289672852 0.7272727272727272 1.0
0 0.1 4.123263554256632 0.005010843276977539 7.109192132949829 0.7272727272727272 1.0
0 0.1 3.591419074200402 0.025569915771484375 7.1347620487213135 0.5714285714285714 1.0
0 0.1 3.128175241967003 0.06065797805786133 7.195420026779175 0.4444444444444444 1.0
0 0.1 2.7246835143108377 0.028211116790771484 7.223631143569946 0.4 1.0
0 0.1 2.373236688776134 0.0529630184173584 7.276594161987305 0.3636363636363636 1.0
0 0.1 2.0671216863796724 0.08137226104736328 7.357966423034668 0.32000000000000006 1.0
0 0.1 1.8004913233094775 0.019215106964111328 7.377181529998779 0.32000000000000006 1.0
0 0.1 1.5682526223167341 0.10717391967773438 7.484355449676514 0.2962962962962963 1.0
0 0.1 1.3659695304072161 0.06226682662963867 7.546622276306152 0.27586206896551724 1.0
0 0.1 1.1897781846170337 0.042722225189208984 7.589344501495361 0.26666666666666666 1.0
0 0.1 1.036313107341863 0.08209800720214844 7.67144250869751 0.25806451612903225 1.0
0 0.1 0.9026429214570189 0.11533999443054199 7.786782503128052 0.24242424242424243 1.0
0 0.1 0.786214357305898 0.0598599910736084 7.84664249420166 0.2352941176470588 1.0
0 0.1 0.6848034820193963 0.15298104286193848 7.999623537063599 0.2285714285714286 1.0
0 0.1 0.5964732195846044 0.06541705131530762 8.065040588378906 0.2285714285714286 1.0
0 0.1 0.5195363502423698 0.08045792579650879 8.145498514175415 0.21621621621621623 1.0
0 0.1 0.4525232824553942 0.0859222412109375 8.231420755386353 0.20512820512820512 1.0
0 0.1 0.3941539818506903 0.15795421600341797 8.38937497138977 0.19999999999999998 1.0
0 0.1 0.34331352094368267 0.4923279285430908 8.881702899932861 0.19512195121951217 1.0
0 0.1 0.2990307826127625 0.15409302711486816 9.03579592704773 0.2105263157894737 1.0
0 0.1 0.2604599105337001 0.0683431625366211 9.10413908958435 0.19999999999999998 1.0
0 0.1 0.22686415225376097 0.06271195411682129 9.166851043701172 0.19999999999999998 1.0
0 0.1 0.19760178628779224 0.07264423370361328 9.239495277404785 0.19512195121951217 1.0
0 0.1 0.17211386442601356 0.08843207359313965 9.327927350997925 0.18604651162790697 1.0
0 0.1 0.14991353511608546 0.2034602165222168 9.531387567520142 0.18181818181818182 1.0
0 0.01 28.211963230963963 0.0006272792816162109 9.532014846801758 0.0 1.0
0 0.01 24.573006681497752 0.0006310939788818359 9.53264594078064 0.0 1.0
0 0.01 21.403425646968028 0.0006279945373535156 9.533273935317993 0.0 1.0
0 0.01 18.642677119777133 0.0006299018859863281 9.53390383720398 0.0 1.0
0 0.01 16.238027310431736 0.0006449222564697266 9.53454875946045 0.0 1.0
0 0.01 14.143544365449966 0.0006511211395263672 9.535199880599976 0.0 1.0
0 0.01 12.319221010851523 0.0007128715515136719 9.53591275215149 0.0 1.0
0 0.01 10.730210362611421 0.0006458759307861328 9.536558628082275 0.0 1.0
0 0.01 9.346160307090315 0.0006170272827148438 9.53717565536499 0.0 1.0
0 0.01 8.140633737265514 0.0006270408630371094 9.537802696228027 0.0 1.0
0 0.01 7.090603570541246 0.0006120204925537109 9.538414716720581 0.0 1.0
0 0.01 6.176012902339531 0.0006229877471923828 9.539037704467773 0.0 1.0
0 0.01 5.379391893848717 0.0006110668182373047 9.53964877128601 0.0 1.0
0 0.01 4.685524076001097 0.0006198883056640625 9.540268659591675 0.0 1.0
0 0.01 4.081155695663349 0.0006158351898193359 9.540884494781494 0.0 1.0
0 0.01 3.554742552184356 0.0007009506225585938 9.541585445404053 0.0 1.0
0 0.01 3.09622948855821 0.0006852149963378906 9.54227066040039 0.0 1.0
0 0.01 2.6968583252045994 0.0006458759307861328 9.542916536331177 0.0 1.0
0 0.01 2.349000567658869 0.006117820739746094 9.549034357070923 0.5714285714285715 1.0
0 0.01 2.046011692676912 0.0010991096496582031 9.550133466720581 0.5714285714285715 1.0
0 0.01 1.7821042294352372 0.0011420249938964844 9.551275491714478 0.5714285714285715 1.0
0 0.01 1.5522372115164986 0.0012710094451904297 9.552546501159668 0.5714285714285715 1.0
0 0.01 1.3520198880735976 0.0011529922485351562 9.553699493408203 0.5714285714285715 1.0
0 0.01 1.1776278549337647 0.0015208721160888672 9.555220365524292 0.5714285714285715 1.0
0 0.01 1.0257300036406054 0.0055239200592041016 9.560744285583496 0.7499999999999999 1.0
0 0.01 0.8934248930683893 0.0016913414001464844 9.562435626983643 0.7499999999999999 1.0
0 0.01 0.7781853282259436 0.002170085906982422 9.564605712890625 0.7499999999999999 1.0
0 0.01 0.6778100876351608 0.0022711753845214844 9.566876888275146 0.7499999999999999 1.0
0 0.01 0.590381877216004 0.002412080764770508 9.569288969039917 0.7499999999999999 1.0
0 0.01 0.5142307075440048 0.00797414779663086 9.577263116836548 0.7272727272727272 1.0
0 0.01 0.44790199493955546 0.003033876419067383 9.580296993255615 0.7272727272727272 1.0
0 0.01 0.39012877707943217 0.021370887756347656 9.601667881011963 0.5000000000000001 1.0
0 0.01 0.33980751241358653 0.0258181095123291 9.627485990524292 0.4 1.0
0 0.01 0.2959770011254507 0.0059430599212646484 9.633429050445557 0.4 1.0
0 0.01 0.2578000249994245 0.006806612014770508 9.640235662460327 0.4 1.0
0 0.01 0.22454735549379537 0.04060482978820801 9.680840492248535 0.2857142857142857 1.0
0 0.01 0.19558382455304058 0.012057065963745117 9.69289755821228 0.2857142857142857 1.0
0 0.01 0.1703561920944177 0.039132118225097656 9.732029676437378 0.25 1.0
0 0.01 0.14838257842248037 0.01238703727722168 9.7444167137146 0.25 1.0
0 0.01 0.12924325971726744 0.04813098907470703 9.792547702789307 0.2352941176470588 1.0
0 0.01 0.1125726507783501 0.03825783729553223 9.830805540084839 0.2222222222222222 1.0
0 0.01 0.09805232188500161 0.11036491394042969 9.941170454025269 0.2222222222222222 1.0
0 0.01 0.08540491638568569 0.05848813056945801 9.999658584594727 0.21621621621621623 1.0
0 0.01 0.07438885283512764 0.012443065643310547 10.012101650238037 0.21621621621621623 1.0
0 0.01 0.06479371048308594 0.01203012466430664 10.024131774902344 0.21621621621621623 1.0
0 0.01 0.056436209971818335 0.049550771713256836 10.0736825466156 0.2105263157894737 1.0
0 0.01 0.049156712468482675 0.05163097381591797 10.125313520431519 0.20512820512820512 1.0
0 0.01 0.0428161703614703 0.02091693878173828 10.146230459213257 0.20512820512820512 1.0
0 0.01 0.03729347127511503 0.01979517936706543 10.166025638580322 0.20512820512820512 1.0
0 0.01 0.032483124670098805 0.045506954193115234 10.211532592773438 0.19999999999999998 1.0
